0.00626442791187871   0   0   0
0.00612725   -0.00314626182790903   -0.000137177911878703   0
0.00939285184225882   0.0280365430575397   0.00326560184225882   0
0.0309577335542979   0.0630705988639367   0.021564881712039   0
0.0292012577809077   -0.0622415834258813   -0.00175647577339012   0
0.0213661373361792   0.050320091318315   -0.00783512044472856   0
0.0627623646385515   -0.024112277740567   0.0413962273023723   0
0.0397584970156695   0.0590858330151623   -0.023003867622882   0
0.0286274855469355   -0.0274016091528901   -0.011131011468734   0
0.0523649635269853   -0.0296137403099386   0.0237374779800498   0
0.0324280105603921   0.0738491326563593   -0.0199369529665932   0
0.0390354463021111   0.0400214975914199   0.00660743574171904   0
0.0611882791268066   -0.0232697835661009   0.0221528328246955   0
0.0534486493537199   -0.0405070090231808   -0.00773962977308676   0
0.0415768964010062   0.132104888791393   -0.0118717529527137   0
0.0376205440743818   -0.0044691374503148   -0.00395635232662442   0
0.0410717198553956   -0.17127636136894   0.00345117578101388   0
0.0626511634897549   0.149615318035712   0.0215794436343593   0
0.088607541622467   -0.0730814450448095   0.0259563781327121   0
0.0554300254513066   0.0112970464679087   -0.0331775161711604   0
0.0537460299289864   -0.00437053976976595   -0.00168399552232024   0
0.0844012148690112   -0.155447835591545   0.0306551849400248   0
0.0786898830414844   0.0633346652925716   -0.00571133182752678   0
0.0584840148092836   0.170461311933339   -0.0202058682322009   0
0.0807974102170515   -0.220875959595962   0.0223133954077679   0
0.113719781048384   0.0616930440829798   0.0329223708313329   0
0.0606255047171774   0.0191671736237895   -0.053094276331207   0
0.0583640049609774   -0.0495509568026134   -0.00226149975619998   0
0.109101014575633   0.107462209941799   0.0507370096146556   0
0.0655885940293044   -0.0338235275321287   -0.0435124205463287   0
0.0657562388350801   0.102950314550266   0.00016764480577576   0
0.0912457640421461   -0.163202631670912   0.025489525207066   0
0.0966538772746404   0.126972914968261   0.00540811323249435   0
0.0625442869559261   -0.0657073459949832   -0.0341095903187144   0
0.0590237584859089   -0.0182300269457518   -0.0035205284700172   0
0.101389069967542   0.0114294292771434   0.0423653114816336   0
0.0722139963930297   0.0145530666108035   -0.0291750735745128   0
0.0888114306149552   -0.0145623344165343   0.0165974342219255   0
0.127631358608161   -0.0445688132407998   0.0388199279932054   0
0.077196764749985   0.119450522566935   -0.0504345938581756   0
0.0810089547877395   -0.0699064340109893   0.00381219003775453   0
0.120922824454668   0.0385851708456639   0.0399138696669288   0
0.0930471074545174   -0.044220644934797   -0.0278757170001509   0
0.0909950277229476   -0.00950768247517891   -0.00205207973156979   0
0.107636116358983   0.100702797174734   0.0166410886360354   0
0.0814519406657693   -0.0458716628692456   -0.0261841756932137   0
0.0583390194467179   0.0969846984522549   -0.0231129212190514   0
0.0752971506584547   -0.19496165326117   0.0169581312117368   0
0.103453863875471   0.157618652653548   0.0281567132170165   0
0.0686309153056553   -0.0785212291676934   -0.0348229485698159   0
0.061358703931981   -0.0284995532138271   -0.00727221137367427   0
0.102586481854458   0.0157217925429147   0.0412277779224768   0
0.0857376510480226   -0.0742565950859995   -0.0168488308064352   0
0.0657438922621144   0.182203154288447   -0.0199937587859083   0
0.0909148242122263   -0.228401617639059   0.0251709319501119   0
0.125693843195289   0.0749813290743749   0.0347790189830632   0
0.0911399940701803   0.136749829194134   -0.0345538491251092   0
0.0781717201536783   0.0401425112834126   -0.0129682739165019   0
0.0828291262400795   -0.153599409368185   0.00465740608640114   0
0.128208549777862   0.163440623904112   0.0453794235377825   0
0.105340049913708   -0.111245460335185   -0.0228684998641539   0
0.0644583375220964   0.0950905602762919   -0.0408817123916117   0
0.084940309330803   -0.120978588848919   0.0204819718087066   0
0.128304926865505   0.0788659036629562   0.0433646175347016   0
0.100462657928332   -0.0737028635601445   -0.0278422689371729   0
0.0842763561818201   0.0773822237333874   -0.0161863017465117   0
0.125127538884332   -0.144475647502811   0.0408511827025119   0
0.105001886750727   0.0860055047065762   -0.0201256521336049   0
0.0715928182830687   0.119883517044917   -0.0334090684676583   0
0.121329036857526   -0.181969280955994   0.0497362185744577   0
0.119432027123015   0.037986366665885   -0.00189700973451176   0
0.0824731228590563   0.120585904122556   -0.0369589042639583   0
0.090519600462386   -0.000718934137487193   0.00804647760332972   0
0.109543385332091   -0.0878921330466672   0.0190237848697051   0
0.120258418700116   0.111594050386138   0.0107150333680252   0
0.0821545511729113   -0.0784657150816197   -0.0381038675272051   0
0.090734259742131   -0.110453233226444   0.00857970856921973   0
0.121851910532929   0.0291830930279667   0.0311176507907982   0
0.0846784774294803   0.0906370677387195   -0.037173433103449   0
0.0802492735506839   -0.0942193293891745   -0.00442920387879633   0
0.109886242673196   -0.0492960808653712   0.0296369691225119   0
0.0755968341841112   0.126404042584685   -0.0342894084890847   0
0.0843164179968824   -0.0496090828415697   0.00871958381277127   0
0.13314898566172   -0.00767663533238003   0.0488325676648379   0
0.107508095574473   0.00984406848207312   -0.0256408900872474   0
0.0817474407170952   0.155625698009837   -0.0257606548573776   0
0.0899789587420998   -0.150208604834496   0.00823151802500456   0
0.102544059811539   0.0854748891848448   0.0125651010694392   0
0.112950018128739   -0.0305182749865176   0.0104059583172001   0
0.0828104268527973   0.00955960263931532   -0.0301395912759418   0
0.0790931206515775   -0.0700228741572113   -0.00371730620121981   0
0.104173382912527   -0.0560810023514144   0.0250802622609496   0
0.0996816635789276   -0.0226630253804168   -0.00449171933359954   0
0.0776829218070542   0.226940399127207   -0.0219987417718734   0
0.0951559789986343   -0.280673544763022   0.01747305719158   0
0.133901092237078   0.0364778225425336   0.0387451132384438   0
0.100627900062917   0.0475243565586775   -0.0332731921741607   0
0.100711897367715   0.0391150693495743   8.39973047978559e-05   0
0.128894573494824   -0.0210049098791388   0.0281826761271083   0
0.115470715250101   -0.0437749173820585   -0.0134238582447222   0
0.0880105189267062   0.175979472952284   -0.0274601963233952   0
0.0804615695838119   -0.0101016136414037   -0.00754894934289428   0
0.0854398066036113   -0.0868383426752539   0.00497823701979942   0
0.0772351370949291   0.109643733467131   -0.00820466950868218   0
0.082436309925087   -0.131113785462431   0.0052011728301579   0
0.057911779586201   0.106156593014653   -0.024524530338886   0
0.079014933915858   -0.124801624032484   0.021103154329657   0
0.105018937913371   0.0147366107122413   0.0260040039975132   0
0.109424189678654   -0.0364174814296917   0.00440525176528263   0
0.0859753737622704   0.186227596183862   -0.0234488159163833   0
0.107818084716781   -0.228181738278198   0.0218427109545107   0
0.132088718561323   0.0233282401378836   0.0242706338445422   0
0.0936668385001464   0.109525873040799   -0.038421880061177   0
0.114144386563904   -0.119293332589424   0.0204775480637579   0
0.119384552976547   0.0652240479230827   0.00524016641264295   0
0.101232420490387   0.0804361656732227   -0.0181521324861603   0
0.105792594527453   -0.0978875053079735   0.00456017403706575   0
0.140469447161082   0.0501435240248947   0.0346768526336293   0
0.120593954547336   -0.00218989921768969   -0.0198754926137457   0
0.11035572260762   0.134228219661065   -0.0102382319397161   0
0.118391297419827   -0.186478800102198   0.00803557481220715   0
0.11303804190105   0.0700799729264271   -0.00535325551877733   0
0.0895241316864481   0.0643068689900875   -0.0235139102146018   0
0.0887540237050411   0.0537991056955069   -0.000770107981406976   0
0.100155059541942   -0.185375107222569   0.0114010358369011   0
0.110147274169234   0.14126954819392   0.00999221462729219   0
0.120838159303394   -0.0669696289987354   0.0106908851341599   0
0.0859234524330255   0.0333891972730327   -0.0349147068703688   0
0.0916180844190982   -0.118947821723008   0.00569463198607269   0
0.114681852146286   -0.0309110513590194   0.0230637677271874   0
0.127790941058678   -0.0286810330986773   0.0131090889123924   0
0.0915723542117106   0.243748184438462   -0.0362185868469673   0
0.103658164538123   -0.101415060544351   0.012085810326412   0
0.116523295979244   -0.075529423129824   0.0128651314411218   0
0.122252045661903   -0.00375349583666648   0.00572874968265852   0
0.109910934453561   0.130968438602427   -0.0123411112083419   0
0.111312339743849   -0.135372954988836   0.00140140529028762   0
0.141541093349811   0.0485509106059033   0.0302287536059626   0
0.108393345136141   0.04534847108432   -0.0331477482136707   0
0.104245223113604   -0.0195504769630546   -0.00414812202253687   0
0.132412731562122   -0.0425793196018244   0.028167508448518   0
0.095860068329752   0.0884159697428318   -0.0365526632323697   0
0.0670876724657647   0.0904960345234708   -0.0287723958639873   0
0.0994635339544223   -0.18242240195714   0.0323758614886576   0
0.11184897736714   0.0464335505774395   0.0123854434127177   0
0.0985310019877247   0.0373036169763574   -0.0133179753794154   0
0.0875707725812385   0.0237923616289285   -0.0109602294064861   0
0.107693961559284   -0.0857175041476799   0.0201231889780453   0
0.124520839593118   0.0256791864769656   0.0168268780338341   0
0.0984053051054668   0.0348463405166911   -0.0261155344876512   0
0.119182037780133   -0.149971542215443   0.0207767326746661   0
0.146172166974513   0.00977504552854071   0.0269901291943805   0
0.120375050606531   0.162411860787176   -0.0257971163679819   0
0.11681001128527   -0.131906966080511   -0.00356503932126102   0
0.140987411001133   -0.035587464282537   0.024177399715863   0
0.111876711010692   0.162461245560895   -0.0291106999904409   0
0.101726073833912   0.114372780458675   -0.0101506371767806   0
0.110703207133635   -0.153662459691287   0.00897713329972309   0
0.1417388102128   0.116284143471883   0.0310356030791645   0
0.111155953989485   -0.0931950025854962   -0.0305828562233145   0
0.105678039063161   0.0882514594821956   -0.00547791492632389   0
0.107354778930307   -0.143813776610922   0.00167673986714549   0
0.129265637649464   0.0214570750102512   0.0219108587191573   0
0.119803625480085   -0.0653531531047269   -0.00946201216937874   0
0.106034761985646   0.163708492336218   -0.0137688634944396   0
0.13028298808156   -0.2497627137099   0.0242482260959148   0
0.14562845101062   0.008548643476981   0.0153454629290595   0
0.109642928620249   0.192778340043015   -0.0359855223903709   0
0.121131632190708   -0.133051238492289   0.0114887035704592   0
0.163315854425749   0.026850696611935   0.042184222235041   0
0.134021594028323   0.004382294539262   -0.0292942603974266   0
0.126905017018684   0.0602275056619098   -0.00711657700963844   0
0.136826284146002   -0.0157398513665027   0.00992126712731797   0
0.103163490338794   -0.00414025828736247   -0.0336627938072078   0
0.0923844340799087   0.129765718186902   -0.0107790562588856   0
0.0832635178837046   0.0285668591643188   -0.00912091619620409   0
0.0816519338422679   -0.0964612969667835   -0.00161158404143669   0
0.0925351425315404   0.0425765312573629   0.0108832086892725   0
0.102348179180751   0.00539377747363551   0.00981303664921068   0
0.110913473308307   -0.0942714854257096   0.00856529412755577   0
0.114861354225486   0.0306189075274672   0.00394788091717885   0
0.145483611476147   -0.142477580680653   0.0306222572506613   0
0.137483421630801   0.109170490843554   -0.00800018984534639   0
0.123100334496997   0.171321181728817   -0.0143830871338038   0
0.143851306263881   -0.287222411563567   0.0207509717668846   0
0.158835604252563   0.0292521969171543   0.0149842979886819   0
0.129841906844949   0.120271390367543   -0.028993697407614   0
0.134405002936507   -0.0912597400526192   0.00456309609155786   0
0.159873171442662   0.13116499718474   0.0254681685061546   0
0.132868315318213   -0.0664074408239779   -0.0270048561244491   0
0.125795735100698   -0.0148503459672434   -0.00707258021751464   0
0.153094304517844   -0.0201337122690518   0.0272985694171464   0
0.127389683310816   0.0301462606027207   -0.0257046212070284   0
0.11886257805833   0.225647419977011   -0.00852710525248644   0
0.102890497119571   -0.0285429950046594   -0.0159720809387583   0
0.116083116863608   -0.189058541087508   0.0131926197440365   0
0.121411798496398   0.113616379943367   0.00532868163279049   0
0.126857553516858   -0.046225040041283   0.00544575502045987   0
0.112444405143442   -0.00993786938364288   -0.0144131483734162   0
0.122286368188006   -0.0791776161759994   0.00984196304456386   0
0.150337180046105   -0.0153037563313515   0.0280508118580993   0
0.149947737982072   -0.0159489646662217   -0.000389442064033407   0
0.122254935025871   0.144773334030451   -0.0276928029562004   0
0.144763168263072   -0.22050133193901   0.0225082332372008   0
0.150233030478196   0.0144127712840152   0.0054698622151238   0
0.125153194147723   0.156727617880002   -0.0250798363304725   0
0.127781519443864   0.0337615348164717   0.00262832529614032   0
0.138615598839741   -0.12698481412832   0.0108340793958774   0
0.18274878878693   0.180690915156255   0.0441331899471892   0
0.153539909383953   -0.126994399975565   -0.0292088794029772   0
0.143769720455673   0.0316903963526473   -0.00977018892827949   0
0.169062978220396   -0.0317853908547473   0.0252932577647222   0
0.164339764202657   -0.0413260007649136   -0.00472321401773843   0
0.120329095413545   0.201060735338415   -0.0440106687891119   0
0.144382775549232   -0.25185350327493   0.024053680135687   0
0.176417476208828   -0.0206777490794113   0.032034700659596   0
0.132523502824301   0.179878159997121   -0.0438939733845274   0
0.125460981897341   -0.121649797456343   -0.00706252092695964   0
0.148753821570784   -0.0170805422549999   0.0232928396734422   0
0.133053521675499   0.0484738873171696   -0.0157002998952844   0
0.104372981234386   0.0844300457230226   -0.0286805404411135   0
0.12080420957924   0.0212256696098465   0.0164312283448547   0
0.114027706141063   -0.0964865503276444   -0.00677650343817773   0
0.154293054262314   0.117848736802556   0.040265348121252   0
0.152413677735571   -0.102394234629789   -0.00187937652674336   0
0.125690149749215   0.0359725166956665   -0.0267235279863565   0
0.131348521333636   -0.082196837919318   0.00565837158442087   0
0.173368874705965   -0.0831155773792784   0.0420203533723292   0
0.159765141929811   0.158601375639123   -0.0136037327761542   0
0.156872726488458   0.0628882119982372   -0.00289241544135266   0
0.194595960892499   -0.206356333757843   0.0377232344040411   0
0.176001872239907   0.0448927931991946   -0.0185940886525921   0
0.14829895301984   0.177534764295008   -0.0277029192200668   0
0.152382473775743   -0.12967343991291   0.00408352075590296   0
0.185886865782295   0.114073444047451   0.0335043920065521   0
0.166060502137722   -0.0532064172945432   -0.0198263636445727   0
0.155182343310805   -0.0474015025321239   -0.0108781588269176   0
0.174298186675264   0.0210706419058541   0.0191158433644587   0
0.152820327597517   0.0835389026170163   -0.0214778590777462   0
0.149667676575647   -0.0940371412727308   -0.00315265102187015   0
0.181941930695428   -0.0963893828701413   0.0322742541197811   0
0.170724127104285   0.159477016855717   -0.0112178035911434   0
0.153552515337457   0.0295326073490326   -0.0171716117668277   0
0.179717121773358   -0.160144641514032   0.0261646064359009   0
0.177988036922099   0.051811664438103   -0.00172908485125894   0
0.166068818049887   0.160015035967986   -0.0119192188722123   0
0.168733898854157   -0.140873166250475   0.00266508080427055   0
0.196291850750764   0.0695082505070198   0.0275579518966062   0
0.16921507860179   -0.096230840616125   -0.0270767721489734   0
0.140935117449343   0.0660416559625175   -0.0282799611524475   0
0.179100170254672   -0.156671402093   0.0381650528053294   0
0.199331451950169   0.0138926611461653   0.0202312816954969   0
0.161903110029772   0.163900077534689   -0.0374283419203968   0
0.139387259635458   0.0650801140038291   -0.0225158503943144   0
0.134098784337704   -0.0381305076289051   -0.00528847529775392   0
0.151519210283119   -0.0856652199091432   0.0174204259454151   0
0.175126921197777   0.131158675849371   0.0236077109146585   0
0.171324361924873   -0.181258703090419   -0.00380255927290399   0
0.153501708496168   0.0945666208016334   -0.0178226534287055   0
0.164577741536758   -0.18388457267939   0.0110760330405904   0
0.176043971734252   -0.0108569047441174   0.0114662301974934   0
0.159104870084011   0.215586766307465   -0.0169391016502407   0
0.150037212266374   -0.129684140291416   -0.00906765781763685   0
0.201501882542155   -0.0769909986345962   0.0514646702757814   0
0.17258164508085   0.0993388477919687   -0.0289202374613054   0
0.15095416731818   0.0996696568757053   -0.0216274777626703   0
0.148000675603757   -0.0562415046557914   -0.00295349171442269   0
0.153692728110222   0.00262855780177579   0.00569205250646457   0
0.145921561160594   0.00525066895472334   -0.00777116694962751   0
0.175986017762184   0.193979927385847   0.0300644566015899   0
0.168892453262601   -0.187954339067539   -0.00709356449958257   0
0.163403947110374   0.00535464221037119   -0.0054885061522271   0
0.157269004407965   -0.0681057988107611   -0.00613494270240933   0
0.172869309059337   -0.12830276915539   0.0156003046513718   0
0.165405325044928   0.0849493437811748   -0.0074639840144084   0
0.155411793637269   0.250842328794439   -0.00999353140765924   0
0.163940532109207   -0.243329150823739   0.00852873847193811   0
0.187146406268087   -0.0124731052533583   0.0232058741588801   0
0.176352255092585   0.0160940105451395   -0.0107941511755028   0
0.16061646391404   0.0424284129294867   -0.0157357911785448   0
0.187538191073168   0.0124206151967531   0.0269217271591284   0
0.183050181665602   -0.0198865992774823   -0.0044880094075658   0
0.162434207281718   0.0368563031132425   -0.0206159743838847   0
0.166794289261383   0.0800125181842127   0.00436008197966564   0
0.171852967587419   -0.192724282890758   0.00505867832603579   0
0.161803121962325   0.0405551050852229   -0.0100498456250941   0
0.143516823434654   0.127476924163208   -0.0182862985276707   0
0.140380292663296   -0.0243475496776184   -0.00313653077135873   0
0.142567139400538   -0.128509232704769   0.00218684673724273   0
0.159897821590797   0.103258785561367   0.0173306821902592   0
0.152912937443905   -0.106515218527568   -0.00698488414689249   0
0.143646748382923   0.0640711869230718   -0.00926618906098162   0
0.166976707006793   -0.092029959802675   0.0233299586238699   0
0.189763351994464   -0.0267689446557269   0.0227866449876711   0
0.157998168629552   0.179806061154236   -0.0317651833649119   0
0.163376385601852   -0.112146361151204   0.00537821697229943   0
0.19682924636601   -0.0414406976590573   0.0334528607641584   0
0.171936939410387   0.0426222661775975   -0.0248923069556229   0
0.154152970803223   0.0982847695687923   -0.0177839686071641   0
0.169857480622845   -0.135969020288224   0.0157045098196213   0
0.181027258204664   0.0765804725623401   0.0111697775818195   0
0.151647195713752   0.00851426792737403   -0.0293800624909124   0
0.135907055871614   0.131618178392597   -0.0157401398421377   0
0.157519458073788   -0.135450097476094   0.0216124022021744   0
0.152807443023051   0.0397228972622719   -0.00471201505073696   0
0.150395697498002   -0.0527041552160917   -0.00241174552504914   0
0.144904372746727   0.0745690035896343   -0.00549132475127498   0
0.165476100175316   -0.155812521741931   0.0205717274285887   0
0.171877531104825   0.0125537350729887   0.00640143092950868   0
0.165198998489852   0.078199459407578   -0.00667853261497309   0
0.170079317009366   -0.0183932408725056   0.00488031851951459   0
0.212015728518546   -0.0935137092431419   0.0419364115091802   0
0.18481434568659   0.103383092726158   -0.0272013828319561   0
0.171877768247351   0.0744673034779222   -0.0129365774392396   0
0.194420109623516   -0.101136392232671   0.0225423413761656   0
0.209955599627183   0.00985902493028518   0.0155354900036668   0
0.174252077329949   0.0518336595821682   -0.0357035222972342   0
0.19319780594495   -0.135513069834645   0.0189457286150009   0
0.20121229698364   0.0859471735070911   0.00801449103869006   0
0.171180708994104   0.0798772337187968   -0.0300315879895362   0
0.156965308865088   0.0716417018227062   -0.014215400129016   0
0.175513714045256   -0.207612887559442   0.0185484051801686   0
0.188303522084459   0.0968897982115569   0.0127898080392031   0
0.173454411353683   -0.00471058247038528   -0.0148491107307769   0
0.172836311264908   0.0369688747736507   -0.000618100088774998   0
0.197931688214223   -0.0680452584915625   0.0250953769493158   0
0.190769053758832   -0.0549015130975662   -0.00716263445539164   0
0.182424090893619   0.151176403523675   -0.00834496286521305   0
0.182629087884953   -0.113818779340369   0.000204996991334777   0
0.224209090672775   -0.00603498170269448   0.0415800027878213   0
0.234094133243348   -0.0744382148887893   0.00988504257057299   0
0.199947589873629   0.18178129212337   -0.0341465433697188   0
0.194376663159033   -0.0566796998918252   -0.00557092671459633   0
0.217789187620741   -0.0186083330390238   0.0234125244617088   0
0.23243025010977   -0.0294120568956599   0.0146410624890281   0
0.214058245612357   0.10599800983855   -0.0183720044974129   0
0.207539838296675   -0.128829452066717   -0.00651840731568162   0
0.260324898181047   0.0880390998844615   0.052785059884372   0
0.217632331790115   -0.036085051949563   -0.0426925663909325   0
0.182243375028622   0.136817119910263   -0.0353889567614923   0
0.17941469996143   -0.0962791731706908   -0.00282867506719206   0
0.190589627461891   -0.021456427584169   0.0111749275004612   0
0.197488500037552   -0.0109584050284293   0.00689887257566052   0
0.184482877703874   0.0750645930486688   -0.0130056223336779   0
0.202477027254088   -0.1653521973521   0.0179941495502136   0
0.230000142490309   0.0905267779986956   0.0275231152362216   0
0.204125004537362   -0.0124194856934307   -0.025875137952947   0
0.199142608356745   0.0602851121877602   -0.00498239618061669   0
0.219886620864317   -0.156069852940361   0.020744012507572   0
0.208907079517912   0.0234240638122159   -0.0109795413464054   0
0.210491945118032   0.214019690402944   0.00158486560011975   0
0.223767448306272   -0.230710925119917   0.0132755031882399   0
0.233272232036949   0.0964310082538026   0.00950478373067687   0
0.208427924128286   0.0339695563220556   -0.0248443079086626   0
0.206279048243054   0.0338065598861236   -0.00214887588523247   0
0.211974471943257   -0.0731372199638111   0.00569542370020312   0
0.248425972068245   0.0989840683122818   0.0364515001249885   0
0.217469940738623   -0.111197742438831   -0.0309560313296226   0
0.210073539994593   0.0115965331316805   -0.00739640074402922   0
0.230868563069125   -0.012784699951485   0.0207950230745316   0
0.224508024125845   -0.0845482225983511   -0.00636053894327981   0
0.217598510508092   0.253333585771445   -0.00690951361775358   0
0.229344193816826   -0.205428382035729   0.0117456833087348   0
0.247048449305516   0.0397844506166514   0.0177042554886895   0
0.227660090517618   -0.0663055856863584   -0.0193883587878979   0
0.236380573767156   0.162384508075176   0.00872048324953834   0
0.23313224049155   -0.11932944808887   -0.00324833327560603   0
0.241705175949901   0.103181568567329   0.00857293545835053   0
0.229512418727379   -0.103939687389667   -0.0121927572225221   0
0.223128456556185   0.0919755844031706   -0.00638396217119394   0
0.218224066352123   -0.132888049447095   -0.00490439020406211   0
0.243950576002809   0.0422565929058753   0.0257265096506868   0
0.236184764992706   0.0419297399539291   -0.00776581101010296   0
0.214555321866535   0.0621428813297044   -0.0216294431261713   0
0.248903378333843   -0.109168190912574   0.0343480564673074   0
