0.0702215211446071   0   0   0
0.10555719489477   0.0523313113105719   0.0353356737501631   0
0.036086816838322   -0.0290730419547296   -0.0694703780564482   0
0.0870463698566603   -0.0194488602708575   0.0509595530183383   0
0.0469257542891843   0.017113459579712   -0.040120615567476   0
0.0480745292679502   0.0112395919800631   0.00114877497876585   0
0.0689327910498516   -0.039516795036086   0.0208582617819014   0
0.0383975761310529   0.0456008365928117   -0.0305352149187987   0
0.0694917835661346   0.00898440097578843   0.0310942074350818   0
0.0417954131446263   0.0343592061070576   -0.0276963704215083   0
0.0351920017610905   -0.0877194040745065   -0.00660341138353575   0
0.0465711955561858   0.0539581148535833   0.0113791937950952   0
0.0602039488385313   -0.0491627977882917   0.0136327532823456   0
0.0277465304513916   0.0360335369634037   -0.0324574183871398   0
0.0530882939985125   -0.0525476263846462   0.0253417635471209   0
0.0500245472424691   0.0848099032601345   -0.00306374675604339   0
0.0563090689480167   -0.0881769920024391   0.00628452170554759   0
0.0580836839358955   0.102278722944254   0.00177461498787876   0
0.0381202189304115   -0.0973243275418868   -0.019963465005484   0
0.0627217538891611   0.114729477265515   0.0246015349587497   0
0.038796126791118   -0.128597500058355   -0.0239256270980432   0
0.0819119099344076   0.118274231764191   0.0431157831432896   0
0.0866480440130359   -0.118574460504001   0.00473613407862827   0
0.0877439991685471   0.100052175429599   0.00109595515551128   0
0.0653280798045718   -0.102156184531452   -0.0224159193639754   0
0.0830810671968801   0.0809412408223497   0.0177529873923083   0
0.0903749533204473   -0.0553947928917561   0.00729388612356721   0
0.0817138065187311   0.0361702491935982   -0.00866114680171615   0
0.0927256041462389   0.0270605811894754   0.0110117976275078   0
0.0699483930763245   -0.0770989133957881   -0.0227772110699144   0
0.0983918203305544   0.0943859900748634   0.0284434272542299   0
0.0718153431817665   -0.124779447663904   -0.0265764771487879   0
0.0915391258844703   0.141621307783381   0.0197237827027038   0
0.0959285001266699   -0.119171496201187   0.00438937424219955   0
0.102391367027084   0.106153395733142   0.00646286690041402   0
0.0844773385607791   -0.104486341453321   -0.0179140284663048   0
0.108963519360813   0.0850055302824776   0.0244861808000336   0
0.122957721159566   -0.0360390857619321   0.013994201798753   0
0.116399146380343   -0.0176060848352531   -0.00655857477922284   0
0.104713799352807   0.00680549339152828   -0.0116853470275356   0
0.121568554452909   0.0132684826035832   0.016854755100102   0
0.116398863271834   0.0225547465516116   -0.00516969118107587   0
0.121586057743939   -0.0468517813206498   0.00518719447210558   0
0.132537894519269   0.0732849430495421   0.01095183677533   0
0.106588539592174   -0.077969008191714   -0.0259493549270948   0
0.118467280975259   0.0601105051676553   0.0118787413830845   0
0.038628124556112   -0.00496373700660876   -0.0798391564191468   0
0.138006535311213   0.0116955833820223   0.0993784107551007   0
0.1477487149264   -0.0306563569544957   0.00974217961518689   0
0.131912751754948   0.0063255935136417   -0.0158359631714518   0
0.149824801035893   0.0118064978931705   0.0179120492809454   0
0.137816754797131   -0.0516742094153887   -0.0120080462387624   0
0.172873586870472   0.0593069776526094   0.0350568320733407   0
0.145540980147775   -0.0910928910343001   -0.0273326067226968   0
0.177354146377292   0.102205379051063   0.0318131662295174   0
0.150872951041075   -0.0737567319795785   -0.0264811953362176   0
0.170447183194538   0.0691270917278666   0.0195742321534637   0
0.136166204859181   -0.0692495486230951   -0.0342809783353571   0
0.186310060784496   0.124650351714021   0.0501438559253146   0
0.133019648832015   -0.114770572265182   -0.0532904119524811   0
0.152684801833385   0.0539461922599202   0.0196651530013702   0
0.156302722777444   -0.0464266688848723   0.00361792094405913   0
0.141598622267715   -0.00867323029734145   -0.0147041005097291   0
0.16271280577682   0.0314111163369819   0.0211141835091047   0
0.163842732440327   -0.0606028661290383   0.00112992666350717   0
0.167754143208335   0.0704101296922147   0.00391141076800805   0
0.15558202630864   -0.074169571487378   -0.0121721168996943   0
0.166646790015965   0.0796288080366937   0.0110647637073241   0
0.165120228070544   -0.0674557246926445   -0.00152656194542042   0
0.159339696136117   0.0698440353076956   -0.00578053193442749   0
0.156149877125352   -0.0469627223782956   -0.00318981901076479   0
0.187165886322359   0.0996329553114844   0.0310160091970068   0
0.16252714740521   -0.11320556927752   -0.0246387389171483   0
0.2020283820852   0.0846112466005476   0.0395012346799892   0
0.188674390032895   -0.0565364152677803   -0.0133539920523046   0
0.19833727561735   0.0553174286040066   0.00966288558445455   0
0.178126684033197   -0.0247811659470493   -0.0202105915841523   0
0.209263407904948   0.0262313902396624   0.0311367238717503   0
0.20471677257433   -0.013013021698525   -0.00454663533061755   0
0.212842457665523   0.0221790894849608   0.00812568509119299   0
0.172200498089618   -0.0311046767286701   -0.0406419595759052   0
0.219978956747073   0.0305059150011657   0.0477784586574551   0
0.202443766382519   -0.0108699540023273   -0.0175351903645538   0
0.211812837730528   0.0107881489998825   0.00936907134800863   0
0.176232012369745   -0.0286034659215   -0.0355808253607827   0
0.207495499406113   0.0351716280169103   0.0312634870363678   0
0.181400653271743   -0.0401576283352219   -0.0260948461343703   0
0.231168713590853   0.0396655610524118   0.0497680603191107   0
0.238399318973251   -0.0201863357295153   0.00723060538239789   0
0.244610115576809   -0.00046100760117046   0.006210796603558   0
0.230515536290399   0.00330402183197556   -0.0140945792864108   0
0.243928618016239   -0.037043069585981   0.013413081725841   0
0.253842660954084   0.0361471256838958   0.00991404293784443   0
0.212018615642619   -0.0596069023965146   -0.0418240453114652   0
0.253911774958867   0.104966798425651   0.0418931593162486   0
0.225382795696322   -0.0283782607770219   -0.0285289792625454   0
0.271475729859043   0.0428622750105652   0.0460929341627209   0
0.236044723187005   -0.0546496912149027   -0.0354310066720375   0
0.249382157964559   0.0223932630814417   0.0133374347775532   0
0.220455045033613   -0.0464196505006751   -0.0289271129309452   0
0.261503858507862   0.0533378376084598   0.0410488134742488   0
0.280529475443869   -0.0181929429846452   0.0190256169360072   0
0.283393559572806   -0.00237463906128782   0.00286408412893663   0
0.317848461383306   0.0354491634868424   0.0344549018105   0
0.291782550251896   -0.0032668192614381   -0.0260659111314103   0
0.328392292452188   0.0124123740717199   0.0366097422002926   0
0.297673956659379   -0.0136324115607712   -0.030718335792809   0
0.309201115917169   0.0190788528997799   0.0115271592577896   0
0.265703796231819   -0.0183608538158236   -0.0434973196853498   0
0.305636499220598   0.0126877899358581   0.0399327029887788   0
0.291888125423783   -0.0444489690111667   -0.013748373796815   0
0.32521007283747   0.0449946967829537   0.0333219474136872   0
0.28518682248232   -0.0356037748232496   -0.0400232503551496   0
0.301418221999003   0.00272123033103036   0.0162313995166822   0
0.291717205005824   -0.042057952112659   -0.00970101699317849   0
0.327186783699407   0.0443347606911541   0.0354695786935829   0
0.285165646459843   -0.0300995763816717   -0.0420211372395643   0
0.33104799946052   0.0306525191284347   0.0458823530006774   0
0.314371927544811   -0.0103507014069634   -0.0166760719157089   0
0.34107348353603   0.0152832789358574   0.0267015559912188   0
0.304707552762173   -0.0185985586798399   -0.0363659307738569   0
0.304867036450602   -0.0334703938090783   0.000159483688428497   0
0.323621757113644   0.053021855928862   0.0187547206630426   0
0.310486162560544   -0.0435884973965467   -0.0131355945531003   0
0.369452483761204   0.057527378174096   0.0589663212006599   0
0.328274350299395   -0.0487830410519524   -0.0411781334618087   0
0.344990111773733   0.0369205402054027   0.0167157614743375   0
0.305390998881123   -0.000719539116524504   -0.0395991128926098   0
0.342252624769497   -0.0253335889215209   0.036861625888374   0
0.321447612470948   0.0263776234795255   -0.0208050122985493   0
0.339096542928592   -0.0156713306370454   0.0176489304576444   0
0.314031986844529   0.00614876829018096   -0.025064556084063   0
0.324238582374002   -0.018191876856744   0.0102065955294731   0
0.329655517897505   0.022800734147572   0.00541693552350336   0
0.336191248917342   -0.0192751937739077   0.00653573101983701   0
0.34073965447547   0.0241537336732785   0.0045484055581273   0
0.312654127627403   -0.0403552594248419   -0.0280855268480665   0
0.375610918310757   0.0459844313539287   0.0629567906833536   0
0.298985333225432   -0.0308563301286457   -0.0766255850853249   0
0.353323437608592   0.0341009517972544   0.0543381043831599   0
0.302439133844465   -0.0235836287535163   -0.0508843037641271   0
0.332578413422763   -0.0122769095188028   0.0301392795782987   0
0.344166215021536   0.0186361210507737   0.0115878015987725   0
0.318597734902184   -0.0411148987487177   -0.0255684801193515   0
0.352220452155752   0.0635140399607212   0.0336227172535678   0
0.288267656006189   -0.046811077046511   -0.0639527961495631   0
0.361775294753943   0.0511764493909133   0.0735076387477542   0
0.308422033778883   -0.0188224346069706   -0.0533532609750601   0
0.311679688215406   -4.55423392947685e-06   0.00325765443652254   0
0.32264356792024   -0.0156054830902086   0.0109638797048343   0
0.285832060820003   -0.040612895362736   -0.0368115071002367   0
0.335381145488979   0.0484791959177959   0.0495490846689763   0
0.317704358082495   -0.0291394544321162   -0.0176767874064848   0
0.321277475326625   -0.00100752880906674   0.00357311724413006   0
0.279347265986711   -0.0289279088541112   -0.0419302093399142   0
0.294360558375693   0.0388853918892265   0.0150132923889829   0
0.289711637276189   -0.0286847365284056   -0.0046489210995046   0
0.284780114142912   -0.00984673863105651   -0.00493152313327683   0
0.302703734418424   0.0298781522378997   0.0179236202755124   0
0.277073647727008   -0.0312314532427036   -0.0256300866914166   0
0.312418793576203   0.0395790174673027   0.035345145849195   0
0.299606360220974   -0.0131666341565283   -0.0128124333552288   0
0.334273745796181   0.0164046067362971   0.0346673855752073   0
0.298460847589684   -0.0110819168161439   -0.0358128982064975   0
0.339169817659491   0.0365916564942547   0.0407089700698073   0
0.299028686920356   -0.0330944960601328   -0.0401411307391347   0
0.345115198021505   0.0129320853531192   0.0460865111011485   0
0.306433396459447   -0.00315541588290194   -0.0386818015620581   0
0.329950611555991   0.000159845927688196   0.0235172150965443   0
0.293842822354061   0.0124004171412291   -0.0361077892019305   0
0.302620282225035   -0.0283412468552343   0.00877745987097484   0
0.304759582286185   0.0211136954307755   0.00213930006114971   0
0.319245685249229   -0.0293346115914987   0.0144861029630443   0
0.331933600807827   0.0339302312026777   0.0126879155585979   0
0.349761308907232   -0.0234117343592684   0.0178277080994045   0
0.331706815115397   0.00161836939809562   -0.018054493791835   0
0.344380164265452   0.012174530869333   0.0126733491500556   0
0.293617749858979   -0.00363763398491357   -0.0507624144064733   0
0.332512606637327   0.0230368998165604   0.0388948567783483   0
0.328908313255381   -0.0243931884088926   -0.00360429338194618   0
0.2936041523361   0.00502102602529955   -0.0353041609192808   0
0.283165473620549   0.00108295096018129   -0.010438678715551   0
0.302254610400855   0.0484655961951117   0.0190891367803054   0
0.314057194674394   -0.067886047698744   0.0118025842735389   0
0.296040394364097   -0.0106998851333588   -0.0180168003102968   0
