0   0   0   0
0.0705164811696174   0.0755064745016585   0.0705164811696174   0
0.0712522751266232   0.0213577507207114   0.000735793957005806   0
0.0907900012092328   -0.00283808559167997   0.0195377260826097   0
0.0829386118374608   -0.0178850405082712   -0.00785138937177199   0
0.0929215617644796   0.022706632565061   0.00998294992701876   0
0.0908072259284056   -0.0228822733073055   -0.00211433583607398   0
0.118526196051348   0.0558224522012215   0.027718970122942   0
0.119933289116711   -0.0299828772591677   0.00140709306536302   0
0.149496416605558   0.0666483139565362   0.0295631274888471   0
0.144948511443072   -0.0225633245295373   -0.00454790516248535   0
0.141435553893328   0.00222564163928388   -0.0035129575497444   0
0.148787425533385   0.0052548917136627   0.00735187164005666   0
0.155701824099214   0.0136945390410369   0.00691439856582904   0
0.179470843401902   -0.00207851662410799   0.0237690193026882   0
0.202061029241421   0.0233413636643397   0.0225901858395193   0
0.273124998538215   0.0221195271446539   0.0710639692967938   0
0.33781673322861   0.0465363291194713   0.0646917346903951   0
0.339465851963787   0.00702539541311981   0.00164911873517715   0
0.337508795677239   -0.00660318982197022   -0.0019570562865488   0
0.313382580676559   -0.0215586847624531   -0.0241262150006796   0
0.316206104167045   -0.003694675291708   0.00282352349048581   0
0.349743383992106   0.00959437321503637   0.0335372798250616   0
0.364329251369554   0.0195952195498469   0.014585867377448   0
0.404718202403537   0.0242457885226474   0.0403889510339821   0
0.40627679320323   0.00796793626249021   0.00155859079969328   0
0.473341582642229   0.00564126991820579   0.067064789438999   0
0.49813213588013   0.035254110167923   0.0247905532379009   0
0.502360135636776   0.0265663680826827   0.00422799975664628   0
0.497761348874137   0.0158677121747999   -0.00459878676263931   0
0.518374638059435   0.0778569233626305   0.0206132891852981   0
0.513863572490793   0.023865542600627   -0.00451106556864223   0
0.532532703501156   0.062565745608762   0.0186691310103633   0
0.536043693310536   -0.00679765514854425   0.00351098980938014   0
0.550704951023005   0.019524594481837   0.0146612577124688   0
0.537394063076156   -0.0289138929061823   -0.0133108879468483   0
0.533918614406962   0.00303167474831401   -0.00347544866919458   0
0.544591643847479   -0.00454023430173567   0.0106730294405176   0
0.541293844753707   0.0206342407612841   -0.00329779909377259   0
0.547798346104203   0.00416395984989315   0.00650450135049585   0
0.541806983610861   0.0200487284261963   -0.00599136249334165   0
0.570269678336706   0.0120058465200538   0.0284626947258448   0
0.578807009157629   0.0268517302445641   0.00853733082092334   0
0.583172911006033   0.0194802973429973   0.00436590184840335   0
0.546660177231934   -0.0482802431933258   -0.0365127337740981   0
0.571514785617573   0.0173478923683581   0.0248546083856381   0
0.552846595723669   -0.00120993484750587   -0.0186681898939035   0
0.558837318865025   0.00136926422510264   0.00599072314135629   0
0.557716737668191   -7.97736227453605e-06   -0.00112058119683422   0
0.577451780820052   0.034759787783491   0.0197350431518613   0
0.543509410642999   -0.0742702297443003   -0.0339423701770535   0
0.45985052356282   -0.195071171940192   -0.0836588870801787   0
0.50688231753559   0.0775628157222277   0.0470317939727694   0
0.568716765997364   0.118040257574443   0.061834448461774   0
0.667937918756863   0.136355783080326   0.0992211527594996   0
0.727906385768287   0.133027728641873   0.0599684670114237   0
0.746217575183338   0.0465799344901322   0.0183111894150506   0
0.71086077690081   -0.0471548476898477   -0.035356798282528   0
0.692899047719976   -0.0282482844191267   -0.0179617291808331   0
0.702177358276079   0.0197510554242593   0.00927831055610207   0
0.7016930556546   -0.0196881461311231   -0.000484302621478139   0
0.701591670902306   0.0239581009827659   -0.000101384752294154   0
0.727672491015216   0.0492092590677646   0.0260808201129101   0
0.727821670167777   0.0341655569452082   0.000149179152560741   0
0.741433338406814   0.0148520027662944   0.0136116682390366   0
0.763383324759136   0.0752416556778053   0.0219499863523224   0
0.749999953631665   -0.0377982644502183   -0.0133833711274708   0
0.755135179471073   0.00886427304359816   0.00513522583940806   0
0.767090723308853   0.021360828027953   0.0119555438377801   0
0.766639484329911   -0.0121672128559955   -0.000451238978941948   0
0.763822429570285   0.00435851649112229   -0.0028170547596269   0
0.759614215816392   0.00351270741471832   -0.00420821375389213   0
0.581731322140462   -0.408105080706534   -0.17788289367593   0
0.54732416916249   -0.0539777982524358   -0.0344071529779719   0
0.636224456772136   0.204231740151044   0.0889002876096462   0
0.658523682320757   0.0403006350056981   0.0222992255486211   0
0.664902486909201   -0.0130386053987616   0.00637880458844331   0
0.691595031523761   0.0733835431300608   0.0266925446145606   0
0.713332384618316   0.0633895733266626   0.0217373530945543   0
0.713393372419104   0.00868003719014387   6.09878007884479e-05   0
0.739685846034736   0.0683269946906165   0.0262924736156315   0
0.755609203394105   0.0299749805637501   0.0159233573593692   0
0.753744265669721   0.0273076490504964   -0.00186493772438412   0
0.755982542949127   -0.0180898260857554   0.00223827727940684   0
0.760043606337204   0.00931333047992644   0.00406106338807621   0
0.779566091367659   0.0127129668581276   0.0195224850304555   0
0.77565650855246   0.0461134290841259   -0.00390958281519938   0
0.772086549050897   0.0211044686568584   -0.00356995950156302   0
0.774036964157987   0.04094119413602   0.00195041510708971   0
0.761184159166656   -0.0759607420119279   -0.01285280499133   0
0.757094633547427   -0.0285916602864413   -0.00408952561922982   0
0.782592395228175   0.122374403467788   0.0254977616807487   0
0.783171508857621   0.0148018336694524   0.000579113629445516   0
0.771125389109691   -0.00783513270024838   -0.0120461197479298   0
0.768102367959227   0.00620193123410684   -0.0030230211504636   0
0.772317287154426   0.0212928191404906   0.00421491919519901   0
0.777681453510737   -0.017377132586607   0.00536416635631054   0
0.783541496027193   -0.0186716717371676   0.00586004251645633   0
0.778353750980405   0.0108104539088738   -0.00518774504678843   0
0.762981553635815   -0.015123750018132   -0.0153721973445896   0
0.770366822151954   -0.00759666134880077   0.00738526851613852   0
0.774597748177497   0.00997782483527443   0.00423092602554309   0
0.782211252644859   0.0205192187155947   0.00761350446736242   0
0.766521555523454   0.0394241814202747   -0.0156896971214051   0
0.790754538454584   0.00519511586867805   0.0242329829311302   0
0.806030653344936   0.000158212320254814   0.0152761148903515   0
0.821228253774657   0.0185872566744767   0.0151976004297211   0
0.802676490441423   0.000261750020023044   -0.0185517633332338   0
0.800399505015884   -0.0218317658575253   -0.00227698542553878   0
0.807298415387893   0.0101141440830417   0.00689891037200829   0
0.827786252201649   0.0417259118073621   0.0204878368137567   0
0.831074905001831   0.0204057124312296   0.00328865280018187   0
0.851961239097912   0.0298459633352084   0.0208863340960809   0
0.869261332048941   0.00754932851210621   0.0173000929510291   0
0.868885651985058   -4.56687223870933e-05   -0.000375680063882888   0
0.855234175595047   0.0159061982331528   -0.0136514763900113   0
0.838406799552282   -0.0390784593312794   -0.0168273760427653   0
0.847061681652347   0.0130058863411064   0.0086548821000656   0
0.848593625972351   -0.0112933524087626   0.00153194432000381   0
0.850816177433653   -0.00350413963633733   0.00222255146130146   0
0.842782316340637   -0.0273696291238446   -0.00803386109301529   0
0.841980066879824   0.0271363833669926   -0.00080224946081342   0
0.847247734189341   0.0140434740999902   0.00526766730951711   0
0.858202135397186   0.0153915989535764   0.010954401207845   0
0.856085063104421   0.0345870779862907   -0.00211707229276492   0
0.882313313238598   0.0809395094371275   0.0262282501341768   0
0.882213794027559   -0.0257786627947525   -9.9519211039234e-05   0
0.887495705270899   -0.0304904207895731   0.0052819112433401   0
0.910985285268896   0.00833663944892504   0.0234895799979976   0
0.926255215656706   0.0326057832118507   0.0152699303878092   0
0.925465088976532   -0.0267396826716164   -0.000790126680173531   0
0.940362004228957   0.0321694529092318   0.0148969152524245   0
0.938967113906286   0.031563786723666   -0.00139489032267071   0
0.94416813905019   0.000307606300343322   0.00520102514390464   0
0.957049648903467   0.0479778890145719   0.0128815098532767   0
0.982206913406616   0.0503987427318666   0.0251572645031493   0
0.998785029618736   0.0258702204120105   0.0165781162121197   0
1.01508836349229   0.0547079142123423   0.0163033338735523   0
1.02057311752953   0.019975066193928   0.00548475403723958   0
1.0398819043327   0.0273794530028966   0.0193087868031756   0
0.997197214963224   -0.129021186082096   -0.0426846893694798   0
0.808979791701406   -0.599225976901082   -0.188217423261818   1
0.823687179149494   0.105120171574799   0.0147073874480876   0
0.839198653228068   0.11719591665419   0.0155114740785743   0
0.88501652029095   0.123478153704009   0.0458178670628826   0
0.908680716544911   0.0513140033187389   0.0236641962539604   0
0.950108481459486   0.11620601820241   0.0414277649145748   0
0.965039132270402   0.0567346747894837   0.0149306508109162   0
0.957678127014531   -0.00681135726217286   -0.00736100525587102   0
0.963079970661483   0.0422479474792337   0.00540184364695184   0
0.939428539279221   -0.149974510493733   -0.0236514313822621   0
0.823478826594831   -0.418519934697751   -0.115949712684389   0
0.817399732736683   0.0312817556042512   -0.00607909385814864   0
0.848298126768938   0.157141298018789   0.0308983940322558   0
0.909930858139959   0.163910007155605   0.0616327313710207   0
0.990344617823373   0.14154172447551   0.0804137596834137   0
1.01313112445817   0.0724919833135973   0.0227865066347954   0
1.03745327864259   0.0834530224305483   0.0243221541844221   0
1.03949169300048   0.0207288737354567   0.00203841435788887   0
1.08825565647653   0.0862750642281549   0.0487639634760495   0
1.11198427660778   0.0369423709282366   0.023728620131249   0
1.11566978794967   0.0458795360086439   0.00368551134189721   0
1.15588708255272   0.095334120579287   0.0402172946030501   0
1.16519123895061   -0.0072294100315633   0.00930415639788174   0
1.16813221393653   0.0668779412170919   0.0029409749859195   0
1.17631368308759   0.0106100326598177   0.00818146915106355   0
1.20210271598973   0.00938303375083605   0.0257890329021424   0
1.25296793837708   0.063306670237731   0.0508652223873527   0
1.26832944127237   0.0493927126975993   0.0153615028952814   0
1.2563804747102   0.0107210021857775   -0.0119489665621684   0
1.24946761731678   -0.0286686007465646   -0.00691285739341763   0
1.21506495231307   -0.137164420480478   -0.0344026650037115   0
1.1775601420236   -0.150029074823794   -0.0375048102894686   0
1.17787616461362   0.0267564659460462   0.000316022590023612   0
1.1779512222921   0.0584213822314532   7.50576784713797e-05   0
1.17532469310719   0.00169846268751628   -0.00262652918490947   0
1.17424948327243   0.00723935742934834   -0.00107520983475951   0
1.1422235662433   -0.0740122642097942   -0.0320259170291259   0
1.06477310739463   -0.134556851708806   -0.0774504588486733   0
1.08671904179544   0.0476837736147115   0.0219459344008179   0
1.06265629162799   0.0278837293136165   -0.0240627501674509   0
1.06262761279896   -0.0108465765259949   -2.86788290368989e-05   0
1.07412428547669   0.00857147576588435   0.011496672677733   0
1.0473036510638   -0.00844879757835582   -0.0268206344128927   0
1.00593324489667   -0.0909005977838733   -0.0413704061671232   0
