4.00448217074081e-09   0.0085145   0   0   0
0.0353201871615936   0   0.0353201831571114   -0.0085145   0
0.181192149754588   0.0530879766701463   0.145871962592994   0.0530879766701463   0
0.232838249101581   0.0485692543228996   0.0516460993469936   -0.00451872234724674   0
0.116780527853662   0.0313893437330872   -0.116057721247919   -0.0171799105898124   0
0.108020871506297   0.0161182970122009   -0.00875965634736497   -0.0152710467208863   0
0.156723448598072   0.049671725561153   0.0487025770917746   0.0335534285489521   0
0.235320285201446   0.070066859146122   0.0785968366033743   0.020395133584969   0
0.128957257902231   0.0283944205123559   -0.106363027299215   -0.0416724386337661   0
0.0797325338402085   0.0158943228917002   -0.0492247240620224   -0.0125000976206557   0
0.0593670989706251   0.0251260034839327   -0.0203654348695834   0.00923168059223253   0
0.252700680658047   0.0625381678574373   0.193333581687421   0.0374121643735045   0
0.308272837999134   0.0488580448523577   0.055572157341087   -0.0136801230050795   0
0.181908212028622   0.0300924258764976   -0.126364625970512   -0.0187656189758602   0
0.124932458243608   0.0220970206897898   -0.0569757537850136   -0.00799540518670773   0
0.0861947747313654   0.0716555636980305   -0.0387376835122427   0.0495585430082407   0
0.0232300693878057   0.138278063583762   -0.0629647053435597   0.0666224998857318   0
0.0691616818524535   0.0874655308535597   0.0459316124646478   -0.0508125327302026   0
0.240859469381816   0.0131811369747919   0.171697787529363   -0.0742843938787678   0
0.230543565293799   0.017156432396516   -0.0103159040880172   0.00397529542172418   0
0.112783709960659   0.0404395430595475   -0.11775985533314   0.0232831106630315   0
0.0793962288684444   0.0391712079719595   -0.0333874810922144   -0.00126833508758808   0
0.0870277542193293   0.0236793388970744   0.00763152535088493   -0.0154918690748851   0
0.23923575171157   0.0393999911328987   0.152207997492241   0.0157206522358244   0
0.20879355434522   0.027207911296441   -0.0304421973663501   -0.0121920798364578   0
0.135856102722941   0.0119663142614006   -0.0729374516222786   -0.0152415970350403   0
0.135110803606209   0.0219213485208483   -0.00074529911673224   0.00995503425944772   0
0.293276505353236   0.0659815064782201   0.158165701747026   0.0440601579573718   0
0.299512556366838   0.0555872578072754   0.00623605101360231   -0.0103942486709447   0
0.205707423298845   0.0206190762201147   -0.0938051330679934   -0.0349681815871607   0
0.142810338361921   0.0202831299891884   -0.0628970849369234   -0.000335946230926351   0
0.216957199239069   0.0535625576518943   0.0741468608771482   0.0332794276627059   0
0.336479102057332   0.067672494660848   0.119521902818262   0.0141099370089537   0
0.290773886318149   0.0577309289459948   -0.0457052157391826   -0.00994156571485318   0
0.194530533788539   0.03645193167625   -0.09624335252961   -0.0212789972697448   0
0.174133345656996   0.0429856671959678   -0.020397188131543   0.00653373551971775   0
0.31841629243921   0.0786144014080277   0.144282946782213   0.0356287342120599   0
0.384609643496117   0.0717171025126052   0.0661933510569072   -0.00689729889542247   0
0.252977941926268   0.0398381005698063   -0.131631701569849   -0.0318790019427989   0
0.194260125007501   0.0398066369132083   -0.0587178169187663   -3.14636565979451e-05   0
0.246033091166395   0.0523394728855765   0.0517729661588937   0.0125328359723682   0
0.383041355048731   0.0762485312145913   0.137008263882336   0.0239090583290147   0
0.319287157720914   0.0461846332537674   -0.0637541973278167   -0.0300638979608239   0
0.208753815523112   0.0419520564844264   -0.110533342197802   -0.00423257676934106   0
0.178983720261996   0.0352354700772531   -0.0297700952611164   -0.00671658640717324   0
0.330646000810913   0.0749533740461362   0.151662280548917   0.039717903968883   0
0.362908292453355   0.0693090621742318   0.0322622916424427   -0.00564431187190439   0
0.263724848512536   0.0497795223548047   -0.0991834439408193   -0.0195295398194271   0
0.227327714923632   0.0464437424748211   -0.0363971335889042   -0.0033357798799836   0
0.200936138843464   0.0405675381538614   -0.0263915760801673   -0.00587620432095969   0
0.295628440735732   0.0653225523156819   0.0946923018922672   0.0247550141618205   0
0.361304897133377   0.0733474450377448   0.0656764563976452   0.00802489272206293   0
0.282183204227502   0.0572646136616235   -0.079121692905875   -0.0160828313761213   0
0.226424667914739   0.047233535778327   -0.0557585363127625   -0.0100310778832965   0
0.30909353830289   0.0666698256075415   0.0826688703881505   0.0194362898292145   0
0.408220257159049   0.0960407282995735   0.099126718856159   0.029370902692032   0
0.307579938646411   0.0550859199617516   -0.100640318512638   -0.0409548083378219   0
0.275311112526393   0.0521722973721927   -0.0322688261200185   -0.00291362258955892   0
0.325805712979945   0.0671704976682472   0.050494600453552   0.0149982002960545   0
0.451575017234125   0.0941414325552915   0.12576930425418   0.0269709348870443   0
0.377142461715729   0.0592297275836425   -0.0744325555183958   -0.034911704971649   0
0.322952758854232   0.0483271442447461   -0.0541897028614964   -0.0109025833388963   0
0.298295007509345   0.0532900490989171   -0.0246577513448874   0.004962904854171   0
0.323108612770391   0.055815157727001   0.0248136052610456   0.00252510862808386   0
0.429193087953907   0.0849173957472201   0.106084475183516   0.0291022380202191   0
0.39720993141869   0.0807066179659388   -0.0319831565352173   -0.0042107777812813   0
0.307660775993187   0.0638871417888803   -0.0895491554255025   -0.0168194761770585   0
0.27880501748135   0.0569001566721261   -0.0288557585118367   -0.0069869851167542   0
0.325121995995795   0.0777182625977479   0.046316978514445   0.0208181059256218   0
0.463099797090444   0.096168191107832   0.137977801094648   0.0184499285100841   0
0.489123658142816   0.1187408331477   0.0260238610523721   0.0225726420398683   0
0.391020770891624   0.0863994737051968   -0.0981028872511916   -0.0323413594425035   0
0.325747822354118   0.0579399361436264   -0.0652729485375061   -0.0284595375615705   0
0.277789929500063   0.0552646536546643   -0.0479578928540549   -0.00267528248896206   0
0.25770346148558   0.0582496858597109   -0.0200864680144827   0.00298503220504656   0
0.40072160888547   0.0878526856051652   0.14301814739989   0.0296029997454543   0
0.495882398883485   0.118622590223416   0.0951607899980149   0.0307699046182509   0
0.375932633530051   0.0836054583243373   -0.119949765353434   -0.0350171318990788   0
0.309308154823196   0.0603692503532428   -0.0666244787068558   -0.0232362079710945   0
0.302029410927562   0.0668976360821704   -0.00727874389563388   0.00652838572892761   0
0.466226555398349   0.11764310504509   0.164197144470787   0.0507454689629193   0
0.475744804864972   0.115970873306889   0.0095182494666225   -0.00167223173820064   0
0.347153478761671   0.0516400741583995   -0.128591326103301   -0.0643307991484895   0
0.31216685077306   0.0457503875556262   -0.034986627988611   -0.00588968660277327   0
0.352561229844931   0.0632631405303475   0.0403943790718704   0.0175127529747213   0
0.586544287831226   0.108474120902465   0.233983057986295   0.045210980372117   0
0.469950037800743   0.0983555300634514   -0.116594250030483   -0.0101185908390131   0
0.323194976090592   0.0596317066565263   -0.146755061710151   -0.0387238234069252   0
0.328781064941779   0.0746579115953561   0.0055860888511865   0.0150262049388298   0
0.669924426291212   0.0789795831738336   0.341143361349434   0.00432167157847753   0
0.674744142022115   0.074937027826052   0.00481971573090267   -0.00404255534778157   0
0.4460182936673   0.0619136982748769   -0.228725848354815   -0.0130233295511751   0
0.372441999280707   0.0557405962671956   -0.0735762943865934   -0.00617310200768133   0
0.373375059048087   0.0593227078541809   0.000933059767380284   0.00358211158698532   0
0.600428896881429   0.0726683424134093   0.227053837833342   0.0133456345592284   0
0.64127359999133   0.0643286248442519   0.0408447031099004   -0.00833971756915743   0
0.446136126048452   0.0856301257589874   -0.195137473942878   0.0213015009147356   0
0.376976806396394   0.0664747175367824   -0.0691593196520576   -0.0191554082222051   0
0.383382909085955   0.0627119305111276   0.00640610268956132   -0.00376278702565475   0
0.592996064394394   0.0868473881584962   0.209613155308438   0.0241354576473685   0
0.654342935380187   0.0726989745813859   0.0613468709857934   -0.0141484135771102   0
0.398178465527641   0.0741866599050833   -0.256164469852547   0.0014876853236974   0
0.333358434892654   0.0628221553136511   -0.0648200306349863   -0.0113645045914323   0
0.414413763965062   0.0727042088479237   0.0810553290724076   0.00988205353427257   0
0.644026093884122   0.0920330166065554   0.22961232991906   0.0193288077586317   0
0.553532589552955   0.0924065026489072   -0.090493504331167   0.000373486042351837   0
0.416271571372752   0.0730560289206339   -0.137261018180203   -0.0193504737282733   0
0.375710302264364   0.0711512586734416   -0.0405612691083875   -0.00190477024719229   0
0.463259203192273   0.100534727301925   0.087548900927909   0.0293834686284838   0
0.652400574410147   0.0802868005567696   0.189141371217874   -0.0202479267451558   0
0.607608207433869   0.0815728032825279   -0.0447923669762776   0.00128600272575832   0
0.366978426051246   0.0606443254014957   -0.240629781382623   -0.0209284778810322   0
0.167498193007805   0.195075926232128   -0.199480233043441   0.134431600830632   0
0.0436892293974339   0.394280821245835   -0.123808963610371   0.199204895013707   0
0.0680198519823441   0.181133473684905   0.0243306225849102   -0.21314734756093   0
0.248934463390046   0.151676039113607   0.180914611407702   -0.0294574345712973   0
0.339192496047967   0.153339280965976   0.0902580326579212   0.00166324185236871   0
0.158962738398406   0.164447674568729   -0.180229757649561   0.0111083936027528   0
0.122048187498135   0.137520913136957   -0.0369145509002705   -0.0269267614317716   0
0.148550291762756   0.147056638303631   0.0265021042646209   0.00953572516667406   0
0.351162134341518   0.122829412311639   0.202611842578761   -0.0242272259919926   0
0.405184448692197   0.110409134043848   0.0540223143506799   -0.0124202782677901   0
0.253733308165337   0.127626304297204   -0.15145114052686   0.0172171702533555   0
0.24043778267007   0.12860300240667   -0.013295525495267   0.000976698109466156   0
0.233041673581201   0.11592693628398   -0.00739610908886965   -0.0126760661226899   0
0.404486899844346   0.0963074768241802   0.171445226263145   -0.0196194594598   0
0.476310132674721   0.116454507380232   0.0718232328303746   0.0201470305560518   0
0.404594452862481   0.131031130308793   -0.0717156798122401   0.0145766229285614   0
0.294915711923475   0.116434619348156   -0.109678740939006   -0.0145965109606373   0
0.241870708778885   0.112213909741618   -0.0530450031445902   -0.00422070960653806   0
0.255347126287256   0.107885836839226   0.0134764175083716   -0.00432807290239244   0
0.43688559097892   0.123617114363222   0.181538464691664   0.0157312775239968   0
0.439077869020473   0.132211531918513   0.00219227804155364   0.0085944175552907   0
0.296216774764192   0.122594211235686   -0.142861094256282   -0.00961732068282706   0
0.282165577194756   0.127653285886028   -0.0140511975694355   0.005059074650342   0
0.332845591725983   0.123560269887816   0.0506800145312269   -0.00409301599821171   0
0.461785747236757   0.137972641297106   0.128940155510774   0.0144123714092901   0
0.364908407596276   0.148376649417959   -0.0968773396404808   0.0104040081208528   0
0.309217335781052   0.114531373725292   -0.0556910718152245   -0.0338452756926673   0
0.366897796664153   0.109398637875844   0.0576804608831012   -0.00513273584944822   0
0.505333694523886   0.136361939908099   0.138435897859733   0.0269633020322552   0
0.391809150306485   0.104778805826846   -0.113524544217401   -0.0315831340812525   0
0.320062682251102   0.111883597553439   -0.0717464680553832   0.00710479172659294   0
0.281488595549678   0.108144474680864   -0.0385740867014245   -0.00373912287257559   0
0.271031065225372   0.108458102193889   -0.0104575303243054   0.000313627513024814   0
0.380810971318264   0.0971401461407821   0.109779906092892   -0.0113179560531066   0
0.511101749082206   0.109258857483375   0.130290777763941   0.0121187113425932   0
0.410101797382113   0.0824308889096345   -0.100999951700092   -0.0268279685737408   0
0.319399270745635   0.110527822228161   -0.0907025266364788   0.0280969333185267   0
0.297317995245966   0.110609236112994   -0.022081275499669   8.14138848325707e-05   0
0.315689285567835   0.108645757719538   0.0183712903218693   -0.00196347839345597   0
0.447729793791121   0.0955703156414297   0.132040508223286   -0.0130754420781081   0
0.445463282951581   0.0928399531500043   -0.00226651083954066   -0.00273036249142534   0
0.331416159782606   0.088683563636082   -0.114047123168974   -0.00415638951392237   0
0.289710207537273   0.0960792790212983   -0.0417059522453329   0.00739571538521637   0
0.256374540378506   0.0876767538346967   -0.0333356671587678   -0.00840252518660164   0
0.336324264451273   0.0855932953960764   0.0799497240727677   -0.00208345843862026   0
0.545430839996246   0.125372281534765   0.209106575544972   0.039778986138689   0
0.407955441067146   0.104412334764984   -0.137475398929099   -0.0209599467697819   0
0.28726860216127   0.0952328854673243   -0.120686838905876   -0.00917944929765932   0
0.270023174038822   0.0844873759530973   -0.0172454281224479   -0.010745509514227   0
0.398563875798798   0.0831111322794666   0.128540701759976   -0.00137624367363064   0
0.550638581702699   0.128997577887552   0.152074705903901   0.0458864456080852   0
0.531490830762009   0.138068037753792   -0.0191477509406905   0.00907045986624003   0
0.377975115482871   0.0925089534481663   -0.153515715279137   -0.0455590843056256   0
0.302168915343538   0.0960803057685601   -0.0758062001393338   0.00357135232039378   0
0.251793851891316   0.0949787189601571   -0.0503750634522214   -0.00110158680840301   0
0.270009385089945   0.0996891236790278   0.0182155331986283   0.00471040471887073   0
0.446394639322383   0.110176610460615   0.176385254232438   0.0104874867815867   0
0.537297361042319   0.121810070256414   0.0909027217199364   0.0116334597957994   0
0.359720446569889   0.0921788482278337   -0.17757691447243   -0.0296312220285802   0
0.291117341481146   0.0937168631211054   -0.0686031050887428   0.00153801489327167   0
0.289585711264161   0.0937060451361731   -0.00153163021698483   -1.08179849323126e-05   0
0.31147707880499   0.0970529148246074   0.0218913675408291   0.00334686968843435   0
0.423366155051346   0.0804408636458486   0.111889076246356   -0.0166120511787589   0
0.438648638591299   0.107235889722331   0.0152824835399533   0.0267950260764827   0
0.283736160121776   0.107426578717792   -0.154912478469523   0.000190688995460889   0
0.257787221930743   0.102360650438779   -0.0259489381910331   -0.00506592827901273   0
0.292247381521717   0.103339445707931   0.0344601595909743   0.000978795269151927   0
0.443835955999511   0.0953775084757655   0.151588574477794   -0.00796193723216584   0
0.525702719049616   0.129051435022209   0.0818667630501053   0.0336739265464438   0
0.404941906819497   0.109884191746186   -0.12076081223012   -0.0191672432760237   0
0.315664357639012   0.104501380831499   -0.0892775491804849   -0.00538281091468662   0
0.287606235910368   0.0926437989037718   -0.0280581217286444   -0.0118575819277273   0
0.335251685952226   0.102392135749041   0.0476454500418585   0.00974833684526906   0
0.515155682471125   0.13317478272096   0.179903996518898   0.0307826469719195   0
0.559630895163276   0.145176708561747   0.0444752126921518   0.0120019258407869   0
0.38548938185727   0.10371536615343   -0.174141513306007   -0.0414613424083175   0
0.300393371159968   0.10019451704421   -0.0850960106973023   -0.0035208491092197   0
0.290614215594558   0.097303318608938   -0.00977915556540992   -0.00289119843527205   0
0.417930121466496   0.103046405026401   0.127315905871938   0.00574308641746261   0
0.543408900836092   0.130494800769221   0.125478779369596   0.0274483957428201   0
0.466045990939778   0.11839783824873   -0.0773629098963139   -0.0120969625204904   0
0.365837192631285   0.128482617957148   -0.100208798308493   0.0100847797084179   0
0.343326572190386   0.130806901729697   -0.0225106204408996   0.0023242837725484   0
0.453545418829074   0.123412274308768   0.110218846638688   -0.00739462742092897   0
0.558367836203877   0.145451195026545   0.104822417374803   0.0220389207177773   0
0.463419813142738   0.135247143356976   -0.0949480230611394   -0.0102040516695686   0
0.406321713779377   0.152895334583826   -0.0570980993633609   0.0176481912268494   0
0.387399356467948   0.134714912316714   -0.0189223573114294   -0.0181804222671114   0
0.408293495132019   0.127478634924406   0.0208941386640713   -0.00723627739230817   0
0.52151739787567   0.137680194300279   0.113223902743651   0.0102015593758726   0
0.552693867456741   0.150136858309494   0.0311764695810712   0.0124566640092151   0
0.469377462280093   0.149413263073012   -0.0833164051766486   -0.00072359523648205   0
0.367463740828837   0.117742701868481   -0.101913721451256   -0.0316705612045307   0
0.35255844334232   0.110772123293374   -0.0149052974865166   -0.00697057857510679   0
0.526085758742707   0.149790478423472   0.173527315400387   0.0390183551300974   0
0.567265898254566   0.155982573420022   0.0411801395118591   0.00619209499655027   0
0.448129930212478   0.15376979432243   -0.119135968042089   -0.00221277909759157   0
0.37013294536858   0.114949181239809   -0.0779969848438979   -0.0388206130826211   0
0.390174652268404   0.130556957011835   0.0200417068998243   0.0156077757720253   0
0.535703191522843   0.144448961822662   0.145528539254439   0.0138920048108274   0
0.481916242910207   0.154649437576507   -0.0537869486126358   0.0102004757538453   0
0.36038637041542   0.133813901735778   -0.121529872494788   -0.020835535840729   0
0.428237012197054   0.121111030342833   0.0678506417816347   -0.0127028713929457   0
0.575086033550772   0.152171804394591   0.146849021353718   0.031060774051758   0
0.492335979504809   0.159018371002378   -0.082750054045963   0.00684656660778771   0
0.360774360562934   0.140243499589999   -0.131561618941876   -0.0187748714123794   0
0.322991157642079   0.112299352710779   -0.037783202920855   -0.0279441468792196   0
0.471858276479241   0.131836918088751   0.148867118837163   0.0195375653779716   0
0.562114413467303   0.154027537909671   0.0902561369880617   0.0221906198209197   0
0.421424196491054   0.133150736315247   -0.140690216976249   -0.0208768015944233   0
0.329486706961373   0.103178944065638   -0.09193748952968   -0.0299717922496095   0
0.435469688259803   0.128620133898828   0.105982981298429   0.0254411898331905   0
0.559366946784675   0.14343775622018   0.123897258524872   0.0148176223213516   0
0.461667021165353   0.161530877313666   -0.0976999256193229   0.0180931210934859   0
0.328497594026882   0.125557786042732   -0.133169427138471   -0.0359730912709335   0
0.323172255259173   0.103417841177441   -0.00532533876770885   -0.0221399448652907   0
0.550036660162975   0.149148289392009   0.226864404903802   0.0457304482145677   0
0.550844451729125   0.155863245127852   0.00080779156614974   0.00671495573584321   0
0.397223039142243   0.155402907749252   -0.153621412586882   -0.000460337378600462   0
0.343873601141539   0.128841661948775   -0.0533494380007045   -0.0265612458004766   0
0.544460777790513   0.147838275026505   0.200587176648974   0.0189966130777295   0
0.572593050706171   0.158273891732102   0.0281322729156585   0.0104356167055967   0
0.40887347588649   0.162344721777426   -0.163719574819681   0.00407083004532491   0
0.348864633157691   0.160730151202256   -0.0600088427287993   -0.00161457057517067   0
0.401483390620397   0.136771839148169   0.0526187574627061   -0.0239583120540872   0
0.580818428582642   0.166864432353161   0.179335037962246   0.030092593204992   0
0.574253646549406   0.16839150704801   -0.0065647820332364   0.00152707469484947   0
0.463113294893053   0.181096325598423   -0.111140351656353   0.0127048185504129   0
0.420879692508453   0.171974164111939   -0.0422336023846001   -0.00912216148648431   0
0.460752452170762   0.160349228237151   0.0398727596623086   -0.0116249358747874   0
0.586086495035025   0.160212971329883   0.125334042864263   -0.000136256907267929   0
0.550059542853826   0.172030237631732   -0.0360269521811986   0.0118172663018482   0
0.412747278638018   0.178129652671867   -0.137312264215808   0.00609941504013556   0
0.393102349571711   0.158754340400507   -0.019644929066307   -0.0193753122713602   0
0.571533519710445   0.174789305733217   0.178431170138734   0.0160349653327101   0
0.566281869935847   0.183938713517771   -0.00525164977459791   0.00914940778455367   0
0.441767286233827   0.186433108590588   -0.12451458370202   0.00249439507281743   0
0.375002146342724   0.176428188736948   -0.0667651398911027   -0.0100049198536405   0
0.530688907626681   0.179168485761475   0.155686761283957   0.0027402970245278   0
0.591106702063858   0.185461485653194   0.0604177944371764   0.00629299989171894   0
0.493605270864504   0.198410670805529   -0.0975014311993539   0.0129491851523347   0
0.456785507385457   0.186454410946751   -0.0368197634790465   -0.0119562598587777   0
0.55441272178149   0.176266217198057   0.0976272143960329   -0.0101881937486946   0
0.627344481806136   0.167813817473748   0.0729317600246464   -0.00845239972430842   0
0.478220827612474   0.179274165979067   -0.149123654193662   0.0114603485053185   0
0.404278398771713   0.169524308157414   -0.0739424288407617   -0.00974985782165239   0
0.3983567612438   0.161710550832344   -0.00592163752791253   -0.00781375732507078   0
0.572676315593722   0.161507915179915   0.174319554349922   -0.000202635652428979   0
0.567142549393722   0.182294216915053   -0.00553376620000012   0.0207863017351386   0
0.420652235856283   0.165197432722182   -0.146490313537439   -0.0170967841928708   0
0.365871836497072   0.155231325977555   -0.0547803993592114   -0.00996610674462725   0
0.520521681448765   0.178782154790404   0.154649844951694   0.0235508288128489   0
0.633115368068577   0.169179458312246   0.112593686619812   -0.00960269647815801   0
0.538251099039287   0.190794034752092   -0.0948642690292903   0.021614576439846   0
0.454975191518784   0.18538640590435   -0.083275907520503   -0.00540762884774179   0
0.409014721486623   0.180782581434855   -0.0459604700321611   -0.0046038244694952   0
0.543611321954584   0.195428005913054   0.134596600467961   0.0146454244781985   0
0.594825703372585   0.191588742305622   0.0512143814180009   -0.00383926360743164   0
0.498319600060062   0.201100307170551   -0.0965061033125227   0.00951156486492916   0
0.393704916480087   0.188746000313914   -0.104614683579975   -0.0123543068566371   0
0.390292521292594   0.184858441163096   -0.0034123951874932   -0.00388755915081751   0
0.582113039087332   0.188491462258374   0.191820517794738   0.00363302109527749   0
0.588234208940019   0.193551806379778   0.00612116985268685   0.00506034412140385   0
0.448874254156863   0.192117767730473   -0.139359954783156   -0.00143403864930472   0
0.403438449047993   0.194926023587155   -0.04543580510887   0.00280825585668168   0
0.494456761197802   0.201631904078943   0.0910183121498089   0.00670588049178805   0
0.608904208605623   0.192638522505268   0.114447447407821   -0.00899338157367519   0
0.554147346563394   0.200388088921579   -0.0547568620422291   0.00774956641631103   0
0.445169104158027   0.200573995473616   -0.108978242405367   0.000185906552037041   0
0.384083607650698   0.192817523366064   -0.0610854965073287   -0.00775647210755206   0
0.533575978396742   0.201504934452273   0.149492370746044   0.0086874110862098   0
0.601548411493447   0.190972924558313   0.0679724330967059   -0.0105320098939607   0
0.487416687972416   0.201702278812623   -0.114131723521031   0.01072935425431   0
0.410457870406151   0.203442699599912   -0.0769588175662657   0.00174042078728917   0
0.43219806114874   0.193681250709768   0.0217401907425893   -0.00976144889014394   0
0.586046010284082   0.193586023967447   0.153847949135342   -9.5226742320903e-05   0
0.60162478419062   0.189766006640263   0.0155787739065383   -0.00382001732718359   0
0.440941521260926   0.206454225423579   -0.160683262929694   0.0166882187833156   0
0.392802532865331   0.201620385131316   -0.0481389883955952   -0.00483384029226352   0
0.45993671852032   0.203110614027579   0.0671341856549886   0.00149022889626305   0
0.598828648325579   0.204657264880898   0.138891929805259   0.00154665085331929   0
0.553033596293715   0.205356365613718   -0.0457950520318637   0.000699100732820063   0
0.441844808706292   0.207955314146237   -0.111188787587423   0.00259894853251877   0
0.40494097273578   0.193533746556641   -0.0369038359705119   -0.0144215675895961   0
0.397785167171301   0.196782295677863   -0.00715580556447915   0.00324854912122266   0
0.58042420736265   0.20411962982492   0.182639040191348   0.00733733414705703   0
0.565930743102908   0.209884564019427   -0.0144934642597412   0.00576493419450683   0
0.464267065124245   0.212559231813958   -0.101663677978663   0.00267466779453104   0
0.43114067183235   0.197382985764351   -0.0331263932918952   -0.0151762460496072   0
0.509885235316233   0.19343001147185   0.0787445634838828   -0.00395297429250108   0
0.603993285841192   0.203306747321898   0.0941080505249594   0.00987673585004786   0
0.494555315825884   0.209129192925091   -0.109437970015308   0.00582244560319334   0
0.397028077034343   0.20270590244798   -0.0975272387915412   -0.00642329047711113   0
0.512879384118157   0.204884669749838   0.115851307083814   0.00217876730185754   0
0.60633295136551   0.203067821890348   0.0934535672473531   -0.00181684785948982   0
0.508672134236593   0.209881887134764   -0.0976608171289175   0.00681406524441672   0
0.429546616809969   0.213804867798303   -0.0791255174266239   0.00392298066353897   0
0.413412709731365   0.198391542973737   -0.0161339070786039   -0.0154133248245667   0
0.567074699585478   0.198635578026326   0.153661989854113   0.000244035052588937   0
0.632092672762278   0.205523016781947   0.0650179731767999   0.00688743875562142   0
0.506482547467334   0.214357154200793   -0.125610125294944   0.00883413741884578   0
0.443987861770779   0.220082907012903   -0.062494685696555   0.00572575281210985   0
0.560911799760729   0.209426432274134   0.11692393798995   -0.0106564747387685   0
0.619949280968338   0.202634092165589   0.0590374812076097   -0.00679234010854496   0
0.528042703191825   0.209672921698297   -0.0919065777765132   0.00703882953270735   0
0.444994112595628   0.208454953849147   -0.0830485905961977   -0.00121796784914957   0
0.553586688390798   0.20984192225221   0.10859257579517   0.0013869684030629   0
0.638164934973209   0.204526959904465   0.0845782465824113   -0.00531496234774526   0
0.528719583114868   0.203318953600501   -0.109445351858341   -0.00120800630396406   0
0.411266595625332   0.199561822197715   -0.117452987489537   -0.00375713140278533   0
0.446252725013282   0.200920621671526   0.0349861293879506   0.00135879947381082   0
0.609548601227671   0.212058828518598   0.163295876214389   0.0111382068470716   0
0.531271502748228   0.217514373518677   -0.0782770984794432   0.0054555450000793   0
0.459967872095052   0.215532503889205   -0.0713036306531757   -0.00198186962947236   0
0.53196476346244   0.207842072448801   0.0719968913673885   -0.00769043144040393   0
0.611464166958302   0.20086821605091   0.0794994034958616   -0.0069738563978908   0
0.5335266806997   0.202865381879154   -0.0779374862586015   0.00199716582824422   0
0.425751152245076   0.215441248346852   -0.107775528454624   0.012575866467698   0
0.486563296180055   0.205645010556791   0.060812143934979   -0.00979623779006158   0
0.638195135312085   0.199112183987476   0.15163183913203   -0.00653282656931448   0
0.566379892781877   0.209836427468552   -0.071815242530208   0.0107242434810762   0
0.441905850230852   0.217628923998512   -0.124474042551024   0.00779249652995948   0
0.431300689905592   0.215811720929379   -0.0106051603252598   -0.00181720306913313   0
0.588694720287383   0.208763163079206   0.15739403038179   -0.007048557850173   0
0.591965049985394   0.2239387201924   0.00327032969801111   0.0151755571131943   0
0.459765588964507   0.215255349234345   -0.132199461020887   -0.0086833709580546   0
0.445849081677175   0.216747142845067   -0.0139165072873324   0.00149179361072194   0
0.595883897217914   0.219256465954256   0.15003481554074   0.00250932310918908   0
0.589703747011124   0.207718863610801   -0.00618015020679008   -0.0115376023434555   0
0.464128673026274   0.21893944212784   -0.12557507398485   0.0112205785170395   0
0.422941453466232   0.214484642728215   -0.041187219560042   -0.00445479939962554   0
0.50710156266252   0.226907903847023   0.0841601091962882   0.0124232611188084   0
0.459952795004368   0.222388994472523   -0.0471487676581524   -0.0045189093745   0
0.524842419512752   0.211585144835218   0.0648896245083846   -0.0108038496373058   0
0.618946558529119   0.220474910925331   0.0941041390163665   0.00888976609011316   0
0.531005610834989   0.230720006728632   -0.0879409476941297   0.0102450958033013   0
0.451929803240592   0.227400156086138   -0.0790758075943974   -0.00331985064249385   0
0.516996021122339   0.220773123039241   0.0650662178817473   -0.0066270330468968   0
0.620625326545606   0.21152786165837   0.103629305423267   -0.00924526138087145   0
0.559165301964777   0.217555257721992   -0.061460024580829   0.00602739606362238   0
0.462702181017304   0.231483840336642   -0.0964631209474728   0.0139285826146497   0
0.546378008288373   0.225508978163287   0.0836758272710694   -0.0059748621733548   0
0.635939135572391   0.209720991705635   0.0895611272840175   -0.0157879864576523   0
0.552110083667161   0.216890963003303   -0.0838290519052296   0.00716997129766772   0
0.472166013447781   0.225406227794953   -0.0799440702193805   0.00851526479164982   0
0.559862259286907   0.218728591370104   0.0876962458391263   -0.00667763642484834   0
0.658815452441304   0.205168962900246   0.0989531931543968   -0.0135596284698582   0
0.570279337062329   0.217360669265101   -0.0885361153789745   0.0121917063648547   0
0.438649332098135   0.217819750188659   -0.131630004964194   0.00045908092355873   0
0.528971685384898   0.209941176393794   0.0903223532867634   -0.00787857379486578   0
0.649652193302701   0.208953935349612   0.120680507917803   -0.00098724104418127   0
0.56880624809311   0.21293451362443   -0.0808459452095915   0.00398057827481746   0
0.469363767195733   0.213242050202933   -0.0994424808973768   0.00030753657850266   0
0.474021325199458   0.209218574764175   0.00465755800372503   -0.00402347543875795   0
0.629684546629946   0.224164986425936   0.155663221430488   0.0149464116617613   0
0.615504971957181   0.212074530392832   -0.0141795746727648   -0.0120904560331044   0
0.513410075270451   0.213881039101763   -0.10209489668673   0.00180650870893179   0
0.495153975575931   0.207404290701735   -0.0182560996945195   -0.00647674840002782   0
0.633745504961487   0.204732384572129   0.138591529385556   -0.00267190612960677   0
0.645524749699034   0.202586452062669   0.0117792447375467   -0.00214593250945991   0
0.524323817620447   0.218645842640422   -0.121200932078586   0.0160593905777528   0
0.458193557978722   0.220215137275461   -0.0661302596417258   0.00156929463503913   0
0.590505108482933   0.215623355073778   0.132311550504211   -0.00459178220168277   0
