0.0134780796201647   0   0   0
0.00877744320067211   -0.0207871626983494   -0.00470063641949263   0
0.00446763   -0.00398309600008952   -0.00430981320067211   0
0.00553945   0.0155663446155983   0.00107182   0
0.00673021752074181   0.00228179467986978   0.0011907675207418   0
0.0143302   0.037955899484077   0.00759998247925819   0
0.03765845   0.00823855083744898   0.02332825   0
0.0299566863289316   -0.0368673304985357   -0.00770176367106835   0
0.0144988198546683   0.0296782394591302   -0.0154578664742633   0
0.0162061400769091   0.0124122440195042   0.00170732022224077   0
0.0145082   -0.0303006175390495   -0.00169794007690912   0
0.00863649140957137   0.0202083715320051   -0.00587170859042863   0
0.0356566324275867   -0.0508820928640235   0.0270201410180153   0
0.0607389862039755   0.0268166635544061   0.0250823537763888   0
0.060038   -0.0116634557747047   -0.00070098620397549   0
0.0377546   0.0401997117381118   -0.0222834   0
0.0185780206470576   -0.0212633827183371   -0.0191765793529424   0
0.052611077661508   -0.00631255819886901   0.0340330570144503   0
0.0729039886213367   0.0144892293030454   0.0202929109598288   0
0.0948945   -0.00806123675302031   0.0219905113786632   0
0.079355   -0.0199416195699853   -0.0155395   0
0.0930821727349684   0.0089764039799131   0.0137271727349684   0
0.116008555460459   0.0223566808557629   0.022926382725491   0
0.125834191161365   -0.0234082104620309   0.00982563570090576   0
0.100793734168222   0.0126391662037486   -0.0250404569931431   0
0.0969968744649828   -0.0154932831558412   -0.00379685970323936   0
0.11711164515367   0.0156437215441181   0.0201147706886877   0
0.130222644854879   0.0172889976747748   0.0131109997012088   0
0.125542356130322   -0.0268177553273771   -0.00468028872455761   0
0.11149448358216   -0.0180970346184795   -0.0140478725481618   0
0.127900657018993   0.0432570045147478   0.0164061734368329   0
0.152424015065909   0.00122698422601877   0.0245233580469165   0
0.131979486262519   -0.0319517089958783   -0.0204445288033903   0
0.120702398986031   -0.0133867788131678   -0.0112770872764878   0
0.132705564193227   0.0256825786944743   0.0120031652071956   0
0.141879534375964   0.0138395810584019   0.00917397018273786   0
0.124605752955082   -0.0235995553980204   -0.0172737814208821   0
0.12249880937304   -0.0240817250467474   -0.00210694358204197   0
0.146790132710069   0.0483339712972247   0.0242913233370287   0
0.163447982289559   0.00566154217711586   0.0166578495794902   0
0.169630399520701   -0.0264248153102738   0.00618241723114127   0
0.139706021226812   -0.0209114560092611   -0.0299243782938884   0
0.145965214380603   0.00517497200259275   0.00625919315379128   0
0.157916094479974   0.0486294882764846   0.0119508800993706   0
0.150298388231353   -0.0363135569546444   -0.00761770624862107   0
0.118095672827606   -0.00308874291721343   -0.0322027154037468   0
0.110755374740518   -0.0122550275609546   -0.0073402980870885   0
0.152589533895544   0.0527727189358796   0.0418341591550264   0
0.151363854764345   0.00978106832089697   -0.00122567913119906   0
0.154176287388252   -0.0415938546363002   0.0028124326239074   0
0.130452778726519   -0.00655753590250194   -0.0237235086617339   0
0.143827278644955   -0.0119024729388951   0.0133744999184367   0
0.163462901607559   0.0378362156689659   0.0196356229626037   0
0.165904983887226   -0.00412562478865626   0.00244208227966677   0
0.162532192681373   -0.0245525814606572   -0.00337279120585288   0
0.151358825313202   -0.0195667062291613   -0.0111733673681705   0
0.152435118379148   0.0115055867459285   0.00107629306594578   0
0.170942753715457   0.049377082325655   0.0185076353363093   0
0.174879587333035   -0.0263741268836546   0.00393683361757727   0
0.158641825319229   -0.033785793650367   -0.0162377620138052   0
0.165848624954938   0.022082612385355   0.00720679963570867   0
0.177062400479677   0.0278748608981933   0.0112137755247388   0
0.164059904497831   -0.0283903901896334   -0.0130024959818461   0
0.150385980006045   -0.0218576961621987   -0.0136739244917861   0
0.153513681598036   0.0238349004440186   0.00312770159199097   0
0.163628738402929   0.0196097123529642   0.0101150568048933   0
0.177777669022554   -0.00960805826608031   0.0141489306196248   0
0.162606205623963   -0.0257347756728753   -0.015171463398591   0
0.182826164664805   0.041954799346176   0.0202199590408424   0
0.208186618090705   0.00704803604112218   0.0253604534258996   0
0.196505217865303   -0.0291935514704165   -0.0116814002254023   0
0.198523860435371   -0.011018034301029   0.00201864257006809   0
0.212015022156474   0.0378613750672996   0.013491161721103   0
0.204320029727631   -0.0290763298126483   -0.00769499242884267   0
0.167542191278764   -0.00710941508349016   -0.0367778384488668   0
0.178710068949054   0.00215405983380873   0.0111678776702898   0
0.198695134393856   0.0487994100555361   0.019985065444802   0
0.22553322754816   0.0156697546021515   0.0268380931543038   0
0.230874763727846   -0.0229002947763047   0.00534153617968666   0
0.247980254586353   -0.00891792639574675   0.0171054908585067   0
0.234658303505853   -0.01684310741763   -0.0133219510805001   0
0.205708815340402   0.0155160419432156   -0.0289494881654507   0
0.184779390197332   -0.013855449713827   -0.0209294251430707   0
0.206693934109804   0.000630893793728576   0.0219145439124727   0
0.213708099757735   0.0640046248870545   0.0070141656479312   0
0.256872240107651   0.014039169705302   0.0431641403499151   0
0.260833185550344   -0.0485910239486046   0.00396094544269299   0
0.250397573588733   -0.0287316672449944   -0.0104356119616105   0
0.269010419856815   0.0217121332857914   0.0186128462680821   0
0.282463627082873   -0.00911058878892483   0.0134532072260581   0
0.264770981293787   -0.0210994482660123   -0.0176926457890861   0
0.243823208425331   0.0176935494013598   -0.0209477728684558   0
0.229569043987784   -0.000229886168902585   -0.0142541644375476   0
0.232767238256815   -0.0067961572996784   0.00319819426903145   0
0.236462634514265   0.0427839246717316   0.00369539625744983   0
0.248676647870168   0.0527453065703125   0.0122140133559029   0
0.263962452429209   -0.0155301154153517   0.0152858045590412   0
0.27513777149064   -0.0328423370369649   0.011175319061431   0
0.284750897590754   -0.0382370354204017   0.00961312610011367   0
0.288264289348872   -0.0150973604469977   0.00351339175811777   0
0.266674214121331   0.029363640190685   -0.0215900752275406   0
0.28179667040785   -0.0132021306553584   0.0151224562865193   0
0.321148762550414   0.022505967290062   0.0393520921425642   0
0.329486542672262   0.00527602124482882   0.00833778012184705   0
0.303386177478033   -0.0252137126675405   -0.0261003651942286   0
0.281353400857467   -0.0137694155657062   -0.0220327766205659   0
0.276343463477693   0.0272796236303738   -0.00500993737977407   0
0.324579719465419   0.0436992896956345   0.048236255987726   0
0.357187904828838   0.00367820940158162   0.0326081853634191   0
0.386071334678441   -0.0157359620698138   0.0288834298496025   0
0.357686414755229   -0.0589972225504753   -0.0283849199232111   0
0.330384128624413   -0.000103683274353832   -0.0273022861308167   0
0.301245752249438   -0.00200129682275042   -0.0291383763749743   0
0.28757296785736   -0.00220984569586619   -0.0136727843920788   0
0.296512010022883   0.0139362656717528   0.00893904216552294   0
0.344890335075441   0.0613297385490617   0.0483783250525584   0
0.391468459171068   0.0273002136017731   0.0465781240956268   0
0.399104605306209   -0.0315591980378531   0.00763614613514141   0
0.356628769749792   -0.0711525101471144   -0.0424758355564175   0
0.335038292280946   -0.00231171082399066   -0.021590477468846   0
0.335741061508765   0.00201105938430919   0.000702769227819477   0
0.353892306823011   0.0258863796667112   0.0181512453142462   0
0.400053781624962   0.0159260334825938   0.0461614748019501   0
0.458085868753177   0.00943957908015382   0.0580320871282149   0
0.442039621525291   -0.028762007230131   -0.0160462472278856   0
0.421043645502723   -0.0145380289326611   -0.0209959760225682   0
0.442573718209998   0.0400537350040547   0.0215300727072749   0
0.474882913200601   0.00226114641209089   0.0323091949906038   0
0.44468396826134   -0.0370703385197091   -0.0301989449392615   0
0.407047781913196   -0.00332449359207819   -0.0376361863481444   0
0.424535968611262   0.0316337183505926   0.0174881866980664   0
0.491975444188518   0.0701541920097831   0.0674394755772564   0
0.478198356939484   -0.0373118255705555   -0.0137770872490341   0
0.445802475011706   -0.0542600774962191   -0.0323958819277786   0
0.424845530496379   -0.00155238125805385   -0.0209569445153264   0
0.421422254336918   0.00491968848170767   -0.00342327615946131   0
0.454709662025619   0.0349225841568278   0.0332874076887006   0
0.48994418125461   0.00947360990584535   0.0352345192289913   0
0.529144508218901   0.0117018741769376   0.0392003269642911   0
0.542110922452428   -0.0222349630069662   0.0129664142335271   0
0.531737927666947   -0.0129725808839612   -0.0103729947854806   0
0.561273114505764   0.0250661675986302   0.0295351868388162   0
0.590865445062852   -0.0057086815929997   0.0295923305570887   0
0.602146368721128   -0.0245275072574884   0.0112809236582755   0
0.5990820901896   0.00315924686597922   -0.0030642785315278   0
0.653221976903908   0.0457812820886658   0.0541398867143082   0
0.632880928698102   -0.015409844050569   -0.0203410482058058   0
0.603976215699964   -0.0215300379007832   -0.028904712998138   0
0.564610448147437   -0.0150159058604711   -0.0393657675525272   0
0.563765666594065   0.0224013813255841   -0.000844781553372642   0
0.598869931999428   0.0348521309228896   0.0351042654053638   0
0.632823640336921   0.0152914902737259   0.0339537083374924   0
0.633169764666831   -0.0505814949824482   0.000346124329910102   0
0.604488710900584   -0.00729809358592481   -0.0286810537662467   0
0.616784520367729   0.0268793440203189   0.0122958094671453   0
0.65098153543361   0.00201220247015108   0.0341970150658805   0
0.641940206262624   -0.0284428382204799   -0.0090413291709861   0
0.600020740283209   0.00023207905653648   -0.041919465979415   0
0.607047573934902   0.0169439146259171   0.00702683365169299   0
0.644850385056875   0.0392987580763084   0.0378028111219734   0
0.64479320792406   -0.0272705362975311   -5.71771328152781e-05   0
0.636975844993552   -0.0201548591069969   -0.00781736293050761   0
0.68436644519402   0.0306891827881964   0.0473906002004681   0
0.702019812435696   -0.014388525572463   0.0176533672416755   0
0.720521451709108   -0.00888233223689057   0.0185016392734116   0
0.687044822872024   -0.0242303418063587   -0.0334766288370841   0
0.692220085912891   0.0140251064926453   0.00517526304086735   0
0.727965657679159   0.028533595688647   0.0357455717662679   0
0.724589844759951   -0.0195100807915025   -0.00337581291920763   0
0.692457086015083   -0.0132457630450688   -0.0321327587448681   0
0.706387418912066   0.0325697988121781   0.0139303328969828   0
0.737450571395975   0.00990355861815764   0.0310631524839092   0
0.720372610840564   -0.0394722738277645   -0.0170779605554114   0
0.703433871750039   0.000784533202396479   -0.0169387390905248   0
0.695890858742411   0.0231046462138075   -0.00754301300762794   0
0.746307280373172   0.0382440032047154   0.050416421630761   0
0.780386770342117   -0.0188506248277202   0.0340794899689451   0
0.746640414585227   -0.0437913436553417   -0.0337463557568898   0
0.703881742949943   0.00872278071493868   -0.0427586716352839   0
0.694344648461591   -0.00321889239657286   -0.00953709448835249   0
0.738440132034074   0.0472376842041746   0.0440954835724829   0
0.764893796506744   -0.00716363946634085   0.0264536644726701   0
0.759783808917708   -0.0221875541649636   -0.00510998758903591   0
0.762956810616433   -0.0158346488812256   0.00317300169872547   0
0.794298543219425   0.039778039404574   0.0313417326029913   0
0.830354152069013   0.00705825913797092   0.0360556088495884   0
0.86855879749675   -0.0156690969443247   0.0382046454277367   0
0.828381978994292   -0.0268356686657385   -0.0401768185024576   0
0.84128451350539   0.0221939026297319   0.0129025345110975   0
0.882772610057228   0.0156169130948231   0.0414880965518382   0
0.894957595638614   -0.0219196943133573   0.0121849855813866   0
0.81820903845136   -0.00708413097443888   -0.0767485571872539   0
0.754640586867351   -0.0233962658082778   -0.0635684515840094   0
0.736330096500544   -0.00569867001395936   -0.018310490366807   0
0.778472179491502   0.057883703979617   0.0421420829909585   0
0.820326950319353   0.0190120779054515   0.0418547708278504   0
0.839390055406454   -0.0197276838846156   0.0190631050871011   0
0.862959075742442   -0.0190589820810174   0.0235690203359881   0
0.873320653249424   0.00359763065762173   0.0103615775069815   0
0.846849375067373   0.0131761787616198   -0.0264712781820505   0
0.79396561330545   -0.0194384935434221   -0.0528837617619226   0
0.820834247011691   -0.0132855667135987   0.0268686337062407   0
0.791635226034694   0.000860969588605903   -0.0291990209769976   0
0.801735614393704   -0.00546172825437867   0.0101003883590104   0
0.817427578565374   0.0174898571454683   0.0156919641716697   0
0.887750732204852   0.0562506844619023   0.0703231536394778   0
0.937691643713566   0.00335676577846408   0.0499409115087147   0
0.994912850874512   -0.0251579433722923   0.0572212071609461   0
1.03447090674412   -0.0305011647183758   0.0395580558696067   0
0.981072732200447   -0.00211227825146046   -0.0533981745436721   0
0.974916168185373   0.0228300981711197   -0.00615656401507436   0
1.0432467086199   -0.0152864004082418   0.0683305404345254   0
1.06426852172478   0.0158744072512641   0.0210218131048829   0
1.05654270038011   0.00199967180263649   -0.00772582134466848   0
1.07704760625111   0.0186190505519254   0.0205049058709994   0
1.06389251541544   -0.0231594558780974   -0.0131550908356681   0
1.02347545253965   -0.018612786642548   -0.0404170628757894   0
1.06667717553578   0.0526570646486475   0.0432017229961306   0
1.09398033487227   0.00360166036537851   0.0273031593364876   0
1.07039767419789   -0.0546501318209083   -0.0235826606743834   0
1.01269293146602   -0.0210830852833125   -0.0577047427318647   0
0.995670937610037   0.0146877666908548   -0.0170219938559876   0
0.948448015553963   -0.00815063259183665   -0.0472229220560743   0
0.966035264034523   0.00636306644046608   0.01758724848056   0
1.00694130088663   0.0434689770811262   0.040906036852103   0
1.03071746295057   0.00651562910108938   0.0237761620639396   0
1.06532078566153   0.000457404777229442   0.0346033227109648   0
1.05866775546592   -0.0228359581653289   -0.00665303019560981   0
1.04993712498952   0.00453922859868605   -0.00873063047640454   0
1.05563477979946   -0.00246415438060968   0.00569765480994233   0
1.06372258872426   -0.00597222451162818   0.00808780892480598   0
1.00626701368138   0.00226283785824727   -0.0574555750428802   0
0.983317543785958   -0.00630195505793876   -0.0229494698954253   0
0.965425901867409   -0.0174518919197634   -0.0178916419185494   0
0.967897009684915   0.0116328115777192   0.00247110781750581   0
0.979722643667712   0.0218100805535031   0.0118256339827967   0
1.00742888600251   0.0299895137482892   0.0277062423347942   0
1.05094124024717   0.00247598340766675   0.0435123542446596   0
1.07856246045211   -0.0288909200868333   0.0276212202049402   0
1.10765277054048   -0.015292116248343   0.0290903100883739   0
1.13385921572797   0.015425779188433   0.0262064451874917   0
1.15336175261765   -0.00811899905159819   0.0195025368896755   0
1.15768363668707   -0.00874436141696916   0.00432188406942347   0
1.15475801057852   0.0219349666765131   -0.00292562610855507   0
1.15539327172613   -0.00400440175042951   0.000635261147610366   0
1.07951532287064   -0.021350154993439   -0.0758779488554866   0
1.0585791178091   0.00308251954599062   -0.0209362050615354   0
1.02985307428645   0.0126880841313006   -0.0287260435226546   0
1.04771892559992   0.0214784770112969   0.0178658513134708   0
1.10868999047637   0.0366545386882668   0.0609710648764532   0
1.14043624153709   0.00171697957005995   0.0317462510607196   0
1.20233727020177   -0.0199181644369462   0.0619010286646802   0
1.21539473934706   -0.0380588951280359   0.0130574691452841   0
1.14344447931513   -0.00901277596882852   -0.0719502600319262   0
1.14363445995147   -0.00233029916164254   0.000189980636343678   0
1.16983059644463   0.00926602215900924   0.0261961364931562   0
1.17515564895421   0.0608730637643213   0.00532505250958359   0
1.20956187210752   0.0131736670688581   0.0344062231533064   0
1.15668954409481   -0.0633714157409759   -0.0528723280127146   0
1.07280571307821   -0.0315507315334554   -0.0838838310165946   0
1.07875616661714   0.0389432651613551   0.00595045353892543   0
1.13096186792239   0.0444931749662961   0.0522057013052526   0
1.16957815240731   -0.0119332003186126   0.038616284484922   0
1.14269770114453   -0.0354112321185245   -0.0268804512627787   0
1.1212661918822   -0.0201180139682525   -0.0214315092623374   0
1.13426960595409   0.0340670256534573   0.013003414071896   0
1.14179914973388   0.011540694930283   0.00752954377978376   0
1.16087947090256   -0.00956121623683515   0.0190803211686816   0
1.10233796151067   -0.0425119548231761   -0.0585415093918864   0
1.08559371007781   0.00358146368397574   -0.0167442514328624   0
1.12965830724959   0.03523350670977   0.0440645971717781   0
1.14623070489071   0.0425557512344753   0.0165723976411223   0
1.11867051374578   -0.0131816270105212   -0.027560191144927   0
1.1010126785797   -0.0484317427192814   -0.0176578351660792   0
1.08334264879008   -0.00513200330317828   -0.0176700297896251   0
1.11278736729799   0.0258393915030717   0.029444718507917   0
1.11720571976572   0.00801551076351059   0.00441835246773037   0
1.14039365431482   0.00649745255172715   0.0231879345490915   0
1.14270709299737   -0.0139646707689951   0.00231343868255407   0
1.14616007783784   -0.0178608925021974   0.00345298484047274   0
1.1194097326329   -0.0137340888028376   -0.0267503452049476   0
1.13570426047475   0.0275117624081496   0.0162945278418551   0
1.17676346064215   0.0449523083262358   0.0410592001674046   0
1.18926719787155   -0.00889119808846456   0.0125037372293955   0
1.14450515755118   -0.0338551874185992   -0.0447620403203708   0
1.16127507231017   0.00542033417392501   0.0167699147589946   0
1.20579983086954   0.0626728849724912   0.0445247585593611   0
1.21378462307137   -0.0172445546843312   0.00798479220183146   0
1.20891624079855   -0.0239836847861079   -0.00486838227281594   0
1.18549445833943   -0.0155926170284414   -0.0234217824591201   0
1.19963568173383   0.0388213930835431   0.0141412233944032   0
1.21083615194067   0.0131584753078992   0.0112004702068405   0
1.24271731351905   -0.00844134551628645   0.0318811615783738   0
1.18745997725608   -0.0300125258913522   -0.0552573362629722   0
1.14907149190727   -0.00675138243008408   -0.0383884853488057   0
1.1337239177657   0.00292253558804839   -0.0153475741415736   0
1.18577203227602   0.0643195249160305   0.0520481145103222   0
1.20857140999456   0.0425228462453252   0.022799377718546   0
1.23681985111252   -0.0130286460780599   0.0282484411179567   0
1.25459527059745   -0.0464210988461504   0.0177754194849331   0
1.24588703354768   -0.02036599104228   -0.00870823704976975   0
1.21490163936222   -0.00908218754770132   -0.0309853941854688   0
1.24936614694902   0.0352450008935732   0.034464507586808   0
1.28610062207823   0.00120276422478599   0.036734475129202   0
1.28694684791263   -0.00823646269654804   0.000846225834402414   0
1.25142203811224   -0.0203664493353048   -0.0355248098003855   0
1.22339302389093   -0.0214233356046181   -0.0280290142213107   0
1.20404365472561   0.0163950638300439   -0.0193493691653239   0
1.25904215511684   0.0486481062796926   0.054998500391229   0
1.3196374728415   0.0319972686878081   0.0605953177246623   0
1.37080387335908   -0.0150664512583855   0.051166400517578   0
1.3397576463846   -0.056843806707303   -0.0310462269744787   0
1.36807653121253   -0.00442871479756182   0.0283188848279277   0
1.37734782544434   0.0322691518230866   0.0092712942318125   0
1.33996862581666   -0.0410832678550957   -0.0373791996276747   0
1.31829335855311   0.0285896457821301   -0.0216752672635503   0
1.35147775743351   0.0615261996165309   0.0331843988803922   0
1.374962606904   0.00889684254061535   0.0234848494704958   0
1.35466997209625   -0.0361478890846618   -0.0202926348077537   0
1.34106549547785   -0.0207512623334624   -0.0136044766183989   0
1.36523951453234   0.0474652455858753   0.0241740190544906   0
1.38877716377979   -0.00687201015406164   0.0235376492474544   0
1.3797225452986   -0.0178962405544451   -0.00905461848119349   0
1.35934245781747   -0.0179806073271012   -0.0203800874811275   0
1.36326621715515   0.0231712318881883   0.00392375933767197   0
1.37440100376946   -0.0240848627839407   0.0111347866143148   0
1.34862752234689   -0.0228512547123138   -0.0257734814225743   0
1.30256507207778   0.00220273175733426   -0.0460624502691029   0
1.34146347201275   0.0706922709397086   0.0388983999349661   0
1.36702879741147   0.00149327587479509   0.0255653253987209   0
1.38985664413727   -0.00996480987541004   0.0228278467257952   0
1.36788520971325   -0.0397271514171447   -0.0219714344240198   0
1.33002484336985   0.00259709869948027   -0.0378603663433932   0
1.33028166616219   -0.000967960557254066   0.000256822792336742   0
1.39178827723625   0.0354358734176969   0.0615066110740614   0
1.40271179311798   0.0151086639660934   0.0109235158817267   0
1.42622940880535   -0.0365063638277927   0.0235176156873698   0
1.38050467954124   -0.0283189005762572   -0.0457247292641112   0
1.35277184931615   -0.00806691119027847   -0.0277328302250808   0
1.37496907693591   -0.0217927971651795   0.0221972276197591   0
1.37027506525378   0.0635480683410725   -0.00469401168213435   0
1.42062685981444   0.0429081619532292   0.0503517945606649   0
1.46218955111307   -0.0122836003040954   0.0415626912986287   0
1.49375452786469   0.00533315571912041   0.0315649767516126   0
1.51906514717383   -0.0232265625371836   0.0253106193091444   0
1.49199353655914   -0.0444590919597139   -0.02707161061469   0
1.46212328758214   -0.00636167005552074   -0.029870248977002   0
1.45128778072381   0.00576518906782442   -0.0108355068583252   0
1.46874266959618   -0.00440298933771982   0.0174548888723627   0
1.47023762676871   0.0537131258577638   0.00149495717253822   0
1.52374999813995   0.0418125232385778   0.0535123713712373   0
1.56316478136064   -0.00947345491402302   0.0394147832206868   0
1.54608451568292   -0.039994903960383   -0.0170802656777143   0
1.49506255772543   -0.0435501229525633   -0.0510219579574953   0
1.4907149067076   0.00230854809641778   -0.00434765101782797   0
1.50498631737734   0.00340250207057058   0.014271410669737   0
1.47717649373162   4.61288416725991e-05   -0.0278098236457152   0
1.49580849660677   0.0132063320536008   0.0186320028751457   0
1.56645408573033   0.0435673742737397   0.0706455891235638   0
1.59501681989407   0.00163763823267365   0.0285627341637404   0
1.55798250188417   0.0104419528500193   -0.0370343180099046   0
1.54649508361981   -0.0320474421032232   -0.0114874182643556   0
1.4859609997298   -0.0561483066781289   -0.0605340838900073   0
1.43450025203414   0.011380559946532   -0.0514607476956686   0
1.44418361590943   0.0286380074760227   0.00968336387529867   0
1.49196978796698   0.0343557493885797   0.0477861720575499   0
1.51080784789504   -0.00762624986835758   0.018838059928058   0
1.50438927985877   -0.0122645137190774   -0.00641856803626872   0
1.46755934113667   -0.0245830011370312   -0.0368299387221032   0
1.47930637754844   0.000716117438096187   0.0117470364117735   0
1.51894820437013   0.0318313069349435   0.0396418268216885   0
1.54668969413664   0.0156084545450212   0.0277414897665094   0
1.58094937779843   -0.00950443823610986   0.0342596836617899   0
1.55049469903576   -0.0384673613097137   -0.0304546787626696   0
1.56491876951593   0.0036936939517867   0.0144240704801668   0
