0.0156052367078214   0.0214874192388157   0   0   0
0.0138231002710581   0.00469742   -0.00178213643676334   -0.0167899992388157   0
0.0451078086970836   0.0312037094574507   0.0312847084260255   0.0265062894574507   0
0.0577911704594223   0.0244574218727159   0.0126833617623387   -0.00674628758473487   0
0.0266993897628766   0.0423793065224645   -0.0310917806965457   0.0179218846497486   0
0.0587630115988153   0.0331602764635641   0.0320636218359387   -0.00921903005890042   0
0.0762862680200703   0.0362653274425104   0.017523256421255   0.00310505097894637   0
0.117303976459517   0.0311344247348494   0.0410177084394466   -0.00513090270766106   0
0.181632916390009   0.0326981860914715   0.0643289399304921   0.00156376135662213   0
0.0554368523430939   0.0313878039620885   -0.126196064046915   -0.00131038212938298   0
0.128554973115782   0.0333984494781569   0.0731181207726877   0.00201064551606839   0
0.140270557886665   0.0334588685531206   0.0117155847708829   6.04190749636385e-05   0
0.0745903467964783   0.0432525621017125   -0.0656802110901862   0.00979369354859199   0
0.0111818535796262   0.0403927744247037   -0.0634084932168521   -0.00285978767700881   0
0.124591184997575   0.031983150370234   0.113409331417949   -0.00840962405446972   0
0.243338375180981   0.0490497206393291   0.118747190183406   0.0170665702690951   0
0.12502193518727   0.0535974775854694   -0.118316439993711   0.00454775694614037   0
0.0549122385060016   0.0299693524231839   -0.0701096966812687   -0.0236281251622855   0
0.0725195679811105   0.0206398541514372   0.0176073294751089   -0.00932949827174671   0
0.0447762592589968   0.0166296356190304   -0.0277433087221136   -0.0040102185324068   0
0.0258545482412457   0.00758490617152291   -0.0189217110177512   -0.0090447294475075   0
0.0914950244349932   0.0122522338302297   0.0656404761937475   0.00466732765870679   0
0.146722984313774   0.0278705991774935   0.0552279598787809   0.0156183653472638   0
0.0212634657910793   0.0221738359381527   -0.125459518522695   -0.00569676323934082   0
0.0368208592895943   0.0300265083120732   0.0155573934985149   0.00785267237392053   0
0.00746458076733717   0.0117653512204736   -0.0293562785222571   -0.0182611570915996   0
0.0813539279401192   0.0215068926131833   0.073889347172782   0.00974154139270972   0
0.163918226981849   0.0258109701798383   0.0825642990417296   0.00430407756665492   0
0.0204518730727872   0.011750012970896   -0.143466353909062   -0.0140609572089422   0
0.0636765033244768   0.0182934946579898   0.0432246302516895   0.00654348168709373   0
0.0219264724374351   0.0111074268202282   -0.0417500308870417   -0.00718606783776155   0
0.0264961454547713   0.00670154178491786   0.00456967301733626   -0.00440588503531036   0
0.112964442272567   0.00258977666761538   0.0864682968177955   -0.00411176511730248   0
0.159268189335386   0.00598598979610098   0.0463037470628196   0.0033962131284856   0
0.0146315959115368   0.0126583093367203   -0.14463659342385   0.00667231954061931   0
0.0424066554665939   0.0346056833649474   0.0277750595550571   0.0219473740282272   0
0.0124738906777036   0.00807045243682162   -0.0299327647888904   -0.0265352309281258   0
0.059289041763804   0.0166123876708858   0.0468151510861005   0.00854193523406423   0
0.0928204421464329   0.0197177574986356   0.0335314003826289   0.00310536982774975   0
0.0349345055218719   0.0151837569145255   -0.057885936624561   -0.00453400058411012   0
0.010752031057775   0.0122369460787813   -0.024182474464097   -0.00294681083574421   0
0.0556168292629129   0.00842071520223787   0.0448647982051379   -0.00381623087654339   0
0.0975199370231544   0.0130373454393878   0.0419031077602415   0.0046166302371499   0
0.0213747738189203   0.0163071003960698   -0.0761451632042341   0.00326975495668204   0
0.0143390439992909   0.0062808336641106   -0.0070357298196294   -0.0100262667319592   0
0.118759213733988   0.0191252473908836   0.104420169734697   0.012844413726773   0
0.0551014037503302   0.0123233275045703   -0.0636578099836576   -0.00680191988631326   0
0.0315810525657537   0.0235303491271379   -0.0235203511845764   0.0112070216225676   0
0.0456586288197532   0.0126989134208807   0.0140775762539995   -0.0108314357062572   0
0.143075295586389   0.0347352619979668   0.0974166667666355   0.0220363485770861   0
0.0186603739991995   0.0101249923752329   -0.124414921587189   -0.0246102696227339   0
0.0542462837190715   0.0154759932330497   0.035585909719872   0.00535100085781677   0
0.0750307660614631   0.0236362952606791   0.0207844823423916   0.00816030202762937   0
0.105471792732275   0.0177747464887027   0.030441026670812   -0.00586154877197637   0
0.0424155703625744   0.0145030049536441   -0.0630562223697007   -0.00327174153505861   0
0.0591428745359481   0.0174526239477048   0.0167273041733737   0.00294961899406073   0
0.13428338669385   0.0183161882803908   0.0751405121579017   0.000863564332685966   0
0.0373573942646156   0.0166968676024876   -0.0969259924292342   -0.00161932067790319   0
0.0418567463482591   0.0271805523643744   0.00449935208364345   0.0104836847618868   0
0.0813155414880821   0.0222733059995031   0.039458795139823   -0.00490724636487134   0
0.166845228215014   0.0513586631465909   0.0855296867269316   0.0290853571470879   0
0.0519028385107212   0.037152267351334   -0.114942389704293   -0.0142063957952569   0
0.0920766259519298   0.0151625877185064   0.0401737874412087   -0.0219896796328277   0
0.0521146155295684   0.0264771987787252   -0.0399620104223615   0.0113146110602188   0
0.012843742340315   0.022828454097354   -0.0392708731892533   -0.00364874468137112   0
0.0914779540542419   0.0245427608031518   0.0786342117139269   0.00171430670579778   0
0.19990791888382   0.0364640491982857   0.108429964829578   0.0119212883951339   0
0.0492939199400788   0.0188447079252373   -0.150613998943741   -0.0176193412730484   0
0.0399954844608738   0.0147458660304475   -0.00929843547920499   -0.00409884189478974   0
0.0407755245299187   0.0196353559800994   0.000780040069044849   0.00488948994965188   0
0.11409283456598   0.0452200802586086   0.073317310036061   0.0255847242785092   0
0.12569089733867   0.0540985957974188   0.01159806277269   0.00887851553881025   0
0.0461648712497908   0.0138012103105316   -0.0795260260888789   -0.0402973854868872   0
0.0493043868488535   0.0223193983497926   0.00313951559906274   0.00851818803926096   0
0.041399446718042   0.0325968807266773   -0.00790494013081152   0.0102774823768847   0
0.098777758378797   0.0298804322135194   0.057378311660755   -0.00271644851315793   0
0.174284197538532   0.0522099084834718   0.0755064391597349   0.0223294762699524   0
0.0692853770795108   0.0279151818205166   -0.104998820459021   -0.0242947266629552   0
0.0391295226474129   0.0227404545965934   -0.0301558544320979   -0.00517472722392321   0
0.0465246741935244   0.0308057232469751   0.00739515154611153   0.00806526865038177   0
0.073730349114777   0.0269170599729841   0.0272056749212526   -0.00388866327399101   0
0.168852053321362   0.0546055287155522   0.0951217042065848   0.0276884687425681   0
0.0946867316613051   0.0496835453511774   -0.0741653216600567   -0.00492198336437486   0
0.0583281232052772   0.0173194867915103   -0.0363586084560279   -0.0323640585596671   0
0.0583551003361317   0.0131093885164183   2.69771308544983e-05   -0.00421009827509201   0
0.0220375472982022   0.0160470970257622   -0.0363175530379295   0.00293770850934387   0
0.0589029532561823   0.0259012209953402   0.0368654059579801   0.00985412396957799   0
0.18421959451231   0.0480529177069666   0.125316641256128   0.0221516967116264   0
0.101167163344882   0.0508174818409964   -0.0830524311674284   0.00276456413402985   0
0.0278233889252999   0.0111447607365176   -0.0733437744195819   -0.0396727211044788   0
0.0490852586613344   0.0285307973895618   0.0212618697360345   0.0173860366530441   0
0.0728260255857067   0.0525544345821237   0.0237407669243723   0.024023637192562   0
0.147711641986845   0.0789868543885152   0.0748856164011388   0.0264324198063914   0
0.0592512887956034   0.0468024306085165   -0.088460353191242   -0.0321844237799987   0
0.032102353384263   0.00817140485867944   -0.0271489354113405   -0.038631025749837   0
0.0465454194736711   0.0365845869806771   0.0144430660894081   0.0284131821219976   0
0.154673137278391   0.070193280530404   0.10812771780472   0.033608693549727   0
0.149697479721236   0.0825087624696917   -0.00497565755715459   0.0123154819392876   0
0.0413210924213046   0.0362107519849077   -0.108376387299932   -0.0462980104847839   0
0.0440615366686229   0.0134729682292628   0.00274044424731825   -0.0227377837556449   0
0.0332942499664372   0.0235927359765188   -0.0107672867021857   0.010119767747256   0
0.0768442411180565   0.0375760995784222   0.0435499911516193   0.0139833636019034   0
0.172088893447456   0.0605394162365159   0.0952446523293999   0.0229633166580937   0
0.0656628865982908   0.0326824877924941   -0.106426006849166   -0.0278569284440218   0
0.0779924449954609   0.022603719504597   0.0123295583971701   -0.0100787682878971   0
0.124140008254108   0.0449794319481138   0.0461475632586471   0.0223757124435168   0
0.174363112232863   0.0665890823999137   0.0502231039787551   0.0216096504517999   0
0.0494525360313301   0.0414965160799675   -0.124910576201533   -0.0250925663199463   0
0.0790778062511221   0.0257060702286444   0.029625270219792   -0.015790445851323   0
0.0488562257260792   0.0381889252599821   -0.0302215805250429   0.0124828550313377   0
0.105808010062896   0.061361373586728   0.0569517843368173   0.0231724483267459   0
0.106615959778262   0.0529459923106792   0.00080794971536563   -0.00841538127604882   0
0.0668798454836732   0.037722882448058   -0.0397361142945889   -0.0152231098626212   0
0.0890339348232459   0.0538193546911564   0.0221540893395727   0.0160964722430984   0
0.125163285510169   0.0714191800921503   0.0361293506869228   0.0175998254009939   0
0.216182720451034   0.0791866663716815   0.0910194349408655   0.00776748627953121   0
0.0982025222002979   0.063080161214561   -0.117980198250736   -0.0161065051571206   0
0.0576579702375907   0.0388162608935353   -0.0405445519627071   -0.0242639003210256   0
0.0498800522230921   0.0438822577910267   -0.00777791801449861   0.00506599689749138   0
0.0948872109143271   0.0696001992069887   0.045007158691235   0.025717941415962   0
0.1788921997951   0.0812824122329671   0.0840049888807729   0.0116822130259784   0
0.0577535413017245   0.0567099254908918   -0.121138658493376   -0.0245724867420753   0
0.0567148839483297   0.0350538185263032   -0.00103865735339485   -0.0216561069645886   0
0.0656529110360394   0.0516388492183211   0.0089380270877097   0.0165850306920178   0
0.150627593205395   0.0723070552008067   0.0849746821693558   0.0206682059824856   0
0.221907939474323   0.0937230335721173   0.0712803462689283   0.0214159783713107   0
0.0580717946940681   0.0600026342307588   -0.163836144780255   -0.0337203993413585   0
0.0561794708746566   0.0332606688039327   -0.00189232381941158   -0.0267419654268261   0
0.0531137914460115   0.0395664492385345   -0.00306567942864509   0.0063057804346018   0
0.0884462604942685   0.0702649610990814   0.0353324690482571   0.030698511860547   0
0.210091170551882   0.10997739538814   0.121644910057614   0.0397124342890583   0
0.165798794440611   0.0892218515341113   -0.044292376111271   -0.0207555438540285   0
0.0390558987806656   0.0387117658169038   -0.126742895659945   -0.0505100857172075   0
0.127219143481035   0.0502591193322985   0.0881632447003691   0.0115473535153947   0
0.0939686177918458   0.0520482688063205   -0.0332505256891889   0.00178914947402201   0
0.0367943126313307   0.0287116494540979   -0.0571743051605151   -0.0233366193522226   0
0.0721011856085072   0.0276990367125808   0.0353068729771765   -0.00101261274151708   0
0.182336892734472   0.0414236857368463   0.110235707125965   0.0137246490242654   0
0.276888464888143   0.084958142433333   0.0945515721536712   0.0435344566964868   0
0.109191398746732   0.0777300554072394   -0.167697066141411   -0.00722808702609366   0
0.0590160696421746   0.0465036814824547   -0.0501753291045578   -0.0312263739247847   0
0.0857927201982779   0.038249875026103   0.0267766505561033   -0.00825380645635167   0
0.0487114173624624   0.0335407162222648   -0.0370813028358155   -0.00470915880383818   0
0.0276761423947341   0.0480215309217076   -0.0210352749677282   0.0144808146994428   0
0.105771414016973   0.083961712172707   0.0780952716222393   0.0359401812509994   0
0.230035865814929   0.104600254265525   0.124264451797956   0.0206385420928181   0
0.256813606034824   0.119603986898514   0.0267777402198953   0.0150037326329893   0
0.205616776596196   0.13374711513914   -0.0511968294386284   0.0141431282406261   0
0.127119611200841   0.06830664854348   -0.0784971653953554   -0.0654404665956605   0
0.11078309143678   0.0906283904116282   -0.0163365197640604   0.0223217418681482   0
0.136152198269473   0.0990217414197004   0.0253691068326932   0.00839335100807216   0
0.066328478165114   0.115815189506817   -0.0698237201043595   0.0167934480871169   0
0.0717058113347168   0.119408839573501   0.00537733316960283   0.0035936500666833   0
0.169980917259821   0.13818710918729   0.0982751059251039   0.0187782696137894   0
0.23329257697908   0.138820562218066   0.0633116597192594   0.000633453030776221   0
0.241999806526947   0.134978996035763   0.0087072295478674   -0.0038415661823033   0
0.247256724520588   0.116199316721958   0.00525691799364067   -0.0187796793138045   0
0.257675918525655   0.118694251568147   0.0104191940050669   0.00249493484618832   0
0.138395543081705   0.121871194637669   -0.11928037544395   0.00317694306952186   0
0.148052756785546   0.103680470399926   0.00965721370384112   -0.0181907242377422   0
0.181132896568818   0.100208470253529   0.0330801397832718   -0.00347200014639684   0
0.136405571079227   0.0970648186600197   -0.0447273254895909   -0.00314365159350981   0
0.0480820007386298   0.0980172808774555   -0.088323570340597   0.00095246221743582   0
0.101670478414435   0.105637697092574   0.0535884776758047   0.0076204162151189   0
0.178212870769341   0.114298717844569   0.076542392354907   0.00866102075199505   0
0.321086001302906   0.140078380249238   0.142873130533565   0.0257796624046681   0
0.320294013542261   0.144641931571519   -0.000791987760645485   0.00456355132228148   0
0.164531814617143   0.110264719661878   -0.155762198925118   -0.0343772119096413   0
0.129592464420004   0.0949203311862243   -0.0349393501971393   -0.0153443884756535   0
0.131389716338685   0.0944204985702258   0.0017972519186806   -0.000499832615998522   0
0.109948439141536   0.0824044405239335   -0.0214412771971488   -0.0120160580462922   0
0.0903410890709759   0.0988797184795876   -0.0196073500705599   0.0164752779556541   0
0.106888346010639   0.0982131754436587   0.0165472569396627   -0.00066654303592889   0
0.212094553981214   0.119599649403217   0.105206207970575   0.0213864739595586   0
0.279224647406152   0.124170406203944   0.0671300934249384   0.00457075680072684   0
0.15591791380749   0.107321393117705   -0.123306733598662   -0.0168490130862391   0
0.13159987034383   0.0811833181134061   -0.0243180434636603   -0.0261380750042989   0
0.126519595222673   0.0861362925659678   -0.00508027512115761   0.00495297445256165   0
0.123634213772928   0.0867834801733026   -0.00288538144974476   0.000647187607334773   0
0.122407072424186   0.0758435338371374   -0.0012271413487414   -0.0109399463361652   0
0.20718463625385   0.0744595412266621   0.0847775638296634   -0.00138399261047523   0
0.193525627657657   0.0723279122647854   -0.013659008596193   -0.00213162896187671   0
0.124714438573897   0.0544774922766504   -0.0688111890837594   -0.0178504199881351   0
0.114591116465834   0.0545696091656336   -0.010123322108063   9.21168889832097e-05   0
0.113222489930844   0.0641083079770087   -0.00136862653499061   0.00953869881137515   0
0.1024905465846   0.0669776437813395   -0.010731943346244   0.00286933580433073   0
0.150465809753786   0.0377483939426646   0.0479752631691863   -0.0292292498386748   0
0.222453264286595   0.0475348353213462   0.0719874545328089   0.00978644137868154   0
0.126521772468625   0.0570140116889919   -0.0959314918179702   0.00947917636764569   0
0.145398757032308   0.0343411272914126   0.018876984563683   -0.0226728843975793   0
0.113053109189044   0.0446062024501103   -0.0323456478432631   0.0102650751586977   0
0.0735207278033889   0.0738800679558839   -0.0395323813856555   0.0292738655057736   0
0.160159894713908   0.0744742575183029   0.0866391669105188   0.000594189562419009   0
0.218262282071273   0.103526015452397   0.0581023873573654   0.0290517579340944   0
0.123094743868493   0.0746981554073459   -0.0951675382027797   -0.0288278600450514   0
0.105549837511718   0.0897298942222713   -0.0175449063567758   0.0150317388149254   0
0.113227585621747   0.083641883143913   0.00767774811002915   -0.00608801107835831   0
0.167299694767355   0.0808098705115285   0.0540721091456078   -0.00283201263238454   0
0.143231250298564   0.0889226419091336   -0.0240684444687902   0.00811277139760511   0
0.0725955027530632   0.0657673267418176   -0.0706357475455012   -0.0231553151673159   0
0.0731557410577598   0.0744147864062143   0.000560238304696634   0.00864745966439669   0
0.102154998915863   0.0845061153593188   0.0289992578581033   0.0100913289531045   0
0.212541463980302   0.116637108505109   0.110386465064439   0.0321309931457899   0
0.173991933859619   0.122887926745277   -0.0385495301206831   0.00625081824016802   0
0.0864072454830612   0.097200721337254   -0.0875846883765577   -0.0256872054080227   0
0.0960892650905917   0.0914396638376367   0.0096820196075305   -0.00576105749961731   0
0.0948746627374242   0.0828822040242807   -0.00121460235316743   -0.00855745981335594   0
0.0991394838876015   0.0967347901051633   0.00426482115017728   0.0138525860808826   0
0.150221687788348   0.0988272418412049   0.0510822039007468   0.00209245173604158   0
0.278082661505981   0.133377869564117   0.127860973717633   0.0345506277229117   0
0.175890982267474   0.132825497849359   -0.102191679238507   -0.00055237171475786   0
0.100984556990512   0.0904898505814464   -0.074906425276962   -0.0423356472679123   0
0.100355237305733   0.0952616124668799   -0.000629319684779125   0.00477176188543343   0
0.106207809186455   0.104953325850399   0.00585257188072177   0.00969171338351899   0
0.106747984445141   0.102720205235496   0.000540175258685882   -0.00223312061490247   0
0.170068877655055   0.109315588744241   0.0633208932099141   0.00659538350874449   0
0.254051998023304   0.126338130238113   0.0839831203682493   0.0170225414938725   0
0.158052284056289   0.0984235691738264   -0.0959997139670147   -0.027914561064287   0
0.156518700196909   0.0891418004048746   -0.00153358385938002   -0.00928176876895186   0
0.144241130452205   0.104147367745289   -0.0122775697447045   0.0150055673404146   0
0.141636741498702   0.107219208568952   -0.0026043889535034   0.00307184082366314   0
0.150241002455688   0.113894604081811   0.0086042609569863   0.00667539551285874   0
0.213521339648406   0.128603093120422   0.0632803371927183   0.0147084890386112   0
0.162520356146915   0.104895595491756   -0.0510009835014913   -0.0237074976286667   0
0.14971674330181   0.0955490442541944   -0.012803612845105   -0.00934655123756109   0
0.14414562242309   0.109741825816334   -0.00557112087871986   0.0141927815621392   0
0.155757079938345   0.111229361930079   0.0116114575152552   0.00148753611374537   0
0.241228469447721   0.136743638146021   0.0854713895093758   0.0255142762159423   0
0.213798979286712   0.131609771545505   -0.0274294901610087   -0.00513386660051632   0
0.128120297544339   0.105120352641449   -0.085678681742373   -0.0264894189040564   0
0.113209737425975   0.0880890907845574   -0.0149105601183647   -0.0170312618568911   0
0.110019786117862   0.0986127955300553   -0.003189951308113   0.0105237047454979   0
0.136956237640642   0.0961809454060028   0.0269364515227804   -0.00243185012405249   0
0.261343043679299   0.127361012682659   0.124386806038657   0.0311800672766564   0
0.206443690337418   0.10736703447786   -0.0548993533418813   -0.0199939782047992   0
0.152929582768672   0.0880597007511097   -0.053514107568746   -0.0193073337267503   0
0.134091222717247   0.0893117102830446   -0.0188383600514244   0.00125200953193487   0
0.114660992982487   0.0997843284421457   -0.01943022973476   0.0104726181591011   0
0.145118377302153   0.112705169171183   0.0304573843196656   0.0129208407290374   0
0.202524241682323   0.131373037523163   0.0574058643801702   0.0186678683519803   0
0.142631781920615   0.112723556867609   -0.0598924597617076   -0.0186494806555548   0
0.0964129608920398   0.0630605727348515   -0.0462188210285756   -0.0496629841327571   0
0.0862871750366762   0.0879485187621145   -0.0101257858553636   0.0248879460272629   0
0.0917956751010635   0.0898169897488916   0.00550850006438723   0.00186847098677716   0
0.179944840818763   0.106322532299191   0.0881491657176997   0.0165055425502993   0
0.226509048836553   0.128956231035195   0.04656420801779   0.0226336987360037   0
0.11097188853881   0.10563361272346   -0.115537160297743   -0.0233226183117343   0
0.132647114782154   0.0731511704216857   0.0216752262433446   -0.0324824423017747   0
0.107610083469394   0.0682179390626285   -0.02503703131276   -0.00493323135905713   0
0.0677183682891134   0.0850433898785349   -0.0398917151802809   0.0168254508159064   0
0.0850060166223544   0.0906743303962731   0.017287648333241   0.00563094051773819   0
0.228445017247586   0.104119831458673   0.143439000625232   0.0134455010624   0
0.199607270298454   0.111815387060145   -0.0288377469491325   0.00769555560147166   0
0.102115513534967   0.0777240727974448   -0.0974917567634869   -0.0340913142627   0
0.112461452906479   0.0673437129854933   0.0103459393715123   -0.0103803598119515   0
0.1070018599122   0.0801005436248875   -0.00545959299427948   0.0127568306393942   0
0.18644293327721   0.103087367735577   0.0794410733650099   0.0229868241106892   0
0.178015514515589   0.110481327903101   -0.0084274187616202   0.00739396016752429   0
0.12435466445735   0.07974066395988   -0.0536608500582398   -0.0307406639432209   0
0.127412757602647   0.079220528800826   0.00305809314529752   -0.000520135159053969   0
0.146142606612206   0.0804479398841885   0.0187298490095589   0.00122741108336247   0
0.216086732506279   0.103931647560079   0.0699441258940726   0.0234837076758907   0
0.155982202699955   0.081658899728765   -0.0601045298063231   -0.0222727478313141   0
0.13997239233481   0.0771931548701211   -0.0160098103651454   -0.00446574485864394   0
0.188308790608006   0.0934232906483308   0.0483363982731963   0.0162301357782098   0
0.214980253954195   0.105010944418391   0.0266714633461883   0.0115876537700606   0
0.145922713014287   0.067617682576823   -0.0690575409399075   -0.0373932618415684   0
0.160520315519532   0.0572417388129938   0.0145976025052446   -0.0103759437638292   0
0.218566349306109   0.0799468602448683   0.0580460337865772   0.0227051214318745   0
0.190144165656062   0.0957105312605802   -0.0284221836500466   0.0157636710157119   0
0.149432328827132   0.0599091575327387   -0.0407118368289306   -0.0358013737278415   0
0.146380296370379   0.0439442668010857   -0.00305203245675262   -0.015964890731653   0
0.139211083692284   0.0611643707437999   -0.00716921267809539   0.0172201039427142   0
0.207153078504762   0.0603687689184979   0.0679419948124782   -0.000795601825301945   0
0.190406381915103   0.0820485512952697   -0.016746696589659   0.0216797823767718   0
0.14437256482535   0.0501214039857474   -0.0460338170897525   -0.0319271473095222   0
0.162549246290132   0.0642304793888968   0.0181766814647816   0.0141090754031494   0
0.213550984699205   0.0735407840173906   0.0510017384090728   0.00931030462849382   0
0.201692352549619   0.0928879605133114   -0.0118586321495853   0.0193471764959208   0
0.152190510688052   0.0494943606578568   -0.0495018418615677   -0.0433935998554547   0
0.152291729138683   0.0516650569253775   0.000101218450631296   0.00217069626752075   0
0.1810845443605   0.062507590322456   0.0287928152218173   0.0108425333970785   0
0.198601762799327   0.0715164803741068   0.0175172184388263   0.00900889005165077   0
0.153098700209375   0.0489932828617097   -0.0455030625899519   -0.0225231975123971   0
0.164237903598195   0.0490842730512789   0.0111392033888203   9.09901895691234e-05   0
0.170849988334211   0.0556604533014464   0.00661208473601588   0.00657618025016759   0
0.216467815053416   0.0714494673635325   0.0456178267192053   0.0157890140620861   0
0.261764786021726   0.078322058476811   0.0452969709683098   0.00687259111327847   0
0.172357981887234   0.0768039473101481   -0.0894068041344922   -0.00151811116666294   0
0.154541479683935   0.0399753003613518   -0.0178165022032991   -0.0368286469487963   0
0.147836275105435   0.0418890244342716   -0.00670520457849924   0.00191372407291981   0
0.133280953774722   0.0468201419488451   -0.0145553213307134   0.00493111751457349   0
0.15968132470048   0.0550341511257783   0.0264003709257576   0.00821400917693321   0
0.241222094827568   0.072132097654219   0.081540770127088   0.0170979465284408   0
0.165980553947744   0.0579486426472639   -0.0752415408798234   -0.0141834550069552   0
0.142437433934888   0.0385539022582669   -0.0235431200128561   -0.0193947403889969   0
0.144706109557613   0.0444596053762008   0.00226867562272529   0.00590570311793383   0
0.167928996436738   0.0452921845264721   0.0232228868791247   0.000832579150271351   0
0.222733557815162   0.0559802341726747   0.0548045613784236   0.0106880496462026   0
0.171313155306824   0.0430007650327584   -0.0514204025083378   -0.0129794691399163   0
0.159153120139757   0.0347673064165891   -0.0121600351670667   -0.00823345861616929   0
0.156294472220677   0.0424847808417382   -0.00285864791908011   0.00771747442514906   0
0.172548543605503   0.0445066236795716   0.0162540713848254   0.00202184283783337   0
0.219981237654487   0.0547434379159274   0.0474326940489848   0.0102368142363559   0
0.209244770230943   0.0676626469058077   -0.0107364674235446   0.0129192089898802   0
0.146614917061839   0.044913903125146   -0.0626298531691034   -0.0227487437806617   0
0.166107320944774   0.0367068754549131   0.0194924038829343   -0.00820702767023293   0
0.160412879965232   0.0431846057435691   -0.00569444097954128   0.00647773028865601   0
0.154263400254111   0.0471331282901955   -0.0061494797111214   0.00394852254662639   0
0.164528881586912   0.0442458528654554   0.0102654813328008   -0.00288727542474011   0
0.21737976343257   0.0404793870838446   0.0528508818456581   -0.00376646578161076   0
0.269877631457296   0.0475552302578013   0.0524978680247261   0.0070758431739567   0
0.163035802161764   0.0377977148082725   -0.106841829295531   -0.00975751544952884   0
0.153287125159812   0.0441575425041408   -0.00974867700195206   0.00635982769586831   0
0.15458520886165   0.0471543752059393   0.00129808370183773   0.00299683270179849   0
0.149506172115945   0.0435498061709234   -0.0050790367457054   -0.00360456903501585   0
0.179859676924123   0.0492344483592789   0.0303535048081785   0.00568464218835547   0
0.195817885327056   0.0602800013899303   0.0159582084029326   0.0110455530306514   0
0.166549232188083   0.0442747953351283   -0.0292686531389728   -0.016005206054802   0
0.151584848821675   0.0286122705927894   -0.0149643833664083   -0.0156625247423389   0
0.141469975991961   0.0315208611963966   -0.0101148728297135   0.0029085906036072   0
0.157153198428444   0.0546031810593714   0.0156832224364831   0.0230823198629748   0
0.138380033533202   0.0653514883863597   -0.0187731648952427   0.0107483073269882   0
0.145844100148412   0.0640750627840699   0.00746406661521029   -0.00127642560228974   0
0.212607807883436   0.0590354188563103   0.066763707735024   -0.00503964392775959   0
0.254368330281975   0.0641872606333219   0.0417605223985392   0.00515184177701162   0
0.162989480354562   0.0460691133633208   -0.0913788499274136   -0.0181181472700012   0
0.154848122358975   0.0257401476317331   -0.00814135799558685   -0.0203289657315877   0
0.18756513604135   0.0514933403245993   0.0327170136823749   0.0257531926928662   0
0.151929382956984   0.0531112377540996   -0.0356357530843653   0.00161789742950039   0
0.135922327163577   0.0475593104051404   -0.0160070557934072   -0.00555192734895922   0
0.20572388630881   0.0384776130650343   0.0698015591452325   -0.0090816973401061   0
0.252504901665314   0.0403400420456524   0.0467810153565047   0.00186242898061803   0
0.188994448112531   0.0536256385525851   -0.0635104535527837   0.0132855965069327   0
0.139666091197005   0.0279603935986692   -0.049328356915526   -0.0256652449539159   0
0.156802900042123   0.0330131612239725   0.0171368088451184   0.00505276762530332   0
0.152638583055792   0.0410221292242065   -0.00416431698633066   0.00800896800023405   0
0.14703129214708   0.0367999132431722   -0.00560729090871226   -0.00422221598103435   0
0.188168220985904   0.0435827014613883   0.0411369288388239   0.00678278821821614   0
0.227629018471394   0.0454584374505438   0.0394607974854896   0.00187573598915544   0
0.187614999768036   0.0518005147959217   -0.040014018703358   0.00634207734537789   0
0.144889941100858   0.0394358114562449   -0.0427250586671779   -0.0123647033396767   0
0.168458616255981   0.0363067928988419   0.0235686751551238   -0.003129018557403   0
0.161262334467569   0.0436090226315037   -0.0071962817884127   0.00730222973266173   0
0.1608149600591   0.0522770149267104   -0.000447374408468509   0.0086679922952067   0
0.185531631877828   0.0562917278924932   0.0247166718187281   0.00401471296578286   0
0.284740969538983   0.0693078476220406   0.0992093376611546   0.0130161197295474   0
0.262680270174598   0.0814391927084251   -0.0220606993643845   0.0121313450863845   0
0.188235962244094   0.035784282227186   -0.0744443079305044   -0.0456549104812391   0
0.195722494880992   0.0454597466900939   0.00748653263689811   0.00967546446290785   0
0.191046305720262   0.0450496561471217   -0.00467618916072968   -0.000410090542972155   0
0.21051582224631   0.0451243356137794   0.0194695165260476   7.46794666576997e-05   0
0.23854401520099   0.0559421027147041   0.0280281929546796   0.0108177671009247   0
0.193036442345729   0.0432147956009571   -0.0455075728552603   -0.012727307113747   0
0.180232806906956   0.0462953533018974   -0.0128036354387736   0.00308055770094028   0
0.195862892052068   0.0531098066688488   0.0156300851451121   0.00681445336695146   0
0.269593211578111   0.0516969470488587   0.0737303195260429   -0.00141285961999014   0
0.218026319379106   0.0414177501393123   -0.0515668921990046   -0.0102791969095464   0
0.172928818801379   0.0298198232710509   -0.0450975005777276   -0.0115979268682614   0
0.177427684995212   0.0410355279137691   0.004498866193833   0.0112157046427183   0
0.216225796838606   0.039536305310752   0.0387981118433942   -0.0014992226030171   0
0.228408430069667   0.0446496236122434   0.0121826332310614   0.00511331830149132   0
0.162205195583742   0.023326503644186   -0.066203234485925   -0.0213231199680573   0
0.164637011182662   0.0325501991423248   0.00243181559892033   0.00922369549813872   0
0.234039559446688   0.0392785488392395   0.0694025482640261   0.00672834969691476   0
0.195603602086056   0.0307474370538489   -0.0384359573606328   -0.00853111178539063   0
0.174602778851005   0.031701003921337   -0.0210008232350508   0.000953566867488116   0
0.234364601349351   0.0363821304072054   0.0597618224983457   0.00468112648586839   0
0.243328822976235   0.0491261160762277   0.00896422162688468   0.0127439856690223   0
0.17388431469802   0.0429371565351328   -0.0694445082782154   -0.00618895954109489   0
0.182821803905225   0.0417749223520774   0.00893748920720483   -0.00116223418305539   0
0.239176820793738   0.0533829169349615   0.0563550168885137   0.0116079945828841   0
0.183057183540108   0.0293330317649318   -0.05611963725363   -0.0240498851700297   0
0.182836469349963   0.0475309043798874   -0.000220714190145188   0.0181978726149556   0
0.192777003327575   0.0480985251135625   0.00994053397761221   0.000567620733675063   0
