0.12909626040738   0.0895323025352024   0   0   0
0.183436119663195   0.0585698335312215   0.0543398592558152   -0.0309624690039809   0
0.0806877205890711   0.0977662982852481   -0.102748399074124   0.0391964647540266   0
0.1527675490384   0.0613043545227009   0.0720798284493291   -0.0364619437625472   0
0.101681921011899   0.0508597180692638   -0.0510856280265015   -0.0104446364534371   0
0.127327491238813   0.0428345032993847   0.0256455702269143   -0.0080252147698791   0
0.0605091707437807   0.108233829979631   -0.0668183204950323   0.065399326680246   0
0.135649812642775   0.0467044561542847   0.0751406418989945   -0.061529373825346   0
0.125010810736232   0.0657075625863569   -0.0106390019065432   0.0190031064320722   0
0.155773194361193   0.0412180050416687   0.030762383624961   -0.0244895575446882   0
0.0815648700248612   0.0755155221380845   -0.0742083243363318   0.0342975170964158   0
0.179164127051341   0.0378856617009328   0.0975992570264794   -0.0376298604371517   0
0.0710044576213642   0.0695362687881297   -0.108159669429976   0.0316506070871969   0
0.1177269346019   0.0548701051556139   0.0467224769805357   -0.0146661636325158   0
0.102536825591833   0.0397229185047817   -0.0151901090100667   -0.0151471866508322   0
0.134569606437895   0.0387604305119925   0.032032780846062   -0.000962487992789147   0
0.0811808465536052   0.0430620481887183   -0.0533887598842899   0.00430161767672583   0
0.139820841513345   0.0509309501945035   0.05863999495974   0.0078689020057852   0
0.0800231766841332   0.0359817364747034   -0.059797664829212   -0.0149492137198002   0
0.146683262244879   0.0441314812480841   0.066660085560746   0.00814974477338073   0
0.0682905639281153   0.0501701855917935   -0.0783926983167639   0.00603870434370934   0
0.144196396642669   0.0417059439668943   0.075905832714554   -0.00846424162489917   0
0.0855475792829347   0.0534800149916069   -0.0586488173597346   0.0117740710247126   0
0.100114698473101   0.0183505547043298   0.0145671191901666   -0.0351294602872771   0
0.105394043093384   0.0751261668347654   0.00527934462028228   0.0567756121304356   0
0.138519984791004   0.0845727635774882   0.0331259416976205   0.00944659674272282   0
0.141577617603384   0.0673942413152823   0.00305763281237983   -0.0171785222622059   0
0.156088861922976   0.0511009868710233   0.0145112443195925   -0.0162932544442589   0
0.100234916413094   0.0466112013796309   -0.0558539455098821   -0.00448978549139248   0
0.162670346729716   0.0437438522508021   0.0624354303166219   -0.0028673491288288   0
0.127221870998386   0.0322659302507304   -0.0354484757313301   -0.0114779220000716   0
0.159579403816339   0.0391290327489005   0.0323575328179526   0.00686310249817006   0
0.131748001208254   0.0374550173256534   -0.0278314026080851   -0.00167401542324702   0
0.129741579226014   0.0392649124597904   -0.00200642198223991   0.00180989513413692   0
0.177167678322317   0.0318915752758468   0.0474260990963033   -0.0073733371839436   0
0.154831060643593   0.0217813263063226   -0.0223366176787239   -0.0101102489695242   0
0.153367207236912   0.0391820439085303   -0.00146385340668079   0.0174007176022078   0
0.147600773557763   0.0189503428170179   -0.00576643367914942   -0.0202317010915125   0
0.147993020673882   0.0398187720196141   0.000392247116118877   0.0208684292025962   0
0.138752325760688   0.0248446335117868   -0.00924069491319404   -0.0149741385078273   0
0.152722940441998   0.0411789002434803   0.0139706146813101   0.0163342667316935   0
0.134367421535133   0.0257134436780646   -0.0183555189068653   -0.0154654565654157   0
0.151880040720596   0.048666019457677   0.0175126191854638   0.0229525757796124   0
0.131337394308856   0.0424046488556974   -0.02054264641174   -0.00626137060197964   0
0.155591620704523   0.0496780220827329   0.0242542263956662   0.00727337322703552   0
0.120338874156484   0.0411234467405392   -0.0352527465480389   -0.00855457534219378   0
0.185112149634674   0.0626063957626513   0.0647732754781906   0.0214829490221122   0
0.132319859730616   0.0606603518785953   -0.0527922899040578   -0.00194604388405604   0
0.188390477744285   0.0662171572647611   0.0560706180136687   0.00555680538616578   0
0.139074118047069   0.0562495835182137   -0.0493163596972164   -0.00996757374654736   0
0.192029532257124   0.0583307102541757   0.0529554142100558   0.002081126735962   0
0.140161733440337   0.066563106971749   -0.0518677988167878   0.00823239671757331   0
0.175131282404743   0.0580136343407522   0.0349695489644068   -0.00854947263099685   0
0.132449210169408   0.0742989864161013   -0.0426820722353355   0.0162853520753491   0
0.103272575263573   0.127697889841111   -0.0291766349058347   0.0533989034250097   0
0.183317373714686   0.113182737432658   0.0800447984511132   -0.0145151524084529   0
0.134325631614149   0.113061014073829   -0.0489917421005376   -0.000121723358829248   0
0.259815514928593   0.124436780766078   0.125489883314444   0.0113757666922494   0
0.181443553752042   0.0885714882768292   -0.0783719611765516   -0.0358652924892489   0
0.274529533385936   0.103608181393325   0.0930859796338948   0.0150366931164956   0
0.196886160208203   0.085144886445062   -0.0776433731777339   -0.0184632949482628   0
0.267553820410474   0.102909727082988   0.0706676602022711   0.0177648406379257   0
0.190118401487626   0.0736556403278289   -0.0774354189228481   -0.0292540867551587   0
0.261348360483666   0.104244852334216   0.07122995899604   0.0305892120063871   0
0.182744340202718   0.0985763207031612   -0.0786040202809471   -0.00566853163105474   0
0.256032044444773   0.111707721394808   0.0732877042420541   0.0131314006916466   0
0.172914025624442   0.101217229393024   -0.0831180188203309   -0.010490492001784   0
0.232019862921798   0.111197565554557   0.0591058372973565   0.00998033616153321   0
0.17659360946617   0.0963310873740144   -0.0554262534556287   -0.0148664781805426   0
0.235710020558927   0.0952371224516601   0.0591164110927579   -0.00109396492235432   0
0.20427599384727   0.0888900651211934   -0.0314340267116572   -0.00634705733046671   0
0.226055764632645   0.0991329206339145   0.0217797707853752   0.0102428555127212   0
0.194449417570457   0.0926478423440206   -0.0316063470621883   -0.00648507828989389   0
0.204924544963366   0.0948239964160048   0.0104751273929086   0.00217615407198421   0
0.190687504420426   0.0964207370689651   -0.0142370405429397   0.00159674065296025   0
0.213552042111425   0.0925193016881342   0.0228645376909994   -0.00390143538083086   0
0.241942542711219   0.0921956861575421   0.0283905005997935   -0.000323615530592153   0
0.214392666721081   0.090749402923325   -0.0275498759901383   -0.00144628323421704   0
0.207648601534178   0.0946607683102667   -0.00674406518690226   0.0039113653869417   0
0.209537460625183   0.0914655935218949   0.00188885909100428   -0.00319517478837186   0
0.249401194732603   0.0994494746205454   0.0398637341074208   0.0079838810986505   0
0.202737223641368   0.0933645004824237   -0.0466639710912357   -0.00608497413812167   0
0.281807502778723   0.0896783866165784   0.0790702791373552   -0.00368611386584536   0
0.210417014423193   0.0919074027425022   -0.0713904883555305   0.00222901612592384   0
0.246191865958484   0.0940588611395811   0.0357748515352911   0.00215145839707891   0
0.191291366752135   0.100031243400175   -0.0549004992063482   0.00597238226059361   0
0.245596173529658   0.104135485906534   0.0543048067775228   0.00410424250635956   0
0.178095847250069   0.104195432745442   -0.067500326279589   5.99468389080732e-05   0
0.235828353602806   0.0917349879615324   0.0577325063527365   -0.0124604447839099   0
0.162405795173694   0.109292487442241   -0.0734225584291113   0.017557499480709   0
0.22972485765204   0.108562122505458   0.0673190624783455   -0.000730364936783731   0
0.16731653211264   0.122932686341123   -0.0624083255394002   0.0143705638356656   0
0.257044530803711   0.11593836301006   0.0897279986910715   -0.00699432333106306   0
0.200667292402023   0.134682386767907   -0.0563772384016884   0.0187440237578464   0
0.212810524059173   0.122367728852228   0.0121432316571506   -0.0123146579156782   0
0.206226914405467   0.122976166176916   -0.00658360965370591   0.000608437324687724   0
0.218492819605062   0.112569934340624   0.0122659051995941   -0.0104062318362917   0
0.183588848854305   0.127628639848625   -0.0349039707507564   0.0150587055080004   0
0.237832618937479   0.106239092996422   0.0542437700831736   -0.0213895468522024   0
0.256524410735606   0.100594287298348   0.0186917917981274   -0.00564480569807485   0
0.278160294180981   0.0817780938220927   0.021635883445375   -0.0188161934762549   0
0.295721903180894   0.0842760542551085   0.0175616089999128   0.00249796043301584   0
0.3142254424613   0.0833808334048959   0.0185035392804065   -0.000895220850212666   0
0.300749335490671   0.0748715675495879   -0.0134761069706298   -0.00850926585530801   0
0.317922604549173   0.0744632107500744   0.0171732690585025   -0.00040835679951344   0
0.334856895718962   0.0668852676901461   0.0169342911697891   -0.00757794305992836   0
0.301443700500724   0.0721588471853071   -0.0334131952182386   0.00527357949516101   0
0.272748592829192   0.078208366433266   -0.0286951076715317   0.00604951924795886   0
0.268868128539438   0.0788641578819872   -0.00388046428975358   0.000655791448721244   0
0.241296453174617   0.0931720727766641   -0.0275716753648217   0.0143079148946769   0
0.178870136931323   0.109975295900534   -0.0624263162432941   0.0168032231238698   0
0.272246696472978   0.10572710925114   0.0933765595416557   -0.00424818664939393   0
0.206667768187495   0.0945970150963285   -0.0655789282854838   -0.0111300941548115   0
0.297820313245151   0.0956563198303829   0.0911525450576567   0.00105930473405438   0
0.206930889139273   0.102380441234139   -0.0908894241058784   0.00672412140375629   0
0.304503862675599   0.0776068306297841   0.0975729735363261   -0.024773610604355   0
0.203141542103628   0.11481102238201   -0.101362320571971   0.0372041917522263   0
0.273718052527067   0.0960676860620677   0.0705765104234388   -0.0187433363199427   0
0.218545087063539   0.105925025232662   -0.0551729654635272   0.00985733917059391   0
0.305867292157203   0.081842528684068   0.087322205093664   -0.0240824965485936   0
0.212762202340312   0.0912522560410974   -0.0931050898168911   0.0094097273570294   0
0.3148848890933   0.0863862285909509   0.102122686752988   -0.00486602745014651   0
0.235437146325744   0.107687748288745   -0.0794477427675558   0.0213015196977936   0
0.314246284065238   0.0766338376356685   0.0788091377394931   -0.031053910653076   0
0.218628347977498   0.102453970473196   -0.0956179360877395   0.0258201328375274   0
0.275672196542524   0.0823889653872562   0.057043848565026   -0.0200650050859397   0
0.2202082457732   0.0777836112724752   -0.055463950769324   -0.00460535411478104   0
0.274148011192859   0.0772057410653023   0.0539397654196591   -0.000577870207172912   0
0.222616853014681   0.0878431486972376   -0.0515311581781783   0.0106374076319354   0
0.285030526892051   0.0831121106878534   0.0624136738773698   -0.00473103800938418   0
0.242058942742259   0.0882805294821004   -0.0429715841497921   0.00516841879424698   0
0.267413429194066   0.0954783529274568   0.025354486451808   0.0071978234453564   0
0.209538353187788   0.0962562870814811   -0.0578750760062789   0.000777934154024273   0
0.238737638579278   0.101471205954497   0.0291992853914905   0.00521491887301619   0
0.22981004313737   0.0920536688952836   -0.00892759544190777   -0.00941753705921368   0
0.245936971900953   0.0949064119692291   0.0161269287635824   0.00285274307394548   0
0.189006649108887   0.104635781765381   -0.0569303227920656   0.00972936979615223   0
0.266077646707535   0.109088752504764   0.0770709975986482   0.00445297073938246   0
0.207627552469994   0.102574869990473   -0.0584500942375416   -0.00651388251429046   0
0.265239471264704   0.0961154382891448   0.0576119187947108   -0.0064594317013285   0
0.254585035662448   0.0849454474544559   -0.0106544356022563   -0.0111699908346889   0
0.240672429508346   0.0912310389020097   -0.0139126061541017   0.00628559144755379   0
0.237884053474577   0.0885873639828221   -0.002788376033769   -0.00264367491918759   0
0.250233544020581   0.0924634102360501   0.0123494905460035   0.00387604625322806   0
0.237749645441607   0.0935462898540209   -0.0124838985789735   0.00108287961797079   0
0.213627109653082   0.111509047521446   -0.0241225357885252   0.0179627576674246   0
0.251885788614602   0.0830376877556005   0.0382586789615199   -0.0284713597658451   0
0.190304666256284   0.107865860267556   -0.0615811223583182   0.0248281725119559   0
0.19334510244736   0.0984175776412044   0.0030404361910758   -0.00944828262635197   0
0.196005682292759   0.1025160973158   0.00266057984539933   0.00409851967459522   0
0.209467910894557   0.0984166205442074   0.0134622286017978   -0.00409947677159227   0
0.194003892448915   0.101846374446099   -0.0154640184456423   0.0034297539018916   0
0.240135380504873   0.08188600647255   0.0461314880559582   -0.019960367973549   0
0.193896399109163   0.10737975565252   -0.0462389813957092   0.0254937491799705   0
0.270861224239573   0.0823263597454212   0.0769648251304091   -0.0250533959070993   0
0.169504812611471   0.132504913005528   -0.101356411628101   0.0501785532601067   0
0.252424210805739   0.0897832711243164   0.0829193981942674   -0.0427216418812115   0
0.18232313008047   0.103542890727044   -0.0701010807252687   0.0137596196027273   0
0.280586868915529   0.0853239830473503   0.0982637388350586   -0.0182189076796933   0
0.1929318297488   0.11172374324226   -0.0876550391667285   0.02639976019491   0
0.282547328313895   0.0795552434385617   0.089615498565095   -0.0321684998036985   0
0.192727007494668   0.114057423410984   -0.0898203208192266   0.0345021799724223   0
0.226149931529859   0.0955899611438487   0.0334229240351907   -0.0184674622671354   0
0.234630483840613   0.0994782382173836   0.00848055231075348   0.00388827707353495   0
0.189125264207747   0.0994565584027142   -0.045505219632866   -2.16798146694258e-05   0
0.247954759843101   0.0951655389561001   0.0588294956353545   -0.00429101944661413   0
0.199018568424783   0.0992477287911416   -0.0489361914183183   0.00408218983504154   0
0.215730829972376   0.110812731490671   0.0167122615475926   0.0115650026995293   0
0.229727946701223   0.100254043978984   0.0139971167288476   -0.0105586875116872   0
0.186727115336927   0.105753015382863   -0.0430008313642962   0.00549897140387949   0
0.18997225778134   0.103947890588169   0.0032451424444134   -0.001805124794694   0
0.233468285396561   0.106880464033424   0.0434960276152206   0.0029325734452546   0
0.183283676835882   0.111919712753027   -0.0501846085606789   0.00503924871960285   0
0.259164582150513   0.104564721135393   0.075880905314631   -0.00735499161763369   0
0.167775461395342   0.141789673086803   -0.0913891207551706   0.0372249519514101   0
0.262207565135066   0.108089398083901   0.094432103739724   -0.0337002750029022   0
0.182935777119403   0.135810924244379   -0.079271788015663   0.0277215261604783   0
0.221149172552488   0.119872864522637   0.0382133954330845   -0.0159380597217421   0
0.236495569385686   0.109787192866302   0.0153463968331986   -0.0100856716563355   0
0.224300237040312   0.132041484175429   -0.0121953323453747   0.0222542913091272   0
0.250232453969664   0.117995345074255   0.0259322169293522   -0.0140461391011738   0
0.238029312535263   0.138310753197501   -0.0122031414344007   0.020315408123246   0
0.317733297554474   0.13207910467661   0.0797039850192109   -0.00623164852089048   0
0.494383530727481   0.124729192548507   0.176650233173007   -0.00734991212810354   0
0.242249003688539   0.16080947783091   -0.252134527038941   0.0360802852824034   0
