0.18702770351873   0.0938771570655104   0   0   0
0.200373466933624   0.05493548648904   0.0133457634148936   -0.0389416705764703   0
0.184355952378246   0.0414011963287596   -0.016017514555378   -0.0135342901602804   0
0.214315558140327   0.0944048195498514   0.0299596057620815   0.0530036232210917   1
0.158372045085741   0.086603531640589   -0.0559435130545862   -0.00780128790926236   0
0.164445321084852   0.086927222416873   0.00607327599911073   0.000323690776283955   0
0.247310167341822   0.103796182850141   0.0828648462569702   0.0168689604332685   0
0.123301631812636   0.115446175425055   -0.124008535529186   0.0116499925749133   0
0.153705827153104   0.0451009123195141   0.0304041953404682   -0.0703452631055406   0
0.165517705772343   0.0377827643298171   0.0118118786192389   -0.007318147989697   0
0.149965265389323   0.0330383711553509   -0.0155524403830205   -0.00474439317446616   0
0.156029208131106   0.105190537187679   0.00606394274178326   0.0721521660323282   0
0.190129598891835   0.080040073948679   0.0341003907607288   -0.0251504632390001   0
0.154455148108796   0.0296193233822956   -0.0356744507830392   -0.0504207505663834   0
0.224076431647083   0.0677161800372149   0.0696212835382877   0.0380968566549193   0
0.202910675764978   0.0727370447413833   -0.0211657558821054   0.00502086470416843   0
0.153328293446448   0.0824644157286038   -0.0495823823185301   0.00972737098722048   0
0.160620490476713   0.0696946972537366   0.00729219703026568   -0.0127697184748672   0
0.161801983433609   0.0245968606255961   0.00118149295689596   -0.0450978366281405   0
0.217524114371281   0.0379450355695248   0.0557221309376713   0.0133481749439287   0
0.106875228551615   0.033037274297867   -0.110648885819665   -0.00490776127165782   0
0.172006484674677   0.0563199258854937   0.065131256123062   0.0232826515876267   0
0.138080846848106   0.0254809960625934   -0.0339256378265717   -0.0308389298229003   0
0.11740448873182   0.0440645043855312   -0.0206763581162858   0.0185835083229378   0
0.193042411060368   0.055526729850879   0.075637922328548   0.0114622254653478   0
0.200985920075238   0.0522445111383722   0.00794350901487037   -0.00328221871250679   1
0.211405061010587   0.078223878428361   0.0104191409353488   0.0259793672899888   1
0.207993619029527   0.0494581372539696   -0.00341144198105994   -0.0287657411743914   0
0.160022238488155   0.04187228121571   -0.0479713805413718   -0.00758585603825964   0
0.181196845003576   0.0704011806072171   0.021174606515421   0.0285288993915071   0
0.189202068662422   0.0760143516989062   0.00800522365884623   0.00561317109168907   0
0.171121591829114   0.0511813220098407   -0.0180804768333081   -0.0248330296890655   1
0.248525431577153   0.0969700273101565   0.0774038397480384   0.0457887053003158   1
0.139655131758557   0.0520271356864858   -0.108870299818595   -0.0449428916236708   0
0.205558526131246   0.056786635854442   0.0659033943726883   0.00475950016795627   0
0.200096660885783   0.0914203583434784   -0.00546186524546272   0.0346337224890364   0
0.193442889737081   0.086000143649662   -0.00665377114870208   -0.00542021469381637   0
0.11149257417483   0.0837568435479902   -0.0819503155622507   -0.00224330010167186   0
0.0967896500262812   0.120540952291462   -0.0147029241485489   0.0367841087434718   0
0.187943104555235   0.0960333725092481   0.0911534545289538   -0.0245075797822139   0
0.256342858669966   0.0452125957672793   0.0683997541147307   -0.0508207767419688   0
0.134335689142908   0.105530193794063   -0.122007169527058   0.0603175980267838   0
0.184123680613766   0.0393640532451095   0.0497879914708577   -0.0661661405489536   0
0.250403696174178   0.0364918236993234   0.0662800155604122   -0.00287222954578607   0
0.125465441777487   0.108033991517392   -0.124938254396691   0.0715421678180691   0
0.189715746111834   0.0336608744545875   0.0642503043343473   -0.074373117062805   0
0.171401842466468   0.0418789229856141   -0.0183139036453661   0.00821804853102666   0
0.200282092949644   0.0517745236372581   0.0288802504831761   0.00989560065164399   0
0.179849637324183   0.0480759987343217   -0.0204324556254619   -0.00369852490293644   0
0.207127353488741   0.0439758495967105   0.0272777161645588   -0.00410014913761121   0
0.139653511530144   0.0836158833445453   -0.0674738419585975   0.0396400337478348   1
0.211346639555731   0.036344970970697   0.071693128025587   -0.0472709123738483   0
0.203138786365898   0.0548209284969481   -0.00820785318983266   0.0184759575262512   0
0.190757446792963   0.0320184293402503   -0.0123813395729355   -0.0228024991566979   0
0.21213643958078   0.0361239421526256   0.0213789927878175   0.00410551281237532   0
0.225553731802336   0.0614274486958802   0.0134172922215556   0.0253035065432546   0
0.172929833193842   0.0380541767660595   -0.0526238986084938   -0.0233732719298208   0
0.31584038199065   0.0535686880114447   0.142910548796809   0.0155145112453852   0
0.175188652539627   0.0509191155197388   -0.140651729451024   -0.00264957249170594   0
0.160508984946295   0.0374206309585598   -0.0146796675933314   -0.0134984845611789   0
0.217267949888634   0.0522257155434466   0.0567589649423389   0.0148050845848868   0
0.166536462056632   0.0686474124168566   -0.0507314878320021   0.01642169687341   0
0.178789219534736   0.0365946030684854   0.012252757478104   -0.0320528093483712   0
0.242272348236773   0.0297287770501681   0.0634831287020367   -0.00686582601831731   0
0.251983873766259   0.0706816190107089   0.00971152552948651   0.0409528419605408   0
0.183918604204034   0.072504499963485   -0.0680652695622254   0.00182288095277619   1
0.229438720840664   0.0643600224342915   0.04552011663663   -0.00814447752919359   0
0.273957120918238   0.079730396464178   0.0445184000775742   0.0153703740298865   0
0.153606752105498   0.0742852942414749   -0.12035036881274   -0.00544510222270309   0
0.207815893453942   0.0553647498177766   0.0542091413484433   -0.0189205444236982   0
0.177248260236793   0.0568922933701261   -0.0305676332171483   0.0015275435523495   0
0.169918109032704   0.0548917610546675   -0.00733015120408897   -0.00200053231545868   1
0.214505883765667   0.0653126441840705   0.044587774732963   0.010420883129403   0
0.220752842361339   0.0694230535233074   0.0062469585956712   0.00411040933923686   0
0.116045202637722   0.109615048027004   -0.104707639723616   0.0401919945036971   0
0.182029828231776   0.0925356882926258   0.0659846255940542   -0.0170793597343787   0
0.207522860568203   0.0878619162020155   0.0254930323364271   -0.00467377209061022   0
0.203361440340223   0.0667967248611786   -0.00416142022798061   -0.0210651913408369   1
0.19584351320248   0.132180980281053   -0.00751792713774271   0.0653842554198739   0
0.17819129847703   0.106978048779528   -0.0176522147254501   -0.0252029315015249   0
0.168864425619045   0.106125907840122   -0.00932687285798495   -0.000852140939405999   1
0.159311211558446   0.133806543363955   -0.00955321406059889   0.0276806355238334   0
0.24672467966914   0.127162201545074   0.0874134681106943   -0.00664434181888118   0
0.157497695799399   0.116171763088067   -0.0892269838697416   -0.0109904384570068   0
0.153432918487201   0.14867041443849   -0.00406477731219812   0.0324986513504233   0
0.183365176686196   0.144432940036899   0.0299322581989956   -0.00423747440159131   0
0.161656417429683   0.10744069976067   -0.0217087592565131   -0.0369922402762288   0
0.199148661575166   0.129796065859101   0.0374922441454828   0.0223553660984303   0
0.232559042488913   0.115864118040272   0.0334103809137469   -0.013931947818829   0
0.111824984261434   0.135193067398073   -0.120734058227479   0.0193289493578017   0
0.126965485177439   0.164264239660524   0.015140500916005   0.0290711722624505   0
0.29004007032243   0.133721031034763   0.163074585144991   -0.030543208625761   0
0.153139316422531   0.144520009723014   -0.136900753899899   0.010798978688251   0
0.258362931310995   0.123225893539061   0.105223614888464   -0.0212941161839528   0
0.254839469102987   0.126633139677179   -0.0035234622080077   0.00340724613811823   0
0.19633779590545   0.12623628190762   -0.0585016731975378   -0.000396857769559694   0
0.255694460368081   0.144896615922733   0.0593566644626313   0.0186603340151134   0
0.357273051579601   0.153400409493423   0.10157859121152   0.00850379357069048   0
0.228554916525583   0.128610782063014   -0.128718135054017   -0.0247896274304098   0
0.219703736646512   0.13819056243503   -0.00885117987907119   0.00957978037201659   0
0.278614878305954   0.15469729813009   0.0589111416594418   0.0165067356950599   0
0.155866760975296   0.140479074083117   -0.122748117330658   -0.0142182240469727   0
0.231018531615686   0.130217974063683   0.0751517706403899   -0.0102611000194345   0
0.20875231432265   0.148516475279681   -0.0222662172930357   0.0182985012159977   0
0.280788774389035   0.165992807846161   0.0720364600663849   0.0174763325664802   0
0.333766765023362   0.0996237678971865   0.0529779906343268   -0.0663690399489744   0
0.206454287354417   0.174528524678095   -0.127312477668945   0.0749047567809087   0
0.135241963127574   0.136320740192948   -0.0712123242268429   -0.0382077844851476   0
0.0441014979191365   0.204013908692281   -0.0911404652084372   0.0676931684993337   0
0.194451789202491   0.171841775645388   0.150350291283355   -0.0321721330468929   0
0.227202874697505   0.147189963900872   0.0327510854950136   -0.0246518117445164   0
0.163532707223277   0.221051711432799   -0.0636701674742274   0.0738617475319271   0
0.215005241355879   0.176610691157727   0.0514725341326022   -0.0444410202750721   0
0.324651300688539   0.16000684819539   0.109646059332659   -0.0166038429623372   0
0.215061476221196   0.18354723921514   -0.109589824467343   0.0235403910197508   0
0.271098432266763   0.177832383722116   0.0560369560455666   -0.00571485549302422   0
0.301121809555535   0.182051228898626   0.0300233772887727   0.00421884517650994   0
0.123495917981579   0.186606927307482   -0.177625891573957   0.00455569840885614   0
0.300092722689833   0.18376331630503   0.176596804708254   -0.00284361100245234   0
0.188649375270103   0.188309683300833   -0.11144334741973   0.00454636699580294   0
0.167050468871686   0.189972459394803   -0.021598906398417   0.00166277609396986   0
0.302722449937496   0.187766165427134   0.135671981065811   -0.00220629396766839   0
0.289498411237799   0.213798360911631   -0.013224038699697   0.0260321954844965   0
0.238027079047826   0.217279281787496   -0.0514713321899734   0.00348092087586488   0
0.269654733572396   0.201141048813041   0.0316276545245703   -0.0161382329744551   0
0.312057511525937   0.210226000538111   0.0424027779535402   0.00908495172507073   0
0.217809080899994   0.207130043191469   -0.0942484306259428   -0.00309595734664192   0
0.36149735965459   0.208254221391788   0.143688278754596   0.0011241782003189   0
0.273923138841117   0.190156037067588   -0.0875742208134728   -0.0180981843242001   0
0.127664988009225   0.223466392945337   -0.146258150831892   0.0333103558777492   0
0.300563675799738   0.193119190310026   0.172898687790513   -0.0303472026353116   0
0.241953287287546   0.157755420697674   -0.0586103885121915   -0.0353637696123522   0
0.249398347917864   0.178410020381424   0.00744506063031769   0.02065459968375   0
0.304084696122659   0.184402259499443   0.0546863482047951   0.0059922391180196   0
0.267289173285339   0.179893331728979   -0.0367955228373201   -0.00450892777046416   0
0.221103369791711   0.195539624047046   -0.0461858034936283   0.0156462923180667   0
0.395850316254276   0.208629603799413   0.174746946462565   0.0130899797523671   0
0.27153596858282   0.198642750294971   -0.124314347671456   -0.00998685350444237   0
0.184048411128166   0.20874461830488   -0.0874875574546534   0.0101018680099094   0
0.720411247858534   0.264204262749014   0.536362836730368   0.055459644444134   1
0.285400844881808   0.232251884639824   -0.435010402976726   -0.0319523781091902   1
0.299619333637284   0.237687949159318   0.0142184887554755   0.00543606451949419   0
0.272000438952826   0.245872017743907   -0.0276188946844579   0.00818406858458878   0
0.313854643047144   0.242726924720091   0.0418542040943178   -0.00314509302381613   0
0.422236469774568   0.231410540277993   0.108381826727425   -0.0113163844420979   0
0.276100321552674   0.234228727478313   -0.146136148221894   0.00281818720032068   0
0.434451674548793   0.239222851834691   0.158351352996119   0.00499412435637753   0
0.367223469115483   0.240355449391984   -0.0672282054333097   0.00113259755729292   0
0.250161984299553   0.270604112042394   -0.11706148481593   0.0302486626504101   0
0.385088173020154   0.28462087671157   0.134926188720601   0.0140167646691757   0
0.391051287460162   0.274188615821828   0.0059631144400078   -0.0104322608897416   0
0.230800340224403   0.295434525857253   -0.160250947235759   0.0212459100354252   0
0.366221381622496   0.210243418866566   0.135421041398094   -0.0851911069906868   0
0.284123379710224   0.257348554408561   -0.0820980019122725   0.0471051355419946   0
0.242428274031083   0.254321145034891   -0.0416951056791405   -0.00302740937366969   0
0.288449278277828   0.245660025168367   0.046021004246745   -0.00866111986652476   0
0.274510998488968   0.242118000014842   -0.0139382797888606   -0.00354202515352414   0
0.406682684151907   0.237131968708228   0.13217168566294   -0.00498603130661449   0
0.258303545136338   0.267769552124976   -0.14837913901557   0.0306375834167476   0
0.3633381264745   0.277716123354407   0.105034581338163   0.00994657122943116   0
0.210711800332706   0.278795971377798   -0.152626326141795   0.00107984802339139   0
0.221707210002043   0.283168607315341   0.0109954096693374   0.00437263593754328   0
0.340800963567432   0.284062384814498   0.119093753565389   0.0008937774991567   0
0.215260956618635   0.263952670895636   -0.125540006948797   -0.020109713918862   0
0.246416351729771   0.276973213955073   0.0311553951111353   0.0130205430594366   0
0.413490254977502   0.275199305609698   0.167073903247732   -0.00177390834537461   0
0.205465988453126   0.309791665500143   -0.208024266524377   0.034592359890445   0
0.258620487885028   0.28216707608818   0.0531544994319024   -0.0276245894119636   0
0.393946715202056   0.297270027553523   0.135326227317028   0.0151029514653438   0
0.297979298038572   0.272722437386054   -0.0959674171634844   -0.0245475901674696   0
0.201612353849064   0.296745402424941   -0.0963669441895083   0.024022965038887   0
0.271962713570978   0.316446130520271   0.0703503597219148   0.0197007280953305   0
0.367430384481537   0.304398639599625   0.0954676709105585   -0.012047490920646   0
0.168204793661209   0.340181567078557   -0.199225590820328   0.0357829274789314   0
0.235818871704726   0.341223012246789   0.0676140780435167   0.00104144516823268   0
0.365933277619514   0.322335220313686   0.130114405914788   -0.0188877919331032   0
0.0993471452156025   0.353462038620925   -0.266586132403911   0.0311268183072386   0
0.416191422102871   0.295181920922082   0.316844276887268   -0.0582801176988432   0
0.080710939015105   0.354740749836765   -0.335480483087766   0.0595588289146831   1
0.245326979328487   0.303762789695348   0.164616040313382   -0.0509779601414169   0
0.209962492943145   0.301611822139816   -0.0353644863853427   -0.00215096755553162   0
0.236391283530696   0.288074487007267   0.0264287905875517   -0.0135373351325492   0
0.341154569853959   0.276350175061913   0.104763286323263   -0.0117243119453538   0
0.144279845446684   0.320397490240248   -0.196874724407276   0.0440473151783352   0
0.219354576153724   0.289320206839883   0.0750747307070407   -0.0310772834003655   0
