0.323408347331845   0   0   0
0.307189737258038   -0.00342798107399395   -0.0162186100738064   0
0.275850988842255   -0.00489553185767658   -0.0313387484157829   0
0.253896776488916   0.00904196751879752   -0.0219542123533394   0
0.235667262073442   -0.00473148665663973   -0.0182295144154735   0
0.217225222403068   0.00347845076701855   -0.0184420396703739   0
0.231337242816872   0.0202242009368549   0.0141120204138039   0
0.177643235806778   -0.0127680979998272   -0.0536940070100943   0
0.0900692143804974   0.00311401107437966   -0.0875740214262805   0
0.0896886623869022   -0.00258745730588043   -0.000380551993595213   0
0.0554356411095795   0.0255590815568698   -0.0342530212773227   0
0.102308680930918   -0.0194233796718065   0.0468730398213386   0
0.102873560618861   -0.00257502322284946   0.000564879687943068   0
0.0733453845465753   -0.00556219550357764   -0.0295281760722859   0
0.0647750482215567   0.00837798366705889   -0.00857033632501852   0
0.0674800990778207   -0.00466163243707485   0.00270505085626398   0
0.0662651835656742   0.000487422445019176   -0.0012149155121465   0
0.0509474382365296   0.00572550530397987   -0.0153177453291446   0
0.0430709531282104   0.00321636221559474   -0.00787648510831919   0
0.0378705973344427   0.00570350302658648   -0.00520035579376771   0
0.0197669797077886   -0.0196668825186482   -0.0181036176266542   0
0.031491711148087   0.0143277251795413   0.0117247314402985   0
0.030191311853785   0.00564559542146977   -0.00130039929430202   0
0.0467957195736159   0.00894514261310671   0.0166044077198309   0
0.0241700464883707   -0.00655296270380522   -0.0226256730852452   0
0.0318934466783539   0.00471478888651315   0.00772340018998317   0
0.031742391899556   -0.00264152987020058   -0.000151054778797829   0
0.0465832175373428   -0.00561909128361303   0.0148408256377868   0
0.0602809877296316   -0.0309123915375361   0.0136977701922889   0
0.0536704726993773   0.0328779935668305   -0.00661051503025438   0
0.0733805633151927   -0.00390873683690605   0.0197100906158154   0
0.0570225375217256   0.00802180044557742   -0.0163580257934671   0
0.0329587737690622   0.0124436954018741   -0.0240637637526633   0
0.0599499703505556   -0.0130086384476324   0.0269911965814934   0
0.0336359347460792   0.0183604381277964   -0.0263140356044764   0
0.0403042265787349   -0.00986183534823366   0.00666829183265566   0
0.0730265234743514   -0.00305909203824167   0.0327222968956165   0
0.080608177772063   -0.0103221188855924   0.00758165429771153   0
0.0672982389340538   0.0274727868741174   -0.0133099388380091   0
0.0884394470587645   -0.0205870066126786   0.0211412081247106   0
0.0974599803588247   -0.013518297022114   0.00902053330006024   0
0.0817655688529255   0.0213318255053171   -0.0156944115058992   0
0.0850982625054266   -0.0195892678455992   0.00333269365250113   0
0.0935678109758372   0.00464221863872315   0.00846954847041058   0
0.0829087854696503   0.0241567423675564   -0.0106590255061869   0
0.0972479470414286   0.00087378883400617   0.0143391615717783   0
0.0959062812892878   0.00566156050254051   -0.0013416657521408   0
0.114089585400301   -0.0163751669128309   0.0181833041110129   0
0.104231809145721   0.0163762753963818   -0.00985777625457973   0
0.115757497445835   0.00246495125332358   0.0115256883001141   0
0.113190889003002   -0.00459465159817324   -0.00256660844283266   0
0.107566394670919   0.0171513952407275   -0.00562449433208295   0
0.116235962667713   0.0125693798520434   0.00866956799679371   0
0.113577386886167   -0.0190553244642543   -0.00265857578154638   0
0.113145700417647   0.0150496513218259   -0.000431686468519418   0
0.115214917769098   0.007074632771286   0.00206921735145063   0
0.116143318211983   0.00256105513367208   0.00092840044288528   0
0.122767506916529   0.00183365940502647   0.0066241887045458   0
0.117949998661933   -0.00338717071127775   -0.00481750825459602   0
0.130001710649476   0.00439899332088881   0.0120517119875427   0
0.127885086063622   0.0162573933811353   -0.00211662458585371   0
0.13699884503984   0.0147510414700376   0.00911375897621769   0
0.207587202687208   -0.0493655419820302   0.0705883576473684   0
0.185741488708097   0.0332553068479419   -0.0218457139791114   0
0.203314346426291   0.00344195165965142   0.0175728577181947   0
0.220312682292123   0.100469921906651   0.0169983358658319   0
0.311515519724941   0.0572229157599913   0.0912028374328177   0
0.349550220329283   0.016530891071498   0.0380347006043418   0
0.330674711549734   0.010496899343203   -0.0188755087795483   0
0.331787770227445   0.0157785899502648   0.00111305867771094   0
0.337129667456752   -0.0064712287521661   0.00534189722930645   0
0.401798119339489   0.0415804576720612   0.064668451882737   0
0.498532794087561   0.0379024627656731   0.0967346747480718   0
0.515358518063639   -4.05453917010079e-05   0.0168257239760782   0
0.536534868384386   -0.0361466022397151   0.0211763503207469   0
0.554936800967912   0.013044987602642   0.0184019325835263   0
0.578307047215621   -0.00151484964655724   0.0233702462477086   0
0.604692752488816   0.00415840359576658   0.0263857052731951   0
0.624326923860208   0.0253298688299465   0.0196341713713925   0
0.617830923568293   0.0200288751986563   -0.00649600029191499   0
0.636926340170706   0.0208450612704882   0.019095416602413   0
0.648706808144866   0.00101619133389813   0.01178046797416   0
0.660874649758182   0.0592864664608028   0.0121678416133162   0
0.676486897030719   -0.00309515652687131   0.0156122472725363   0
0.660694884408265   -0.04386772273309   -0.0157920126224539   0
0.695968200191108   0.00551774918273829   0.0352733157828432   0
0.673507774829845   0.00636302168829472   -0.0224604253612624   0
0.711184894329527   0.0144649216584388   0.0376771194996812   0
0.714578721436799   0.0137258697713768   0.0033938271072721   0
0.765777571404549   0.0326229351007926   0.0511988499677507   0
0.776611526575063   -0.019679465804975   0.0108339551705137   0
0.781083264425759   -0.00364688870879726   0.00447173785069577   0
0.779667118917106   0.00425735965609131   -0.00141614550865332   0
0.790661838683264   -0.00757329990267175   0.0109947197661586   0
0.777519199284011   0.010773188436758   -0.013142639399253   0
0.777361838881997   -0.0135672636573841   -0.000157360402014306   0
0.785713412620181   0.0189548928724221   0.00835157373818363   0
0.744254670853667   -0.00615399264315075   -0.0414587417665138   0
0.760162412212844   -0.0024721433612821   0.0159077413591773   0
0.787974126784789   -0.000470246094051552   0.0278117145719445   0
0.757755700384695   0.029452560954139   -0.0302184264000934   0
0.749309975795231   -0.0155374329693613   -0.00844572458946391   0
0.755911094905677   0.0074540241240868   0.00660111911044614   0
0.762024455712709   -0.042487460947053   0.00611336080703129   0
0.768117421237795   0.0331294136638359   0.0060929655250862   0
0.748214216532438   -0.00262590449320366   -0.019903204705357   0
0.756343487223233   -0.0281239199484328   0.00812927069079472   0
0.752347737288416   0.00242863475915556   -0.00399574993481622   0
0.757398365527844   0.0260264311057198   0.0050506282394277   0
0.756359060469959   -0.024900685910283   -0.00103930505788463   0
0.740302819039277   0.00655342430924333   -0.0160562414306827   0
0.780612416920203   -0.105372407346008   0.0403095978809258   0
0.972028019091528   0.480185600268942   0.191415602171325   1
0.766196030902667   0.0101572735311137   -0.205831988188861   1
0.827703619425456   -0.173685384308347   0.0615075885227895   0
0.820128967637408   -0.0875963267678728   -0.00757465178804861   0
0.798507832018572   -0.166911226820794   -0.0216211356188355   0
0.803057939554955   -0.00141028361903878   0.00455010753638307   0
0.812117627011168   0.0625312724498973   0.00905968745621255   0
0.828667066568957   -0.023235751653808   0.0165494395577892   0
0.805848739528703   -0.067125125748123   -0.0228183270402534   0
0.834332194413892   0.0134192047220495   0.0284834548851883   0
0.828396926372406   -0.0112528618550546   -0.00593526804148525   0
0.829097438969781   -0.00472245128056625   0.000700512597374692   0
0.862694155710759   0.0306095552451999   0.0335967167409782   0
0.890763358478137   -0.0532241226613071   0.0280692027673777   0
0.880860360872397   -0.0334923635150282   -0.00990299760573987   0
0.92304378629578   -0.00401925808986509   0.042183425423383   0
0.929746808116731   -0.0350681355027072   0.00670302182095117   0
0.975909171523918   0.00446029280295818   0.0461623634071866   0
1.03816140176865   -0.0122874151563827   0.0622522302447327   0
1.04002103501516   -0.00282766635327869   0.00185963324650729   0
1.01404948896011   0.0029726895586919   -0.0259715460550529   0
1.03658361026451   -0.00565150116174779   0.0225341213044021   0
0.981624828358065   -0.0409147188355017   -0.0549587819064424   0
1.02351402974031   0.0235591812605504   0.0418892013822459   0
1.00658182539039   -0.0187634748756351   -0.0169322043499205   0
1.01655816829388   -0.0030031560632075   0.00997634290348559   0
1.04454425923953   -0.00734576202537968   0.0279860909456502   0
1.02717157710494   -0.0337678803901724   -0.0173726821345856   0
1.0286136421355   0.0240239672627874   0.00144206503055577   0
1.0311076848648   -0.0428406412090891   0.00249404272930498   0
1.1484301662106   0.0724647147796347   0.117322481345796   0
1.1802107422969   -0.0150102637951962   0.0317805760863028   0
1.19297987136561   0.000659319708906703   0.0127691290687069   0
1.12393505927044   0.000655588408100483   -0.0690448120951657   0
1.11440565855403   -0.0260986780563776   -0.00952940071640729   0
1.07661587018131   0.0832218434260891   -0.0377897883727283   0
1.13180370142364   -0.0342186673957914   0.0551878312423333   0
1.09308756923325   -0.0614687360916217   -0.0387161321903913   0
1.05495025824313   -0.000668168427600591   -0.0381373109901162   0
1.0661443469607   0.033659187867235   0.011194088717565   0
1.35478340904589   0.429870570090143   0.288639062085192   1
1.26704927028155   -0.226933763257887   -0.0877341387643422   1
1.26888112373077   -0.0501113508033152   0.00183185344921877   0
1.24080188474269   -0.116051069293322   -0.0280792389880802   0
1.24615815238917   -0.0363707145027765   0.00535626764648889   0
1.33337448197131   0.0213583304683969   0.0872163295821324   0
1.32896419268626   -0.04549779663918   -0.00441028928504372   0
1.33428044750007   -0.00995629224230521   0.00531625481381215   0
1.33878530770331   -0.00227777445982913   0.00450486020323626   0
1.34845269137158   0.00562394403998673   0.00966738366826592   0
1.35554969997931   0.0361017612762402   0.00709700860773377   0
1.38239094433847   0.0486361403591768   0.0268412443591566   0
1.37247165509893   -0.0379942280736653   -0.00991928923953589   0
1.36961184990319   0.00586846538531133   -0.00285980519573714   0
1.38167051093495   0.0452888137281823   0.0120586610317572   0
1.26589775109446   -0.052953176018905   -0.115772759840496   0
1.24124541303533   -0.00629473431954314   -0.0246523380591244   0
1.2954699310699   -0.0374911796870731   0.0542245180345682   0
1.30210509217469   0.0848087410807515   0.00663516110478768   0
1.29580419116364   0.00498251590074744   -0.00630090101104908   0
1.30900481713552   0.0264058462121691   0.0132006259718835   0
1.28085478632435   0.0142379325648973   -0.0281500308111702   0
1.27720898366918   -0.101323794918416   -0.00364580265517511   0
1.15881210505629   0.010935184090361   -0.118396878612882   0
1.28727964988003   0.0172429147958629   0.128467544823735   0
1.22202903141466   -0.00623489647048792   -0.0652506184653698   0
1.17881111670626   -0.00293474521639414   -0.0432179147084035   0
1.28800909812635   0.0447445032362072   0.109197981420093   0
1.28451089943838   0.0109817710739674   -0.00349819868796741   0
1.26011347508359   -0.00365118154203076   -0.024397424354788   0
1.28050584756572   -0.03613608206276   0.0203923724821256   0
1.36757395404682   0.059771933613637   0.0870681064810999   0
1.35033542184377   -0.0174235627231644   -0.0172385322030462   0
