0.0167689   0   0   0
0.0170735452780757   0.00170808069306129   0.000304645278075669   0
0.0217895178260672   0.0142590575724627   0.00471597254799152   0
0.00473131455134036   -0.0351282119853246   -0.0170582032747268   0
0.01192635   -0.00854529959217416   0.00719503544865964   0
0.02695235   0.0358697501581526   0.015026   0
0.03492555   0.0225234402595573   0.00797320000000001   0
0.00901006199165827   -0.0308180410751499   -0.0259154880083417   0
0.0181431292843359   -0.0214091452641849   0.00913306729267758   0
0.0242883   0.00697013931507031   0.00614517071566415   0
0.0306937729609541   0.0598663524414616   0.00640547296095415   0
0.0105343   -0.0390633477112016   -0.0201594729609541   0
0.0011405   -0.0379137778043471   -0.0093938   0
0.0011405   0.00638317797575129   0   0
0.024212237164973   0.0808697043462072   0.023071737164973   0
0.0276974557396523   -0.0159192488140181   0.00348521857467933   0
0.0228329759781768   -0.0302321827330954   -0.00486447976147551   0
0.0281379976300287   -0.0186781755917713   0.00530502165185186   0
0.0250643118411916   0.0445158852940647   -0.00307368578883704   0
0.0331876539521853   0.0248824832132906   0.00812334211099364   0
0.0228746540906611   -0.0429110534231354   -0.0103129998615242   0
0.00963677419172126   -0.0149290611594528   -0.0132378798989399   0
0.0306592289528781   0.02980227047068   0.0210224547611569   0
0.0430624201005064   0.0284549213618976   0.0124031911476283   0
0.0329671374286956   -0.0313519190150144   -0.0100952826718109   0
0.0154243893434432   -0.0211922443675539   -0.0175427480852523   0
0.0198180789343569   0.0207154721042905   0.00439368959091365   0
0.0263210513976931   0.0351216461416936   0.00650297246333618   0
0.0242594943002781   -0.0162308950230531   -0.00206155709741498   0
0.0094394060993661   -0.0261290906131186   -0.014820088200912   0
0.0355198705125033   0.0328598901999732   0.0260804644131372   0
0.0533852522243971   0.0422289485561084   0.0178653817118939   0
0.0419635025207322   -0.00676203870719055   -0.0114217497036649   0
0.0234869324372618   -0.0437522355224172   -0.0184765700834704   0
0.0232097453381117   -0.00998556861418472   -0.000277187099150044   0
0.0424181630219886   0.042084932094152   0.0192084176838768   0
0.059374550502488   -0.00047327144479356   0.0169563874804994   0
0.0338952023132121   -0.0240661941090808   -0.025479348189276   0
0.0189113344146863   -0.0131464852532778   -0.0149838678985257   0
0.030316136889528   0.0104013971708511   0.0114048024748417   0
0.0529161273388369   0.0509199961398107   0.0225999904493089   0
0.0676327271893941   0.0254840915134955   0.0147165998505572   0
0.067995960349257   0.00274359072903058   0.000363233159862891   0
0.0541434062536474   -0.0109715795980072   -0.0138525540956096   0
0.059374295108279   0.0118326189183897   0.00523088885463159   0
0.0820029786923774   -0.00704483801464398   0.0226286835840984   0
0.202805877973223   -0.0631881378604081   0.120802899280846   0
0.750848258113324   0.322269820474625   0.5480423801401   1
1.55406001236479   0.787966631248352   0.803211754251466   1
1.52666191599786   0.611901098509986   -0.027398096366932   1
1.43403755221284   0.13976404739562   -0.092624363785021   0
1.03004109081058   0.296306024768894   -0.403996461402256   0
0.731438145449771   -0.643702537808089   -0.298602945360809   1
0.796210557351195   -0.153171664086493   0.0647724119014239   0
0.864127184852583   -0.0571138770385446   0.0679166275013884   0
0.935595326148009   -0.00947712622087105   0.0714681412954263   0
0.813114487878706   -0.145975452876349   -0.122480838269304   0
0.748730311560344   -0.158921761324124   -0.0643841763183616   0
0.724660395349608   -0.087198139886701   -0.0240699162107363   0
0.688445325543903   -0.0537584986789151   -0.0362150698057052   0
0.647056897313714   -0.167958907363275   -0.0413884282301886   0
0.664369518875227   0.0274420159957589   0.0173126215615128   0
0.683978562342783   0.0302981299757464   0.0196090434675561   0
0.653988163312991   -0.0110919681677817   -0.0299903990297915   0
0.640238278176571   0.0143996515515601   -0.0137498851364205   0
0.640868182228218   0.0220825790125445   0.000629904051646757   0
0.645004521926009   -0.0280025493177615   0.00413633969779181   0
0.60180171166631   -0.106947521055778   -0.0432028102596999   0
0.601445598453842   -0.0142777958642603   -0.000356113212467646   0
0.624399822398477   0.0458726451009742   0.0229542239446353   0
0.619888607065011   -0.00272012877734429   -0.00451121533346588   0
0.60855923121665   0.0114543876433064   -0.0113293758483614   0
0.582415088568711   -0.0616650903410121   -0.0261441426479386   0
0.515728143609111   -0.0682394702715474   -0.0666869449596   0
0.541377302032741   0.0337426762052819   0.0256491584236299   0
0.575165238738834   0.037881484679428   0.0337879367060928   0
0.561034623681997   0.00594061281989744   -0.014130615056837   0
0.544424872648422   -0.0433665576199117   -0.0166097510335755   0
0.476369328964932   -0.0816179293396785   -0.0680555436834892   0
0.512475666767214   0.0397271476085406   0.0361063378022813   0
0.551793436578626   0.0218046130748899   0.0393177698114122   0
0.566397037044024   0.00785922061560795   0.0146036004653985   0
0.530249578616287   -0.0527062569173364   -0.0361474584277374   0
0.505910744506627   -0.015136384681787   -0.0243388341096598   0
0.528774255045809   0.0133679607396402   0.0228635105391813   0
0.53204322006041   -0.0162155850466228   0.0032689650146015   0
0.540331667776607   0.0276798285664226   0.00828844771619708   0
0.537318687694975   -0.00983524975039884   -0.00301298008163231   0
0.496912341802103   -0.0425409800590064   -0.0404063458928719   0
0.482463953207646   -0.00231512309530257   -0.0144483885944567   0
0.522078433354127   0.03823644362149   0.039614480146481   0
0.554494143928725   0.0284453978167031   0.0324157105745981   0
0.507533328798464   -0.0651324428868708   -0.0469608151302612   0
0.484699427341316   -0.0463123693840541   -0.022833901457148   0
0.508766696260919   0.0305112170000197   0.0240672689196026   0
0.529584976290161   0.0336551639620756   0.0208182800292418   0
0.520799336876018   -0.0251383725478441   -0.00878563941414268   0
0.484482743118111   -0.0514410518349346   -0.0363165937579066   0
0.46181505751464   -0.0516324542911299   -0.0226676856034717   0
0.498464289587027   0.0336057220134472   0.0366492320723878   0
0.524014560038412   0.0517783532668156   0.025550270451384   0
0.516169250748967   -0.0210212509753323   -0.00784530928944449   0
0.477169336199425   -0.0706141679745539   -0.0389999145495419   0
0.471713776505679   -0.0045683290427907   -0.00545555969374584   0
0.494799089525486   0.0351808754244661   0.0230853130198068   0
0.501615967873083   -0.00621494413019597   0.00681687834759703   0
0.496785665007053   -0.0591338476091528   -0.00483030286603009   0
0.507448974661985   -0.00948487326223502   0.010663309654932   0
0.534039359752397   0.0355277790209311   0.0265903850904118   0
0.544956371645015   0.00954635576498875   0.0109170118926185   0
0.50911616571098   -0.0482879491994792   -0.0358402059340355   0
0.483789611641517   -0.0120157374419246   -0.0253265540694627   0
0.512017716193004   0.0256399945473718   0.0282281045514873   0
0.525043247156365   0.0163123161905315   0.0130255309633608   0
0.496642049314443   -0.0457826818646014   -0.0284011978419219   0
0.466554312292256   -0.0381604080804548   -0.0300877370221873   0
0.491057340566761   0.0153146044444645   0.0245030282745051   0
0.509551229923204   0.0189568374005473   0.018493889356443   0
0.503788696011284   -0.001007981410864   -0.00576253391192016   0
0.464296894962157   -0.0442619240182697   -0.0394918010491273   0
0.436778522149956   -0.0295625954829998   -0.0275183728122003   0
0.491051073641531   0.0455958532089938   0.0542725514915742   0
0.506549611319809   0.0424703756325313   0.0154985376782787   0
0.476443507566742   -0.0348190800591635   -0.0301061037530675   0
0.428413266018922   -0.0464883697915563   -0.0480302415478194   0
0.437322381793169   0.00633605189110381   0.00890911577424619   0
0.492667152700482   0.0280151406265703   0.0553447709073133   0
0.498373987080235   -0.00297602067560199   0.00570683437975278   0
0.473542388327064   -0.0649421194693893   -0.0248315987531706   0
0.469953465128198   -0.00641390199487846   -0.0035889231988665   0
0.503466357917538   0.0591785571272341   0.03351289278934   0
0.529916782146263   0.020851047368904   0.0264504242287253   0
0.480606130455335   -0.0680592850507664   -0.0493106516909284   0
0.443200881267456   -0.023557116641308   -0.0374052491878781   0
0.540821577886367   -0.00679737636173872   0.0976206966189109   0
0.529555058706354   0.0569997094339482   -0.0112665191800133   0
0.547499351719536   0.0605374928455462   0.0179442930131822   0
0.570379306740602   0.0622642471870587   0.022879955021066   0
0.566122724638441   -0.0112944940991787   -0.00425658210216084   0
0.526267968514036   -0.121348887299735   -0.0398547561244058   0
0.509684133937138   -0.0200965459345313   -0.016583834576898   0
0.546660501860387   0.031781463049238   0.0369763679232493   0
0.587234681643123   0.046772920718771   0.0405741797827361   0
0.579700898316753   -0.0103818116136215   -0.00753378332637034   0
0.535668781356598   -0.0745681704486355   -0.044032116960155   0
0.525110085908898   -0.0122255701393895   -0.0105586954476998   0
0.557450936537468   0.0284085216595779   0.03234085062857   0
0.545673533462546   -0.0222900658125232   -0.011777403074922   0
0.541702994584671   -0.0255966993474173   -0.0039705388778748   0
0.558330499094846   0.0216801708957592   0.0166275045101751   0
0.584916112618938   0.038070507838004   0.0265856135240919   0
0.578170184521902   -0.00222590815267459   -0.00674592809703611   0
0.540502907400654   -0.0619126529590571   -0.0376672771212478   0
0.540350241424254   -0.0110234652308847   -0.000152665976399846   0
0.555921200810196   0.0267359828211992   0.0155709593859414   0
0.580497751408436   0.0165566039518623   0.0245765505982399   0
0.623281668313973   0.035089911101204   0.0427839169055377   0
0.57561049177482   -0.0526220072794215   -0.0476711765391535   0
0.522676992045278   -0.0430745029000837   -0.0529334997295414   0
0.535122962042837   0.0206642497586342   0.012445969997559   0
0.573623995781644   0.0412798015008094   0.038501033738807   0
0.601252578304035   0.0420850432246174   0.0276285825223909   0
0.627316712014155   0.0266861417044609   0.0260641337101195   0
0.583531837023911   -0.0983222912931709   -0.043784874990244   0
0.562158933966854   -0.0238377223832743   -0.0213729030570565   0
0.577818372374486   0.0192300497921267   0.0156594384076317   0
0.630925779237146   0.0357887995419491   0.0531074068626601   0
0.60565207320158   -0.020133109851231   -0.0252737060355657   0
0.5892489612144   -0.0276582390054324   -0.01640311198718   0
0.586364044313991   0.0308629944656661   -0.00288491690040948   0
0.601839481156313   0.0223830158133507   0.0154754368423221   0
0.587438253391155   -0.046228889569388   -0.0144012277651585   0
0.57436633825569   -0.020389403843857   -0.0130719151354644   0
0.59316688468276   0.0373874239022924   0.0188005464270694   0
0.639894160239215   0.0605926695457831   0.0467272755564553   0
0.584029992464565   -0.0761182703735672   -0.0558641677746496   0
0.575883627984554   -0.0142385265600738   -0.00814636448001094   0
0.614239309854677   0.0419837247711186   0.0383556818701227   0
0.660719148409897   0.0463099353191745   0.0464798385552202   0
0.635983142168092   -0.0595604987722311   -0.0247360062418047   0
0.602473354451672   -0.0511385908801849   -0.0335097877164205   0
0.615093566676038   0.005232061257162   0.0126202122243664   0
0.645740791286643   0.0642387448999364   0.0306472246106049   0
0.684996569787032   -0.0332140090656933   0.0392557785003886   0
0.629807597426587   -0.0421057635680495   -0.0551889723604447   0
0.622043344622583   0.00423200372665281   -0.00776425280400383   0
0.657535684940369   0.0268546519371442   0.0354923403177856   0
0.6457971317794   -0.0203523131013551   -0.0117385531609686   0
0.61448731138934   -0.0268601240028241   -0.0313098203900601   0
0.584179605344966   -0.0192568241826613   -0.0303077060443743   0
0.581135277740476   0.00878204799754995   -0.00304432760449003   0
0.679012698924144   0.0409547100579725   0.097877421183668   0
0.799357733262305   0.0922655821545409   0.120345034338161   0
0.770362776730061   0.107770852358033   -0.0289949565322438   0
0.727196460512048   -0.0456513305135617   -0.0431663162180134   0
0.656858849702316   -0.143065238465768   -0.0703376108097314   0
0.677485206602329   -0.0203541322913282   0.0206263569000125   0
0.71395117059502   0.0256930141770305   0.0364659639926918   0
0.755130237444178   -0.00899255575333591   0.0411790668491572   0
0.725698236495894   -0.0448678920489194   -0.029432000948284   0
0.717559136462285   -0.0251196299615799   -0.00813910003360874   0
0.739954490902312   0.0361547991265029   0.0223953544400273   0
0.757979375261953   0.0361552502476363   0.0180248843596407   0
0.737071739204706   -0.0416380677818356   -0.0209076360572469   0
0.69700273938966   -0.0320904926135016   -0.0400689998150462   0
0.728615323379388   0.0256451677738058   0.031612583989728   0
0.765637052724396   0.0473364904213992   0.0370217293450086   0
0.745779640363541   0.0165717664454854   -0.019857412360855   0
0.709128210819271   -0.0876332978010291   -0.0366514295442706   0
0.699941497408891   -0.00507109752850921   -0.00918671341038013   0
0.732659249203202   0.0482042280703792   0.0327177517943117   0
0.73662113777074   0.00407728813212652   0.00396188856753821   0
0.694229464966824   -0.0662462213316461   -0.0423916728039166   0
0.690518141524182   0.00477015728995309   -0.00371132344264191   0
0.725711677109615   0.0158411682549457   0.0351935355854329   0
0.725229566950107   0.0105829711131445   -0.000482110159507609   0
0.703514246073953   -0.0255896030302221   -0.0217153208761544   0
0.67604555172035   -0.0100741890008386   -0.0274686943536029   0
0.637640326644488   -0.0379358960628842   -0.0384052250758615   0
0.601853703299915   -0.0165316467539535   -0.0357866233445731   0
0.673060996357871   0.00342463363779363   0.0712072930579556   0
0.850206194921267   0.109805134381712   0.177145198563396   0
1.14552146139606   0.697982551297179   0.29531526647479   1
1.32509426590752   0.368214284061695   0.179572804511466   0
1.24879257954334   -0.189357978655682   -0.0763016863641874   0
1.27604156805039   0.0235944339285477   0.0272489885070542   0
1.24445904118105   -0.0615603542830963   -0.0315825268693439   0
1.30447040364213   0.0224820577674794   0.060011362461079   0
1.26109810017698   -0.0762517979444266   -0.0433723034651412   0
1.22689420316189   -0.0612578203185574   -0.034203897015094   0
1.20584836492467   -0.0331137598195373   -0.0210458382372207   0
1.14549788015092   -0.119264369950442   -0.0603504847737504   0
1.12491745636169   -0.0258435919569503   -0.0205804237892317   0
1.13922003466023   0.0333702270431592   0.01430257829854   0
1.1273119550883   0.0103805616495014   -0.0119080795719302   0
1.11802162413882   -0.00764577847668568   -0.00929033094947962   0
1.11569686634901   0.00160691450279715   -0.00232475778980823   0
1.06821721358954   -0.0896275552581347   -0.0474796527594703   0
1.050928268577   -0.0248694324292943   -0.0172889450125397   0
1.06556760977659   0.0307227774304794   0.0146393411995926   0
1.05717506930404   -0.0103015924764805   -0.00839254047255311   0
1.0517877385005   -0.00425012249438872   -0.00538733080353726   0
1.01939539308369   -0.0583169743637785   -0.0323923454168122   0
1.01869924422827   0.0146329999069061   -0.000696148855419132   0
1.03044288493553   0.0334665945092816   0.0117436407072558   0
1.04151696102908   0.00835467470496909   0.0110740760935537   0
1.03905016218961   -0.0410988708904884   -0.00246679883947221   0
1.0485547416325   -0.00443227186081729   0.00950457944289296   0
1.10368877344125   0.0374900822478499   0.055134031808749   0
1.09996902577084   -0.0226183610272901   -0.00371974767040983   0
1.06914866744399   -0.0728780620389682   -0.030820358326854   0
1.0442819418099   -0.0914325099537678   -0.0248667256340884   0
1.06582298719112   0.0115274292553803   0.0215410453812217   0
1.07581609224591   0.0342083581033241   0.00999310505478612   0
1.07747260115849   0.0127187381529732   0.00165650891258817   0
1.07487922580818   -0.0326227783903936   -0.00259337535030979   0
1.07200273874137   -0.0197046363023751   -0.00287648706681276   0
1.05372184014817   0.0593353620630218   -0.0182808985931986   0
1.07989745649761   0.0311747413647688   0.0261756163494342   0
1.03706474147338   -0.0801233357305433   -0.0428327150242258   0
1.00791906173065   -0.0517342310802965   -0.0291456797427274   0
1.0106327748521   0.00529915007146037   0.00271371312144408   0
1.06296695354277   0.0545423049033679   0.0523341786906739   0
1.06586793627318   0.0157052065198474   0.00290098273041006   0
1.02643468114452   -0.0741247563245059   -0.0394332551286627   0
1.0295292089743   -0.0370071120848028   0.00309452782978248   0
1.01809525149529   0.0431988022365755   -0.011433957479015   0
1.05498610310563   0.0704316494242564   0.0368908516103426   0
1.05793139855569   0.00675321416512309   0.00294529545006217   0
1.01342978975408   -0.0976685501297631   -0.0445016088016101   0
1.00368937957617   -0.0423483471080661   -0.00974041017790928   0
1.03317958378021   0.0530739686548093   0.0294902042040395   0
1.04256228195202   0.0208604063450682   0.00938269817180748   0
1.02950188731991   -0.0194438491404376   -0.0130603946321115   0
0.964713761573997   -0.0925446367950402   -0.0647881257459103   0
0.94759326583139   -0.00617494334207641   -0.0171204957426064   0
1.00037024042801   0.0604592742595007   0.0527769745966225   0
0.945401598211046   -0.0467947056020253   -0.0549686422169668   0
0.930075394752087   -0.0351745313773031   -0.015326203458959   0
0.96030356249222   0.0457277390729113   0.0302281677401334   0
0.971283875735616   0.0559902593063004   0.010980313243396   0
0.934914485082058   -0.0648399977991994   -0.0363693906535579   0
0.89137703959618   -0.0717958692050579   -0.0435374454858781   0
0.877809976983202   -0.0250745856212325   -0.0135670626129779   0
0.936668254189951   0.0572980017074804   0.0588582772067484   0
0.962280158084173   0.0622245292431948   0.025611903894222   0
0.967183095272684   0.0238614239359303   0.00490293718851154   0
0.924829125811358   -0.129379506608137   -0.0423539694613264   0
0.932146897004035   -0.00155117295616414   0.00731777119267685   0
0.958489321962952   0.05045691987038   0.0263424249589175   0
0.964786831385825   0.0294279798571921   0.00629750942287288   0
0.913549767293222   -0.0602371965816139   -0.0512370640926028   0
0.889438190703126   -0.0141815133131173   -0.0241115765900963   0
0.928417235241247   0.0295045803051641   0.0389790445381207   0
0.951218806338084   0.082504280604985   0.0228015710968379   0
0.977835644191292   0.0457534458829986   0.0266168378532078   0
0.983853150272438   -0.00607790985827855   0.00601750608114549   0
0.941967154465059   -0.0887766903226147   -0.041885995807379   0
0.902744095494399   -0.0314831183299235   -0.0392230589706599   0
0.933142766188674   0.0184347210863834   0.030398670694275   0
0.96002526415884   0.0544856689747976   0.0268824979701657   0
0.97606638601442   -0.00595785276152877   0.0160411218555799   0
0.942976583065693   -0.0683035746216224   -0.0330898029487264   0
0.926047137424035   -0.00613946577130264   -0.0169294456416578   0
0.956498550916309   0.0397564476432065   0.030451413492274   0
0.946806600507332   0.0100562890937166   -0.00969195040897752   0
0.907864258168725   -0.0818917111057095   -0.0389423423386065   0
0.906716253031923   -0.0157224014613481   -0.00114800513680247   0
0.922455402796797   0.0632349182304758   0.0157391497648738   0
0.946575161715249   0.0226933166769587   0.0241197589184525   0
0.903016367938865   -0.0492938781203738   -0.0435587937763838   0
0.851038518259896   -0.000103223973932254   -0.0519778496789689   0
0.838665045993035   -0.032549215677529   -0.0123734722668611   0
0.884529415338037   0.0345963688733046   0.0458643693450022   0
0.926809324303548   0.0517791137987058   0.0422799089655108   0
0.95073816227708   0.0292588041242942   0.0239288379735321   0
0.953301900766751   0.00497994538830715   0.00256373848967051   0
0.910465987149575   -0.113377395303764   -0.0428359136171759   0
0.916236183192549   0.0198227228873789   0.0057701960429738   0
0.95707742003782   0.0452252302174   0.0408412368452715   0
0.954438700525209   0.0219271900416723   -0.00263871951261108   0
0.917002678696333   -0.0683998599337664   -0.0374360218288762   0
0.89620839699104   -0.0352679857709464   -0.0207942817052927   0
0.926961137509551   0.0325665819763019   0.0307527405185103   0
0.918300905996232   0.0149160121677565   -0.00866023151331885   0
0.912503029889901   -0.0358660896646995   -0.00579787610633065   0
0.937334728437099   0.0185789023703633   0.0248316985471978   0
0.951526112567201   0.031991941379969   0.0141913841301023   0
0.952161377144258   0.00672765505632672   0.000635264577056871   0
0.901290735462897   -0.068146057210276   -0.0508706416813611   0
0.893193353182277   0.00547274890072319   -0.00809738228061985   0
0.897214248368248   0.00494721090897643   0.00402089518597071   0
0.872909416539024   0.0175215948249036   -0.0243048318292234   0
0.865000416500189   -0.0240636868265578   -0.00790900003883577   0
0.826075553759612   -0.0306232232938791   -0.0389248627405765   0
0.802848347909492   -0.0410514756103053   -0.0232272058501206   0
0.86212658399057   0.0436212923782542   0.0592782360810785   0
0.901364067527378   0.0485644878850259   0.0392374835368081   0
0.999568197692134   0.0253548979912138   0.0982041301647554   0
0.904777135434053   -0.0393593987438298   -0.0947910622580809   0
0.816037372124739   -0.0448575202594721   -0.0887397633093135   0
0.859514106750582   0.0256560894544518   0.0434767346258425   0
0.922939825090455   0.0267732638484085   0.0634257183398735   0
0.947221690164188   0.056634676703782   0.0242818650737324   0
0.907778702066341   -0.0225067263348488   -0.039442988097847   0
0.847020003115186   -0.071121194161635   -0.0607586989511544   0
0.879273636460374   -0.00747609226542112   0.0322536333451879   0
0.922501550181624   0.0421131248310894   0.04322791372125   0
0.954928013847772   0.0386373809114913   0.0324264636661475   0
0.926411826190167   -0.0360455953996893   -0.0285161876576048   0
0.866536516108381   -0.102340877819611   -0.0598753100817864   0
0.866584053661415   0.0207947074906659   4.75375530342159e-05   0
0.918194146361759   0.0577549622638889   0.0516100927003447   0
0.951182053161223   0.00975151712245215   0.0329879067994636   0
0.88222564512119   -0.0617637870432413   -0.0689564080400331   0
0.852749611335391   -0.00798881009727923   -0.0294760337857992   0
0.899489281761878   0.0482725590290687   0.0467396704264877   0
0.903820124358387   0.00723235867964681   0.00433084259650851   0
0.863892714502212   -0.0504977449070964   -0.0399274098561752   0
0.820330115904757   -0.025771862914306   -0.0435625985974545   0
0.784532811410111   0.00108538791824642   -0.0357973044946466   0
0.843625560900119   0.0326672788657864   0.0590927494900079   0
0.89952952095665   0.052017652109583   0.0559039600565312   0
0.941497528530612   0.0386884812378236   0.041968007573962   0
0.937114551988375   0.00684277351988932   -0.00438297654223685   0
0.884486998296894   -0.0245664743244317   -0.0526275536914809   0
0.832953715148191   -0.0905800526977076   -0.0515332831487035   0
0.880120695372089   0.0145889871244253   0.0471669802238986   0
0.939545706497509   0.0464071043109387   0.0594250111254193   0
0.912931582935573   -0.0156576745402058   -0.026614123561936   0
0.870614785218612   -0.0245050284926223   -0.0423167977169605   0
0.757301274686066   0.0112670886942435   -0.113313510532546   0
0.792727838039929   0.0152431427380319   0.0354265633538633   0
0.820611419736833   -0.0216047549560138   0.0278835816969036   0
0.806463652236852   -0.0430106921816827   -0.0141477674999804   0
