0.003313245   0   0   0
0.0359266220824474   0.0423540062286321   0.0326133770824474   0
0.0326566199109246   0.0355166228942266   -0.0032700021715228   0
0.000226624667042778   -0.00971217032410607   -0.0324299952438819   0
0.0143666331989266   0.00367326183107028   0.0141400085318838   0
0.0202163496193675   0.0128247264022943   0.00584971642044089   0
0.0302103348349948   -0.0269321011731648   0.00999398521562731   0
0.0161670488993044   0.00664864013735894   -0.0140432859356904   0
0.0247733867628873   -0.000633946247047323   0.00860633786358289   0
0.0326933778380286   -0.0199291575435411   0.0079199910751413   0
0.0389778738776886   -0.0189926141221437   0.00628449603966   0
0.0196602538193712   0.0511078682243346   -0.0193176200583174   0
0.0327007088026559   0.00253600168548067   0.0130404549832847   0
0.0284454196578399   -0.0436222560442068   -0.00425528914481604   0
0.02598477564978   0.00755114206010894   -0.0024606440080599   0
0.01066431015422   0.0090275240950002   -0.01532046549556   0
0.0241169248317732   0.00829041893362538   0.0134526146775532   0
0.0257578586965396   -0.0177889858786794   0.00164093386476637   0
0.0285804731735673   0.000348319687356546   0.00282261447702771   0
0.0210826366235938   -0.00540721930496491   -0.00749783654997347   0
0.0441028058968474   0.026299878281587   0.0230201692732536   0
0.0568201890163171   -0.0180399609759325   0.0127173831194696   0
0.0337776768017355   -0.0304858498969732   -0.0230425122145816   0
0.0305831990435108   0.00158845748080974   -0.00319447775822469   0
0.0469823462262955   0.0455933399530729   0.0163991471827847   0
0.0277845692275515   -0.00353919232593278   -0.019197776998744   0
0.0241061040184976   -0.0300596431897961   -0.0036784652090539   0
0.0390907624383626   -0.00894471135527811   0.014984658419865   0
0.0475554990052675   0.0208896363993311   0.00846473656690492   0
0.0417392609798763   0.0105624965435057   -0.00581623802539121   0
0.0528864538902449   0.00488536890020613   0.0111471929103686   0
0.0460937875318898   0.00442056669005636   -0.00679266635835511   0
0.0684687534959744   0.0791242293154997   0.0223749659640846   0
0.269540211218178   0.243464812983404   0.201071457722204   0
0.418774267051   0.29217228065091   0.149234055832822   0
0.668049587960355   0.235135020243832   0.249275320909355   0
0.662923503705556   0.0442615759808402   -0.00512608425479921   0
0.585238233523751   -0.0531119640860976   -0.0776852701818053   0
0.574685138603958   -0.157640881686737   -0.0105530949197931   0
0.669750417694123   -0.24977657681552   0.0950652790901656   0
0.841330744556652   -0.168140269106504   0.171580326862529   0
0.857630358240804   -0.162900970812714   0.0162996136841523   0
0.542233174751186   0.127880214008334   -0.315397183489618   0
0.636348208483563   -0.148041940996176   0.0941150337323771   0
0.586273030498803   -0.0282077982367283   -0.0500751779847601   0
0.31223982297414   0.124516237970606   -0.274033207524662   0
0.271334043328427   -0.109409845789624   -0.0409057796457137   0
0.252205709680377   -0.0092126146027464   -0.0191283336480498   0
0.25146352098714   -0.0383547410475004   -0.00074218869323639   0
0.254682931214972   -0.0357397499900353   0.00321941022783129   0
0.251586094126226   0.0155742971282071   -0.0030968370887462   0
0.246864120294445   -0.00163510364244054   -0.00472197383178094   0
0.250119881451355   0.00994092994280648   0.00325576115691087   0
0.246890149024318   -0.00226365379140987   -0.00322973242703734   0
0.23882078160056   0.00567655453804208   -0.0080693674237578   0
0.240380623077178   0.0237412817995119   0.00155984147661806   0
0.23324202884684   0.0172259730203031   -0.00713859423033869   0
0.234079996747528   0.000641800304141377   0.000837967900687853   0
0.234392689003566   0.0160167378452587   0.000312692256038666   0
0.239010299356534   0.00227045676733781   0.00461761035296784   0
0.229223948992443   -0.040717980583751   -0.00978635036409126   0
0.235441407456956   -0.0201908619687073   0.00621745846451349   0
0.240718522130576   0.0326329063587839   0.00527711467361927   0
0.239439105242069   0.00408368478979804   -0.00127941688850672   0
0.239563092457686   0.0150723158706498   0.000123987215617571   0
0.238457093113394   -0.0218182557643173   -0.00110599934429206   0
0.233947687955244   0.010670715642119   -0.00450940515815054   0
0.240520105319888   0.0188636572678968   0.00657241736464417   0
0.234014012700848   0.00441781999890667   -0.00650609261904028   0
0.234788486141043   0.014430961631528   0.000774473440194823   0
0.239946634258754   4.47400191028458e-05   0.00515814811771118   0
0.235546530006414   -0.0279575232212134   -0.00440010425233969   0
0.235178573238699   -0.0313863981518894   -0.0003679567677152   0
0.243817098076312   0.0463362904030528   0.00863852483761351   0
0.23608664019351   0.0130361965076922   -0.00773045788280197   0
0.224878139952531   -0.0105892807840711   -0.0112085002409796   0
0.225190444018502   -0.0318677075720101   0.000312304065971103   0
0.222002826532321   -0.0102775111421044   -0.00318761748618041   0
0.221629355891887   0.0416942138356941   -0.000373470640434859   0
0.22688516819691   0.014354475583632   0.00525581230502314   0
0.241052967705279   0.00764267616868564   0.0141677995083697   0
0.227091428142945   -0.0177321859843743   -0.0139615395623341   0
0.221727530153909   -0.0408081208471323   -0.00536389798903666   0
0.227718820234105   0.0329327649170751   0.005991290080196   0
0.243470707449014   0.0228809908417167   0.015751887214909   0
0.237808450944934   0.00133007542946686   -0.00566225650407981   0
0.230884359528748   -0.0473683101315711   -0.00692409141618627   0
0.230780176417782   -0.037908241716375   -0.000104183110965828   0
0.244173173143309   0.0526903969600217   0.0133929967255275   0
0.240298431086722   0.0257711953904705   -0.00387474205658744   0
0.243906677171536   -0.00584530162193786   0.00360824608481436   0
0.236975282053978   -0.0559486443344438   -0.00693139511755808   0
0.243328295844318   -0.000946186633962148   0.00635301379033995   0
0.252556734744022   0.0442612165480693   0.00922843889970432   0
0.254905255623658   0.00553840085940438   0.00234852087963577   0
0.24691875624223   -0.0487966694658548   -0.00798649938142779   0
0.24576691697076   -0.0117120949374074   -0.00115183927147025   0
0.260587617600228   0.041347242613521   0.0148207006294676   0
0.27104785247371   0.0299532620916168   0.0104602348734822   0
0.256599284193935   -0.0341133745010158   -0.0144485682797746   0
0.260983487817529   -0.0226327218247967   0.00438420362359399   0
0.264798169917246   0.0257157255149228   0.00381468209971636   0
0.283952234547309   0.00621580284978547   0.0191540646300634   0
0.280978586584125   0.0257393592426271   -0.00297364796318433   0
0.262969183695257   -0.0470996173724675   -0.0180094028888673   0
0.256187349089763   -0.0146977356113543   -0.00678183460549464   0
0.271719085445336   0.0314401305818708   0.0155317363555735   0
0.264393527147267   0.0231464509614587   -0.00732555829806947   0
0.273685807143068   -0.0047318828052493   0.00929227999580096   0
0.255786007587519   -0.0474143654200113   -0.0178997995555484   0
0.262796744503052   0.00564820911750129   0.00701073691553289   0
0.261568872624401   0.0230631066281572   -0.00122787187865148   0
0.266224686157182   0.0230221231081084   0.00465581353278116   0
0.26675453698995   -0.0282573117033771   0.000529850832767909   0
0.264031201309149   -0.0320637695842441   -0.00272333568080058   0
0.262429995254925   0.0104968127726131   -0.0016012060542242   0
0.259976202448364   0.0288914678539516   -0.00245379280656149   0
0.271540083554091   0.0144787068210512   0.011563881105727   0
0.265763456715389   -0.0120614221423252   -0.0057766268387015   0
0.249350146192558   -0.0384199021048929   -0.0164133105228312   0
0.262731315356111   0.0120848592946576   0.0133811691635536   0
0.266272377212695   0.0186081305065091   0.00354106185658398   0
0.286413616782835   0.0227165087494603   0.020141239570139   0
0.315554126185633   0.0470469701138597   0.0291405094027983   0
0.437069512499925   0.154756018013817   0.121515386314293   0
0.55652156500655   0.0154453009809712   0.119452052506625   0
0.462445294498171   -0.123451636890199   -0.0940762705083793   0
0.396321154949496   -0.0522227389192666   -0.0661241395486747   0
0.305985504342981   -0.0464602048791356   -0.0903356506065152   0
0.255803374081911   0.0194762222285336   -0.0501821302610701   0
0.260605237488606   0.0386804440126035   0.00480186340669475   0
0.270396019908226   -0.0111704403519144   0.00979078241962095   0
0.255906034275493   -0.0658930964998354   -0.0144899856327331   0
0.261462358017842   -0.00175626277906313   0.00555632374234821   0
0.279995226776797   0.0291768402401377   0.0185328687589554   0
0.284419347725436   0.0208877222079661   0.00442412094863903   0
0.283874427746513   -0.00861520046067629   -0.000544919978923419   0
0.293882212717102   -0.0183609618491835   0.0100077849705895   0
0.28174602990907   -0.00439499560894879   -0.0121361828080322   0
0.279992016625939   0.0137990902812544   -0.00175401328313107   0
0.280912209962583   0.00909889722251969   0.000920193336644504   0
0.272262505929337   -0.0162118135576547   -0.00864970403324589   0
0.271589621165947   -0.0306965522687928   -0.000672884763390613   0
0.277880614985537   -0.00171560532055237   0.00629099381958975   0
0.283883248167891   0.0429369842598414   0.00600263318235461   0
0.296349006231774   0.0072319651680087   0.0124657580638827   0
0.270125307039524   -0.0490629057967503   -0.0262236991922497   0
0.278039361380884   -0.00696225735279607   0.00791405434136011   0
0.301708960494916   0.0331897989873968   0.0236695991140312   0
0.284697384959908   0.00198864468790239   -0.0170115755350077   0
0.286109336629238   0.00265283436854277   0.00141195166932989   0
0.278774739830051   -0.0119561073964488   -0.00733459679918702   0
0.279548951522578   -0.0313034818615242   0.000774211692526894   0
0.284077045754246   -0.0511917065206381   0.00452809423166839   0
0.413628812425162   0.477460630268159   0.129551766670916   0
0.472805520514778   0.399493332411063   0.0591767080896156   0
0.742883565957344   1.09505198669961   0.270078045442566   1
3.72471961526734   1.61763895909698   2.98183604930999   1
3.22849605273574   -0.00179778434883016   -0.496223562531598   1
3.25894208072194   -0.403000547663404   0.0304460279862009   1
2.97538740609521   -0.225388730640939   -0.283554674626727   0
2.81982635977825   0.147451066617228   -0.155561046316964   0
2.8936507453781   -0.634899807968059   0.0738243855998539   0
2.70662476996609   -0.794784235065847   -0.187025975412011   1
2.61778206015111   -0.231582006650317   -0.0888427098149802   0
2.52474143539634   -0.251542529449806   -0.0930406247547739   0
2.47050256795734   -0.105875838082597   -0.0542388674390004   0
2.40592078419059   -0.0850632471856059   -0.0645817837667502   0
2.32489620372335   -0.0818376529635231   -0.0810245804672363   0
2.21325656879495   -0.0295225304700938   -0.1116396349284   0
2.18543956456642   -0.0540368386623461   -0.0278170042285337   0
2.11206950207971   -0.0444068820513192   -0.0733700624867035   0
2.07172782899323   -0.0603608795078103   -0.0403416730864845   0
2.04388555043305   -0.00432268379091183   -0.0278422785601822   0
2.10405656336017   0.117892556418258   0.0601710129271207   0
2.31414748064357   0.109399086383043   0.210090917283406   0
2.19684597063358   0.179899149129169   -0.117301510009993   0
2.10317416477862   0.199038956755669   -0.0936718058549597   0
2.05722723061777   0.164617105311914   -0.0459469341608534   0
2.14695134708084   0.0976383481895664   0.0897241164630764   0
2.24304074993389   -0.0467646783291729   0.0960894028530483   0
2.23891764782232   -0.0943002844289667   -0.00412310211156797   0
2.2562194574489   -0.0669155186841923   0.0173018096265731   0
2.27504017360881   -0.0653888899010133   0.0188207161599117   0
2.2934795536848   -0.0508293355826461   0.018439380075995   0
2.28614329963237   -0.0768375862813901   -0.00733625405242977   0
2.23227922551083   -0.0301711491346379   -0.0538640741215399   0
2.22262027373239   -0.0609152260732291   -0.00965895177844356   0
2.22407686679238   -0.0816093375069267   0.00145659305998658   0
2.2024962630121   -0.0623691529517705   -0.021580603780281   0
2.18653757452485   -0.0191247078906401   -0.0159586884872494   0
2.16240823055043   -0.0261310182559681   -0.0241293439744155   0
2.15568933384799   0.0373929060163942   -0.00671889670243919   0
2.13788871898919   0.0925501055374591   -0.0178006148588006   0
2.09376953197869   0.0543606531857537   -0.0441191870105051   0
2.08781604777702   0.0403048603702971   -0.00595348420166797   0
2.06645496676047   -0.0190166130967602   -0.0213610810165523   0
2.056949558069   -0.0730477579068218   -0.00950540869146765   0
2.06153703144771   -0.0185926877791849   0.00458747337871435   0
2.02456418529205   -0.0236230861214888   -0.0369728461556664   0
2.04265200203002   -0.037696309095445   0.0180878167379732   0
2.03040042335798   -0.0413035450247646   -0.0122515786720436   0
2.03316594916991   -0.0171341487921898   0.00276552581193812   0
2.03088773509271   0.0375672818217742   -0.00227821407720397   0
2.02431665027633   0.031176478616065   -0.00657108481637625   0
1.99918162154518   0.0127472186482844   -0.025135028731158   0
2.00971671381696   -0.0128138403470552   0.0105350922717862   0
2.04918914132035   -0.019396647132131   0.0394724275033922   0
2.05096000273195   0.00131163148610947   0.00177086141159766   0
2.04952392739241   0.0125514757205609   -0.00143607533954437   0
2.05186757582574   -0.00925593007942149   0.00234364843333212   0
2.04941681578108   0.00783245471362881   -0.00245076004466283   0
2.04689638460255   0.0169037882503071   -0.00252043117852496   0
2.01763045914632   -0.00432211555372408   -0.0292659254562295   0
2.03685700160965   -0.0210928330587428   0.0192265424633264   0
2.04123365694505   -0.00104617228917081   0.00437665533539766   0
2.04027250903678   0.002716182429499   -0.000961147908263627   0
2.02959569860139   -0.0205971545810066   -0.0106768104353967   0
2.01557490577906   -0.0184262475323607   -0.0140207928223308   0
2.02306098609038   -0.0044763129155716   0.00748608031132925   0
1.99473986543515   -0.0174279885821728   -0.0283211206552327   0
2.02248069799992   0.00134615630436241   0.027740832564769   0
2.0182465529127   0.0132230516322464   -0.00423414508722031   0
2.01591413277178   0.0213693366531272   -0.00233242014092072   0
1.99264497840816   -0.00968297691606257   -0.0232691543636216   0
2.01021554138909   -0.0286338656513185   0.0175705629809355   0
1.99807558914822   0.000903759206518195   -0.0121399522408756   0
2.01319986819671   -0.0145581123243398   0.0151242790484913   0
1.99031147914943   -0.000728193523203524   -0.022888389047278   0
2.00123884119693   -0.00992946833677177   0.0109273620475028   0
2.02220301550685   0.00237669303028498   0.020964174309916   0
2.00089376732149   0.0144267133125585   -0.0213092481853572   0
1.99578709139333   0.00800438756074651   -0.00510667592816327   0
2.07633523304337   0.0316039942836449   0.080548141650036   0
2.1229628267332   -0.0458599231911417   0.0466275936898293   0
2.03598398720527   -0.0184842866053843   -0.0869788395279301   0
2.0582476969044   -0.00988590148395274   0.0222637096991303   0
2.02118888579494   0.035272093318016   -0.0370588111094534   0
2.02820197997044   0.0163542411249542   0.00701309417549467   0
2.04130045459537   -0.02150576287591   0.0130984746249299   0
2.04203412684197   0.00327421570161834   0.000733672246604034   0
2.1637344759818   0.114489837447128   0.121700349139833   0
2.4009487208537   0.151899002321279   0.237214244871892   0
2.53591082070077   0.231801595710714   0.134962099847073   0
2.71558690130831   0.181570955252243   0.179676080607537   0
2.7291186990137   0.0660477873599157   0.0135317977053977   0
2.69059510777616   -0.0438362662906999   -0.0385235912375452   0
2.50035717963559   -0.0334038767024252   -0.190237928140567   0
2.28478491678517   -0.303018251754261   -0.215572262850426   0
2.25583335543333   -0.221899781900459   -0.0289515613518345   0
2.91537918119106   0.0658410218940593   0.659545825757728   0
2.78386458407306   -0.0576918724447635   -0.131514597118003   0
1.93754533963582   -0.648124377264208   -0.846319244437232   1
1.03499923720805   -0.207450279576083   -0.902546102427772   1
0.842270805383429   -0.143012957106314   -0.192728431824624   0
0.797108774939939   -0.033209814920681   -0.0451620304434902   0
0.790345439492283   0.0212979231542747   -0.00676333544765573   0
0.814481383255627   0.0101962195921992   0.0241359437633444   0
0.814185667682286   0.0219606864818364   -0.000295715573341071   0
0.835651345264579   0.0163885730164651   0.0214656775822925   0
0.829438981780004   -0.0549843455964043   -0.00621236348457466   0
0.818299942241841   -0.00878675180278969   -0.0111390395381633   0
0.821671309113626   0.0031461635715649   0.00337136687178541   0
0.813937995468942   -0.00108280634347267   -0.00773331364468377   0
0.807718417550479   0.00122093800771442   -0.00621957791846328   0
0.808733626763627   0.0272093687917693   0.00101520921314835   0
0.803020209029169   0.00607721613095753   -0.00571341773445855   0
0.826134926181856   0.0155430028149152   0.0231147171526868   0
0.824713360634772   0.0154869574171236   -0.00142156554708317   0
0.80690899454291   0.010898531716042   -0.0178043660918625   0
0.835601353030559   -0.0139450953164149   0.0286923584876487   0
0.828658557541947   0.0458310889972458   -0.00694279548861165   0
0.877542339455767   0.00393572376992732   0.0488837819138197   0
0.882333976746475   -0.0598267318317375   0.00479163729070875   0
0.916624890204957   -0.0141265518297106   0.034290913458482   0
0.92496830100131   0.00556855923643691   0.00834341079635248   0
0.926284041290926   0.00671329516220152   0.00131574028961623   0
0.924662792589547   0.0759460514666867   -0.00162124870137892   0
0.931165845749564   0.0142232765482869   0.00650305316001654   0
0.93617232711825   -0.0550163339527724   0.00500648136868653   0
0.907484483375611   -0.00778900741001179   -0.028687843742639   0
0.909872358641722   -0.00841623016444082   0.00238787526611062   0
0.877256339820351   0.0149503632716324   -0.0326160188213706   0
0.862276051138062   0.0560639352318381   -0.0149802886822892   0
0.868143388397331   -0.0497305715890703   0.00586733725926925   0
0.901011435741106   -0.0249716628880228   0.0328680473437749   0
0.878223872922076   0.00182016141601096   -0.0227875628190307   0
0.88393225363005   -0.00829527877873276   0.00570838070797486   0
0.861720558164449   0.0202252657249742   -0.0222116954656011   0
0.854223692490732   0.0674957531641764   -0.00749686567371777   0
0.840758912617791   -0.0212725960717142   -0.0134647798729406   0
0.838158043982458   -0.0503529236502446   -0.00260086863533293   0
0.849973241597787   0.00867054293834857   0.011815197615329   0
0.847703570667542   -0.00685294929852009   -0.00226967093024555   0
0.854516849986149   0.0235746699882102   0.00681327931860709   0
0.839572466460907   0.033876981088687   -0.014944383525242   0
0.865530340061803   -0.0548562817146293   0.0259578736008961   0
0.868403783914056   -0.0212374645036343   0.00287344385225297   0
0.871959113725667   0.00382368062272426   0.00355532981161089   0
0.882566419352674   0.0828227694777838   0.0106073056270074   0
0.904147102051569   -0.0270445095556193   0.0215806826988948   0
0.925767154576274   -0.0435379126618563   0.0216200525247048   0
0.910443252749588   -0.00280522392887908   -0.0153239018266856   0
0.880899378813494   0.13000243505645   -0.0295438739360937   0
0.927850811163222   0.670739448732395   0.0469514323497281   1
0.964558585155018   -0.593943407020122   0.0367077739917957   0
1.0049286706171   -0.243202526562943   0.0403700854620812   0
0.999265370080566   -0.0403536328956198   -0.0056633005365333   0
0.964684661568872   0.108172052053493   -0.0345807085116937   0
0.934221354490198   -0.044644745668555   -0.0304633070786743   0
0.975825391809032   -0.0552433288238061   0.0416040373188337   0
0.990540309789183   0.00966645093493139   0.014714917980151   0
0.979621821296106   0.0545392389823137   -0.0109184884930765   0
0.972416082718838   0.0278129545358622   -0.00720573857726836   0
1.01895819720941   -0.0565376126635164   0.046542114490572   0
0.997043123619159   -0.0432233878392842   -0.0219150735902505   0
0.961385698422334   -0.000869689345903271   -0.0356574251968249   0
0.992508971467009   0.0810555668485582   0.0311232730446745   0
1.45845374701051   0.163900092539051   0.465944775543502   0
1.71434744048253   0.718916446025489   0.255893693472018   1
1.62899549504509   0.334747043879033   -0.0853519454374381   0
1.65501157174021   -0.0651579779164559   0.0260160766951185   0
1.81702141225097   -0.0572094449857812   0.162009840510758   0
2.4931784535663   -0.00349908539960997   0.676157041315333   0
2.71211460923672   -0.245380725553932   0.21893615567042   1
2.81458859001205   -0.0426533281004183   0.102473980775325   1
2.50871822532444   -0.565473068549354   -0.305870364687607   1
1.82700031384617   -0.0535592918366217   -0.68171791147827   1
1.39858392253281   0.101779877843453   -0.428416391313363   1
1.25028813473175   -0.0150630929502202   -0.148295787801056   0
1.17098661084831   -0.0492610397766355   -0.0793015238834454   0
1.11101375639785   -0.0136565560775014   -0.0599728544504601   0
1.09431137767433   -0.00908814356185789   -0.0167023787235105   0
1.05921551957345   -0.0383340336835261   -0.0350958581008862   0
1.09002384483276   0.0420091309140245   0.030808325259315   0
1.0829521801272   -0.031181460040406   -0.00707166470556575   0
1.05554440020541   -0.00333987743368447   -0.0274077799217871   0
0.99413451733782   -0.00568141496972313   -0.0614098828675905   0
0.991466603082651   -0.0153875523695436   -0.00266791425516932   0
0.998275117098112   0.0253152816588576   0.00680851401546179   0
1.01146508794088   -0.016501161034859   0.0131899708427667   0
1.01632287477861   -0.0126896528827031   0.00485778683772686   0
1.02253366362983   0.0300734559061516   0.00621078885122772   0
1.03361674320961   0.00411289919222568   0.0110830795797807   0
0.989910187038829   0.000865042387331705   -0.0437065561707851   0
1.01226599841852   -0.00444867200134064   0.0223558113796941   0
0.990066256275432   0.0181425679803819   -0.0221997421430911   0
0.993259946614933   -0.00822273990697364   0.0031936903395009   0
0.980367605859659   0.00223037864722425   -0.0128923407552742   0
0.982004933562581   -0.0112082366588471   0.00163732770292246   0
0.982723884097283   0.0271907073335677   0.000718950534701501   0
0.981257128418056   -0.00717291285480742   -0.00146675567922649   0
0.967258286734986   -0.000244072331646694   -0.0139988416830705   0
0.982985912174991   0.00502230783720825   0.0157276254400055   0
0.963668999130018   0.0162112135306559   -0.0193169130449737   0
0.931981196408222   -0.019722672371326   -0.0316878027217962   0
0.928014914445518   0.00999478940365434   -0.00396628196270343   0
0.922826902225202   -0.00394820674877988   -0.00518801222031595   0
0.913826514741633   -0.00767705265172153   -0.00900038748356913   0
0.925069379746526   0.00160242503617863   0.011242865004893   0
0.899061688960797   -0.0224241550256831   -0.0260076907857295   0
0.909028182692924   -0.0270255229075248   0.00996649373212732   0
0.908174752552515   0.0404928777142668   -0.000853430140408395   0
0.908465070197115   -0.000612780458632389   0.000290317644599858   0
0.936184798206684   0.0112551340991967   0.0277197280095689   0
0.918893355829446   -0.0981069355285024   -0.0172914423772386   0
1.38996901076292   0.342914314857368   0.471075654933474   1
1.94205825926548   2.7357151590137   0.552089248502556   1
2.58947344188394   1.59673498963333   0.647415182618462   1
2.36688231289095   0.84702358673884   -0.22259112899299   1
2.08569400858743   0.630147364465313   -0.281188304303518   1
2.15042325204714   -0.119416033318678   0.0647292434597109   0
2.54992498466685   -0.325928008649031   0.399501732619712   0
3.13303042810088   -0.391115274429294   0.583105443434029   0
3.91746863378652   -0.543042008843848   0.784438205685642   1
