0.0938094192654981   0   0   0
0.052042700472929   0.0190693066682066   -0.0417667187925691   0
0.0883891875048357   -0.0054827624589712   0.0363464870319067   0
0.0873126510344864   -0.0551109711448558   -0.00107653647034926   0
0.106550134235978   -0.031734810847168   0.0192374832014919   0
0.124256117157305   0.0497860943858983   0.0177059829213271   0
0.106916496572839   0.00576911017311732   -0.0173396205844659   0
0.0996191517443008   -0.0478824305498788   -0.00729734482853872   0
0.064243230454286   0.0732557101038267   -0.0353759212900148   0
0.0317314753355796   -0.00596852437716465   -0.0325117551187063   0
0.0949030103849331   -0.0708474506159304   0.0631715350493535   0
0.0336527161856101   0.0865641578379865   -0.061250294199323   0
0.07066626502662   -0.0202357188795855   0.0370135488410099   0
0.0466499237577351   -0.0143613039677286   -0.0240163412688849   0
0.0551652257965333   -0.0362403410989444   0.00851530203879815   0
0.0135834441548858   0.124543878345888   -0.0415817816416475   0
0.0343168599359703   -0.0710355737135372   0.0207334157810845   0
0.0671240741797606   -0.0502529710952254   0.0328072142437903   0
0.0369257265878412   0.102351786196096   -0.0301983475919194   0
0.0342022604841405   -0.0597436595128523   -0.00272346610370065   0
0.0152933076358655   -0.0262070064271051   -0.0189089528482751   0
0.0370450545290799   0.0438439946769248   0.0217517468932144   0
0.0260504968219845   -0.0253096909908886   -0.0109945577070953   0
0.0530800830329513   0.0157348632638594   0.0270295862109667   0
0.0360487957870995   -0.0154796612259273   -0.0170312872458518   0
0.0541691785037857   0.059735684548734   0.0181203827166862   0
0.0566044507967351   -0.0502876924285756   0.00243527229294935   0
0.0501820626323789   0.0134854983098043   -0.00642238816435615   0
0.0501410177556011   0.0502246722762072   -4.10448767778557e-05   0
0.0582555221631392   -0.0514822018270951   0.00811450440753812   0
0.0853582547204753   -0.0476838823634591   0.0271027325573361   0
0.0694566790078175   0.144862349375802   -0.0159015757126578   0
0.0938912580022762   -0.0441244747447672   0.0244345789944587   0
0.0854627650056545   -0.00796095485917592   -0.0084284929966217   0
0.0805794724581422   -0.0099365155346027   -0.00488329254751232   0
0.109885601640674   0.00753983242937467   0.0293061291825318   0
0.129699053050032   0.0791107552980352   0.0198134514093579   0
0.112200000302098   -0.0886187817761724   -0.0174990527479342   0
0.123452240480175   0.0403288978689749   0.0112522401780775   0
0.127749775266436   0.0222059892524441   0.00429753478626117   0
0.124823046638682   -0.00521326226737595   -0.0029267286277547   0
0.14139686938367   0.0507502273752017   0.0165738227449879   0
0.137475029264645   -0.020180569124625   -0.00392184011902452   0
0.159963472367302   0.035719836007507   0.022488443102657   0
0.145494906001903   -0.0503999320349432   -0.0144685663653993   0
0.144292959861959   -0.0149383921612531   -0.0012019461399434   0
0.161104466380521   0.0676928126453574   0.0168115065185619   0
0.140697080712341   -0.0620796241085613   -0.0204073856681802   0
0.146192738794348   0.00830953045246122   0.00549565808200714   0
0.152816737884811   0.0222339213679453   0.0066239990904628   0
0.178737342978748   0.0405864314094569   0.0259206050939368   0
0.153672195662561   -0.052152228206248   -0.0250651473161865   0
0.17394942678432   0.0333490029360362   0.0202772311217588   0
0.159521029840347   -0.0206852501031016   -0.0144283969439727   0
0.178914375831499   0.0180142781586706   0.019393345991152   0
0.1608693128925   0.00237207265869593   -0.0180450629389996   0
0.180402998145305   0.105757171877206   0.0195336852528054   0
0.146339521662519   -0.0520476520710511   -0.0340634764827858   0
0.163186096488564   -0.0245187692709875   0.0168465748260448   0
0.162771907213515   0.0226304614788557   -0.000414189275049687   0
0.187078956803117   0.0217646016580026   0.0243070495896024   0
0.163558242247754   -0.0194293541473951   -0.0235207145553629   0
0.163340914730957   -0.00779853045846357   -0.000217327516797206   0
0.167970862958952   -0.00827478611470084   0.00462994822799506   0
0.163558242247754   -0.0125235683038846   -0.00441262071119786   0
0.196534496443581   0.0806927722174903   0.0329762541958271   0
0.189646953985618   -0.0277180097472293   -0.00688754245796316   0
0.178609076037324   0.0139732528634076   -0.0110378779482942   0
0.168553182489014   0.00722688255184289   -0.0100558935483094   0
0.195973178562404   0.103787917467452   0.0274199960733899   0
0.158140149722145   -0.0696645333098178   -0.0378330288402592   0
0.158020025402051   -0.0220542415354017   -0.000120124320093701   0
0.181245917093785   0.0847339935193779   0.0232258916917338   0
0.140253157267816   -0.0986410263710598   -0.0409927598259696   0
0.154594979442097   0.00344260248773792   0.0143418221742817   0
0.169016698546275   0.036717024318177   0.014421719104178   0
0.168463407636532   0.0364182389819596   -0.000553290909742904   0
0.155906084276619   -0.0437750681795723   -0.0125573233599134   0
0.161560506366591   0.0188819439946343   0.00565442208997183   0
0.153789020181546   -0.021510853790572   -0.0077714861850447   0
0.160773529347939   0.0104921329468212   0.00698450916639257   0
0.155823848758287   0.0211622328792014   -0.00494968058965134   0
0.177648762614539   0.0539008890407294   0.0218249138562518   0
0.152355875752719   -0.0562834025515133   -0.0252928868618199   0
0.155541874176663   0.00321708098545515   0.00318599842394385   0
0.169484721310949   0.038546267853776   0.0139428471342858   0
0.143486643801139   -0.0530602833252122   -0.0259980775098096   0
0.142085547550538   0.00793152013128851   -0.00140109625060153   0
0.142725438217894   -0.0063275192751408   0.00063989066735673   0
0.16034409106564   0.0502507965391713   0.0176186528477451   0
0.139702355388313   -0.0566272551682809   -0.0206417356773265   0
0.161188105072901   0.0722004164449898   0.0214857496845878   0
0.160719464814331   0.0317072766634228   -0.000468640258569741   0
0.144000592117576   -0.0457423891196815   -0.016718872696755   0
0.154115334228347   0.058433012903804   0.0101147421107706   0
0.156083996953539   -0.006418877305437   0.00196866272519278   0
0.140233325614688   -0.0425275364189426   -0.0158506713388518   0
0.147267669870512   0.0190562590710316   0.007034344255824   0
0.155364353221918   -0.00138470878254532   0.0080966833514067   0
0.165025748030694   0.0179421267486584   0.00966139480877534   0
0.0841014128230472   -0.0896236223184999   -0.0809243352076465   0
0.129803350826558   -0.0535676008612601   0.0457019380035109   0
0.16087125314394   0.0804855743870358   0.0310679023173824   0
0.215891467308683   0.0633067694821716   0.0550202141647427   0
0.188116673351706   -0.0510259488831012   -0.027774793956977   0
0.229471564729451   0.0651554236878974   0.0413548913777446   0
0.177124059671018   -0.0649871025052312   -0.0523475050584323   0
0.214851369753313   0.029251297255486   0.0377273100822949   0
0.208643381054093   0.0144499351851959   -0.00620798869922021   0
0.216797584516156   0.0487321847098903   0.00815420346206325   0
0.206600416854489   -0.0299730697062088   -0.0101971676616675   0
0.231547145284443   0.0143603707780202   0.024946728429954   0
0.233269662989645   0.0351818936712358   0.00172251770520199   0
0.248161216093722   -0.0197063757550681   0.0148915531040771   0
0.237521455271296   -0.0150634678123754   -0.0106397608224264   0
0.244657263332938   0.0431212543216704   0.00713580806164224   0
0.191188913845397   -0.0587387891765   -0.0534683494875413   0
0.229127239462451   0.0331509904254829   0.0379383256170539   0
0.227997509883315   -0.0561975650998249   -0.00112972957913512   0
0.252380219419515   0.0596033527139782   0.0243827095361996   0
0.225059728881563   -0.0137505345895377   -0.0273204905379523   0
0.248773872959386   0.0161987337042816   0.0237141440778229   0
0.242875041107547   -0.0233745551592698   -0.0058988318518389   0
0.275428868342627   0.0877300737275336   0.0325538272350801   0
0.234232475511387   -0.069239560891117   -0.0411963928312398   0
0.225305062273892   -0.00731940288387067   -0.00892741323749463   0
0.251328121633638   0.0414836422021572   0.0260230593597452   0
0.22571131058111   -0.0154019862644894   -0.0256168110525271   0
0.238528043552828   -0.00474255672918589   0.0128167329717179   0
0.257782023538599   0.0328446597393061   0.0192539799857711   0
0.21679786880263   -0.0385550710656803   -0.0409841547359691   0
0.232427663887827   -0.00372788332551899   0.0156297950851963   0
0.246622054757401   0.05176644555481   0.0141943908695744   0
0.229063256821369   -0.0684008042591195   -0.0175587979360319   0
0.212862415306061   -0.00592425005883601   -0.0162008415153081   0
0.240816878730769   0.0189785734672151   0.0279544634247082   0
0.25404644573609   0.0213934355342961   0.0132295670053205   0
0.227793775435535   -0.0429206206002594   -0.0262526703005546   0
0.255808780042911   0.0365168005407756   0.028015004607376   0
0.237861492834759   -0.0364670948954361   -0.0179472872081524   0
0.292968696849002   0.110787476042415   0.0551072040142433   0
0.218248971955568   -0.0935327755856571   -0.0747197248934337   0
0.24815836772199   0.0495079514997983   0.0299093957664217   0
0.261464548566498   0.0137045615673903   0.0133061808445077   0
0.250371116244232   -0.00992562693273735   -0.0110934323222663   0
0.246267355143983   -0.026225388867965   -0.00410376110024879   0
0.257101809313553   0.0484345674173792   0.0108344541695702   0
0.219282609628676   -0.0616203822097749   -0.0378191996848765   0
0.236190263540198   0.0542671615966649   0.0169076539115221   0
0.236784522928194   0.00491449099828278   0.000594259387995649   0
0.22693758011483   -0.0618181300371957   -0.00984694281336387   0
0.22609041454076   0.0124850245529144   -0.000847165574070746   0
0.232097377445228   0.0189418771134793   0.00600696290446823   0
0.191938608539404   -0.00690351219703755   -0.0401587689058239   0
0.21446145841382   -0.0133177684629975   0.0225228498744158   0
0.24394217810718   0.0520073233231118   0.0294807196933601   0
0.20907511517676   -0.0648952949871581   -0.0348670629304199   0
0.242219555822626   0.0230080317386879   0.0331444406458657   0
0.237403315596851   0.00298145023468521   -0.00481624022577443   0
0.224492152674141   -0.000351833288501191   -0.0129111629227097   0
0.214298237376314   -0.0225853195474714   -0.0101939152978275   0
0.213907375927211   -0.00862413749085833   -0.000390861449103275   0
0.272697004325598   0.129175855645777   0.0587896283983869   0
0.201742628760539   -0.130034618675695   -0.070954375565059   0
0.232125995783502   0.065556868240193   0.0303833670229636   0
0.217194771174314   -0.0325396840410842   -0.0149312246091885   0
0.214889649011647   -0.0192363141448958   -0.00230512216266637   0
0.206374095265691   0.000341687548959246   -0.00851555374595639   0
0.102268813569602   -0.199777666300924   -0.104105281696089   0
0.216147171562572   0.170236999114814   0.11387835799297   0
0.199500339089743   0.0209620651162932   -0.016646832472829   0
0.213683053445804   0.0314450468068462   0.0141827143560612   0
0.195394204874275   -0.0207140807500105   -0.0182888485715298   0
0.180741004188072   -0.0208084725356541   -0.0146532006862031   0
0.180808646287795   0.0141861537608161   6.76420997235971e-05   0
0.179920193284724   -0.0273009898792461   -0.000888453003070944   0
0.206700163097208   0.064421005167707   0.0267799698124841   0
0.193269047531058   -0.0424243633196391   -0.0134311155661499   0
0.190843097339373   -0.0422258140063833   -0.00242595019168584   0
0.22450920816255   0.016564162905879   0.033666110823177   0
0.230881669525896   0.0465922373644797   0.00637246136334638   0
0.214043866645093   0.00274094692035742   -0.0168378028808026   0
0.203471382928534   0.00591985720329902   -0.0105724837165596   0
0.20260298313831   0.0921657819370285   -0.00086839979022324   0
0.219013542565277   -0.0655413439026312   0.0164105594269668   0
