0.0255192300585754   0   0   0
0.0138591217099064   0.0231595824807754   -0.011660108348669   0
0.00721955648089964   -0.052485036043136   -0.0066395652290068   0
0.0447215752454003   0.176780458427933   0.0375020187645007   0
0.0151134377992732   -0.151030554591317   -0.0296081374461271   0
0.00627717286949507   -0.0151297684375487   -0.00883626492977813   0
0.0474703986017605   0.107368852097179   0.0411932257322654   0
0.00599052353445348   -0.0713801189994214   -0.041479875067307   0
0.0276830816721152   -0.0194058285598746   0.0216925581376617   0
0.0309593205887516   0.0303710507965242   0.00327623891663643   0
0.00809815925574448   0.0692654912404371   -0.0228611613330071   0
0.00984350922181846   -0.0983434158863925   0.00174534996607398   0
0.0413337663697914   0.0479088715647454   0.0314902571479729   0
0.0300351060719369   0.0227547921498715   -0.0112986602978545   0
0.023827519430577   -0.0514445385079177   -0.00620758664135988   0
0.033371341584809   0.0451229254438321   0.00954382215423196   0
0.032212251590476   -0.0523458117735518   -0.00115908999433295   0
0.0325682593951918   0.0417038969406576   0.000356007804715799   0
0.0211456172184096   0.00413313985929409   -0.0114226421767822   0
0.00871153324370773   -0.107874483209193   -0.0124340839747019   0
0.0295148219050192   0.147998658380717   0.0208032886613114   0
0.0118228000783063   -0.101150819481447   -0.0176920218267129   0
0.024359008995031   0.0325817631469624   0.0125362089167247   0
0.0370227285179321   0.0436800059018686   0.0126637195229011   0
0.0376321536960416   -0.0295887768418693   0.000609425178109572   0
0.0284559594430587   0.0145081255026142   -0.00917619425298296   0
0.0219263930882396   -0.0760769252639784   -0.00652956635481911   0
0.0475217658532645   0.106748536208941   0.025595372765025   0
0.034873906254154   -0.113995284008141   -0.0126478595991105   0
0.0308124090777157   0.135439069857885   -0.0040614971764383   0
0.0337375100191537   -0.137175604508072   0.002925100941438   0
0.0468192725882686   0.101406232801057   0.0130817625691149   0
0.0137135858113405   -0.0892979605694209   -0.0331056867769281   0
0.0230432564184188   0.0904982812480898   0.0093296706070783   0
0.0290911068174623   -0.029324904932987   0.00604785039904346   0
0.0393291142833461   0.0179953692691068   0.0102380074658838   0
0.0277307552109567   0.0127947907368703   -0.0115983590723895   0
0.0253524365678632   -0.0626624518668369   -0.0023783186430935   0
0.0274384747238253   0.0838586620137819   0.00208603815596215   0
0.0173418143915227   -0.108414137468751   -0.0100966603323026   0
0.04172891964741   0.10600653898356   0.0243871052558873   0
0.0294968579154204   -0.0655367970803391   -0.0122320617319896   0
0.0388273310574523   0.0176409557238173   0.00933047314203189   0
0.036889755523824   0.0267616023113282   -0.00193757553362835   0
0.0278348235339745   -0.055237369709946   -0.00905493198984947   0
0.0530605661877067   0.0858484608062517   0.0252257426537322   0
0.0192084767939184   -0.10335586434789   -0.0338520893937883   0
0.0376401671276178   0.0967757918478055   0.0184316903336995   0
0.0243598240965016   -0.0712413105793439   -0.0132803430311162   0
0.0469506160683223   0.038264719507288   0.0225907919718207   0
0.0176051541251419   -0.0520956565155917   -0.0293454619431804   0
0.0239323517813231   0.0335209178872082   0.00632719765618124   0
0.0271736333746377   0.0279439405119341   0.0032412815933146   0
0.0303910314650396   -0.0249726492840941   0.00321739809040184   0
0.0264363593262556   -0.0546542718868798   -0.00395467213878399   0
0.0233511025297522   0.0180790541389419   -0.00308525679650336   0
0.0214717271135353   0.0713149393762958   -0.00187937541621696   0
0.0206129055884663   -0.0765725664922586   -0.00085882152506896   0
0.0335384022600211   0.0351932688058842   0.0129254966715548   0
0.0535922782730404   -0.000833415875101939   0.0200538760130193   0
0.0558934298270154   -0.0686974916918531   0.00230115155397503   0
0.0550544973618414   0.108995998023908   -0.000838932465174053   0
0.0417881162424199   -0.104862732383602   -0.0132663811194215   0
0.0634392388487795   0.129002700427169   0.0216511226063596   0
0.0285503964160925   -0.107661164503183   -0.0348888424326871   0
0.0460617124744934   0.102075736733342   0.0175113160584009   0
0.0302055821964666   -0.115729711821596   -0.0158561302780268   0
0.0506468028239444   0.0857453347212055   0.0204412206274778   0
0.0269835020037244   0.00773740009738258   -0.02366330082022   0
0.022026741438157   -0.0313398815269543   -0.00495676056556738   0
0.0633734932049867   0.0264560222554484   0.0413467517668297   0
0.0354318473137516   -0.0957842023644944   -0.0279416458912352   0
0.0335750854291426   0.108572295755389   -0.00185676188460897   0
0.0336141206391005   -0.113016591650723   3.90352099578564e-05   0
0.0599930670395755   0.122569933685565   0.026378946400475   0
0.053432611351449   -0.0503415907569594   -0.00656045568812647   0
0.0343597176410124   0.0187235060988262   -0.0190728937104366   0
0.0426718224805904   -0.0978217432655588   0.00831210483957803   0
0.0637785677381744   0.104156336186756   0.0211067452575839   0
0.0288688670055113   -0.0191220852493811   -0.0349097007326631   0
0.0378834686028418   0.00258217489316458   0.00901460159733048   0
0.0440125224602612   -0.0332617276394151   0.00612905385741945   0
0.0475895617190892   -0.0195389239016022   0.00357703925882795   0
0.0337733749418828   0.0865904846950573   -0.0138161867772063   0
0.0455125599350344   -0.0726176914568218   0.0117391849931516   0
0.0634396615420708   0.0554931629700743   0.0179271016070364   0
0.0384604406135385   -0.102133697211424   -0.0249792209285323   0
0.0428121759374889   0.154891993311781   0.00435173532395032   0
0.0454536274661605   -0.10654611716414   0.00264145152867163   0
0.058279429699466   0.0515977372233749   0.0128258022333055   0
0.0391730011415388   -0.0679622566199592   -0.0191064285579272   0
0.0490716611751121   0.0924972374664561   0.00989866003357326   0
0.0357440144968707   -0.127932460573835   -0.0133276466782414   0
0.0499434865508507   0.109612588406155   0.01419947205398   0
0.0328823822578672   -0.0424136038681868   -0.0170611042929834   0
0.0501099486960424   0.0550502458120724   0.0172275664381752   0
0.0324896337871405   -0.110564692822182   -0.0176203149089019   0
0.037396564253986   0.0969641293461905   0.00490693046684547   0
0.0396642521066829   -0.0217579185397747   0.00226768785269697   0
0.0411065399315912   0.0216981488800403   0.00144228782490826   0
0.0376794513709396   -0.0591918922381614   -0.0034270885606516   0
0.0335427986641429   -0.0441887568572999   -0.0041366527067967   0
0.0439357218914461   0.140030700779975   0.0103929232273033   0
0.0552796656343451   -0.0981685722144955   0.011343943742899   0
0.0607910482558493   0.0527964990752822   0.00551138262150417   0
0.0422981469303325   -0.095948314206297   -0.0184929013255168   0
0.0562830623451008   0.124329082983276   0.0139849154147682   0
0.0531370293142645   -0.113565501082527   -0.00314603303083632   0
0.0513189902950409   0.101984724984482   -0.00181803901922357   0
0.045620285976882   -0.00432237896501952   -0.00569870431815884   0
0.0681510729043938   -0.00463079462224619   0.0225307869275118   0
0.0499134527642488   -0.0619510482075221   -0.018237620140145   0
0.0544914218592477   0.0126427599235093   0.00457796909499887   0
0.0456845575167638   0.0809287011882432   -0.00880686434248391   0
0.0637325876554922   -0.0442933095912314   0.0180480301387284   0
0.0490014532476589   -0.0786682388895699   -0.0147311344078333   0
0.0492730643663199   0.118611904223762   0.000271611118660961   0
0.0555384196330792   -0.0471781903596159   0.00626535526675934   0
0.0707773570302855   0.0231145645690798   0.0152389373972063   0
0.0611755707790495   -0.0996552919587896   -0.00960178625123592   0
0.0593808856488559   0.0737801853594814   -0.00179468513019365   0
0.0507479856357127   -0.031886780587505   -0.00863290001314322   0
0.0655865364146675   0.0550734290978096   0.0148385507789548   0
0.0613894690615988   -0.0787972405575573   -0.00419706735306863   0
0.0679993858915101   0.0589563884957061   0.00660991682991126   0
0.0569962352038711   -0.0384938502640643   -0.0110031506876389   0
0.0819220239057392   0.0575704735365963   0.024925788701868   0
0.0722448762912637   -0.0791114197998046   -0.00967714761447547   0
0.0659117275885142   0.0489277075335697   -0.00633314870274954   0
0.0699218881115384   0.0330471645775248   0.00401016052302428   0
0.072896768703232   -0.0389296480146227   0.00297488059169353   0
0.0772140718221912   0.0100789641407576   0.00431730311895923   0
0.0712645167543778   -0.0692963915368269   -0.00594955506781336   0
0.0779727926067965   0.13470899465422   0.00670827585241866   0
0.0776258939813417   -0.0713569971498   -0.000346898625454797   0
0.0737423484129709   0.00295664511190649   -0.00388354556837076   0
0.0664552339227694   -0.0449393822165775   -0.00728711449020156   0
0.0785153089613261   0.11096108362628   0.0120600750385567   0
0.0834734339116494   -0.050018702583039   0.00495812495032327   0
0.0766975503338901   -0.0781492817118885   -0.00677588357775934   0
0.0969456904976441   0.0875292135384035   0.020248140163754   0
0.102218715125277   -0.0117709708323595   0.00527302462763275   0
0.152340330674743   0.140477303567267   0.050121615549466   0
0.0955489457914372   -0.0123493037260469   -0.0567913848833057   0
0.0694794413585954   -0.178253801442037   -0.0260695044328418   0
0.0798832826401432   -0.0323834051468997   0.0104038412815478   0
0.120852060283938   0.140284220985939   0.0409687776437945   0
0.126389094686567   -0.0979525975657545   0.00553703440262936   0
0.0997749081420399   -0.00659852525322965   -0.0266141865445271   0
0.102523846898856   0.0598311575313881   0.00274893875681578   0
0.135694609346466   -0.00661078748734362   0.0331707624476102   0
0.124577926619004   0.002742222551292   -0.0111166827274617   0
0.0871913117165352   -0.0841402264258474   -0.0373866149024691   0
0.0779729570014021   0.00349160093088194   -0.00921835471513306   0
0.117844761683804   0.145213130433545   0.0398718046824017   0
0.126703504327268   -0.0509405195577952   0.00885874264346413   0
0.0843834805231622   -0.0968160523225489   -0.0423200238041057   0
0.0734886332315577   0.0446551873475231   -0.0108948472916046   0
0.111419360817319   0.0565651112000553   0.0379307275857617   0
0.13501812978379   -0.0380199378122662   0.0235987689664711   0
0.0981515497217186   -0.0649854612874758   -0.0368665800620719   0
0.0916048700781992   0.0782744386586126   -0.00654667964351942   0
0.119552272581746   0.0124295657579643   0.0279474025035464   0
0.140202714764738   0.0154434042637941   0.0206504421829925   0
0.112736275680493   -0.118123842663565   -0.0274664390842451   0
0.0788817089576837   0.056364944903612   -0.0338545667228092   0
0.109942656470191   0.0655683577776403   0.0310609475125076   0
0.134319772180979   0.00223352137611765   0.0243771157107873   0
0.103931037536725   -0.116403083005076   -0.0303887346442538   0
0.0930700037139115   0.0761403858935534   -0.0108610338228133   0
0.118167880210834   0.0202565670429389   0.0250978764969225   0
0.126118272382276   0.0010282325183229   0.00795039217144211   0
0.100505601082004   -0.0757428266628004   -0.0256126713002718   0
0.0787507614450686   0.0378453041727429   -0.0217548396369358   0
0.105163213978808   0.0620873436300593   0.0264124525337391   0
0.105221047982676   -0.0697136662229244   5.78340038678016e-05   0
0.0811677976378256   0.0424711317893344   -0.02405325034485   0
0.0893619308224285   -0.0682457973851758   0.00819413318460296   0
0.131905113119479   0.0984446064751513   0.0425431822970503   0
0.103168988784857   -0.109837043513963   -0.0287361243346216   0
0.0753511819299638   0.0837308816822632   -0.0278178068548935   0
0.111457932654264   -0.0305200004765652   0.0361067507243005   0
0.125428426544035   0.017648555573978   0.0139704938897712   0
0.103689769944243   -0.0840076380207964   -0.0217386565997926   0
0.0806020434185178   0.079619063954556   -0.023087726525725   0
0.136596205931493   0.0173624188107614   0.0559941625129754   0
0.146590684329061   -0.00894603018491213   0.00999447839756809   0
0.0983363344885424   -0.0389265976704838   -0.0482543498405189   0
0.0932738056106322   -0.0363886221119456   -0.00506252887791024   0
0.121949928598954   0.110681209703379   0.0286761229883219   0
0.125174215722488   -0.0688467368394133   0.00322428712353408   0
0.0978286908319078   0.024023728065733   -0.0273455248905804   0
0.103766803033244   -0.0663093340481043   0.00593811220133594   0
0.139586365817905   0.079134273397958   0.0358195627846613   0
0.108497452555394   -0.0936858126660032   -0.0310889132625109   0
0.0880422582044283   0.0802225521544743   -0.0204551943509658   0
0.127663501401389   0.00715014210211859   0.0396212431969609   0
0.124991169463376   -0.0214832610098267   -0.0026723319380127   0
0.0903474893216463   -0.0225737029462234   -0.0346436801417302   0
0.103631187563445   -0.0211480495975584   0.0132836982417991   0
0.128027236992065   0.103156325116996   0.02439604942862   0
0.121504494296806   -0.095110603668758   -0.00652274269525972   0
0.105156703619277   0.0598333273738794   -0.0163477906775286   0
0.118780936644322   -0.0241258496811628   0.0136242330250451   0
0.135041067663961   0.048785222646933   0.0162601310196388   0
0.129042710638339   -0.0586878859742992   -0.00599835702562238   0
0.110030830708136   -0.0582323259676937   -0.0190118799302026   0
0.0950572404461597   0.0928365941386918   -0.0149735902619764   0
0.152211503950421   -0.000215571546475418   0.0571542635042609   0
0.157302113722257   0.0937801339440267   0.00509060977183684   0
0.128680748554281   -0.11135051560934   -0.0286213651679768   0
0.11395590353492   -0.0361609646312164   -0.0147248450193606   0
0.155741918875916   0.12767192737182   0.0417860153409963   0
0.153010074800983   -0.0249969570146337   -0.00273184407493302   0
0.121759269438193   -0.108211751875565   -0.0312508053627902   0
0.127636062761039   0.0126191498900559   0.00587679332284632   0
0.16730135565103   0.0700900287663441   0.0396652928899908   0
0.171453215806886   -0.0449937245721349   0.00415186015585542   0
0.137978425564552   -0.0612015598130643   -0.033474790242334   0
0.127331832021003   0.093797222256234   -0.0106465935435483   0
0.152514001705425   0.0206052440127874   0.0251821696844221   0
0.16958790379464   -0.0161827862074544   0.0170739020892144   0
0.156152013619013   -0.0860137501197955   -0.0134358901756265   0
0.14248151776291   0.00294991499740331   -0.013670495856103   0
0.171095845686774   0.119833159797282   0.0286143279238641   0
0.172228631470707   -0.0532236082669948   0.00113278578393236   0
0.135449819795672   -0.0136793211879472   -0.0367788116750348   0
0.137929755669553   -0.0875547419461749   0.00247993587388079   0
0.163290096020924   0.140763678449694   0.0253603403513711   0
0.157350767320976   -0.12346392324089   -0.00593932869994754   0
0.130735732106653   0.089747439629489   -0.0266150352143234   0
0.162968336446908   -0.0447357634506054   0.0322326043402549   0
0.180650965935668   0.0550826326734902   0.0176826294887606   0
0.165412392967766   -0.0772958397288899   -0.0152385729679028   0
0.144071812206066   0.0544754746258747   -0.0213405807616994   0
0.16919364592464   0.00520213541283107   0.025121833718574   0
0.175986129067101   0.0360117742326018   0.00679248314246134   0
0.159890875006276   -0.0857658052521253   -0.0160952540608257   0
0.143232950640495   0.0359828358993003   -0.0166579243657807   0
0.160363123533038   -0.0822062842768381   0.0171301728925432   0
0.165347784155163   0.118985284926618   0.0049846606221251   0
0.175268146894437   -0.082422689304384   0.00992036273927374   0
0.1417772984225   0.0381381199371669   -0.0334908484719376   0
0.152099029307463   -0.0658251712011967   0.0103217308849635   0
0.171975444954425   0.130895998980389   0.0198764156469621   0
0.167014981253996   -0.0846286451306988   -0.00496046370042952   0
0.132058389529859   0.0335953164397486   -0.0349565917241365   0
0.141820231625366   -0.0624126198712313   0.00976184209550704   0
0.16456287911471   0.111324735562082   0.0227426474893434   0
0.137959110098835   -0.122025545641267   -0.0266037690158744   0
0.13899727712923   0.00303743765321487   0.00103816703039505   0
0.165359599571993   0.121083488392525   0.0263623224427633   0
0.179136122101748   -0.0592143234905014   0.013776522529755   0
0.139503830134059   -0.0142139026942899   -0.039632291967689   0
0.138681077881853   -0.0812859394124201   -0.000822752252206682   0
0.161744804767332   0.154938787711447   0.0230637268854798   0
0.157666928997975   -0.100196167916104   -0.00407787576935745   0
0.142203587764778   0.0413569418030556   -0.0154633412331967   0
0.139378685340514   -0.0382641820979421   -0.00282490242426436   0
0.154280509664086   0.10951498894864   0.0149018243235716   0
0.156451307188722   -0.0949893511664245   0.00217079752463692   0
0.160937760413335   -0.0115799173114664   0.00448645322461247   0
0.136104707875958   0.0479063168843327   -0.0248330525373764   0
0.136078916128142   -0.0956512344175882   -2.57917478161396e-05   0
0.162255061778701   0.126526291425225   0.0261761456505584   0
0.161095820228125   -0.125161896797904   -0.0011592415505754   0
0.139042370290534   0.0870273343065073   -0.0220534499375913   0
0.157317091313341   -0.0387443347056752   0.0182747210228067   0
0.165413275607711   0.0828630741434275   0.00809618429437006   0
0.159984295653323   -0.118380590631267   -0.0054289799543874   0
0.150607254956435   0.0698582073596877   -0.0093770406968888   0
0.168722452209309   0.0263049410780082   0.0181151972528742   0
0.173703000408233   -0.00512573528288912   0.00498054819892391   0
0.155421795877581   -0.064874694839649   -0.0182812045306516   0
0.159353219042235   -0.0502835561702775   0.00393142316465375   0
0.180210087182578   0.145311046768011   0.0208568681403435   0
0.167477502598379   -0.100657872737117   -0.0127325845841995   0
0.148698121319252   0.0690477275507107   -0.0187793812791268   0
0.15822768109254   -0.0666100486934937   0.00952955977328784   0
0.178575075109665   0.0904421637163469   0.0203473940171252   0
0.171698993329671   -0.10393305946607   -0.00687608177999374   0
0.146360560377762   0.0595733167015041   -0.0253384329519093   0
0.154558351888737   -0.0615469007547527   0.00819779151097455   0
0.183230683817893   0.105724821872275   0.028672331929156   0
0.170915039538224   -0.0862972547268614   -0.012315644279669   0
0.153831729737732   0.0508398064929786   -0.0170833098004919   0
0.173066561325701   -0.0165878612463773   0.019234831587969   0
0.1849170275863   0.0413015814554425   0.0118504662605995   0
0.175615343788926   -0.100784219085081   -0.00930168379737462   0
0.155311732996335   0.0758784813162218   -0.0203036107925901   0
0.168987006446827   0.00429027664655635   0.0136752734504917   0
0.189132607822138   0.0166188431630095   0.0201456013753104   0
0.166181380319698   -0.102331523623593   -0.0229512275024399   0
0.148172581156442   0.0624917103769849   -0.0180087991632553   0
0.162977413163918   0.0370156138952642   0.0148048320074758   0
0.17769347976249   -0.0146975131399663   0.0147160665985719   0
0.151800444591707   -0.0491469577220237   -0.0258930351707828   0
0.157477389971354   -0.0279388031815414   0.00567694537964697   0
0.172464249054993   0.122359065253779   0.0149868590836383   0
0.181584045266517   -0.0755747643290996   0.00911979621152448   0
0.139591644306706   -0.00171458122095794   -0.0419924009598107   0
0.133679381231372   -0.0199973201831294   -0.00591226307533424   0
0.166815445772724   0.0887845543553159   0.0331360645413516   0
0.177926539977767   -0.0455354326076343   0.0111110942050436   0
0.151781000348568   -0.0297020002497791   -0.0261455396291991   0
0.153426905203919   -0.039885738482234   0.00164590485535135   0
0.174142732240568   0.145834270650817   0.020715827036648   0
0.168120636428756   -0.0996934690211689   -0.0060220958118114   0
0.136327702285192   0.0467966972508396   -0.0317929341435639   0
0.152260159565659   -0.0622649341947513   0.015932457280467   0
0.178813417512389   0.073475085633732   0.0265532579467299   0
0.14728786582594   -0.110446866691314   -0.0315255516864495   0
0.1362134505256   0.0800890816502738   -0.0110744153003399   0
0.163914812138684   0.0207654471970136   0.0277013616130841   0
0.182234624262028   0.00124192550956506   0.0183198121233442   0
0.148778536981725   -0.0644244861518836   -0.033456087280303   0
0.158429792009615   -0.0443495966052275   0.00965125502789044   0
0.19615242657742   0.141267345915866   0.0377226345678042   0
0.189144230985801   -0.0841877978625813   -0.00700819559161878   0
0.155288825510595   0.0288837940921207   -0.0338554054752059   0
0.164859917982541   -0.0886512076748681   0.00957109247194565   0
0.202801608018674   0.149792809655771   0.0379416900361337   0
0.184419312687039   -0.109221766863214   -0.0183822953316349   0
0.166141827356057   0.0450378284526458   -0.0182774853309819   0
0.187938787667853   -0.0250679630481229   0.021796960311796   0
0.206294272283648   0.0805679367835082   0.0183554846157948   0
0.190173950074688   -0.101299633212686   -0.01612032220896   0
0.174504585878144   0.0346852911698798   -0.0156693641965443   0
0.193127722083625   -0.0307405557268711   0.0186231362054813   0
0.20862801912006   0.0989325592105479   0.0155002970364345   0
0.206324038013533   -0.105148568245342   -0.00230398110652627   0
0.161884501385162   0.0676117324544255   -0.0444395366283715   0
0.174191215691471   -0.0666903240995982   0.0123067143063088   0
0.212468044917253   0.103512135882555   0.0382768292257826   0
0.193781502598216   -0.101798708955852   -0.0186865423190371   0
0.170884484688371   0.0549720111975274   -0.0228970179098456   0
0.185915229183363   -0.0345242107196304   0.0150307444949926   0
0.205466589304587   0.0786492478254441   0.0195513601212242   0
0.202383388331627   -0.133814940231134   -0.00308320097296078   0
0.177875619484403   0.0748371922324548   -0.024507768847224   0
0.199331656272806   0.0223917942387371   0.0214560367884031   0
0.209301517870129   5.5251278991475e-05   0.00996986159732338   0
0.19269011164775   -0.105670182205187   -0.0166114062223788   0
0.189489303605302   0.0227381451667489   -0.00320080804244791   0
0.20336693201209   0.116715880701707   0.0138776284067874   0
0.208382652184179   -0.0649012558374907   0.00501572017208904   0
0.17255252281407   -0.0395491071532285   -0.0358301293701094   0
0.188913601266088   -0.0400339195395401   0.0163610784520185   0
0.218219378587633   0.150791692110597   0.0293057773215445   0
0.224269756895468   -0.0655320959554876   0.00605037830783586   0
0.203664164632177   -0.0408674393345441   -0.0206055922632915   0
0.207535104567209   -0.0466716712548636   0.00387093993503232   0
0.232188506859491   0.153523161227716   0.0246534022922819   0
0.230658866006165   -0.0802822252586512   -0.00152964085332613   0
0.198534874214639   -0.00125949394628096   -0.0321239917915261   0
0.230632905028749   -0.0417970972167785   0.0320980308141102   0
0.262693480568399   0.123877331965315   0.0320605755396502   0
0.250118631349111   -0.0927968044795342   -0.0125748492192883   0
0.214461085095968   0.0104716430031147   -0.0356575462531432   0
0.236610046988082   -0.0695400446486312   0.0221489618921144   0
0.265796311854585   0.145508362297157   0.0291862648665031   0
0.262023061437825   -0.0913814141572783   -0.0037732504167608   0
0.235953891706245   0.0241181471045645   -0.0260691697315793   0
0.242347640035864   -0.0719759546437649   0.00639374832961834   0
0.277036333979773   0.160011488751045   0.0346886939439098   0
0.26347340406244   -0.0930421430059112   -0.0135629299173329   0
0.226174108309285   -0.0013538182254703   -0.0372992957531558   0
0.238329309787849   -0.0361890393464249   0.0121552014785644   0
0.257587885659832   0.112761590961715   0.0192585758719826   0
0.2884854600551   -0.066328925264515   0.0308975743952681   0
0.318118132702228   -0.00508765939408716   0.0296326726471287   0
0.266746389822473   -0.0352734548031719   -0.0513717428797558   0
0.261442493067768   0.0232956754196591   -0.00530389675470438   0
0.299166044115475   0.0939699306593146   0.0377235510477071   0
0.337629059016212   -0.0364479275992977   0.0384630149007363   0
