0.191017121880638   0   0   0
0.128620632708792   0.0099334555364442   -0.0623964891718459   0
0.142135869849943   -0.0529066555606789   0.0135152371411511   0
0.144013027787419   -0.0337059347306075   0.00187715793747606   0
0.120319994190243   -0.0325569095745954   -0.0236930335971767   0
0.123754640831051   -0.0129063256931813   0.00343464664080873   0
0.0896014854701221   -0.0514959828687815   -0.0341531553609292   0
0.0933997737514658   0.00136107927726259   0.0037982882813437   0
0.0853410217220447   -0.0193671252265517   -0.00805875202942113   0
0.123326289888146   -0.0145374003895707   0.0379852681661012   0
0.0848322217471861   8.56355215869131e-05   -0.0384940681409598   0
0.0428244571258644   -0.0812588254459832   -0.0420077646213217   0
0.0649698545807977   -0.00579840954961922   0.0221453974549333   0
0.0410178490057682   0.00495543471580145   -0.0239520055750295   0
0.0373739873035043   -0.0303099470781648   -0.0036438617022639   0
0.0278755579584839   0.00756908704752191   -0.00949842934502035   0
0.0144473128585249   -0.0263176155586035   -0.013428245099959   0
0.0175172988505113   0.00959415169923555   0.00306998599198638   0
0.0169651963157231   -0.0374021512817534   -0.000552102534788202   0
0.0290945796754249   0.0109124132791901   0.0121293833597018   0
0.0273527711800272   -0.0398299648392423   -0.00174180849539777   0
0.0273392301823995   0.0140219317542328   -1.35409976276465e-05   0
0.0529297781790411   -0.037280502524866   0.0255905479966416   0
0.0318497860946726   0.055036234272387   -0.0210799920843685   0
0.0271829390057238   -0.0218519181973185   -0.0046668470889488   0
0.0283377972932888   0.0214021550549628   0.00115485828756499   0
0.058983401696579   -0.0297065623642892   0.0306456044032902   0
0.041126701293307   0.0647044059025759   -0.017856700403272   0
0.0307657138382973   0.011970350236964   -0.0103609874550097   0
0.0434004469179178   0.012115891470435   0.0126347330796205   0
0.0291769340465444   0.0252702268144715   -0.0142235128713734   0
0.0315200431008688   0.0117374156092515   0.0023431090543244   0
0.0456520060204642   0.0181325956734256   0.0141319629195954   0
0.0330228736039128   -0.00132800863628765   -0.0126291324165514   0
0.0549410096036649   0.0296896914482956   0.0219181359997521   0
0.038182196982036   -0.0245683314196878   -0.0167588126216289   0
0.0610385780560131   0.0302708975938503   0.0228563810739771   0
0.0367359763904216   0.00554914529340675   -0.0243026016655915   0
0.0757600562643666   0.0233316552948195   0.039024079873945   0
0.0545071736001146   -0.010109211211445   -0.0212528826642521   0
0.0841908864348312   0.0403602043194217   0.0296837128347167   0
0.0365843931986394   0.0058090196985412   -0.0476064932361919   0
0.0644314721857455   0.0142439149878589   0.0278470789871062   0
0.035502112417089   -0.0125716804374487   -0.0289293597686565   0
0.0302046780085987   0.0316513951437477   -0.00529743440849032   0
0.0812226067557087   -0.0562663545903272   0.05101792874711   0
0.0550852696912081   0.057832496109421   -0.0261373370645006   0
0.0071271181013524   0.00803126643151364   -0.0479581515898557   0
0.0360687578737559   0.00349114044318871   0.0289416397724035   0
0.0121984452026939   0.012438361135887   -0.023870312671062   0
0.0183427635733284   0.0109125205716402   0.00614431837063458   0
0.00987606822852881   0.00454702071088142   -0.00846669534479964   0
0.021953500154702   0.0198727195374369   0.0120774319261732   0
0.0218455381881799   -0.0131305781705519   -0.000107961966522113   0
0.036450262633227   0.000359880742371643   0.0146047244450471   0
0.056965220181482   0.0300552801946158   0.020514957548255   0
0.0489581702379659   -0.014667212155955   -0.00800704994351608   0
0.0577140234279384   0.00834296199066631   0.0087558531899725   0
0.0136761722661953   0.060380974548726   -0.0440378511617431   0
0.0408559009881758   0.0155804552089602   0.0271797287219805   0
0.033588932359112   -0.025840801696191   -0.00726696862906382   0
0.0478201206581759   0.0319682539274153   0.0142311882990639   0
0.025318870100826   0.0110229533004008   -0.0225012505573499   0
0.0474881610118248   6.22685936595424e-05   0.0221692909109988   0
0.0387690384407377   0.0326099934970627   -0.00871912257108709   0
0.031170140585092   -0.0120913971649862   -0.00759889785564573   0
0.0334506516861532   0.0291082630553529   0.00228051110106117   0
0.0413160372483555   -0.0142402941892579   0.00786538556220231   0
0.0401434634742331   0.0220604609885843   -0.00117257377412235   0
0.0412798925520997   -0.014817785032304   0.00113642907786661   0
0.046281954743064   0.0376242506405153   0.00500206219096426   0
0.0706827014623097   -0.0160060703696009   0.0244007467192457   0
0.0565530632361767   0.0142884909064991   -0.014129638226133   0
0.0491937945925093   -0.035937906637059   -0.00735926864366736   0
0.0860321188573256   0.0181510034352216   0.0368383242648163   0
0.0568605458798342   -0.0155154649175629   -0.0291715729774915   0
0.106448346765192   0.0550970094476477   0.0495878008853576   0
0.0776497571574116   -0.0372034879290125   -0.0287985896077801   0
0.12461798329945   0.00886308099179156   0.0469682261420388   0
0.0862636366875551   -0.0154836447790463   -0.0383543466118953   0
0.125461287289835   0.0772382491026199   0.0391976506022799   0
0.135429967801342   0.0155905212267203   0.00996868051150696   0
0.216822626125325   0.0446622712203039   0.0813926583239832   0
0.257400918595015   0.0550096987951586   0.0405782924696897   0
0.310333624142071   0.0115615416105717   0.0529327055470568   0
0.354082761805425   0.0747867445948509   0.0437491376633535   0
0.341702559496637   -0.0464759926769943   -0.0123802023087878   0
0.344744225946984   -0.0115520559027318   0.00304166645034659   0
0.372863023463191   0.0142957864148211   0.0281187975162077   0
0.347048516543008   -0.0110371231922665   -0.0258145069201834   0
0.378267185489239   -0.00887263577825104   0.0312186689462305   0
0.378669329951083   0.0151319956210979   0.000402144461844889   0
0.421058295163951   0.00664625839540223   0.0423889652128672   0
0.357167397217639   0.0745349119013619   -0.063890897946312   0
0.381600925688264   0.0269380814436947   0.0244335284706254   0
0.361782991911854   -0.027655535461163   -0.0198179337764102   0
0.348954887618013   0.0241786777526962   -0.0128281042938409   0
0.343803939164264   -0.000159122643456411   -0.00515094845374886   0
0.352594791432535   0.0141104950697611   0.0087908522682712   0
0.327098404275575   0.0300314595421587   -0.0254963871569602   0
0.356571567993016   -0.0362091244868026   0.029473163717441   0
0.349965715822357   0.0326583467861771   -0.00660585217065879   0
0.366772944406915   -0.0104845290465617   0.0168072285845572   0
0.36048936701734   -0.0168001027997478   -0.00628357738957452   0
0.345100791631776   -0.00346925849887536   -0.0153885753855644   0
0.370751133288803   0.0211336063386627   0.0256503416570278   0
0.346529809555196   0.0106750425934892   -0.0242213237336079   0
0.355783474365723   -0.0014247547045575   0.00925366481052725   0
0.412070446631717   0.00587403287714461   0.0562869722659939   0
0.369490561284346   -0.0375781787479863   -0.0425798853473711   0
0.389245739998336   -0.0082572063606613   0.0197551787139906   0
0.26866085987515   -0.0844875815842658   -0.120584880123186   0
0.396295801540957   0.0699066147393508   0.127634941665807   0
0.402558025018721   0.058900110251013   0.00626222347776384   0
0.425969480030755   0.0385042110834146   0.023411455012034   0
0.438904774451802   0.00817873544976011   0.0129352944210475   0
0.400979781952894   0.0049775059287831   -0.0379249924989078   0
0.437230703096126   0.039680047310752   0.0362509211432322   0
0.373978899376948   -0.00808078788977884   -0.0632518037191789   0
0.441402842595437   0.00538089804503783   0.0674239432184898   0
0.443784303357927   0.0180223978170166   0.00238146076248963   0
0.435339387080322   -0.00764921225184434   -0.00844491627760485   0
0.442072112804373   0.0432906555358863   0.00673272572405098   0
0.468508548794833   -0.0330295541542187   0.0264364359904595   0
0.531893472856297   0.055492986615294   0.0633849240614647   0
0.526949995108998   0.0212682238675375   -0.00494347774729975   0
0.582389584017056   0.0894225738059   0.0554395889080588   0
0.651773337653582   0.0660650867900883   0.0693837536365256   0
0.726097567193791   -0.0539312445251152   0.0743242295402096   0
0.744705318015539   0.0163563863389975   0.0186077508217475   0
0.795990860542713   0.0247673421553363   0.0512855425271737   0
0.759330666156402   0.0314284947160453   -0.0366601943863107   0
0.742187448013514   -0.0182450322788918   -0.0171432181428878   0
0.780073649940063   0.00471161997383285   0.0378862019265491   0
0.776219017148751   -0.0360187918585455   -0.00385463279131226   0
0.782302961794018   0.0532180363315664   0.00608394464526685   0
0.799230024858442   -0.0875470905906253   0.0169270630644237   0
0.857892929069831   0.0467121831567139   0.0586629042113895   0
0.784499892458963   0.00584569069406027   -0.0733930366108677   0
0.777859670630044   0.0327367673307075   -0.00664022182891966   0
0.784572797407234   -0.027331201176499   0.00671312677719027   0
0.808749873627318   0.022612469688754   0.0241770762200839   0
0.778030502320084   -0.00861640542425168   -0.0307193713072342   0
0.793953935911132   -0.00346246804082595   0.0159234335910483   0
0.74942043048716   0.0431993137477189   -0.0445335054239721   0
0.76391971574581   -0.00621507653187603   0.01449928525865   0
0.795743529315583   0.00960850116918022   0.0318238135697733   0
0.776137547726387   -0.0352576724568885   -0.019605981589196   0
0.768712861966154   0.0472627887343711   -0.0074246857602327   0
0.730173469708712   -0.0539996272284511   -0.0385393922574426   0
0.786189810362494   0.0155290741138681   0.0560163406537821   0
0.712820891666008   0.0120058067996687   -0.0733689186964863   0
0.760233386201387   -0.0139499481738947   0.0474124945353792   0
0.730696436421097   0.00928903664127456   -0.02953694978029   0
0.788769206730777   0.0155988509459504   0.0580727703096799   0
0.740792683115055   -0.00771921438965539   -0.0479765236157216   0
0.795669290412801   -0.0180044221100986   0.0548766072977457   0
0.760643157053976   0.0483254212698363   -0.0350261333588245   0
0.794059235069162   -0.0272383931519593   0.0334160780151853   0
0.810881251577383   0.0424468778688181   0.016822016508221   0
0.778962594783062   0.0205833929914527   -0.0319186567943212   0
0.789250471065865   0.0144321859730945   0.0102878762828037   0
0.757511218416052   -0.00817198721153822   -0.0317392526498129   0
0.821206308412157   0.017869636340734   0.0636950899961045   0
0.802207890787047   -0.0313222078582172   -0.0189984176251101   0
0.815663941849536   -0.015347385756596   0.0134560510624889   0
0.813200487773755   -0.00686787396745858   -0.00246345407578086   0
0.798902697585063   -0.0261570458430509   -0.014297790188692   0
0.820207690138425   0.0363888915575636   0.0213049925533618   0
0.793757495557757   -0.0236396515721986   -0.0264501945806677   0
0.82937898778318   0.0228338998109605   0.035621492225423   0
0.75900487615462   -0.0131204485517431   -0.07037411162856   0
0.770072661985155   -0.0119473551796532   0.0110677858305351   0
0.779591538144535   0.00979613343919183   0.00951887615938019   0
0.75861488976546   -0.02236552885438   -0.0209766483790756   0
0.77677855037129   0.0223872526408579   0.0181636606058302   0
0.769414111744391   0.0171885069650175   -0.00736443862689895   0
0.736636457685813   -0.0162249210638239   -0.0327776540585778   0
0.761261302369661   0.012161324946715   0.0246248446838481   0
0.776649663669978   -0.00673011086845987   0.0153883613003171   0
0.763119252416044   -0.00842867900648359   -0.0135304112539337   0
0.764497226057016   -0.0194862428541789   0.00137797364097159   0
0.74627073416265   0.0295925633985925   -0.0182264918943664   0
0.753573808562242   0.00798711460538959   0.00730307439959232   0
0.757854205194457   0.0198337788853049   0.00428039663221524   0
