1.20669612407847   0   0   0
1.23180727102386   0.192100958259492   0.0251111469453911   1
1.40206813877081   -0.305207610379906   0.170260867746952   1
1.25168148723517   0.15884274972791   -0.150386651535642   0
1.34819846873346   0.0448093881361039   0.0965169814982905   0
1.30722759938122   -0.024708111388095   -0.0409708693522366   0
1.20357381249386   -0.192655445086806   -0.103653786887367   1
1.33230479567749   0.188219638108919   0.128730983183637   1
1.32006481280362   0.0327113100676972   -0.0122399828738766   1
1.40006254785501   0.212946221920399   0.0799977350513881   1
1.3680154117849   -0.193513002496976   -0.0320471360701093   1
1.38540952431907   -0.170441804428468   0.0173941125341766   1
1.47457966002188   -0.101529855160936   0.0891701357028096   0
1.58270935305065   0.0530836015935767   0.108129693028765   0
1.94620239117133   0.170455677691149   0.363493038120682   1
1.7595178760885   -0.0544593774083941   -0.186684515082826   1
1.88758826381894   0.210132910236759   0.128070387730439   1
0.643000461623077   -0.256701560179784   -1.24458780219587   1
0.504999376554318   -0.351169789654075   -0.138001085068759   1
0.473466937034364   0.0941195100856437   -0.031532439519954   0
0.0816176077585131   -0.253412008203932   -0.391849329275851   1
0.72367038046078   0.0533359005262503   0.642052772702267   1
0.726025612657708   0.0156693759952797   0.00235523219692813   0
0.792891626328119   0.260970334701967   0.0668660136704116   1
0.79683210317811   -0.140459500869374   0.00394047684999066   0
0.536766104781449   0.148644491502695   -0.260065998396661   1
0.69209158436095   -0.136131515280046   0.155325479579501   0
0.658738097863635   0.115828955818848   -0.033353486497315   0
0.755377738910143   -0.154922420827454   0.0966396410465078   0
0.862755711592946   0.018567182527076   0.107377972682803   0
0.955689221047303   0.185432596333975   0.092933509454357   1
0.934892711654792   -0.0511078980823318   -0.0207965093925105   0
0.91192741863991   0.122998636746835   -0.0229652930148819   0
0.958702024358455   0.032078363521285   0.046774605718545   0
0.955119685690359   -0.0317866227271058   -0.00358233866809632   0
0.782983459257761   0.135148945467391   -0.172136226432598   0
0.558807816796168   0.0569201024050249   -0.224175642461593   0
0.389747369865083   -0.0231713295292756   -0.169060446931085   0
0.195796284756159   -0.0869922575463618   -0.193951085108924   0
0.236397034349376   0.0176628039421078   0.0406007495932167   0
0.733631205355422   0.0601996559554817   0.497234171006046   1
0.724398479153739   0.0262844039718068   -0.00923272620168347   0
0.666132047435229   -0.00679346293266458   -0.05826643171851   0
0.716789989581502   0.0595034271206681   0.0506579421462734   0
0.697620933068418   0.00339388706671406   -0.0191690565130843   0
0.468276673372367   -0.061378068655453   -0.229344259696051   1
0.408406700636131   -0.0741879566857636   -0.059869972736236   0
0.474939801176423   0.0715478870141606   0.0665331005402923   0
0.66581176327455   -0.267956472586786   0.190871962098127   0
0.678549828831254   0.243526649158265   0.0127380655567041   0
0.512412894233986   -0.1579555223414   -0.166136934597268   0
0.434589779542228   0.0137364249478377   -0.0778231146917576   0
0.438408507350191   0.0507695199169   0.00381872780796277   0
0.401357403687191   0.0701756810871298   -0.0370511036630004   0
0.705447689113091   -0.0148288511256727   0.3040902854259   1
0.771336467322303   -0.152087378598807   0.065888778209212   0
0.584977020917542   -0.22567077255811   -0.186359446404761   1
0.420373133036666   0.222068283192087   -0.164603887880876   0
0.268991426937745   -0.0289075821426845   -0.151381706098921   0
0.363617169156312   0.107920399367728   0.0946257422185672   0
0.535614508015326   0.146266635161849   0.171997338859014   0
0.948168518506732   0.144968952406081   0.412554010491405   1
0.847261395616046   -0.654649861212478   -0.100907122890686   1
1.03275338151177   0.142379904543392   0.185491985895726   0
0.981106794973539   0.256112317666135   -0.0516465865382332   0
1.20947818460589   -0.541250920058768   0.228371389632348   1
1.30044134008384   0.112425069771896   0.0909631554779562   0
1.31201629900223   0.268824741091727   0.0115749589183833   0
1.28288290202087   -0.1711272404901   -0.0291333969813523   0
1.28010672114938   0.0997293866480404   -0.00277618087149589   0
1.20110010345279   -0.253179739014226   -0.0790066176965842   0
1.03779790175834   0.399941134134131   -0.163302201694456   1
0.753490946218002   -0.0458053337908898   -0.284306955540336   1
1.07694863675166   -0.365346460417161   0.323457690533654   1
1.04355220996077   0.071340131778667   -0.0333964267908893   0
0.919015563626373   0.0472808112056513   -0.124536646334394   1
0.976597779531574   0.116561860219652   0.0575822159052006   0
1.12219489018363   -0.0824436698127154   0.145597110652056   1
1.15684081578636   -0.133732359416411   0.0346459256027296   0
1.18703000614011   -0.0166696280478544   0.030189190353755   0
1.14735862020057   -0.0495427606860906   -0.0396713859395417   0
1.34076228474048   0.164466334527654   0.193403664539903   0
1.38540949491809   0.184448751876618   0.0446472101776176   0
1.33664804789116   -0.0847141667896816   -0.0487614470269326   0
1.37104587555862   0.179878801281639   0.0343978276674546   0
1.11802066457032   -0.150479211796488   -0.2530252109883   1
1.0435419246844   0.155112706299341   -0.0744787398859152   0
1.03945100743321   -0.0731841996459744   -0.00409091725118671   1
0.999879429156336   -0.119557568631415   -0.0395715782768776   0
1.03806113006867   0.08258996828348   0.0381817009123319   0
1.16829194976393   0.0316383495290987   0.130230819695264   0
1.95054056745694   0.195776448998235   0.78224861769301   1
1.33320364709185   -0.21409809608181   -0.617336920365096   1
1.2073932311861   -0.158157371221463   -0.125810415905751   1
1.23846894477569   -0.0578716817607695   0.0310757135895994   0
1.26288773097888   -0.0546442156098876   0.0244187862031817   0
1.250026296263   0.325353175634788   -0.0128614347158738   1
1.36849282718654   -0.0231527052397977   0.118466530923534   0
1.34288227766026   0.0054458189094051   -0.0256105495262791   0
1.34136052472378   -0.0658348891806122   -0.00152175293647883   0
1.2861861106675   -0.23902315212792   -0.0551744140562749   0
1.21647963359914   -0.103584515322274   -0.0697064770683629   0
1.42761318613806   0.128200642346358   0.211133552538914   0
1.16542940627142   0.0542551421983332   -0.262183779866633   0
1.26411268503084   0.0379474250056429   0.0986832787594214   0
1.54106641658369   0.0272207043940313   0.276953731552845   0
1.35061851007541   -0.146113288676618   -0.190447906508277   0
1.47270803843031   0.175711898116047   0.122089528354898   0
1.14313237033163   -0.0939986287418187   -0.329575668098684   0
1.4130365731209   0.101211653103012   0.269904202789273   0
1.24859187284607   0.141292748536425   -0.16444470027483   0
1.28663719153118   0.0298295868601642   0.0380453186851153   0
1.30826806973418   0.0351778797529348   0.0216308782029981   0
1.2193838827617   -0.102870709166578   -0.0888841869724806   0
1.08799129401675   -0.213991707436449   -0.131392588744947   0
1.22256753666914   0.0766948476860539   0.134576242652387   0
1.02746554036972   -0.0632136069891737   -0.195101996299416   0
1.18079275877067   0.183728548408606   0.153327218400946   0
1.0857228432823   0.166919449845574   -0.095069915488371   1
0.917815722775683   0.21148004357788   -0.167907120506616   1
0.891314674133103   -0.0743361054647881   -0.0265010486425801   1
1.07880604235945   -0.0894384242073006   0.187491368226342   1
0.917897314128465   -0.308945895350857   -0.160908728230981   0
1.05575856484627   0.00593892736948654   0.137861250717802   0
1.09017713510099   -0.126116070331266   0.0344185702547215   0
1.00382133324673   0.388183244647875   -0.0863558018542552   1
0.615762281231564   0.494208138563204   -0.388059052015169   1
0.638685786953852   -0.408693590199246   0.022923505722288   1
0.575724297991235   0.148131296559798   -0.0629614889626176   1
0.865293894426628   -0.0687300907310557   0.289569596435393   1
1.20422179125909   -0.199705627263854   0.338927896832462   1
1.01946296591392   -0.0583963179546689   -0.184758825345172   1
1.31591574429492   0.143763041896887   0.296452778381002   0
1.23844190179364   -0.309013833376007   -0.077473842501278   0
1.48577211901977   0.295473616306247   0.24733021722613   1
1.34348678785781   -0.277515073850559   -0.14228533116196   0
0.90915624549249   0.13061116611149   -0.434330542365322   1
0.747729160179339   -0.0705343420851281   -0.161427085313151   1
0.910901067775749   -0.276641277673851   0.16317190759641   1
1.18946180718592   0.239667939214571   0.278560739410173   1
0.95959948219687   -0.216793642801142   -0.229862324989052   0
1.01205047935491   0.113964721980338   0.0524509971580386   0
1.21814725189938   0.120637649724384   0.206096772544467   1
1.23458864871796   -0.0457226188243101   0.016441396818589   0
1.27888765108785   0.130791123731123   0.0442990023698859   0
1.06094909005781   -0.17213567897692   -0.217938561030038   0
1.25181832300109   0.170208989226805   0.190869232943273   0
0.537554631411776   0.0577530573659591   -0.71426369158931   1
