0.0543247867016981   0   0   0
0.0440259918556155   -0.0197723949847657   -0.0102987948460826   0
0.0560945824832042   0.00504367353112239   0.0120685906275887   0
0.0627875231503242   -0.0105093029667651   0.00669294066712001   0
0.0494559846464763   0.00234818500400256   -0.0133315385038479   0
0.0566617622760491   0.00242724653131561   0.00720577762957279   0
0.0609675745247012   -0.0112695943188407   0.00430581224865215   0
0.0402839593168919   -0.0137231181887853   -0.0206836152078094   0
0.0443983357733711   0.000633337835020759   0.00411437645647918   0
0.0388308144445233   -0.0233481911679217   -0.00556752132884774   0
0.0502837808465613   0.0170908807347134   0.0114529664020379   0
0.0503903297470358   0.0237982467838693   0.000106548900474533   0
0.0308480043184725   -0.0187598807480113   -0.0195423254285633   0
0.0342882631160066   0.00211908268382048   0.00344025879753409   0
0.0441639866029155   -0.0141404916754583   0.00987572348690888   0
0.0267681404681946   0.00196534959030625   -0.0173958461347209   0
0.041953895455756   0.00516436969919482   0.0151857549875613   0
0.0281602196165975   -0.0047139686578844   -0.0137936758391585   0
0.0289220743572276   0.00489440698983898   0.000761854740630112   0
0.0390695262388732   0.0136739861716069   0.0101474518816456   0
0.0308324953701853   -0.0417735075260717   -0.00823703086868785   0
0.046231980236119   0.0563155726871633   0.0153994848659337   0
0.0370591576707597   -0.0409122815481904   -0.00917282256535935   0
0.043286590998397   0.0398125193973876   0.00622743332763729   0
0.056226167821309   -0.00146645552030958   0.012939576822912   0
0.0502731982896205   -0.0181866802252097   -0.00595296953168849   0
0.0390287483399737   -0.0245584976118579   -0.0112444499496468   0
0.0398505722664681   0.0537267317634242   0.000821823926494443   0
0.0527014623024115   -0.0514148524422487   0.0128508900359434   0
0.0414217913086216   0.0166372152928493   -0.0112796709937899   0
0.0305596142934041   0.000374211086869872   -0.0108621770152176   0
0.0356878181117871   -0.00882842483129027   0.00512820381838305   0
0.0419918264924583   -0.00139949368538156   0.00630400838067122   0
0.0315335729369941   0.0130163081223985   -0.0104582535554643   0
0.0338217881735062   -0.00203197474326293   0.00228821523651215   0
0.0371444068887501   0.00586152675153437   0.00332261871524386   0
0.0324076404683926   -0.00392937370225975   -0.00473676642035745   0
0.0413991818286053   0.00449581230368251   0.00899154136021267   0
0.0352837776941472   0.00714791402964363   -0.0061154041344581   0
0.0392508731318633   -0.00944371423123522   0.00396709543771605   0
0.0449694997855535   0.0358256229004925   0.00571862665369029   0
0.033490291551995   -0.023111694032845   -0.0114792082335586   0
0.0392153436449411   0.00495961535127895   0.00572505209294613   0
0.0434593836552016   0.0334043166180386   0.00424404001026047   0
0.0692283022853551   -0.0321282921556942   0.0257689186301535   0
0.0568217191050438   0.0364167058352759   -0.0124065831803113   0
0.0543384334603548   -0.0325567610218377   -0.00248328564468906   0
0.0469303362210492   0.00529435349433559   -0.00740809723930553   0
0.0566424277943001   0.0136832626878033   0.00971209157325088   0
0.053972364302342   -0.00460769705406827   -0.00267006349195806   0
0.0753736570595205   0.0220494694484808   0.0214012927571784   0
0.0758033140896452   0.0110233432621061   0.000429657030124694   0
0.0755824780512357   -0.00916252161541217   -0.000220836038409486   0
0.0872684038416774   0.000678305650456679   0.0116859257904417   0
0.100257832026643   -0.0222970178045619   0.0129894281849653   0
0.0807129663252498   0.0473269467426221   -0.0195448657013929   0
0.0985377343325028   -0.0316085211507542   0.0178247680072531   0
0.0935067314061111   0.0425907251850425   -0.00503100292639175   0
0.0913278767501058   0.00145268945318658   -0.00217885465600523   0
0.084776931533714   0.0297037589429454   -0.00655094521639188   0
0.083970840891943   0.00710476569425816   -0.000806090641771007   0
0.0870010301010168   -0.0365602120645349   0.00303018920907382   0
0.0874073127138102   0.0356713404127862   0.000406282612793393   0
0.0813656824290162   0.019059143508689   -0.00604163028479392   0
0.11059900770825   -0.0818507648085189   0.0292333252792337   0
0.0833559807149919   0.0132518612574379   -0.027243026993258   0
0.0885759996947395   -0.0530815165144953   0.00522001897974764   0
0.0840399562139672   0.0144629021552226   -0.00453604348077233   0
0.0859674968007911   0.052908541519216   0.00192754058682387   0
0.096118761782225   -0.0236766638377404   0.010151264981434   0
0.102119900336616   0.020488495301593   0.00600113855439104   0
0.092650365526586   0.017194364528456   -0.00946953481003004   0
0.0639653961452872   -0.0873323720775341   -0.0286849693812988   0
0.102039250166002   -0.0745320470603116   0.0380738540207151   0
0.0776448274932078   0.0915560629235127   -0.0243944226727945   0
0.085421847388417   0.0210436034409786   0.00777701989520917   0
0.0840932474512669   0.00357543995897291   -0.00132859993715014   0
0.0869195962868127   0.0304163456469027   0.00282634883554582   0
0.0959188205749007   -0.0390344050176768   0.00899922428808805   0
0.0964674911528355   0.0694618100787441   0.000548670577934812   0
0.101467130814368   -0.0199132997566513   0.00499963966153212   0
0.0992310719307718   0.0102646533647312   -0.00223605888359589   0
0.09999653589825   0.0250283331674618   0.000765463967478217   0
0.0963888974658648   -0.0138483673876276   -0.00360763843238519   0
0.0961283272379297   0.0210135179679202   -0.000260570227935075   0
0.0919098561017397   -0.0748167147859402   -0.00421847113619001   0
0.0932907228637666   0.0728561669341184   0.00138086676202687   0
0.0950422321096981   -0.0188467841262303   0.00175150924593151   0
0.0885565377334446   0.0233626511761329   -0.00648569437625346   0
0.0926956058256938   0.0104228490303429   0.00413906809224919   0
0.101318313888243   -0.00945506579722086   0.00862270806254939   0
0.0985037393233881   -0.0214652653614228   -0.00281457456485508   0
0.0999388049227126   -0.00497996725921196   0.00143506559932445   0
0.102363593854984   -0.00421195814333664   0.00242478893227148   0
0.0957541799323101   -0.0209447383649906   -0.00660941392267392   0
0.107519904813173   0.0347089126031198   0.011765724880863   0
0.0855139961774371   -0.0159825817041409   -0.022005908635736   0
0.070444721373558   -0.0474701226915513   -0.0150692748038791   0
0.076729907777411   0.0164188549942411   0.00628518640385299   0
0.0716683170253774   -0.0282982115333298   -0.00506159075203363   0
0.0798147283726193   0.0247168059828103   0.00814641134724191   0
0.0830583912907811   0.0070549711659611   0.00324366291816178   0
0.0832757560916891   -0.0084817248490231   0.00021736480090806   0
0.0829967033140022   0.0245029361643964   -0.000279052777686972   0
0.0883295211928323   0.0134422062940389   0.00533281787883008   0
0.0799400724318999   0.0317615831358821   -0.00838944876093237   0
0.0665913421688415   -0.0851672595434711   -0.0133487302630584   0
0.0764194863968118   -0.0270616638537598   0.00982814422797029   0
0.0757264928974827   0.0832579742554856   -0.000692993499329025   0
0.0841117636837589   -0.00857193048117247   0.00838527078627614   0
0.0735760024735817   0.0196585483349772   -0.0105357612101772   0
0.0816196125802034   0.0298746559121551   0.00804361010662172   0
0.0863254644981711   -0.0411849281806208   0.00470585191796768   0
0.0877334188143264   0.0490285042011103   0.00140795431615527   0
0.0913482854741264   -0.0470767046562321   0.00361486665980006   0
0.0798261347915111   0.0331284414747111   -0.0115221506826153   0
0.0918090328694568   -0.0292452553159649   0.0119828980779457   0
0.0820747289391808   -0.0102603875216513   -0.00973430393027601   0
0.0837094881418618   -0.0202137970198476   0.001634759202681   0
0.0837211894166734   -0.0160830858468728   1.17012748115791e-05   0
0.0920637983338456   -0.0216218848924504   0.00834260891717228   0
0.0930731949601629   0.0588018902706891   0.00100939662631729   0
0.0991504475387908   -0.0584736159389296   0.00607725257862783   0
0.0861882821604683   0.0553641734314949   -0.0129621653783225   0
0.10818744294515   -0.0526251986134503   0.0219991607846813   0
0.083221079450957   0.0985081060595351   -0.0249663634941926   0
0.0859061069867853   -0.114374974476927   0.00268502753582826   0
0.100315686597374   -0.0350009691311563   0.0144095796105884   0
0.0809414164434531   0.0601085902599226   -0.0193742701539206   0
0.0735512447610005   0.0388321327967673   -0.00739017168245261   0
0.0847044778170257   0.0383988102924465   0.0111532330560252   0
0.06273092564822   -0.0210710700103394   -0.0219735521688057   0
0.0765582482788432   0.00375838278121035   0.0138273226306233   0
0.0898055523609342   0.0112914583136534   0.013247304082091   0
0.0842656393918215   0.00505579422585178   -0.00553991296911273   0
0.092014202730353   0.0305245859774818   0.00774856333853148   0
0.0866904636735927   -0.00978192377712084   -0.00532373905676027   0
0.0981368290446558   -0.0304730951283442   0.0114463653710631   0
0.086632701596164   -0.0132314227567602   -0.0115041274484918   0
0.0909710649813445   0.0406420871902549   0.00433836338518047   0
0.0985462089049599   -0.0133853497601081   0.00757514392361541   0
0.0942461987347633   0.0135411880004524   -0.00430001017019661   0
0.0976338027096277   0.0362440804556794   0.00338760397486437   0
0.085815118786581   -0.0308316985469752   -0.0118186839230467   0
0.0904946540183038   0.00123376392097785   0.00467953523172279   0
0.0837661100495003   -0.00727116163233366   -0.00672854396880343   0
0.0936396150767398   -0.0421316331758613   0.00987350502723949   0
0.0860164711219456   0.0529088874164548   -0.00762314395479423   0
0.096951925530453   -0.0387673737213801   0.0109354544085074   0
0.0906920084624467   0.039709600028914   -0.0062599170680063   0
0.0900004253668975   -0.0183630289736371   -0.00069158309554912   0
0.0997068725495389   0.0219173922176934   0.00970644718264138   0
0.0982151644235756   0.0142915360307264   -0.00149170812596329   0
0.0987143359491037   -0.0543889779120603   0.00049917152552803   0
0.113731716510007   0.0230937954373783   0.0150173805609029   0
0.111388828372328   -0.0345977151961863   -0.00234288813767827   0
0.111785076711563   0.0524655449867278   0.000396248339234614   0
0.118475818264361   0.0216417820498019   0.00669074155279856   0
0.116447102195203   -0.0199220367908666   -0.00202871606915866   0
0.124389737093741   0.0399474813637977   0.00794263489853819   0
0.154232758425375   0.0126791530903868   0.0298430213316338   0
0.137404758555372   0.000728931538108268   -0.016827999870003   0
0.168663194197371   0.0216810943323126   0.0312584356419991   0
0.150107092462881   -0.00358823811715436   -0.0185561017344895   0
0.131372302379193   -0.0559437552153745   -0.0187347900836888   0
0.126499518063469   0.00918686266199337   -0.00487278431572322   0
0.120588297917636   0.0132290017671824   -0.00591122014583348   0
0.1187326009713   0.0153379853918166   -0.00185569694633565   0
0.127657192638733   0.00839369287380071   0.00892459166743247   0
0.114786345695176   -0.0093109359322493   -0.0128708469435565   0
0.125356566836774   0.025835989997669   0.0105702211415974   0
0.115646269111502   -0.0198509484191363   -0.00971029772527141   0
0.121640459523641   -0.0131530643451682   0.00599419041213857   0
0.146930142129381   0.0459574773798263   0.0252896826057398   0
0.12269656049136   -0.0087228126580377   -0.0242335816380205   0
0.124752184411296   -0.0475831930064721   0.00205562391993583   0
0.0986137928951118   -0.0414038632934317   -0.0261383915161842   0
0.11303665380725   0.00693640497520986   0.0144228609121378   0
0.13111344480796   0.0382937863705224   0.0180767910007105   0
0.144314955782344   0.00789706008538377   0.0132015109743842   0
0.136947671764291   0.0507062566492589   -0.00736728401805326   0
0.148848306117873   -0.0312659975212148   0.0119006343535818   0
0.113159004316592   -0.0411840300801983   -0.0356893018012808   0
0.136351520476488   -0.0144316290016299   0.0231925161598955   0
0.135808163809323   -0.048176841108636   -0.000543356667164208   0
