0.0342688740228651   0   0   0
0.0411440078500199   0.0153073586402438   0.00687513382715477   0
0.0572322856449487   -0.0270139734096616   0.0160882777949288   0
0.0337003242634622   0.0175695124172783   -0.0235319613814865   0
0.0358221741078414   -0.00752600450722743   0.00212184984437915   0
0.17296916083699   -0.038185559674486   0.137146986729149   0
0.112249676042749   0.00881741866430186   -0.0607194847942413   0
0.0989818474901455   0.00359776038970478   -0.0132678285526032   0
0.0992667783777256   -0.024358499836568   0.000284930887580123   0
0.0707840384076276   0.0223954097423317   -0.028482739970098   0
0.0880388295521499   -0.0118163254246046   0.0172547911445223   0
0.0796964590352043   -0.0129517704286404   -0.00834237051694556   0
0.0671666209603029   0.0273179504296051   -0.0125298380749014   0
0.0828043767817257   -0.00160730189813863   0.0156377558214228   0
0.0792577704933087   -0.0089423343634746   -0.00354660628841701   0
0.0796251957210756   0.0276873098378272   0.000367425227766893   0
0.0694771210878265   -0.0112469101125508   -0.0101480746332492   0
0.0507000025771942   -0.0250816979904979   -0.0187771185106322   0
0.0626182492476834   0.0127598699235329   0.0119182466704892   0
0.0491429430850962   -0.0253936707226638   -0.0134753061625872   0
0.0323607951358198   0.0112801189407625   -0.0167821479492763   0
0.027751968065031   0.0379009842203226   -0.00460882707078884   0
0.0325168656283935   -0.0449718477061064   0.00476489756336253   0
0.0202420780257963   0.0168954923448022   -0.0122747876025972   0
0.0447065894912036   0.0199504289313884   0.0244645114654074   0
0.0200044714906443   -0.0280669275387326   -0.0247021180005594   0
0.0279635231868326   0.0355994520168716   0.00795905169618833   0
0.0402773095129876   -0.013617161055781   0.012313786326155   0
0.0396736955355813   0.00304471135817992   -0.000603613977406325   0
0.0341567240850173   0.0342580648754992   -0.00551697145056396   0
0.0348533463845654   -0.0447889921890157   0.000696622299548144   0
0.0343502351828193   0.0353345468225255   -0.000503111201746086   0
0.0305956882915714   -0.0265495815841556   -0.00375454689124794   0
0.0536063208175249   -0.0266106908243913   0.0230106325259535   0
0.0255808853383607   0.0352023191231367   -0.0280254354791642   0
0.0229088857173914   0.0230094197138931   -0.00267199962096926   0
0.0297201199057137   -0.0210451203474726   0.0068112341883223   0
0.0382933799498363   0.0179353488840827   0.0085732600441226   0
0.0255790120407264   -0.0119158597619001   -0.0127143679091099   0
0.0283343742778379   -0.00491935835980847   0.00275536223711148   0
0.0484788249528193   0.001457569272176   0.0201444506749815   0
0.02705576429899   0.0328325302876801   -0.0214230606538294   0
0.0372599976450952   -0.0239341191003485   0.0102042333461052   0
0.0792546650849179   0.0315162088126395   0.0419946674398227   0
0.0872547357253032   0.0336302672803878   0.0080000706403853   0
0.0927081996968041   -0.0370732650908554   0.00545346397150087   0
0.0954100222219998   0.0293770240339382   0.00270182252519578   0
0.0968936777525242   -0.0355474389110856   0.00148365553052436   0
0.100098155239045   -0.0241969644494995   0.00320447748652104   0
0.08044959239095   0.0361633430378163   -0.0196485628480953   0
0.086863672375165   0.0230901944695064   0.00641407998421499   0
0.0732548134269858   -0.0494369701189575   -0.0136088589481791   0
0.0708293595705199   0.064555758084345   -0.00242545385646592   0
0.0500693511396443   -0.0431272119343043   -0.0207600084308756   0
0.0644094634290063   -0.0390317497441311   0.014340112289362   0
0.0447961131957338   0.0634984824704115   -0.0196133502332725   0
0.0432738018616995   -0.04553068690476   -0.00152231133403437   0
0.0557634099209385   -0.00218446917585866   0.0124896080592391   0
0.0468057459524736   0.0302578760900569   -0.00895766396846492   0
0.0966258292253681   -0.092326209990614   0.0498200832728945   0
0.057570911359579   0.0813207681055644   -0.0390549178657891   0
0.0727066475397023   -0.0161258526428671   0.0151357361801233   0
0.0631010962007793   -0.0131876986070241   -0.00960555133892305   0
0.052591588363611   0.0472667174151869   -0.0105095078371683   0
0.100572965155702   -0.0925810050058898   0.0479813767920908   0
0.0827722820255821   0.0532848181540139   -0.0178006831301197   0
0.0350499527133062   0.0505175387895762   -0.0477223293122759   0
0.08425976484831   -0.0857885013777969   0.0492098121350038   0
0.0480591198354006   0.0692842940186261   -0.0362006450129094   0
0.0313355684644064   -0.0103813568495755   -0.0167235513709943   0
0.0421997431038982   -0.00408060304007642   0.0108641746394918   0
0.0320534469786402   0.019849609389444   -0.0101462961252579   0
0.0787722742776607   -0.0616217969962305   0.0467188272990205   0
0.0555561902421548   0.0640799342868736   -0.0232160840355058   0
0.0617573263177131   -0.0254373987060813   0.00620113607555828   0
0.0922749013911172   -0.0192407673951961   0.0305175750734041   0
0.0535216873997354   0.0519044526698965   -0.0387532139913817   0
0.0641787792894388   -0.046082653104488   0.0106570918897034   0
0.0792452075594361   0.00490094324760873   0.0150664282699973   0
0.0462431702544073   0.0400887279943544   -0.0330020373050288   0
0.104845507013671   -0.061073664109154   0.0586023367592637   0
0.0667522361062347   0.0484884396520255   -0.0380932709074363   0
0.0530906970299882   -0.0011422672043232   -0.0136615390762464   0
0.105541477386986   -0.030732166137378   0.0524507803569974   0
0.0915750880778229   0.0379590646939473   -0.0139663893091627   0
0.136815427277833   -0.0660344058798028   0.0452403392000104   0
0.117200134328389   0.0447535145994995   -0.019615292949444   0
0.0977218575231156   0.0125421098019039   -0.0194782768052738   0
0.129744596643993   -0.0576184424777822   0.0320227391208777   0
0.0786263441123425   0.0859625105362377   -0.0511182525316507   0
0.139056751638396   -0.0687900840848415   0.0604304075260533   0
0.141159558917241   0.00512320368649571   0.00210280727884504   0
0.104009946086288   0.0482794921658002   -0.0371496128309531   0
0.135245672572073   -0.0457182456927437   0.0312357264857856   0
0.120627591823855   0.0162965397161258   -0.0146180807482187   0
0.0985651519336829   0.0338831214129236   -0.0220624398901718   0
0.131043600298775   -0.0290438069236203   0.0324784483650917   0
0.173499832281771   -0.0334390483832755   0.0424562319829959   0
0.110848618583736   0.0768356707388394   -0.0626512136980349   0
0.158104299664146   -0.0719113412927727   0.0472556810804101   0
0.144862105407876   0.0545483151455585   -0.01324219425627   0
0.141091519489027   -0.0235596802072145   -0.00377058591884866   0
0.173485254818097   -0.0228250531962552   0.0323937353290698   0
0.155015050540754   0.0346119267884978   -0.0184702042773429   0
0.180625679125893   -0.0527607010616079   0.0256106285851389   0
0.197673431644853   0.0483997920221102   0.0170477525189605   0
0.199438367065925   -0.00113166255556921   0.00176493542107134   0
0.218776544604306   -0.0274859490149759   0.0193381775383816   0
0.205070055645723   0.0483548783689936   -0.0137064889585831   0
0.240307479789545   -0.0437902926993244   0.0352374241438217   0
0.271493772824844   -0.00272122015292867   0.0311862930352995   0
0.243023990623129   0.0615782923418071   -0.0284697822017155   0
0.255721672387536   -0.0573739834993975   0.0126976817644066   0
0.255681591177569   0.0303742691287595   -4.00812099664027e-05   0
0.245219352677154   0.00614323442515702   -0.0104622385004152   0
0.262777775973565   -0.0227299132889698   0.0175584232964113   0
0.232164310252588   0.0450402757256596   -0.0306134657209771   0
0.266490384076161   -0.0647052447641813   0.0343260738235732   0
0.23416657476476   0.0674240921485135   -0.0323238093114012   0
0.279374817829274   -0.0574913608494359   0.0452082430645138   0
0.249632037289007   0.0660965729289049   -0.0297427805402673   0
0.278606706536903   -0.0702073671657477   0.0289746692478964   0
0.23341856262744   0.0639226217455171   -0.0451881439094633   0
0.21921204825707   -0.0171192639689227   -0.0142065143703697   0
0.252371609504833   -0.0469035091875862   0.0331595612477631   0
0.249285541021015   0.0742760231068296   -0.00308606848381845   0
0.260263829051868   -0.0799182554413679   0.0109782880308533   0
0.233288578934439   0.0493612434230998   -0.0269752501174289   0
0.191720616472903   0.0130798495206518   -0.041567962461536   0
0.220379222076992   -0.0480496729425588   0.0286586056040886   0
0.198218071108823   0.0609489720793453   -0.0221611509681685   0
0.23943069737726   -0.0604449779563533   0.0412126262684367   0
0.241614654900857   0.0151982164600357   0.0021839575235966   0
0.280377510406688   0.00655715815665103   0.0387628555058316   0
0.27738611043093   -0.0171973170162477   -0.00299139997575826   0
0.29034740374197   -0.00646940879582655   0.0129612933110401   0
0.251992164314111   0.0474866733972132   -0.0383552394278588   0
0.296976360062565   -0.0532085035176082   0.0449841957484534   0
0.29246514555263   0.0330138444805784   -0.00451121450993486   0
0.286013072844097   -0.0140923814660208   -0.0064520727085331   0
0.297469428864127   -0.00312767702410149   0.0114563560200305   0
0.270998694953795   0.0466434002841546   -0.0264707339103322   0
0.295655645801175   -0.0496454697264284   0.0246569508473803   0
0.273415738926383   0.0384534807475444   -0.0222399068747923   0
0.303288269772048   -0.0299182482785844   0.0298725308456649   0
0.319218835068049   0.00035979308484918   0.0159305652960014   0
0.309322207368789   0.0295036841330145   -0.00989662769926047   0
0.337952147072613   -0.0483787535729342   0.0286299397038244   0
0.335242013719302   0.0619429797121267   -0.00271013335331149   0
0.373790210871315   -0.0514353351088912   0.0385481971520136   0
0.397189194360852   0.000994018963894033   0.0233989834895364   0
0.360438380329093   0.0409864315399091   -0.0367508140317587   0
0.369123298979762   -0.0315749984962694   0.0086849186506685   0
0.37410004853618   0.00840568960995344   0.00497674955641875   0
0.370468495551255   0.018404960474104   -0.00363155298492573   0
0.369376429468219   -0.0339269400323163   -0.00109206608303586   0
0.364023381268913   0.0324415358522068   -0.00535304819930565   0
0.372126708988686   -0.0249072680432129   0.00810332771977262   0
0.375472831127037   0.0171290606147868   0.00334612213835134   0
0.35279837242312   0.00425412580640788   -0.0226744587039171   0
0.381505047100415   -0.035005292897958   0.0287066746772952   0
0.179948997844917   0.189456668444959   -0.201556049255498   0
0.145145597311777   -0.09045689019278   -0.0348034005331402   0
0.155217844200667   0.0150344017160268   0.01007224688889   0
0.194010068640934   -0.0561622388335795   0.0387922244402673   0
0.173761752867137   0.0666104739461694   -0.0202483157737972   0
0.185583483216611   -0.0638000566335726   0.0118217303494736   0
0.182466081033325   0.0383940469299275   -0.00311740218328538   0
0.185639832043133   -0.0082029557408938   0.00317375100980744   0
0.225145736256075   -0.0214415373622446   0.0395059042129422   0
0.243088238520403   0.0478339824832775   0.0179425022643285   0
0.307661877365514   -0.101254980590961   0.0645736388451105   0
0.311479872403098   0.0854381760545471   0.00381799503758379   0
0.316446052026996   -0.0612867267899017   0.00496617962389873   0
0.324966811280014   0.0249356885034929   0.00852075925301732   0
0.324039432898918   0.0255312947299925   -0.000927378381095467   0
0.373897905906479   -0.0604796735367643   0.0498584730075605   0
0.385917903355753   0.0493012540830204   0.0120199974492739   0
0.418534155322478   -0.0539048143821904   0.0326162519667251   0
0.448312473887633   0.0198639727264798   0.0297783185651557   0
0.465104827761979   0.0360490339718743   0.0167923538743455   0
0.511666551184705   -0.056814234273004   0.0465617234227257   0
0.490996359755599   0.0621952624704869   -0.0206701914291051   0
0.50367903508683   -0.0542573181196342   0.0126826753312304   0
0.506283905022172   0.0376418105064653   0.00260486993534248   0
0.505791557525924   0.000758336798412779   -0.00049234749624838   0
0.550990227794468   -0.025904173996127   0.0451986702685442   0
0.526311188478356   0.0317852558702826   -0.0246790393161117   0
0.540294045919674   -0.0275038635938408   0.0139828574413171   0
0.509602017211716   0.0498296433697867   -0.0306920287079575   0
0.52942625635635   -0.0623788217760777   0.0198242391446344   0
0.526930787473317   0.0607448101269264   -0.00249546888303342   0
0.569046011026349   -0.057287936642292   0.0421152235530322   0
0.588092022311347   0.033544550831215   0.0190460112849979   0
0.597260937706669   -0.0117779633165501   0.00916891539532216   0
0.655707755582661   0.00193605860437604   0.0584468178759913   0
0.612401458813783   0.0762579058557838   -0.0433062967688772   0
0.607120549630384   -0.0898626279123787   -0.00528090918339896   0
0.397513066003182   0.161183824345277   -0.209607483627203   0
0.435229321964869   -0.0976591600809851   0.0377162559616876   0
0.381388559489532   0.0599915027945707   -0.0538407624753378   0
0.382620280397224   -0.0755253029008553   0.00123172090769191   0
0.370875052344115   0.0496939934405344   -0.0117452280531086   0
0.393719461849741   -0.0670527137796698   0.0228444095056265   0
0.361497947008347   0.0872882453845232   -0.032221514841394   0
0.365291018277893   -0.048598013175813   0.00379307126954564   0
0.330950860332391   0.0455964208863417   -0.0343401579455018   0
0.30877660580588   0.0281703998314533   -0.022174254526511   0
0.326317365252755   -0.0564704232132781   0.0175407594468748   0
0.299199509142729   0.090469573686362   -0.0271178561100262   0
0.334141350448657   -0.0971863693248486   0.0349418413059284   0
0.326930868498663   0.0689489656508752   -0.00721048194999457   0
0.332874152237796   -0.038240647284993   0.00594328373913283   0
0.335106127975616   -0.00519811987896696   0.00223197573782047   0
0.355013428258027   0.0297554735821866   0.0199073002824105   0
0.37481953350813   -0.0754586541185005   0.0198061052501037   0
0.385379731911604   0.0441493791098497   0.010560198403474   0
0.356465116453911   -0.00456416820100208   -0.0289146154576938   0
0.352431836851216   0.0542380144761457   -0.00403327960269406   0
0.357672462527394   -0.0172405904721135   0.00524062567617745   0
0.367698702029257   -0.0210998034032868   0.0100262395018627   0
0.329993575965881   0.0477368173057995   -0.0377051260633751   0
0.379640970732217   -0.0795089807108076   0.0496473947663355   0
0.397435999279758   0.068084567807153   0.0177950285475413   0
0.428183762646367   -0.0817723500151513   0.0307477633666083   0
0.432573210575935   0.0241199130473007   0.0043894479295688   0
0.387553848666866   0.0386170387568773   -0.0450193619090694   0
0.374531819925891   -0.00868292211196225   -0.013022028740975   0
0.397795382573755   0.00667847378921221   0.0232635626478639   0
0.41863261286031   -0.0238502211909591   0.0208372302865548   0
0.411531689100912   0.0402262533874925   -0.00710092375939742   0
0.422329619515669   -0.062520931900699   0.010797930414757   0
0.396084769711295   0.0695542613218735   -0.0262448498043738   0
0.418570889834386   -0.087050248103358   0.0224861201230909   0
0.403248217117881   0.0877953730980147   -0.015322672716505   0
0.442484562290313   -0.070208100878543   0.0392363451724316   0
0.446889275246397   0.0235427460601788   0.00440471295608402   0
0.438459338311718   0.0486528164375892   -0.00842993693467858   0
0.444831921636139   -0.0691566338816014   0.00637258332442042   0
0.416606549896602   0.0685995716546716   -0.0282253717395368   0
0.44923250498656   -0.0850117502808392   0.0326259550899583   0
0.44926089116904   0.0205037924040231   2.83861824796339e-05   0
0.440709227571026   0.0466718387666835   -0.00855166359801446   0
0.444535170859686   -0.0535402474082785   0.00382594328866026   0
0.412968858093138   0.0895602180618801   -0.0315663127665482   0
0.429040030798118   -0.0719662071847875   0.0160711727049803   0
0.430269929194744   -0.00015789611954542   0.00122989839662618   0
0.415526682552998   0.0690651149205437   -0.014743246641746   0
0.429719600936471   -0.0667855698494629   0.0141929183834731   0
0.419622259368173   0.0668349334338839   -0.0100973415682986   0
0.452445434836346   -0.0866999961207368   0.0328231754681732   0
0.441362279555582   0.0402847670982406   -0.0110831552807635   0
0.429332199130813   0.00452558455854768   -0.0120300804247694   0
0.445700631022102   -0.0471923115370388   0.0163684318912892   0
0.432595367685843   0.0847037784038648   -0.0131052633362587   0
0.450852696075725   -0.102362501233224   0.0182573283898815   0
0.425726588836368   0.0984779130132202   -0.0251261072393568   0
0.426679903008684   -0.0798077418457669   0.000953314172315978   0
0.436031045624334   0.0406188252669329   0.00935114261564995   0
0.440280522897618   -0.00967341779946446   0.00424947727328412   0
