0.0314360002313696   0.0108712   0   0   0
0.0365019130574673   0.0135521746396104   0.00506591282609763   0.00268097463961043   0
0.0278107201005296   0.0200521214633889   -0.00869119295693769   0.00649994682377843   0
0.166376359590668   0.007062668150108   0.138565639490138   -0.0129894533132809   0
0.126104583109234   0.0325415125096391   -0.0402717764814344   0.0254788443595311   0
0.0601028909419609   0.0336841260664797   -0.0660016921672727   0.0011426135568406   0
0.0560573865103348   0.0293247690915466   -0.00404550443162616   -0.00435935697493316   0
0.053361728313933   0.0351423691512468   -0.00269565819640174   0.00581760005970018   0
0.120540574609596   0.0405096692305603   0.0671788462956631   0.0053673000793135   0
0.0676311090752336   0.0539353885710718   -0.0529094655343625   0.0134257193405115   0
0.110965805382161   0.0708195204260273   0.0433346963069277   0.0168841318549555   0
0.0981075736270971   0.078609401163099   -0.0128582317550642   0.00778988073707165   0
0.139145536039511   0.0575009570789913   0.041037962412414   -0.0211084440841077   0
0.108489195464306   0.0578072428179203   -0.0306563405752046   0.000306285738929005   0
0.0874839203792651   0.045873719336854   -0.0210052750850414   -0.0119335234810663   0
0.161853745164614   0.0608651997386489   0.074369824785349   0.0149914804017949   0
0.131900687569673   0.0649300033552479   -0.0299530575949414   0.00406480361659898   0
0.12857376023072   0.0685362502698572   -0.00332692733895248   0.0036062469146093   0
0.178964742735234   0.0592239310654074   0.0503909825045136   -0.00931231920444973   0
0.181812051357439   0.0642091569756495   0.00284730862220511   0.00498522591024206   0
0.156087020317186   0.065233347915196   -0.025725031040253   0.00102419093954646   0
0.195298696735663   0.0511372009948259   0.0392116764184769   -0.01409614692037   0
0.206540742484382   0.0794700825409363   0.0112420457487197   0.0283328815461104   0
0.181374243040433   0.076626051757379   -0.0251664994439496   -0.00284403078355729   0
0.229976895067222   0.0500865801133397   0.0486026520267891   -0.0265394716440393   0
0.192867260873897   0.0600617067614632   -0.0371096341933245   0.0099751266481235   0
0.172591197188066   0.0710449447351464   -0.0202760636858311   0.0109832379736831   0
0.192013831450341   0.0527311545582438   0.0194226342622748   -0.0183137901769025   0
0.180526456563851   0.0562924560645119   -0.01148737488649   0.00356130150626803   0
0.211067475361554   0.0647308022006911   0.0305410187977025   0.00843834613617927   0
0.191497136534336   0.0527327223089706   -0.0195703388272179   -0.0119980798917206   0
0.201487192087363   0.0582941261235856   0.00999005555302759   0.00556140381461499   0
0.242277712358194   0.0655409072990487   0.0407905202708312   0.00724678117546319   0
0.225092300702556   0.048305979343012   -0.0171854116556381   -0.0172349279560368   0
0.235040839966292   0.0293340817176629   0.00994853926373557   -0.0189718976253491   0
0.253340523667277   0.0506627134562737   0.0182996837009849   0.0213286317386108   0
0.240405790959057   0.04926551092146   -0.0129347327082194   -0.00139720253481369   0
0.26478189990783   0.0411940251561646   0.0243761089487724   -0.00807148576529542   0
0.282792504416224   0.0551803196949782   0.0180106045083941   0.0139862945388136   0
0.253391941071653   0.0543981395043066   -0.0294005633445711   -0.000782180190671611   0
0.300559597038607   0.0416214754425525   0.0471676559669544   -0.0127766640617541   0
0.285357886870996   0.0577715387114191   -0.0152017101676116   0.0161500632688666   0
0.279946882595536   0.0684134391279411   -0.00541100427545954   0.010641900416522   0
0.337598049123747   0.0456629890351584   0.057651166528211   -0.0227504500927827   0
0.329131172315629   0.0765805777506608   -0.00846687680811858   0.0309175887155023   0
0.312260722837583   0.0853252253790167   -0.0168704494780453   0.00874464762835596   0
0.357170630632601   0.0607975405221708   0.0449099077950179   -0.0245276848568459   0
0.338952600147174   0.0976238282033131   -0.0182180304854271   0.0368262876811424   0
0.338270853844682   0.0842850355713427   -0.000681746302492292   -0.0133387926319705   0
0.361960616570491   0.0549835497995992   0.0236897627258093   -0.0293014857717435   0
0.368301657949187   0.0820911364049128   0.00634104137869612   0.0271075866053136   0
0.354678200238019   0.093837612169548   -0.0136234577111685   0.0117464757646352   0
0.371159418536483   0.052338847670564   0.0164812182984642   -0.041498764498984   0
0.369877930530831   0.0632241711860859   -0.00128148800565209   0.010885323515522   0
0.345701404708413   0.0774125427432952   -0.0241765258224176   0.0141883715572092   0
0.363140879654123   0.0514373034934278   0.0174394749457096   -0.0259752392498674   0
0.36774204523625   0.0651034176455814   0.00460116558212709   0.0136661141521536   0
0.370142928322209   0.0711888633647848   0.00240088308595926   0.00608544571920339   0
0.362498873372373   0.060996099534376   -0.00764405494983561   -0.0101927638304088   0
0.366400540842136   0.067186244102811   0.00390166746976289   0.006190144568435   0
0.36460833587532   0.0758456468201208   -0.00179220496681654   0.00865940271730983   0
0.356455053848925   0.0524984585818717   -0.00815328202639476   -0.0233471882382491   0
0.350277836858913   0.0606168000528113   -0.0061772169900125   0.00811834147093955   0
0.363493929017116   0.0674392471700641   0.0132160921582033   0.00682244711725286   0
0.357057624096223   0.0636943139396485   -0.00643630492089237   -0.00374493323041564   0
0.35783842895056   0.0599293082425869   0.000780804854336459   -0.00376500569706155   0
0.382716568910323   0.0756531217519806   0.0248781399597631   0.0157238135093937   0
0.354115838369777   0.0891050549465209   -0.028600730540546   0.0134519331945402   0
0.372243501789957   0.081684805140384   0.0181276634201804   -0.00742024980613687   0
0.409581071998268   0.129233285213224   0.0373375702083101   0.04754848007284   0
0.378573904374004   0.108715277035935   -0.0310071676242635   -0.0205180081772895   0
0.393396675013376   0.104911808917061   0.0148227706393723   -0.00380346811887317   0
0.420502561596906   0.147282105699878   0.02710588658353   0.0423702967828165   0
0.394860633867862   0.128423837132257   -0.0256419277290441   -0.0188582685676208   0
0.411761639789333   0.117349623031606   0.0169010059214703   -0.0110742141006512   0
0.466226500391173   0.169531097676031   0.0544648606018401   0.0521814746444253   0
0.418817719211554   0.143057397890707   -0.0474087811796185   -0.0264736997853244   0
0.44781607096586   0.143472218697175   0.0289983517543057   0.00041482080646818   0
0.476212845351908   0.171933358129945   0.0283967743860479   0.0284611394327703   0
0.460807032423239   0.148536597178103   -0.0154058129286685   -0.0233967609518424   0
0.482612800528167   0.148731057022071   0.0218057681049275   0.000194459843968042   0
0.507304964602408   0.179002325561737   0.0246921640742409   0.0302712685396659   0
0.493866083638156   0.149791761896649   -0.0134388809642516   -0.0292105636650874   0
0.52115831406507   0.154166153928967   0.0272922304269141   0.00437439203231776   0
0.540497286328988   0.181327393202186   0.019338972263918   0.0271612392732184   0
0.543990467557153   0.164725393686735   0.003493181228165   -0.01660199951545   0
0.542729562990722   0.158376842417066   -0.00126090456643113   -0.00634855126966999   0
0.570422402847223   0.189154245974681   0.0276928398565015   0.0307774035576152   0
0.540138105264126   0.171427182039489   -0.0302842975830976   -0.017727063935192   0
0.554396852911252   0.177062372081846   0.0142587476471258   0.00563519004235707   0
0.595503843399192   0.18613027923742   0.0411069904879409   0.00906790715557437   0
0.58234990623814   0.163824320052   -0.013153937161053   -0.0223059591854206   0
0.630956041676605   0.184730266513097   0.0486061354384657   0.0209059464610978   0
0.648279206434373   0.16406278876546   0.0173231647577675   -0.0206674777476373   0
0.64985915369366   0.136620516113979   0.00157994725928723   -0.0274422726514811   0
0.643692318945659   0.164527910889004   -0.00616683474800095   0.0279073947750249   0
0.65136201572244   0.17305180511266   0.00766969677678087   0.00852389422365593   0
0.66593751405252   0.133700676061305   0.0145754983300799   -0.0393511290513549   0
0.702133951371624   0.169180368705267   0.0361964373191042   0.0354796926439618   0
0.681493496469959   0.177538155584933   -0.020640454901665   0.0083577868796666   0
0.68608802120752   0.166360333328742   0.00459452473756072   -0.0111778222561917   0
0.707127627116838   0.191193039115576   0.0210396059093184   0.024832705786834   0
0.702473090496341   0.18520286974356   -0.00465453662049742   -0.00599016937201569   0
0.698535517147725   0.151490120883343   -0.00393757334861533   -0.0337127488602165   0
0.713717258994765   0.196120621885487   0.0151817418470392   0.0446305010021432   0
0.702276245003247   0.174474483139369   -0.011441013991518   -0.0216461387461175   0
0.715900361572042   0.176295387674352   0.013624116568795   0.00182090453498268   0
0.768522409088531   0.253347227828232   0.0526220475164898   0.07705184015388   0
0.716415287496777   0.219323725418045   -0.0521071215917542   -0.0340235024101868   0
0.748225836304046   0.202803071099158   0.0318105488072686   -0.0165206543188873   0
0.796404131766661   0.28082242195959   0.0481782954626157   0.0780193508604323   0
0.753421386228968   0.255013731738607   -0.0429827455376933   -0.0258086902209834   0
0.76082397484407   0.209804277116793   0.00740258861510179   -0.0452094546218137   0
0.819159150441012   0.266046665945093   0.0583351755969417   0.0562423888283003   0
0.774861895053977   0.240841949573782   -0.0442972553870349   -0.0252047163713115   0
0.77988608113304   0.223948605168128   0.00502418607906285   -0.0168933444056538   0
0.830628503015638   0.277602275306778   0.0507424218825987   0.0536536701386499   0
0.8279107742347   0.264998411933449   -0.00271772878093857   -0.0126038633733286   0
0.819538737120003   0.249752507089518   -0.00837203711469636   -0.0152459048439307   0
0.85166388602286   0.312714270719294   0.0321251489028571   0.0629617636297757   0
0.831306322284271   0.290495354434886   -0.0203575637385897   -0.0222189162844082   0
0.848255344333297   0.272729539329259   0.0169490220490259   -0.0177658151056266   0
0.866586163687864   0.334973189775689   0.0183308193545676   0.06224365044643   0
0.848094273347562   0.276211474861654   -0.0184918903403019   -0.0587617149140355   0
0.847312533084964   0.263201012177955   -0.000781740262598807   -0.0130104626836988   0
0.870851058607848   0.317944140497195   0.0235385255228845   0.0547431283192399   0
0.843692729521601   0.281784293296308   -0.0271583290862468   -0.0361598472008865   0
0.847415983722428   0.267835285602924   0.00372325420082653   -0.0139490076933842   0
0.846998034951209   0.30179445105651   -0.00041794877121859   0.0339591654535855   0
0.821442126126442   0.277684176273604   -0.025555908824767   -0.0241102747829057   0
0.838275669305378   0.267269384530383   0.016833543178936   -0.0104147917432206   0
0.883517572415518   0.329976955163539   0.0452419031101395   0.0627075706331552   0
0.850850535793156   0.309599352741975   -0.032667036622362   -0.0203776024215634   0
0.857333466875638   0.252983807415613   0.00648293108248188   -0.0566155453263621   0
0.899915871589389   0.32599077820124   0.0425824047137514   0.0730069707856267   0
0.860504350304523   0.305618101291056   -0.0394115212848657   -0.0203726769101841   0
0.857909345920354   0.284895773336935   -0.00259500438416915   -0.0207223279541212   0
0.892374695676743   0.329290469946368   0.0344653497563889   0.0443946966094336   0
0.893923119972254   0.318697671559191   0.00154842429551127   -0.0105927983871771   0
0.954015729772037   0.298055134287685   0.0600926097997829   -0.0206425372715059   0
1.00814106016321   0.375953089918809   0.0541253303911772   0.0778979556311238   0
0.928937572311019   0.307863519319032   -0.0792034878521952   -0.0680895705997769   0
0.938369000883109   0.287892731664938   0.00943142857208923   -0.0199707876540939   0
0.966733645265277   0.344267214422169   0.0283646443821682   0.0563744827572314   0
0.930587084526134   0.301534488058995   -0.0361465607391429   -0.0427327263631748   0
0.930359488042746   0.281328956135873   -0.000227596483388215   -0.0202055319231216   0
0.947676334522969   0.317630081190762   0.0173168464802231   0.0363011250548889   0
0.940141736868489   0.292742370179395   -0.0075345976544795   -0.0248877110113667   0
0.965322036401971   0.289707980077353   0.0251802995334817   -0.00303439010204209   0
0.982033695181769   0.325600486832022   0.0167116587797983   0.0358925067546693   0
0.954248533358228   0.325644842103326   -0.0277851618235408   4.43552713034756e-05   0
0.974101681453771   0.31221588432125   0.0198531480955427   -0.0134289577820761   0
0.971334943553072   0.359346973516196   -0.00276673790069892   0.0471310891949467   0
0.952132173286662   0.332900136510936   -0.0192027702664102   -0.0264468370052602   0
0.975300945312394   0.325810634888581   0.0231687720257322   -0.00708950162235561   0
0.996602730686812   0.384989883497281   0.0213017853744178   0.0591792486087003   0
0.961251219765764   0.328318034806954   -0.0353515109210477   -0.0566718486903274   0
1.00339031799541   0.340445685585087   0.0421390982296456   0.0121276507781335   0
1.03743549251122   0.391558696804834   0.0340451745158112   0.0511130112197469   0
0.987391392010149   0.317674913414248   -0.0500441005010721   -0.073883783390586   0
1.05891231642353   0.367084443086669   0.0715209244133783   0.0494095296724211   0
1.08645021494091   0.369370652614687   0.0275378985173873   0.00228620952801817   0
1.0977275840394   0.343975403461134   0.011277369098486   -0.0253952491535532   0
1.12100122640841   0.372711633514772   0.0232736423690096   0.0287362300536382   0
1.08119299101178   0.347305320511362   -0.0398082353966298   -0.0254063130034102   0
1.10075276276854   0.328621908037946   0.0195597717567579   -0.0186834124734166   0
1.11746581236557   0.369779564162894   0.01671304959703   0.0411576561249486   0
1.1107885829562   0.366099618162871   -0.0066772294093651   -0.00367994600002314   0
1.12327422643542   0.337533508399166   0.0124856434792207   -0.0285661097637048   0
1.11750347226745   0.354602208509056   -0.00577075416797279   0.0170687001098898   0
1.10985396278743   0.375195451952712   -0.00764950948002219   0.0205932434436562   0
1.12409361726284   0.345185777628873   0.0142396544754082   -0.0300096743238388   0
1.14344463047574   0.39909111225571   0.0193510132129062   0.053905334626837   0
1.11554924277319   0.395952603194499   -0.0278953877025525   -0.00313850906121182   0
1.09749165736844   0.353529360154853   -0.0180575854047536   -0.0424232430396452   0
1.13877293800097   0.408550101199351   0.041281280632532   0.0550207410444977   0
1.11735786557705   0.379694754634891   -0.0214150724239197   -0.0288553465644601   0
1.10782328816708   0.372504798930833   -0.00953457740996755   -0.00718995570405828   0
1.14026224202332   0.428470103067589   0.0324389538562342   0.055965304136756   0
1.12278984808817   0.405968658245929   -0.0174723939351491   -0.0225014448216595   0
1.1528586727518   0.3930625789763   0.030068824663636   -0.0129060792696292   0
1.17597986634619   0.425037146148722   0.0231211935943898   0.031974567172422   0
1.15826749942262   0.397073323276067   -0.0177123669235728   -0.027963822872655   0
1.19146039775826   0.379111351395932   0.033192898335636   -0.0179619718801348   0
1.20940544391249   0.427634146838451   0.0179450461542312   0.048522795442519   0
1.166975861997   0.400872419283243   -0.0424295819154838   -0.0267617275552084   0
1.15614283907167   0.384612087302258   -0.0108330229253375   -0.0162603319809844   0
1.20801046504947   0.443411176794181   0.0518676259778053   0.0587990894919222   0
1.17389143240745   0.41426933769409   -0.0341190326420235   -0.0291418391000905   0
1.20012733824943   0.392010482131537   0.0262359058419823   -0.0222588555625532   0
1.22109567588263   0.44167413217354   0.0209683376331968   0.0496636500420035   0
1.19439667811265   0.378472753059583   -0.0266989977699721   -0.0632013791139575   0
1.19327401062332   0.372432855695493   -0.00112266748933632   -0.00603989736408977   0
1.22228823484587   0.413432483770023   0.0290142242225544   0.0409996280745294   0
1.19259922052409   0.371725084486506   -0.0296890143217827   -0.0417073992835166   0
1.20150057157826   0.392923391155961   0.00890135105417156   0.0211983066694547   0
1.22263377200123   0.430621726809331   0.0211332004229698   0.0376983356533703   0
1.21050686672236   0.389200569082639   -0.0121269052788673   -0.041421157726692   0
1.23663621566262   0.406935790110061   0.0261293489402572   0.0177352210274225   0
1.23981541783455   0.420942614705675   0.00317920217192458   0.0140068245956131   0
1.20561683129043   0.38979925847223   -0.0341985865441192   -0.0311433562334451   0
1.24420458693746   0.453378939274312   0.0385877556470307   0.0635796808020822   0
1.23158883486276   0.470212280059496   -0.0126157520747019   0.0168333407851843   0
1.20008212736053   0.400859294554523   -0.0315067075022277   -0.0693529855049729   0
1.22537659767375   0.471688246133503   0.0252944703132199   0.0708289515789797   0
1.1927514961653   0.45037439277339   -0.0326251015084444   -0.0213138533601126   0
1.21410387724632   0.431126448560338   0.0213523810810126   -0.0192479442130521   0
1.2534091069205   0.484116458567048   0.039305229674186   0.0529900100067095   0
1.21857655149979   0.440452550457765   -0.0348325554207081   -0.0436639081092827   0
1.24884567504649   0.437467030060552   0.030269123546699   -0.00298552039721284   0
1.27349602092046   0.467626319912599   0.0246503458739693   0.0301592898520464   0
1.23869992472809   0.42765592965315   -0.0347960961923717   -0.0399703902594485   0
1.25767796345849   0.441442173602614   0.0189780387303977   0.0137862439494635   0
1.2799064452144   0.466848636943764   0.0222284817559111   0.02540646334115   0
1.27459265707781   0.424635814145781   -0.00531378813658634   -0.0422128227979829   0
1.2970653969823   0.445144793796917   0.0224727399044866   0.0205089796511366   0
1.26106193126868   0.453095714167272   -0.036003465713621   0.0079509203703545   0
1.24240760523258   0.412256621002319   -0.0186543260360965   -0.0408390931649524   0
1.25232694590568   0.434762592445578   0.00991934067309486   0.0225059714432588   0
1.24967022001715   0.430932624178653   -0.00265672588853172   -0.00382996826692544   0
1.25786340569088   0.410137745346   0.00819318567373073   -0.0207948788326532   0
1.29181352477846   0.443309679752766   0.0339501190875884   0.0331719344067664   0
1.30699101224853   0.42604948273352   0.0151774874700668   -0.017260197019246   0
1.30549158548724   0.423806444847468   -0.00149942676128645   -0.00224303788605196   0
1.28907259726712   0.460654314646297   -0.016418988220124   0.0368478697988294   0
1.27311486509171   0.439010223761076   -0.0159577321754079   -0.0216440908852215   0
1.30035356464431   0.440450853505246   0.0272386995525997   0.00144062974417042   0
1.28457404245892   0.472116824672136   -0.0157795221853931   0.0316659711668892   0
1.2632740346298   0.429959234804301   -0.0213000078291208   -0.0421575898678347   0
1.31370153182425   0.436684486723824   0.0504274971944474   0.0067252519195235   0
1.30972517922569   0.448714731120731   -0.00397635259855833   0.0120302443969066   0
1.30597144843771   0.439053960194245   -0.0037537307879778   -0.00966077092648576   0
1.3440932277797   0.483299068079486   0.0381217793419892   0.0442451078852411   0
1.32992180276035   0.488735923607269   -0.0141714250193525   0.00543685552778228   0
1.3399090147133   0.458143190246783   0.00998721195295116   -0.0305927333604857   0
1.34868751266895   0.508775483183398   0.00877849795565266   0.050632292936615   0
1.32362687334301   0.481180722179827   -0.0250606393259423   -0.0275947610035708   0
1.35028079701553   0.469408310692301   0.0266539236725201   -0.0117724114875259   0
1.38203000906146   0.517086639609602   0.0317492120459288   0.0476783289173004   0
1.35436759580058   0.491369634672565   -0.0276624132608796   -0.0257170049370366   0
1.37725199157535   0.485107329835625   0.0228843957747698   -0.00626230483693996   0
1.39410626829349   0.549924880352081   0.0168542767181463   0.0648175505164554   0
1.38994911575007   0.492661633682033   -0.00415715254342186   -0.0572632466700472   0
1.38484640787347   0.533387671552549   -0.00510270787660283   0.0407260378705158   0
1.40111140441033   0.558136301295884   0.0162649965368622   0.024748629743335   0
1.36399865351468   0.493195222958668   -0.0371127508956512   -0.0649410783372164   0
1.37556190638932   0.520197391091593   0.0115632528746366   0.0270021681329255   0
1.35779794211718   0.513938773710692   -0.0177639642721394   -0.00625861738090117   0
1.36206583439807   0.484642459317691   0.0042678922808892   -0.0292963143930008   0
1.38581081094219   0.509735857351629   0.023744976544124   0.0250933980339375   0
1.36269423845382   0.514094930832332   -0.0231165724883686   0.00435907348070308   0
1.33599924731605   0.487405917505368   -0.0266949911377723   -0.0266890133269634   0
1.35533710796904   0.540353076546021   0.0193378606529941   0.0529471590406527   0
1.33345787944256   0.523816866505366   -0.0218792285264828   -0.0165362100406554   0
1.34507319449111   0.515384575099508   0.0116153150485536   -0.00843229140585799   0
1.36493326497232   0.539100144052337   0.0198600704812069   0.0237155689528289   0
1.33642231004733   0.527724134963761   -0.028510954924988   -0.0113760090885754   0
1.34227573263857   0.492822608006674   0.00585342259124078   -0.0349015269570871   0
1.30875877563177   0.528332386527175   -0.0335169570068075   0.0355097785205008   0
1.29139556681446   0.504605836835297   -0.0173632088173024   -0.0237265496918783   0
1.30726860394698   0.501637316714975   0.015873037132514   -0.00296852012032178   0
1.33445209601802   0.538965156176863   0.0271834920710432   0.037327839461888   0
1.30527017200487   0.507607241706371   -0.0291819240131499   -0.0313579144704919   0
1.33354748789935   0.522610923809004   0.028277315894476   0.0150036821026326   0
1.34813598854492   0.546048702151649   0.0145885006455773   0.0234377783426453   0
1.33112421958993   0.497257709328372   -0.0170117689549945   -0.0487909928232765   0
1.36262207502478   0.524994102676163   0.0314978554348508   0.0277363933477912   0
1.36304781839911   0.533004976240842   0.000425743374327769   0.00801087356467811   0
1.35623575842067   0.499467358632674   -0.00681205997843493   -0.0335376176081677   0
1.37980415959863   0.538552766020424   0.0235684011779591   0.0390854073877506   0
1.35685158000191   0.532156129213269   -0.0229525795967189   -0.00639663680715497   0
1.36439422242861   0.505477600508915   0.00754264242669289   -0.0266785287043546   0
1.3609616552137   0.5467413268928   -0.00343256721490826   0.0412637263838855   0
1.33619247367623   0.51495801098342   -0.0247691815374655   -0.0317833159093804   0
1.35319178946134   0.499575872717548   0.0169993157851021   -0.0153821382658717   0
1.35665382299965   0.504335924330451   0.00346203353831287   0.00476005161290233   0
1.33264414599458   0.510018664182253   -0.0240096770050693   0.00568273985180268   0
1.34063171960957   0.498986760850927   0.00798757361499325   -0.0110319033313265   0
1.33817206191004   0.531038403127778   -0.0024596576995346   0.0320516422768508   0
1.30734363723656   0.503734629850133   -0.0308284246734725   -0.0273037732776451   0
1.34131960696008   0.489776773943242   0.0339759697235185   -0.01395785590689   0
1.32364499989381   0.525468130523156   -0.017674607066271   0.0356913565799131   0
1.29521203921541   0.501338417547718   -0.0284329606784064   -0.0241297129754375   0
1.30967039446393   0.490929843278294   0.0144583552485218   -0.0104085742694244   0
1.32288979950108   0.55009560968208   0.0132194050371497   0.0591657664037868   0
1.2928735149619   0.51836877670342   -0.0300162845391803   -0.0317268329786607   0
1.28348650668181   0.501882326360722   -0.00938700828008532   -0.016486450342698   0
1.30053443250012   0.548690500857268   0.0170479258183085   0.0468081744965466   0
1.26961282957419   0.525251185628362   -0.0309216029259307   -0.0234393152289063   0
1.29635890353572   0.525145130785291   0.0267460739615288   -0.000106054843071357   0
1.33779648897731   0.55277852183786   0.0414375854415887   0.0276333910525698   0
1.34283386893233   0.546567744839329   0.00503737995502296   -0.00621077699853134   0
1.37336265771691   0.550810583309045   0.0305287887845782   0.00424283846971563   0
1.37596149561099   0.603641275904821   0.00259883789408444   0.0528306925957761   0
1.34691066796865   0.569416458151677   -0.0290508276423413   -0.0342248177531442   0
1.37583320262945   0.59763452419539   0.0289225346608026   0.028218066043713   0
1.40657213041523   0.617461670736128   0.0307389277857766   0.0198271465407379   0
1.38817993651268   0.571504233981035   -0.018392193902546   -0.0459574367550922   0
1.41102191726435   0.600459981869941   0.0228419807516649   0.0289557478889058   0
1.37464901398621   0.607491076572529   -0.036372903278143   0.00703109470258767   0
1.41549976810613   0.582399191308676   0.0408507541199208   -0.0250918852638525   0
1.45101825022101   0.621425196168453   0.0355184821148822   0.0390260048597766   0
1.42274378315305   0.60455863517859   -0.0282744670679638   -0.0168665609898625   0
1.41915590742988   0.591457798572519   -0.00358787572316066   -0.0131008366060718   0
1.42308808272162   0.64881070884523   0.00393217529173295   0.0573529102727115   0
1.37666205020161   0.619447012260532   -0.0464260325200081   -0.0293636965846978   0
1.41203287831008   0.596147531919742   0.0353708281084668   -0.0232994803407902   0
1.42761750183339   0.643085992864485   0.0155846235233101   0.0469384609447426   0
1.4077473800556   0.627640171137293   -0.0198701217777852   -0.015445821727192   0
1.4403388532967   0.627640171137293   0.0325914732410943   0   0
1.4509168535172   0.657553604015102   0.0105780002205   0.0299134328778098   0
1.41527217767291   0.617526173337212   -0.0356446758442899   -0.0400274306778907   0
1.44786502931897   0.64852509025673   0.0325928516460599   0.0309989169195184   0
1.4747166903596   0.668904277523324   0.02685166104063   0.0203791872665938   0
1.46203678519155   0.622654121893126   -0.0126799051680433   -0.046250155630198   0
1.48939737134621   0.649722049913076   0.0273605861546575   0.0270679280199504   0
1.46638026733142   0.647779503442723   -0.0230171040147924   -0.00194254647035386   0
1.48604860281253   0.615159846084333   0.019668335481108   -0.0326196573583897   0
1.50779744056362   0.632330034198321   0.0217488377510966   0.0171701881139883   0
1.49012764523307   0.628072672732424   -0.0176697953305569   -0.00425736146589761   0
1.51076069286938   0.607625137675154   0.0206330476363152   -0.0204475350572694   0
1.51487847013007   0.646577824736126   0.00411777726068552   0.0389526870609714   0
1.49841213030233   0.655738437788079   -0.0164663398277385   0.00916061305195315   0
1.51630836931518   0.629060029631115   0.017896239012849   -0.0266784081569633   0
1.53050554118227   0.671004634337573   0.0141971718670957   0.0419446047064574   0
1.50899157132586   0.65059739006105   -0.0215139698564117   -0.0204072442765231   0
1.5083173673381   0.624999336880448   -0.000674203987762967   -0.0255980531806016   0
1.5293488618405   0.662865672320003   0.0210314945024048   0.0378663354395551   0
1.48475351592823   0.658896428111619   -0.0445953459122694   -0.00396924420838418   0
1.50111420224134   0.649982759723671   0.0163606863131056   -0.0089136683879476   0
1.52188043516139   0.685978339954149   0.0207662329200475   0.0359955802304773   0
1.49031445928679   0.673895135448573   -0.0315659758745921   -0.0120832045055762   0
1.49905695704283   0.663889341878223   0.00874249775603286   -0.0100057935703497   0
1.54376944424391   0.695980924451418   0.0447124872010862   0.0320915825731951   0
1.54847584914463   0.664063171080508   0.00470640490071572   -0.0319177533709102   0
1.56431617903531   0.672379591978556   0.0158403298906773   0.00831642089804852   0
1.55586285932341   0.697297936261825   -0.00845331971189855   0.0249183442832686   0
1.52652833846439   0.641596564921836   -0.0293345208590217   -0.0557013713399888   0
1.54586775511606   0.669204767521496   0.0193394166516718   0.0276082025996601   0
1.55628706232405   0.682994538927106   0.0104193072079883   0.0137897714056096   0
1.54727831488316   0.653204907938734   -0.00900874744088354   -0.0297896309883718   0
1.5578652842126   0.675438625643552   0.0105869693294334   0.0222337177048176   0
1.55449921516008   0.680860658550632   -0.00336606905252057   0.00542203290707999   0
1.54026322973408   0.64501871943708   -0.0142359854260001   -0.035841939113552   0
1.57843854762957   0.659882247949966   0.0381753178954967   0.0148635285128862   0
1.54655832731249   0.670193341687681   -0.0318802203170769   0.0103110937377148   0
1.55853184608977   0.660213653650657   0.0119735187772714   -0.00997968803702309   0
1.53989242938557   0.657728892565356   -0.0186394167041981   -0.00248476108530116   0
1.53861014228983   0.653005990439789   -0.00128228709573408   -0.00472290212556703   0
1.55205979360338   0.64584596863126   0.0134496513135425   -0.00716002180852948   0
1.58420963533509   0.671346749013876   0.032149841731717   0.0255007803826162   0
1.55335144347219   0.652754408206869   -0.030858191862901   -0.0185923408070068   0
1.55431333037282   0.662356603897402   0.000961886900628262   0.00960219569053289   0
1.58545893081847   0.688469467008523   0.0311456004456485   0.0261128631111213   0
1.55603273938538   0.650051404375454   -0.0294261914330891   -0.0384180626330691   0
1.61564183112328   0.66612810335738   0.059609091737898   0.0160766989819257   0
1.59240081503854   0.665629194406691   -0.0232410160847392   -0.000498908950689159   0
1.60645009992892   0.622532151524321   0.014049284890383   -0.0430970428823697   0
1.62908597296728   0.684207140084419   0.0226358730383611   0.0616749885600981   0
1.5978840300754   0.688024566980533   -0.0312019428918839   0.00381742689611386   0
1.6072394272872   0.681010758104819   0.00935539721180478   -0.00701380887571434   0
1.61530091960174   0.711712767575691   0.0080614923145399   0.0307020094708725   0
1.59496804272675   0.704002379258408   -0.0203328768749969   -0.00771038831728266   0
1.62423692861683   0.677833325153942   0.0292688858900838   -0.0261690541044662   0
1.61932134632358   0.704814435332095   -0.00491558229325051   0.0269811101781529   0
1.59323743674969   0.703757418151667   -0.0260839095738856   -0.00105701718042828   0
1.60630159252615   0.706550864973464   0.0130641557764533   0.00279344682179716   0
1.65330827958864   0.741055578010685   0.0470066870624897   0.0345047130372207   0
1.61098180137308   0.707647642345044   -0.0423264782155619   -0.0334079356656403   0
1.63113739672496   0.712309235098423   0.0201555953518873   0.00466159275337841   0
1.6892510554279   0.732494756275429   0.0581136587029414   0.0201855211770061   0
1.646387701136   0.702563529799975   -0.0428633542919024   -0.0299312264754542   0
1.64394557968258   0.697571882723386   -0.00244212145342337   -0.00499164707658828   0
1.65803470876404   0.711294023902387   0.0140891290814567   0.0137221411790009   0
1.63529322854557   0.675685446006313   -0.0227414802184607   -0.0356085778960745   0
