0.17252184815072   0   0   0
0.163374649288262   -0.0443791974137351   -0.00914719886245807   0
0.131733320404103   -0.0276781128792779   -0.0316413288841589   0
0.146478366565869   -0.00815326302311484   0.0147450461617659   0
0.146124016857608   -0.0413619899260433   -0.000354349708260732   0
0.143926039995035   -0.0228426618483414   -0.0021979768625727   0
0.105063397244342   -0.0115671665980631   -0.0388626427506928   0
0.107918939982806   -0.0317556483725025   0.00285554273846363   0
0.0973993668390407   0.00393558738850205   -0.0105195731437654   0
0.110576593733955   -0.00305499669419981   0.0131772268949141   0
0.0869122800126656   0.00520404536346822   -0.0236643137212892   0
0.083234253399908   0.00801334244478925   -0.00367802661275762   0
0.0473893489849325   0.000970641578721593   -0.0358449044149755   0
0.067722147637682   -0.0123730974582928   0.0203327986527495   0
0.0389643497953257   0.0139275067733979   -0.0287577978423563   0
0.0271124859902389   -0.0140736767788319   -0.0118518638050868   0
0.0655859890288315   -0.0134070482057373   0.0384735030385926   0
0.0325731162737387   0.00688881028841007   -0.0330128727550928   0
0.0327754716630432   -0.00132391577606833   0.000202355389304548   0
0.0656770311666301   -0.0049724015549179   0.0329015595035869   0
0.0437270102350938   -0.0144042455756833   -0.0219500209315363   0
0.0556687486959973   0.0119279381931998   0.0119417384609035   0
0.073328610235927   -0.00843075433075753   0.0176598615399297   0
0.0534864398404633   -0.00808363059940386   -0.0198421703954637   0
0.0858366123117636   0.0467338026518502   0.0323501724713003   0
0.0621104450144257   -0.0337031793931243   -0.0237261672973378   0
0.0844968030510622   0.0361268512075816   0.0223863580366365   0
0.0604358782140212   -0.0288018125245882   -0.024060924837041   0
0.07496552826528   0.023185794656137   0.0145296500512588   0
0.0883862937577004   -0.0154580839632901   0.0134207654924203   0
0.0609462612061193   -0.0106466192084689   -0.027440032551581   0
0.0922286419507011   0.0408878119853913   0.0312823807445818   0
0.0982221612020551   -0.0415199286588096   0.005993519251354   0
0.0932209503651406   0.0268949806870603   -0.00500121083691456   0
0.0929227766843657   -0.0155156140875914   -0.000298173680774838   0
0.0925936793379683   -0.00860036117993151   -0.000329097346397397   0
0.101544972455016   0.0242496829040333   0.00895129311704788   0
0.0944524483698014   -0.0187164492815898   -0.0070925240852148   0
0.0923550666668727   0.0170809824752502   -0.00209738170292871   0
0.0950553204630335   0.0117289404296955   0.00270025379616083   0
0.0980450653712363   -0.0170658078257532   0.00298974490820278   0
0.087423536040874   -0.00270579608595037   -0.0106215293303623   0
0.102447285681235   0.0232687323857252   0.0150237496403606   0
0.0949081793882909   -0.0230472014300769   -0.00753910629294373   0
0.117202107260599   0.0259038813309324   0.0222939278723083   0
0.112356086292521   -0.00698194455029008   -0.00484602096807785   0
0.106012482675544   -0.00876357074155078   -0.00634360361697742   0
0.120698006601487   0.0205391035799627   0.0146855239259427   0
0.108845140958439   -0.0345651804713887   -0.0118528656430474   0
0.132401122633996   0.0304995023055468   0.023555981675557   0
0.109400816851487   -0.0300418108802833   -0.0230003057825097   0
0.123829825523781   0.0203143393863737   0.0144290086722943   0
0.120729956372031   0.00646242299193062   -0.00309986915174984   0
0.115285879403724   -0.00842577930585921   -0.00544407696830693   0
0.108341846988548   -0.0142737999438596   -0.0069440324151758   0
0.135731403330769   0.0374071816062121   0.0273895563422212   0
0.132987073326696   -0.0272334058866248   -0.00274433000407351   0
0.141427662817923   0.0162423852191158   0.00844058949122664   0
0.144706990953755   0.0180902304756086   0.00327932813583201   0
0.146704138641287   -0.0197252383764695   0.00199714768753267   0
0.133159140774826   -0.000439207434675321   -0.013544997866461   0
0.151911299003366   0.0158359362562352   0.0187521582285395   0
0.139498235938273   -0.0296932118639991   -0.012413063065093   0
0.151025088863208   0.0316426972519054   0.0115268529249357   0
0.160918921249616   -0.0168973257532654   0.0098938323864072   0
0.144938640703196   -0.00512949903785707   -0.0159802805464201   0
0.149856979303234   0.00278391385275488   0.00491833860003882   0
0.158653312855074   0.0138806085001573   0.0087963335518397   0
0.160440236866847   -0.0127472206739493   0.00178692401177308   0
0.143623022656154   -0.00245556974376208   -0.0168172142106935   0
0.169652794458412   0.0295378742671385   0.026029771802258   0
0.161394572152529   -0.0131368747188787   -0.00825822230588211   0
0.167212694594484   -0.00389620154446915   0.00581812244195409   0
0.188291967435013   0.0386782880578195   0.0210792728405296   0
0.17719924108697   -0.0400029440332161   -0.0110927263480433   0
0.171152938636174   0.0269065813673995   -0.00604630245079549   0
0.189224756640213   0.00694992293099025   0.0180718180040392   0
0.194710350765079   -0.0113868734625546   0.00548559412486527   0
0.177935493616501   0.0045544492695726   -0.0167748571485773   0
0.214397722144028   0.0281423002071816   0.036462228527527   0
0.193462225543102   -0.0282479016540092   -0.0209354966009266   0
0.188144148038811   -0.00321337884504141   -0.00531807750429089   0
0.194492313812906   0.0154580068632434   0.00634816577409542   0
0.190858548959098   -0.0196320457462321   -0.00363376485380809   0
0.204467881003845   0.0189557709593054   0.0136093320447467   0
0.203545825946124   -0.0181366857522567   -0.000922055057720444   0
0.191524178936035   0.00380050395754236   -0.0120216470100891   0
0.223058824399529   0.0212939849120118   0.0315346454634938   0
0.201103768428199   -0.0201669068156944   -0.0219550559713307   0
0.220790235674208   0.0228980830881148   0.0196864672460099   0
0.210674850321087   -0.0163262207496611   -0.0101153853531212   0
0.199089818370535   -0.0121692844451574   -0.0115850319505525   0
0.214031707875843   0.0295948409393516   0.0149418895053078   0
0.209163062228737   -0.0337939968479851   -0.00486864564710557   0
0.210149123098343   0.0193348775152119   0.000986060869605954   0
0.226952119660078   0.00717276397778757   0.0168029965617353   0
0.229762641754317   -0.000696778974583229   0.00281052209423849   0
0.213764049003428   -0.0122005493466076   -0.0159985927508887   0
0.221110076444313   0.0272631431628338   0.00734602744088506   0
0.214716758187391   -0.026380893209542   -0.00639331825692221   0
0.218205097030766   0.00966972635078917   0.00348833884337529   0
0.229598242382014   0.0113846144411288   0.0113931453512477   0
0.221326999794653   -0.00350487002244476   -0.00827124258736048   0
0.212436098160064   0.00429739755584263   -0.008890901634589   0
0.278807290425412   0.0428971745550522   0.0663711922653476   0
0.2290596971497   -0.0712161948035424   -0.0497475932757115   0
0.243589836450415   0.0414237391421977   0.0145301393007147   0
0.245265564160442   -0.00366820774008753   0.00167572771002711   0
0.261433936554099   -0.00810586544765324   0.0161683723936564   0
0.250004748628346   0.00848632892623563   -0.0114291879257526   0
0.287801485665745   0.0296609793113231   0.0377967370373989   0
0.266924899816297   -0.0284091008285615   -0.0208765858494483   0
0.303984323674577   0.0340858024070215   0.0370594238582803   0
0.279220565301792   -0.0326503523892709   -0.0247637583727846   0
0.276338293742308   0.0120624636546299   -0.00288227155948462   0
0.303757787065056   0.0221598967601725   0.0274194933227484   0
0.278797191163492   -0.0383490978926045   -0.0249605959015646   0
0.309073679170797   0.0567323479304992   0.0302764880073049   0
0.288026812191747   -0.0641293590332357   -0.0210468669790493   0
0.302036447044823   0.0589097196147975   0.0140096348530755   0
0.264369282058657   -0.0428651620574112   -0.0376671649861653   0
0.298248467756756   0.0237761973395903   0.0338791856980982   0
0.301874899760766   0.00917754727955705   0.00362643200401036   0
0.288086007280742   -0.0207379170771509   -0.0137888924800235   0
0.300246111654073   0.00312199088011039   0.0121601043733304   0
0.291918648321994   -0.00083346664877762   -0.00832746333207895   0
0.276183629618778   -0.0107639537452978   -0.0157350187032157   0
0.324010856138051   0.0412645248251889   0.0478272265192723   0
0.341218428180986   -0.0166968695416972   0.0172075720429351   0
0.316747721395735   0.0129831258613735   -0.0244707067852509   0
0.346055454306459   0.0353411673008314   0.0293077329107246   0
0.336486533387356   -0.0220353772260145   -0.00956892091910372   0
0.347824196484305   -0.000432657970524553   0.0113376630969496   0
0.351494543648817   0.0359133653352219   0.00367034716451164   0
0.370243843130311   -0.016978366040847   0.0187492994814945   0
0.351683527140325   -0.0143935643366064   -0.0185603159899859   0
0.378360072678213   0.0405414288627415   0.0266765455378875   0
0.343867152594287   -0.0476358033956348   -0.0344929200839261   0
0.365401754117044   0.0234343371678919   0.021534601522757   0
0.381870093075777   0.0210305852144891   0.0164683389587331   0
0.340741778525576   -0.0439849062096434   -0.0411283145502011   0
0.376143002910426   0.0408316304635281   0.0354012243848499   0
0.354705357389091   -0.0428096592325385   -0.0214376455213351   0
0.397204388374893   0.0358980076635852   0.042499030985802   0
0.402951302018941   0.00412584354531725   0.00574691364404856   0
0.373236309408359   -0.0130073144634305   -0.0297149926105819   0
0.373403530206066   -0.00146103356723781   0.000167220797706868   0
0.418625161496284   0.0248935242115617   0.0452216312902181   0
0.380971740842625   -0.0276198204317842   -0.0376534206536596   0
0.41447368016774   0.0353457058409124   0.0335019393251152   0
0.423643480443509   -0.0194597699916813   0.00916980027576941   0
0.393512803277784   -0.00905934983056028   -0.0301306771657252   0
0.432023171623687   0.0430607091543962   0.0385103683459032   0
0.40962509275988   -0.0583555963880341   -0.0223980788638077   0
0.432718981441524   0.0477812608509186   0.0230938886816444   0
0.412383312179591   -0.0261452366137134   -0.020335669261933   0
0.416040943507394   0.00114439817492618   0.00365763132780289   0
0.41576476729193   0.0221249944145768   -0.000276176215463997   0
0.409919772146624   -0.0211266540006524   -0.00584499514530595   0
0.386611124965061   -0.0186144320961399   -0.0233086471815629   0
0.439986568023093   0.0481052811673666   0.0533754430580323   0
0.392715539151652   -0.0476970280270355   -0.0472710288714414   0
0.428112707152906   0.0241719223241021   0.0353971680012543   0
0.425544901138907   0.0104036989973252   -0.00256780601399864   0
0.41045447989814   -0.0237514005260459   -0.0150904212407676   0
0.424130578125016   0.0169358911590706   0.0136760982268759   0
0.435774199345341   0.0104213928530442   0.0116436212203248   0
0.414310998108293   -0.00429327629957482   -0.0214632012370475   0
0.443376504475079   0.0237838355269889   0.0290655063667862   0
0.442362585692484   -0.0296640661237414   -0.00101391878259566   0
0.44314977725969   0.0216828905249883   0.000787191567205969   0
0.492983819787955   0.0396561020209149   0.0498340425282653   0
0.473179969417158   -0.0301762404687604   -0.0198038503707968   0
0.513619988927699   0.0398356878506707   0.0404400195105413   0
0.501263312897912   -0.0045704834929885   -0.0123566760297874   0
0.514575546330617   0.00982089944204423   0.0133122334327046   0
0.521753132231288   -0.00485567013531907   0.00717758590067141   0
0.520635654302901   0.00189050329421309   -0.00111747792838679   0
0.517979020175045   -0.00762500301377994   -0.00265663412785588   0
0.566029119971007   0.0412208875705943   0.0480500997959616   0
0.54334547835799   -0.0479207456912032   -0.0226836416130174   0
0.548708306606835   0.0163630236681459   0.00536282824884504   0
0.349618164238144   -0.104143180714787   -0.19909014236869   0
0.34061780493675   -0.0635433752959665   -0.00900035930139409   0
0.331640135123902   -0.00934375375699262   -0.00897766981284809   0
