0.238688707395742   0   0   0
0.222394626484095   0.00584656122685076   -0.016294080911647   0
0.176453582824209   -0.0839953609279217   -0.0459410436598857   0
0.225891419165824   -0.00289081355011465   0.0494378363416149   0
0.205968968465519   -0.00367116632315034   -0.0199224507003049   0
0.0719060194545804   0.0729882067150894   -0.134062949010939   0
0.0584255580430987   -0.0444353313093697   -0.0134804614114817   0
0.0374136416166363   0.00809964790763992   -0.0210119164264624   0
0.0736141845079126   -0.0318226762995433   0.0362005428912763   0
0.0273817471579153   0.0228321197381229   -0.0462324373499974   0
0.0467238322594048   0.014915815968087   0.0193420851014896   0
0.0221340472422578   -0.00781531533845205   -0.024589785017147   0
0.0422873743620362   -0.00420659822662324   0.0201533271197784   0
0.0575455962669603   -0.000458867381066264   0.0152582219049241   0
0.0231290091222041   0.00259983479714371   -0.0344165871447562   0
0.0421774389996002   -0.0169430759852036   0.0190484298773961   0
0.0168891322143117   0.0388019271472702   -0.0252883067852886   0
0.0533910244868929   -0.0249193715133813   0.0365018922725813   0
0.0190245622301967   -0.0266702635781265   -0.0343664622566963   0
0.0312953584459058   0.0176404118450209   0.0122707962157091   0
0.0395023543805923   -0.0313418572494346   0.00820699593468654   0
0.0194578273789265   0.00323931712846846   -0.0200445270016658   0
0.0268880587559706   0.0301705402335145   0.0074302313770441   0
0.0508526134851003   -0.0360903084967771   0.0239645547291297   0
0.0383646559564269   0.03787025983419   -0.0124879575286734   0
0.0492675149938905   -0.0196842356754498   0.0109028590374636   0
0.0427427027284649   0.0105569227951514   -0.0065248122654256   0
0.0548054581524733   -0.0147374163437459   0.0120627554240084   0
0.0565610507646817   -0.00369286071825101   0.00175559261220842   0
0.0712499180454127   -0.0148584779844148   0.014688867280731   0
0.0602234892639492   0.0302197758846492   -0.0110264287814635   0
0.0584726384821354   0.0940042312067191   -0.00175085078181377   0
0.0437628616600297   -0.0699997961969684   -0.0147097768221057   0
0.0707808522536462   -0.0305694544607737   0.0270179905936165   0
0.0574251030896787   -0.00710015045101564   -0.0133557491639676   0
0.0471917725612474   0.0609220143982768   -0.0102333305284313   0
0.0558516452068111   -0.0474780787517107   0.00865987264556369   0
0.0508176577490787   0.00136265143161947   -0.00503398745773233   0
0.0421571176183643   0.0236064365152762   -0.00866054013071443   0
0.0485782396516908   0.0192583266371986   0.00642112203332647   0
0.0528231043903603   -0.0588572316193873   0.00424486473866953   0
0.0510099375972506   0.0722423847657449   -0.0018131667931097   0
0.0362428612652519   -0.0141807571169945   -0.0147670763319986   0
0.0422288168556129   -0.0241435724417278   0.005985955590361   0
0.0455378120731541   0.00285100616476781   0.00330899521754115   0
0.04202092773473   0.124668389796603   -0.00351688433842413   0
0.114525621325634   0.0714036267903926   0.072504693590904   0
0.147368812338771   0.00593268882891346   0.0328431910131374   0
0.137170359847673   -0.0888420296775291   -0.0101984524910987   0
0.125200266569455   -0.000599479362337091   -0.011970093278218   0
0.116505606048861   0.0237514735077397   -0.00869466052059317   0
0.131345045748783   0.283469641943943   0.0148394396999219   0
0.133386726264123   -0.0887350168751533   0.00204168051533932   0
0.135311563838101   -0.0206142382672077   0.00192483757397838   0
0.123253346106921   -0.0313154107695183   -0.0120582177311799   0
0.151693098370987   0.00501556846554307   0.028439752264066   0
0.148598848669236   0.00209986486373831   -0.00309424970175123   0
0.12553463273385   0.0435774246385376   -0.0230642159353864   0
0.271013482171206   0.00366027320207696   0.145478849437356   0
0.25645616733518   -0.0654117143063411   -0.0145573148360255   0
0.259458036826767   -0.0373273533753126   0.00300186949158665   0
0.254011014990965   -0.0172611945915816   -0.00544702183580242   0
0.273980573472943   0.0143097461241631   0.019969558481978   0
0.285320665144062   0.0283232085822825   0.0113400916711195   0
0.351062718882253   0.0526391658203848   0.0657420537381912   0
0.300175374127359   -0.00545586280030258   -0.0508873447548943   0
0.316635253704085   -0.0584910480865884   0.0164598795767256   0
0.359566077542779   0.167114299123721   0.0429308238386947   0
0.407798831927275   -0.0517813642980662   0.0482327543844958   0
0.347953122929656   -0.0695971647425977   -0.0598457089976195   0
0.412392956993085   -0.0194840610579984   0.064439834063429   0
0.40307300757462   -0.00980153802874539   -0.00931994941846415   0
0.423513705987775   9.10912492025351e-05   0.0204406984131551   0
0.41854523764254   0.0308597709073551   -0.00496846834523579   0
0.453276660899555   -0.00611040760772763   0.0347314232570151   0
0.451003218199992   0.179260203038461   -0.00227344269956242   0
0.436018943146396   -0.077643772479143   -0.0149842750535965   0
0.504603104146219   -0.160103219052894   0.0685841609998232   0
0.507515828635423   -0.0778764361962435   0.00291272448920366   0
0.538951892371666   -0.012501874836346   0.0314360637362433   0
0.608592042078476   0.0624141497502207   0.0696401497068103   0
0.598431983073682   0.0217099364185804   -0.0101600590047942   0
0.670931896171288   0.179041217541962   0.0724999130976058   0
0.622413807812977   -0.0895658175375226   -0.0485180883583106   0
0.62926912143633   -0.00069891225444646   0.00685531362335212   0
0.63059371700882   -0.0332529080567445   0.00132459557249065   0
0.597890558604374   0.0845432640756593   -0.0327031584044465   0
0.61617304587997   -0.0935728457850814   0.0182824872755967   0
0.56368437617407   0.110015943679805   -0.0524886697059008   0
0.607069147620969   -0.109181225865787   0.0433847714468997   0
0.591496835282743   -0.0203838276617277   -0.0155723123382265   0
0.588967604129463   0.0235340515744968   -0.00252923115327963   0
0.61114303301764   0.0368025559904943   0.0221754288881768   0
0.580236117486881   0.0607169419470475   -0.0309069155307585   0
0.550341191141686   0.106028118560016   -0.0298949263451951   0
0.58419815842422   -0.245684321039849   0.0338569672825337   0
0.700763344005664   -0.100158440124731   0.116565185581444   0
0.865145311539195   0.215995606285714   0.164381967533531   0
0.802557023906869   -0.167439515269478   -0.062588287632326   0
0.789195744340401   -0.0096886681248694   -0.0133612795664673   0
0.819747339883454   0.00728239035962341   0.0305515955430532   0
0.786786074412861   0.000565014055602442   -0.0329612654705935   0
0.789905208001251   0.0195497042013752   0.00311913358839022   0
0.818565066557479   -0.0147856295783323   0.0286598585562278   0
0.837665361386932   0.00222806158926991   0.0191002948294533   0
0.786563347480195   -0.00257983346719548   -0.0511020139067373   0
0.790434658168213   0.0463682363917992   0.00387131068801816   0
0.779889959583402   -0.0416190829150203   -0.0105446985848114   0
0.85291740863345   -0.0397080854938279   0.0730274490500484   0
0.839481984005166   0.0443338038877448   -0.0134354246282838   0
0.940598111887989   -0.014158086354636   0.101116127882823   0
0.91480299346649   -0.0168897979014401   -0.0257951184214996   0
0.926512895725148   -0.00322462061206452   0.0117099022586589   0
0.954395261895327   -0.00275522010108736   0.0278823661701787   0
0.941507130001282   0.0417579409245207   -0.0128881318940454   0
0.948736085376882   -0.0551136979961531   0.0072289553756002   0
0.937551997679862   0.00722432737125547   -0.01118408769702   0
0.966688275544526   -0.00407634211987568   0.0291362778646643   0
0.946997152916127   0.0221511098039274   -0.0196911226283997   0
0.939738189647654   -0.0116662119511176   -0.00725896326847297   0
0.920918920484996   0.0518791726325943   -0.0188192691626579   0
0.926534330279914   -0.0522623161754252   0.0056154097949187   0
0.914775892113063   0.00133432690864443   -0.0117584381668515   0
0.918546856098397   -0.000333187733334461   0.00377096398533439   0
0.949683863181585   0.0295323253044129   0.0311370070831878   0
0.927717774135809   -0.0153503210951003   -0.0219660890457761   0
0.926145638509138   -0.00355757020907416   -0.00157213562667058   0
0.944373591989553   0.0100600039614679   0.0182279534804144   0
0.822045077339588   0.0401902780817671   -0.122328514649965   0
0.776273213298643   -0.0656017889389942   -0.0457718640409455   0
0.845281717239436   -0.0098659968194835   0.0690085039407934   0
0.937290824762651   -0.020521300359421   0.0920091075232148   0
1.16897266137151   0.129592283747523   0.231681836608863   0
1.23154959565835   0.0963486278776888   0.0625769342868381   0
1.27932840584943   -0.0060847872005626   0.0477788101910805   0
1.3612805749041   0.00993679343004134   0.0819521690546723   0
1.34365432096615   -0.0044063605905012   -0.0176262539379566   0
1.36923188565022   0.0347050071966493   0.0255775646840692   0
1.32777366402731   -0.0265933862495436   -0.0414582216229102   0
1.27983252550871   0.00508939940685776   -0.0479411385185979   0
1.31344242392824   -0.0124567490452595   0.0336098984195343   0
1.34220489649233   -0.0736271027591233   0.0287624725640916   0
1.34093807369673   -0.0160889320265641   -0.00126682279560408   0
1.3279442094803   0.0323708572517332   -0.0129938642164342   0
1.39649758591172   -0.0999225126188077   0.068553376431419   0
1.14051602645305   0.117362722364927   -0.255981559458668   0
1.12647157048913   -0.0403565607839835   -0.0140444559639168   0
1.29583903538837   -0.00716567437428078   0.169367464899234   0
1.37466481392929   -0.0906663912202935   0.0788257785409245   0
1.41788891361489   0.0216511971390659   0.0432240996855955   0
0.991904490518744   0.12892583511137   -0.425984423096141   0
0.896769350444974   -0.0821664752635591   -0.0951351400737708   0
0.95878388624627   0.128488246054604   0.062014535801296   0
0.987850007634383   -0.0568282669959078   0.0290661213881132   0
1.00988959070509   0.0443074845162736   0.0220395830707101   0
1.02274132955675   -0.0710887957379573   0.0128517388516529   0
1.02167537991881   0.00340325002431691   -0.00106594963793349   0
1.0384340136187   -0.0716464943796987   0.0167586336998915   0
1.14747501375891   0.0406959235007011   0.109041000140202   0
1.2339456678274   -0.0591650658660352   0.0864706540684912   0
1.25450325710548   -0.0615815301039551   0.0205575892780803   0
1.29049276582978   0.0724123284834487   0.035989508724305   0
1.30325332526   0.084754731632489   0.0127605594302191   0
1.32219442518347   0.0353213874060472   0.0189410999234705   0
1.32507599127692   0.057970160980831   0.00288156609344381   0
1.43009524853854   -0.0347797182303604   0.105019257261622   0
1.43802333402704   0.140231296016783   0.00792808548850488   0
1.40540084157065   -0.274180925943585   -0.0326224924563887   0
1.39806695962541   0.0043495031727086   -0.00733388194523887   0
1.4235170436859   0.0115104316426285   0.0254500840604879   0
1.46313055880414   0.00944963440244356   0.0396135151182329   0
1.44974663982064   0.0705525362509188   -0.0133839189834903   0
1.50803603523996   -0.0451805012564632   0.0582893954193127   0
1.53421979443633   0.139103819773085   0.0261837591963712   0
1.50272692094447   -0.214892713065447   -0.0314928734918576   0
1.54141074640773   0.0891376135865421   0.038683825463264   0
1.54738234307168   -0.0285861398203449   0.0059715966639442   0
1.57361177385791   -0.00960839287961707   0.0262294307862347   0
1.51273546111713   0.00752688482095176   -0.0608763127407859   0
1.50952468589661   -0.0101183206671794   -0.00321077522052104   0
1.52262535849138   -0.0212650940083948   0.013100672594772   0
1.56224705974287   -0.00102404962839292   0.0396217012514934   0
1.56591148580443   -0.0458003767457111   0.0036644260615617   0
1.5291646563903   0.0258439827615161   -0.0367468294141386   0
1.46792093424936   -0.0548272196814081   -0.0612437221409401   0
