0.15164710136802   0   0   0
0.199064965171725   0.0145137271286658   0.0474178638037049   0
0.152545915362892   -0.0786650486218938   -0.0465190498088331   0
0.136194374272949   0.0126693626843899   -0.016351541089943   0
0.146504552527293   0.0175355725883603   0.0103101782543449   0
0.0974201788860051   -0.0197521958280936   -0.0490843736412884   0
0.121214745113208   0.0354722984049227   0.023794566227203   0
0.102057474871822   -0.0272069217827446   -0.0191572702413865   0
0.0743352494818575   0.000435673964458691   -0.0277222253899641   0
0.0719440484161998   0.0225581097590229   -0.00239120106565774   0
0.103867162587713   -0.0301839852023817   0.0319231141715137   0
0.0838130514874785   0.00863530437527653   -0.0200541111002349   0
0.0956063876268866   0.0151270603146318   0.0117933361394081   0
0.087735455989027   -0.0090851160934198   -0.00787093163785957   0
0.0941714350818761   -0.0650855504596394   0.00643597909284901   0
0.0842586889628601   0.0971171971773177   -0.00991274611901598   0
0.0860904492874355   -0.0402192165570407   0.0018317603245754   0
0.0720512844949519   -0.020740545378925   -0.0140391647924836   0
0.0654484709148159   0.0464146151000573   -0.00660281358013604   0
0.0691612636721597   -0.0176715128583522   0.00371279275734385   0
0.0488301571933012   -0.0331663197679501   -0.0203311064788586   0
0.0465984815789367   0.0327903398468248   -0.00223167561436449   0
0.0487739786622693   -0.0153336137617601   0.00217549708333262   0
0.0400294665024716   -0.00290337987653587   -0.00874451215979764   0
0.0570591605386243   0.0345500396916043   0.0170296940361526   0
0.0656762878005639   -0.0103468326643928   0.00861712726193963   0
0.0739074866263588   -0.0173475616451016   0.00823119882579486   0
0.0692047466779014   0.0105953438298591   -0.00470273994845741   0
0.0752421507514904   -0.00345836466268014   0.00603740407358899   0
0.0694073806375266   -0.0184587485475047   -0.00583477011396377   0
0.0944008562178331   -0.00682316540943864   0.0249934755803065   0
0.0740396446421105   -0.0059971750577717   -0.0203612115757226   0
0.0581240969410493   0.00874836029697852   -0.0159155477010612   0
0.103798604854593   0.0419034167103283   0.0456745079135441   0
0.105527069313435   -0.0298814557077692   0.00172846445884151   0
0.103774679357443   -0.0608870408938249   -0.0017523899559924   0
0.102742010854811   0.0429607526693735   -0.00103266850263201   0
0.10335559853686   -0.0137512523682791   0.000613587682049124   0
0.0848004708573897   0.0231754838380847   -0.0185551276794699   0
0.0806430995945871   -0.00317286632745863   -0.00415737126280255   0
0.134774390022511   0.0186108699341138   0.0541312904279242   0
0.109345247797115   0.0346570895441027   -0.0254291422253962   0
0.122095435674312   -0.0564555126908844   0.0127501878771967   0
0.129171508500801   -0.0393402149648921   0.00707607282648921   0
0.135435766708618   0.0566419903956653   0.00626425820781712   0
0.1423055184118   -0.0510270564210062   0.00686975170318219   0
0.146334573256254   0.0317078466012004   0.00402905484445384   0
0.145204164301863   0.0565340116821156   -0.00113040895439084   0
0.161784581129167   -0.0198936120086298   0.0165804168273037   0
0.172824546666735   0.0802787692195931   0.0110399655375682   0
0.168387182542385   -0.0886157158834541   -0.00443736412435006   0
0.152309632857914   -0.0614222605697429   -0.0160775496844713   0
0.0983563913083944   0.0781820269812356   -0.0539532415495194   0
0.134916705725088   -0.0391954426997808   0.0365603144166936   0
0.131261944526251   -0.0176245946116967   -0.00365476119883737   0
0.110271986275946   0.11183529901523   -0.0209899582503043   0
0.0776130702092921   -0.0378206450115289   -0.0326589160666542   0
0.144086040797652   0.0230298855128889   0.0664729705883595   0
0.169830492452335   -0.0810674234226417   0.0257444516546831   0
0.170058792182152   0.0295569025363723   0.000228299729817749   0
0.183200502912799   0.0232329620325937   0.0131417107306467   0
0.167023112735401   -0.0624176604291472   -0.016177390177398   0
0.173734652712837   0.0577754551341615   0.0067115399774357   0
0.184483451471324   -0.0167741862711944   0.0107487987584876   0
0.227121964263416   0.00504599718890181   0.0426385127920919   0
0.226145601141062   0.0484335931129852   -0.000976363122353774   0
0.237771281541343   -0.0121256192310898   0.0116256804002803   0
0.236816983971426   -0.0241984318717867   -0.000954297569917051   0
0.250416822701391   0.0324537775722805   0.0135998387299655   0
0.257171745880272   -0.0319884513588482   0.00675492317888043   0
0.240375967363025   -0.0249591919373566   -0.0167957785172467   0
0.230848278297132   0.0152390121773352   -0.00952768906589316   0
0.237835358882862   -0.000704046648713194   0.00698708058573069   0
0.229399298558409   -0.0063607622121994   -0.00843606032445363   0
0.208088036711845   0.0236933596648032   -0.0213112618465642   0
0.18689541098655   0.00952187348272521   -0.0211926257252942   0
0.152341749943843   -0.0250003372150152   -0.0345536610427071   0
0.175014972870582   0.017852540321513   0.0226732229267388   0
0.181662133059865   0.0053659737503319   0.00664716018928255   0
0.177596721793541   0.117334601313621   -0.00406541126632348   0
0.181867753715935   -0.107565189303218   0.00427103192239375   0
0.204406332814232   -0.00807781209005271   0.0225385790982968   0
0.20140637369294   0.0356497296058154   -0.00299995912129228   0
0.220716220803009   -0.0279497985595405   0.0193098471100692   0
0.208218184280486   -0.0140419642816925   -0.0124980365225225   0
0.213559533230344   0.00958099776304902   0.00534134894985808   0
0.25044100488615   0.0159615739997228   0.0368814716558053   0
0.242834840273199   -0.0178174789984067   -0.00760616461295069   0
0.243972782412178   -0.0174239742530104   0.00113794213897922   0
0.238361774192744   0.0207766308989584   -0.00561100821943444   0
0.255186516362719   0.00538401703985678   0.0168247421699749   0
0.208630198162329   -0.0317012424682868   -0.04655631820039   0
0.232791352838738   0.0312440171352238   0.0241611546764099   0
0.237781943898296   -0.0199939226599532   0.00499059105955776   0
0.236026091630571   -0.0192820044699234   -0.00175585226772565   0
0.248165570754063   0.00753651207255746   0.0121394791234928   0
0.270601240891482   -0.000231258605394899   0.0224356701374189   0
0.255200601638931   -0.0102347144883831   -0.0154006392525509   0
0.264224436632577   0.0340949896714791   0.00902383499364534   0
0.2628801246931   0.0122249544944958   -0.00134431193947626   0
0.289159791786082   -0.0188719405862834   0.0262796670929811   0
0.269437564424715   0.0229970776258757   -0.0197222273613664   0
0.285429461134428   0.024012583734441   0.015991896709713   0
0.24551303313696   -0.0569914770004773   -0.0399164279974681   0
0.237211661110262   -0.0138434335290647   -0.00830137202669748   0
0.208334680483645   0.0264810800579273   -0.0288769806266173   0
0.233145782736365   0.0229117147842157   0.0248111022527203   0
0.228447698838947   -0.013824247828715   -0.00469808389741891   0
0.246748826178307   0.0192709517595315   0.0183011273393608   0
0.250237980399159   -0.0228340383083288   0.00348915422085189   0
0.234531218519518   -0.0375817612226549   -0.015706761879641   0
0.252584266830399   0.0447585228810243   0.0180530483108804   0
0.246322627743575   -0.0210041409304831   -0.00626163908682323   0
0.252859151232954   0.00778936927949159   0.00653652348937886   0
0.265768832076304   0.0224994068798396   0.0129096808433495   0
0.279512478895527   -0.0205721834304866   0.0137436468192234   0
0.257812616631246   -0.00581589714407635   -0.0216998622642807   0
0.281573163896708   0.0437431292183902   0.0237605472654618   0
0.286463405036752   -0.0121685844663391   0.00489024114004344   0
0.282817633947571   0.00015611160985804   -0.00364577108918018   0
0.310979532495404   0.0081185254498285   0.0281618985478325   0
0.249317600217253   -0.0459249772620201   -0.0616619322781509   0
0.239536195393306   0.0172568106462772   -0.00978140482394715   0
0.26531928595986   0.0210405261111906   0.0257830905665542   0
0.281970341960888   -0.0370292995018546   0.0166510560010277   0
0.281606206567345   0.00958420588094272   -0.00036413539354313   0
0.287952364794179   0.0379072692064105   0.00634615822683449   0
0.306797826666605   -0.0177856680633118   0.0188454618724264   0
0.299522850948175   -0.000960117991621351   -0.00727497571843078   0
0.289222111486138   0.0170838429598349   -0.0103007394620367   0
0.302866315644527   0.0273614453843192   0.0136442041583887   0
0.276275815735381   -0.0627327272250621   -0.026590499909146   0
0.286768781549701   0.0298352456388609   0.0104929658143202   0
0.306477211631632   0.0214751973750615   0.0197084300819309   0
0.310423721463502   -0.0125086897810042   0.00394650983187045   0
0.298084223431063   -0.0142136878082264   -0.012339498032439   0
0.307930893908844   0.0482407237702179   0.00984667047778126   0
0.304085423563018   -0.0165027582492548   -0.00384547034582655   0
0.304043208252133   -0.00835999487708775   -4.22153108847745e-05   0
0.325133526554787   0.0374591856602266   0.0210903183026541   0
0.310765434713986   -0.0149186157199488   -0.0143680918408015   0
0.324886638139813   0.019262207302716   0.0141212034258276   0
0.348212582274822   0.00586570354043617   0.0233259441350091   0
0.336212607650739   -0.0447285649202769   -0.011999974624083   0
0.302699765902309   -0.0100721948285421   -0.0335128417484307   0
0.318288089166481   -0.000961953158163664   0.0155883232641727   0
0.303167776763132   -0.0119916163095963   -0.0151203124033498   0
0.337030029843039   0.0432211830153165   0.0338622530799078   0
0.329244719932701   -0.0229975890487787   -0.00778530991033871   0
0.324643975512022   -0.0219877228115219   -0.0046007444206792   0
0.341721653912366   0.0357647101812218   0.017077678400344   0
0.340711223880649   0.0256368652107847   -0.00101043003171614   0
0.359687454235618   -0.0279916968450499   0.0189762303549689   0
0.355053425683375   0.0215902457933268   -0.00463402855224315   0
0.324784299309572   -0.0407888345192272   -0.0302691263738027   0
0.327958207288002   0.000914828104032622   0.00317390797842942   0
0.3414828430477   0.0124652266032649   0.013524635759698   0
0.355914718529889   0.042504713147242   0.0144318754821889   0
0.326569950695563   -0.0173358159554584   -0.0293447678343258   0
0.353657532723145   0.000198195862082529   0.0270875820275822   0
0.361372350614325   0.0160568274497522   0.00771481789117962   0
0.33415017075785   -0.0262081109747995   -0.0272221798564753   0
0.313789040621406   -0.0279234815558558   -0.0203611301364434   0
0.338112552153125   0.016590931509238   0.0243235115317193   0
0.330748494800596   -0.000409742068064489   -0.00736405735252932   0
0.308206711454602   -0.0258124359642504   -0.0225417833459946   0
0.324867236932643   0.0248367989902402   0.0166605254780414   0
0.336943268352775   0.0389229378116767   0.0120760314201318   0
0.306033648261188   -0.0324303617424285   -0.0309096200915868   0
0.338913983709764   0.0311036642032754   0.0328803354485765   0
0.303399640179418   0.0111010422152934   -0.035514343530347   0
0.303602652013285   -0.0319241458495478   0.000203011833867783   0
0.272763117981977   -0.0080586354937667   -0.0308395340313082   0
0.27694263561476   0.0144152145266663   0.00417951763278335   0
0.271377272077545   -0.0164374107315786   -0.00556536353721526   0
0.311935118293216   -0.00533547433110562   0.0405578462156705   0
0.316617788262125   0.0425680930659432   0.00468266996890954   0
0.331540991935843   -0.014988008509814   0.0149232036737174   0
0.340514586526851   -0.00433169288003246   0.00897359459100866   0
0.353135981351819   0.0331961928212516   0.012621394824968   0
0.35474311783677   -0.0150111210244402   0.0016071364849507   0
0.346215023608376   -0.00774702863879559   -0.00852809422839446   0
0.355330328552883   0.0207815500850076   0.00911530494450774   0
0.357717892993711   0.0246644365995639   0.00238756444082749   0
0.340773974947897   -0.0312898509941678   -0.0169439180458137   0
