0.111421703517762   0.0968105505963709   0   0   0
0.118317178588149   0.0617956018240174   0.00689547507038753   -0.0350149487723536   0
0.0989823392649921   0.0690718490365829   -0.0193348393231571   0.00727624721256554   0
0.179705787739989   0.0664396808248843   0.0807234484749969   -0.00263216821169859   0
0.145372539595654   0.0405000920577349   -0.034333248144335   -0.0259395887671494   0
0.0779448248312228   0.107241988070123   -0.0674277147644313   0.0667418960123886   0
0.113303975911307   0.0404449606350717   0.0353591510800841   -0.0667970274350517   0
0.132006448035882   0.0456998270756302   0.0187024721245751   0.00525486644055845   0
0.135839235177948   0.0313868737986519   0.00383278714206656   -0.0143129532769783   0
0.0924416516868343   0.0440407327784745   -0.0433975834911142   0.0126538589798226   0
0.120865346881933   0.0388192418065545   0.0284236951950987   -0.00522149097192   0
0.131917785625366   0.0354223050962741   0.0110524387434329   -0.00339693671028044   0
0.168847464318538   0.0651210532799878   0.0369296786931722   0.0296987481837137   0
0.154620198172457   0.0372245089275198   -0.0142272661460806   -0.027896544352468   0
0.0698399001060998   0.0622980558709499   -0.0847802980663576   0.0250735469434302   0
0.0995138696069045   0.0283212188470059   0.0296739695008047   -0.0339768370239441   0
0.142549709034077   0.0413269465553953   0.0430358394271724   0.0130057277083894   0
0.115396532794274   0.0225591899320898   -0.0271531762398028   -0.0187677566233055   0
0.125410744572465   0.0365689015613677   0.0100142117781906   0.0140097116292779   0
0.0721100804580053   0.0544118446461696   -0.0533006641144594   0.017842943084802   0
0.0626198576818089   0.0438250990902759   -0.00949022277619643   -0.0105867455558937   0
0.122845379759517   0.0316288306630596   0.0602255220777083   -0.0121962684272163   0
0.118520653580589   0.043430664335726   -0.00432472617892811   0.0118018336726664   0
0.11705981702147   0.0580015489908244   -0.00146083655911924   0.0145708846550984   0
0.101040376860788   0.064432205226385   -0.0160194401606822   0.00643065623556068   0
0.10817067955093   0.0426720319067114   0.00713030269014241   -0.0217601733196736   0
0.14377617591138   0.0576119635589909   0.0356054963604496   0.0149399316522795   0
0.116580692768829   0.0593802893038591   -0.0271954831425511   0.00176832574486813   0
0.108685800659562   0.0377629582477988   -0.00789489210926678   -0.0216173310560602   0
0.149732655686059   0.0612322305785319   0.0410468550264976   0.0234692723307331   0
0.103624958567905   0.0668099107752922   -0.0461076971181545   0.00557768019676024   0
0.0707242982255292   0.0755398262674233   -0.0329006603423756   0.00872991549213116   0
0.161670065782012   0.0686471527108918   0.0909457675564825   -0.00689267355653152   0
0.093774212193385   0.0225097780521938   -0.0678958535886267   -0.046137374658698   0
0.14561132079574   0.0505784035601164   0.0518371086023553   0.0280686255079227   0
0.100387623786252   0.0649465595209053   -0.0452236970094887   0.0143681559607889   0
0.141148721011407   0.0568672511760064   0.0407610972251557   -0.00807930834489895   0
0.152652956810047   0.0788764016737896   0.0115042357986395   0.0220091504977832   0
0.10538049392639   0.0981944504985643   -0.0472724628836564   0.0193180488247747   0
0.085175629894589   0.0915644572819061   -0.0202048640318014   -0.00662999321665826   0
0.126576703211175   0.0863476337742095   0.0414010733165865   -0.0052168235076966   0
0.0655244133359468   0.0968882957219292   -0.0610522898752287   0.0105406619477197   0
0.117657106330483   0.0809450030072425   0.0521326929945359   -0.0159432927146867   0
0.144772144220772   0.1011870429994   0.0271150378902894   0.0202420399921579   0
0.113904118963978   0.107129779009538   -0.0308680252567942   0.00594273601013785   0
0.12878740707775   0.0801474720143748   0.0148832881137719   -0.0269823069951634   0
0.116039228394927   0.115303023369186   -0.0127481786828228   0.0351555513548109   0
0.122740396102017   0.113330967878786   0.00670116770709001   -0.00197205549039944   0
0.168871492675022   0.103529873318164   0.0461310965730051   -0.00980109456062277   0
0.0919034516277272   0.147139777837533   -0.0769680410472947   0.0436099045193695   0
0.150307738026923   0.125819070071403   0.0584042863991954   -0.0213207077661306   0
0.145193710846338   0.117127034992033   -0.00511402718058465   -0.00869203507936921   0
0.117039639929897   0.135293303116276   -0.0281540709164407   0.0181662681242426   0
0.145317825503721   0.105589269407454   0.0282781855738241   -0.0297040337088214   0
0.10995544816571   0.149719051804847   -0.0353623773380115   0.0441297823973927   0
0.108696764338485   0.160512440164781   -0.00125868382722506   0.0107933883599342   0
0.0928258470704685   0.169222948124069   -0.0158709172680163   0.00871050795928735   0
0.0862143571222914   0.179059038815107   -0.00661148994817706   0.00983609069103838   0
0.128793446663602   0.190083159864683   0.0425790895413102   0.0110241210495756   0
0.144462868505232   0.180663730577702   0.0156694218416305   -0.00941942928698067   0
0.0963998522258722   0.222330932991481   -0.04806301627936   0.0416672024137792   0
0.113017341968257   0.239316923348465   0.0166174897423851   0.0169859903569836   0
0.149416696253966   0.278944669552906   0.036399354285709   0.0396277462044408   0
0.132120417209075   0.356825753406314   -0.0172962790448913   0.0778810838534082   0
0.146523828937583   0.36471722544831   0.0144034117285079   0.00789147204199575   0
0.135317947878801   0.359651386083906   -0.0112058810587814   -0.0050658393644033   0
0.114479930254477   0.369915972696963   -0.020838017624324   0.010264586613057   0
0.21212444609663   0.41581670218608   0.0976445158421526   0.0459007294891166   0
0.111446519467142   0.436433519320655   -0.100677926629488   0.020616817134575   0
0.219006442308988   0.0724660724465077   0.107559922841846   -0.363967446874147   0
0.190302993774691   0.0508390936669803   -0.028703448534297   -0.0216269787795274   0
0.182588826455098   0.114873416072443   -0.00771416731959246   0.0640343224054622   0
0.178313984079797   0.120265950255766   -0.0042748423753016   0.00539253418332396   0
0.172537216347199   0.142617142975529   -0.00577676773259814   0.0223511927197626   0
0.161995171503505   0.165377188805629   -0.0105420448436936   0.0227600458300995   0
0.16367189608485   0.145879790016001   0.00167672458134516   -0.0194973987896276   0
0.182201662992109   0.157426678980327   0.0185297669072587   0.0115468889643263   0
0.175223983480715   0.183385525524726   -0.0069776795113935   0.025958846544399   0
0.254255748801281   0.195268601095325   0.0790317653205655   0.0118830755705984   0
0.202163707473448   0.220190074064841   -0.0520920413278325   0.024921472969516   0
0.177673420535121   0.227579737865308   -0.0244902869383272   0.00738966380046779   0
0.190756198097178   0.225477133626544   0.0130827775620574   -0.00210260423876418   0
0.155812007528752   0.256685367015159   -0.034944190568426   0.0312082333886144   0
0.171973852581083   0.26895609139921   0.0161618450523304   0.012270724384051   0
0.199450584015314   0.263738374651624   0.0274767314342316   -0.00521771674758537   0
0.149223968446091   0.288403688758804   -0.0502266155692233   0.0246653141071794   0
0.157833378579817   0.321948018547933   0.0086094101337264   0.033544329789129   0
0.214291195097442   0.392364234448092   0.0564578165176246   0.0704162159001589   0
0.155513906628957   0.44724654337036   -0.058777288468485   0.0548823089222681   0
0.180774809293137   0.412406404964205   0.0252609026641798   -0.0348401384061547   0
0.181745536299905   0.414587512033672   0.000970727006767869   0.00218110706946684   0
0.201523115847016   0.431438442378168   0.0197775795471117   0.0168509303444964   0
0.208457874971731   0.44843384686968   0.00693475912471497   0.0169954044915122   0
0.178525905291109   0.405897895408159   -0.0299319696806225   -0.0425359514615217   0
0.175936647279326   0.418449408972892   -0.00258925801178281   0.0125515135647331   0
0.156680308100093   0.401854458285537   -0.0192563391792333   -0.0165949506873548   0
0.190208760894681   0.41016885018674   0.0335284527945884   0.0083143919012032   0
0.222677915137829   0.413832859132011   0.0324691542431474   0.00366400894527086   0
0.160029544735871   0.419056584078979   -0.062648370401958   0.00522372494696799   0
0.289267138880124   0.424538690218621   0.129237594144253   0.00548210613964228   0
0.216221630930511   0.422129095995259   -0.0730455079496132   -0.0024095942233619   0
0.174589859445874   0.469723864918648   -0.0416317714846368   0.0475947689233887   0
0.192375156990111   0.46992328976342   0.0177852975442375   0.000199424844771645   0
0.194238776589254   0.426021895957898   0.00186361959914227   -0.0439013938055213   0
0.241605039111191   0.446993061650047   0.0473662625219371   0.0209711656921483   0
0.239455247606416   0.456701796480649   -0.00214979150477471   0.00970873483060269   0
0.203620362342301   0.480189211328503   -0.0358348852641149   0.0234874148478538   0
0.170552143470084   0.490121054684118   -0.0330682188722175   0.00993184335561498   0
0.230089784242347   0.51212056869622   0.0595376407722638   0.0219995140121019   0
0.241166643944742   0.535270852927048   0.0110768597023946   0.0231502842308283   0
0.247177343453744   0.545905809591692   0.00601069950900168   0.0106349566646431   0
0.286789663524699   0.575866847336691   0.0396123200709552   0.0299610377449996   0
0.272230186244986   0.53255596159323   -0.0145594772797125   -0.0433108857434611   0
0.239367418116272   0.515340472419354   -0.0328627681287148   -0.0172154891738765   0
0.219132364593298   0.554889078158025   -0.0202350535229738   0.0395486057386712   0
0.233938820663395   0.54030778245575   0.014806456070097   -0.014581295702275   0
0.216288557701719   0.564671020639452   -0.0176502629616754   0.0243632381837019   0
0.233491316550359   0.583898484108753   0.0172027588486397   0.0192274634693015   0
0.238576116610947   0.56818874465731   0.00508480006058754   -0.0157097394514432   0
0.239641626086037   0.579781066392522   0.0010655094750904   0.0115923217352121   0
0.160325869970289   0.570303183266147   -0.0793157561157481   -0.00947788312637554   0
0.233859845459314   0.58764998664809   0.0735339754890255   0.0173468033819432   0
0.226892426303744   0.621838759360898   -0.00696741915557017   0.0341887727128078   0
0.268562556695847   0.700129104080276   0.0416701303921027   0.0782903447193785   0
0.237782899875496   0.762901863144927   -0.0307796568203512   0.0627727590646505   0
0.210575550213623   0.792967380861596   -0.0272073496618728   0.0300655177166698   0
0.223553645265873   0.812236045539257   0.0129780950522506   0.0192686646776605   0
0.264628866310945   0.842774467064736   0.0410752210450717   0.0305384215254793   0
0.224036851070309   0.829714378561984   -0.0405920152406358   -0.0130600885027516   0
0.206042731880574   0.858495562819634   -0.0179941191897356   0.0287811842576494   0
0.292864112854836   0.869762122673493   0.0868213809742621   0.0112665598538587   0
0.346963489969031   0.866908019446267   0.0540993771141953   -0.00285410322722535   0
0.130498453854212   0.955672897485981   -0.216465036114819   0.0887648780397137   0
0.167643092678941   0.96520465651915   0.0371446388247286   0.00953175903316894   0
0.204091641103917   0.999826600269892   0.0364485484249759   0.0346219437507419   0
0.167935388977904   1.02647821874906   -0.0361562521260126   0.0266516184791717   0
0.198485688614973   0.998144101348598   0.0305502996370687   -0.0283341174004658   0
0.232260487888277   1.03052697111636   0.0337747992733037   0.0323828697677578   0
0.1826657639903   0.956453699080227   -0.0495947238979766   -0.0740732720361282   0
0.191248962373656   0.96111644731999   0.00858319838335572   0.00466274823976309   0
0.211927427719396   0.946800515125546   0.0206784653457407   -0.0143159321944443   0
0.227037367540682   0.977858802214435   0.0151099398212851   0.0310582870888889   0
0.177469096623187   1.00104441720548   -0.0495682709174948   0.0231856149910404   0
0.136627706882086   0.98519402093712   -0.0408413897411007   -0.0158503962683558   0
0.210071781451008   0.994186423861994   0.0734440745689218   0.00899240292487413   0
0.163688559008869   1.01531201667135   -0.0463832224421388   0.0211255928093591   0
0.178782070743965   1.03447351871967   0.0150935117350957   0.0191615020483142   0
0.159613041274358   1.09291959220441   -0.0191690294696064   0.058446073484741   0
0.171520831872545   1.07656957525954   0.0119077905981872   -0.0163500169448714   0
0.217719441277439   1.04146438636782   0.0461986094048931   -0.0351051888917167   0
0.221245486426277   1.06877830471537   0.00352604514883864   0.027313918347545   0
0.196961670791172   1.0417682014587   -0.0242838156351052   -0.0270101032566628   0
0.245039821634138   1.08593159100205   0.0480781508429657   0.0441633895433504   0
0.164102930905819   1.19038025673228   -0.0809368907283187   0.104448665730223   0
0.162406158581902   1.18073063256581   -0.00169677232391671   -0.00964962416646942   0
0.202935303751935   1.1497449642213   0.0405291451700324   -0.030985668344502   0
0.198273255215347   1.16673947676217   -0.00466204853658808   0.0169945125408602   0
0.200728535680157   1.17135567039617   0.00245528046481019   0.00461619363400034   0
0.228916815679255   1.14772691316064   0.0281882799990981   -0.0236287572355258   0
0.204154759549938   1.22161951927441   -0.0247620561293172   0.0738926061137744   0
0.267732491954955   1.40458806991276   0.0635777324050172   0.182968550638346   0
0.242893698382832   1.28173194871753   -0.0248387935721232   -0.122856121195225   0
0.321092957746881   1.22625215627262   0.0781992593640488   -0.0554797924449151   0
0.291581108858787   1.21534255696954   -0.0295118488880932   -0.0109095993030839   0
0.334048482500011   1.25793142829866   0.0424673736412234   0.0425888713291214   0
0.387402138646652   1.25405221008387   0.0533536561466416   -0.00387921821478288   0
0.37875245156202   1.26065455658955   -0.00864968708463276   0.00660234650567748   0
0.360445385166311   1.37472349093054   -0.0183070663957089   0.114068934340988   0
0.404390912034692   1.39501635596406   0.0439455268683814   0.0202928650335221   0
0.463174718466207   1.36177424289711   0.0587838064315149   -0.0332421130669507   0
0.492656230475166   1.38567623507595   0.0294815120089592   0.0239019921788355   0
0.516790984841106   1.42535637531294   0.0241347543659396   0.0396801402369962   0
0.536752020022282   1.44846134928111   0.0199610351811761   0.0231049739681659   0
0.518114657860594   1.45014306728483   -0.0186373621616882   0.00168171800371963   0
0.482002145091741   1.38231550441723   -0.0361125127688524   -0.0678275628676022   0
0.482852643370097   1.33717683225191   0.000850498278355649   -0.0451386721653173   0
0.483271811635026   1.32422578724759   0.000419168264928937   -0.0129510450043189   0
0.442302075087332   1.31013145893456   -0.0409697365476938   -0.0140943283130295   0
0.418481856866711   1.33426144888099   -0.0238202182206216   0.02412998994643   0
0.458383712413519   1.31228106465736   0.0399018555468088   -0.0219803842236321   0
0.429444663348423   1.31017424351343   -0.0289390490650968   -0.00210682114392413   0
0.443030693388438   1.35575852780252   0.0135860300400153   0.0455842842890832   0
0.437726376982242   1.33704970044432   -0.00530431640619572   -0.0187088273581959   0
0.419560496084283   1.34035188009325   -0.0181658808979587   0.00330217964892476   0
0.484941542945127   1.32693750655871   0.0653810468608431   -0.0134143735345351   0
