0.174482621786154   0.331405061604002   0   0   0
0.256602623755506   0.198535728754575   0.0821200019693527   -0.132869332849428   0
0.168450099919115   0.089530662279872   -0.088152523836391   -0.109005066474703   0
0.166725593484084   0.031833849923418   -0.00172450643503161   -0.057696812356454   0
0.163876309034388   0.0635113669775931   -0.00284928444969632   0.0316775170541751   0
0.0952249816930599   0.0840624764466169   -0.0686513273413276   0.0205511094690238   0
0.123303530139384   0.0824764507438942   0.0280785484463246   -0.00158602570272276   0
0.0599660463769377   0.107814819095058   -0.0633374837624467   0.0253383683511634   0
0.0578246955956752   0.112343201436769   -0.00214135078126253   0.0045283823417116   0
0.0435053760143778   0.116903270606525   -0.0143193195812974   0.00456006916975618   0
0.0624822997705182   0.130807806836977   0.0189769237561404   0.013904536230452   0
0.0782426919708799   0.119751402604406   0.0157603922003617   -0.0110564042325716   0
0.12922549876731   0.201830649563675   0.0509828067964299   0.0820792469592692   0
0.257269333522303   0.175858332454657   0.128043834754993   -0.0259723171090185   0
0.134955231163709   0.109881983896599   -0.122314102358595   -0.0659763485580572   0
0.17560536614446   0.135654487553352   0.0406501349807519   0.0257725036567526   0
0.0638031256884018   0.0900351172988768   -0.111802240456059   -0.0456193702544751   0
0.163567486177082   0.0972256145081634   0.0997643604886804   0.00719049720928666   0
0.0801199617609594   0.10866293034109   -0.0834475244161228   0.0114373158329262   0
0.186440232208014   0.122859461753145   0.106320270447054   0.0141965314120553   0
0.0629394190565817   0.0208821567406841   -0.123500813151432   -0.101977305012461   0
0.123633646669667   0.0497056547216272   0.060694227613085   0.0288234979809431   0
0.0462824237050092   0.034296008125291   -0.0773512229646575   -0.0154096465963363   0
0.114801657763845   0.0540406876092381   0.0685192340588354   0.0197446794839471   0
0.0778493642611165   0.0449566896518071   -0.0369522935027281   -0.00908399795743096   0
0.0916821398691152   0.0262476853840486   0.0138327756079987   -0.0187090042677585   0
0.0631889385974317   0.0310469322428275   -0.0284932012716834   0.00479924685877892   0
0.0936748158410253   0.0405950642219285   0.0304858772435935   0.00954813197910095   0
0.0908795014525278   0.0282715986233976   -0.00279531438849749   -0.0123234655985308   0
0.0728590275948012   0.0143091961916978   -0.0180204738577266   -0.0139624024316998   0
0.0872644804614684   0.0449146191984581   0.0144054528666672   0.0306054230067603   0
0.133264553517955   0.0825941532040858   0.046000073056487   0.0376795340056277   0
0.184947906443977   0.10485781309229   0.0516833529260214   0.0222636598882047   0
0.0980932660298351   0.0827003811922806   -0.0868546404141417   -0.0221574319000098   0
0.16229503341569   0.0962359421885867   0.0642017673858551   0.013535560996306   0
0.0628669404616608   0.0564435799420536   -0.0994280929540294   -0.039792362246533   0
0.137441211249938   0.0535531978737265   0.0745742707882769   -0.00289038206832718   0
0.0514645613740174   0.0598539121303069   -0.0859766498759203   0.00630071425658046   0
0.116533322692224   0.0553838036109159   0.0650687613182066   -0.00447010851939102   0
0.0733860651836573   0.0228585593513699   -0.0431472575085666   -0.032525244259546   0
0.110675512519663   0.0595707745971966   0.0372894473360053   0.0367122152458267   0
0.0824806225011669   0.0125944576740019   -0.0281948900184957   -0.0469763169231947   0
0.107593082541593   0.069045251677505   0.0251124600404264   0.0564507940035031   0
0.148639396947815   0.0646300521912812   0.0410463144062214   -0.00441519948622379   0
0.353880459241903   0.273264088301139   0.205241062294088   0.208634036109858   0
0.361299546984161   0.196453309626798   0.00741908774225825   -0.0768107786743416   0
0.286888271970117   0.112831113668486   -0.0744112750140437   -0.0836221959583122   0
0.242699432298821   0.0725648213145323   -0.0441888396712963   -0.0402662923539533   0
0.192283410694553   0.0465838881266098   -0.0504160216042684   -0.0259809331879225   0
0.222657104074966   0.0438259358118284   0.0303736933804129   -0.00275795231478147   0
0.186392267451657   0.0354955502445377   -0.0362648366233086   -0.00833038556729066   0
0.194258705170322   0.0523635444338208   0.00786643771866485   0.0168679941892831   0
0.166862824566828   0.0236417198640983   -0.0273958806034938   -0.0287218245697225   0
0.19521093283907   0.0350382942524447   0.0283481082722423   0.0113965743883464   0
0.158886863574589   0.030012691345283   -0.0363240692644815   -0.00502560290716171   0
0.210328565199214   0.0741512660678157   0.0514417016246251   0.0441385747225327   0
0.19310304798436   0.0692029837119197   -0.017225517214854   -0.00494828235589602   0
0.27229386537985   0.0729069496730231   0.0791908173954902   0.00370396596110339   0
0.200752215294004   0.0386543103135307   -0.0715416500858465   -0.0342526393594924   0
0.217000521929257   0.0592009742425114   0.0162483066352535   0.0205466639289807   0
0.174007042060487   0.036930531943434   -0.0429934798687704   -0.0222704422990774   0
0.190896214335565   0.0498568797779705   0.0168891722750783   0.0129263478345365   0
0.184545013992955   0.0549514458731069   -0.00635120034260994   0.00509456609513645   0
0.196008305339978   0.0691433421782061   0.0114632913470228   0.0141918963050992   0
0.193213660481861   0.0379840364045542   -0.00279464485811654   -0.0311593057736519   0
0.208761304256057   0.0515464136849743   0.0155476437741957   0.01356237728042   0
0.189290783480047   0.0420723049302891   -0.0194705207760101   -0.00947410875468519   0
0.201848153862997   0.0746505663444692   0.0125573703829498   0.0325782614141802   0
0.205288358280663   0.041738731308582   0.00344020441766663   -0.0329118350358873   0
0.199870519525016   0.0485784533708104   -0.00541783875564686   0.00683972206222844   0
0.199747117289662   0.0626138665561791   -0.000123402235354453   0.0140354131853687   0
0.188431906902096   0.0384561780406608   -0.0113152103875665   -0.0241576885155183   0
0.166490156217057   0.0409406125287864   -0.0219417506850386   0.00248443448812566   0
0.224836869775422   0.0498023918815625   0.058346713558365   0.00886177935277609   0
0.139267634901841   0.0454348095785874   -0.0855692348735811   -0.0043675823029751   0
0.173386055013372   0.0314787793034407   0.0341184201115311   -0.0139560302751468   0
0.133488822453956   0.0444862089819418   -0.0398972325594162   0.0130074296785011   0
0.185617451507475   0.0504477990217859   0.0521286290535199   0.00596159003984407   0
0.11997972781266   0.0519153813867817   -0.0656377236948154   0.00146758236499583   0
0.1711835587622   0.0348782255254263   0.05120383094954   -0.0170371558613554   0
0.125532063069361   0.0491009404616908   -0.0456514956928392   0.0142227149362644   0
0.179370783633524   0.0400694315752358   0.0538387205641629   -0.00903150888645499   0
0.142525259638143   0.0439156682264997   -0.036845523995381   0.00384623665126399   0
0.189561317529949   0.0597135719537043   0.0470360578918058   0.0157979037272046   0
0.123644465693091   0.038935430609825   -0.0659168518368574   -0.0207781413438793   0
0.191286915527435   0.0660545798575315   0.0676424498343437   0.0271191492477064   0
0.0880212699949847   0.0559915728770857   -0.10326564553245   -0.0100630069804457   0
0.176478317071897   0.0489712835862253   0.0884570470769119   -0.00702028929086041   0
0.0855631730350628   0.0450403408064565   -0.0909151440368339   -0.00393094277976881   0
0.168117599603463   0.0624120424433658   0.0825544265684005   0.0173717016369093   0
0.101596779159135   0.0449105862519072   -0.066520820444328   -0.0175014561914586   0
0.19592739940576   0.0829607737616732   0.0943306202466245   0.038050187509766   0
0.144110374407292   0.0441855196163573   -0.0518170249984673   -0.0387752541453159   0
0.240866446674791   0.0512990971943973   0.0967560722674988   0.00711357757804   0
0.168756817570787   0.0475074086060588   -0.0721096291040038   -0.00379168858833859   0
0.265835156289061   0.0882933129131133   0.0970783387182738   0.0407859043070545   0
0.139223487718129   0.032552218393512   -0.126611668570932   -0.0557410945196013   0
0.238162375732713   0.0457712451467349   0.0989388880145842   0.0132190267532229   0
0.164221831810542   0.0244584303036852   -0.0739405439221709   -0.0213128148430497   0
0.258287386530005   0.0691904577720304   0.0940655547194625   0.0447320274683453   0
0.172399272981907   0.0456688548433911   -0.0858881135480979   -0.0235216029286393   0
0.239200901511136   0.0675794528567594   0.0668016285292289   0.0219105980133683   0
0.181691251085461   0.0436812154526691   -0.0575096504256747   -0.0238982374040903   0
0.209386466519926   0.0605090913517668   0.0276952154344649   0.0168278758990977   0
0.145545320054786   0.0280973435887185   -0.0638411464651401   -0.0324117477630484   0
0.170181496960187   0.0340763570214746   0.0246361769054009   0.0059790134327561   0
0.165842404127533   0.0203850693885623   -0.00433909283265352   -0.0136912876329123   0
0.152638088963961   0.0202859719736324   -0.0132043151635723   -9.90974149298919e-05   0
0.180717923231261   0.0332815293186025   0.0280798342673004   0.0129955573449701   0
0.136788608275872   0.0388588200401788   -0.043929314955389   0.00557729072157626   0
0.187024724500051   0.0420657713576608   0.0502361162241789   0.00320695131748206   0
0.129972450674172   0.0295784862013339   -0.0570522738258794   -0.0124872851563269   0
0.20468261122324   0.05683408073489   0.0747101605490685   0.0272555945335561   0
0.139115391241983   0.0433271164306361   -0.0655672199812572   -0.0135069643042539   0
0.225698682022092   0.0513590367953635   0.0865832907801094   0.00803192036472734   0
0.164201789430718   0.0267648614719468   -0.061496892591374   -0.0245941753234167   0
0.225201731568571   0.049929295150624   0.060999942137853   0.0231644336786772   0
0.141358644547406   0.0239603501444704   -0.083843087021165   -0.0259689450061536   0
0.194790844163195   0.0268625309850915   0.0534321996157883   0.00290218084062103   0
0.145248685237595   0.0372165041079223   -0.0495421589255995   0.0103539731228309   0
0.1932595613926   0.041060077983791   0.0480108761550045   0.00384357387586868   0
0.124036360614086   0.0442709713678726   -0.0692232007785136   0.00321089338408163   0
0.191400586139776   0.0373833804935763   0.0673642255256904   -0.00688759087429636   0
0.138246782039366   0.0272433392838048   -0.0531538041004104   -0.0101400412097715   0
0.223624273523202   0.0342107732704553   0.0853774914838362   0.00696743398665054   0
0.163500817491412   0.0475490660104381   -0.0601234560317904   0.0133382927399828   0
0.167285426704181   0.0709546920734105   0.00378460921276927   0.0234056260629724   0
0.0895701084856996   0.127794376556795   -0.0777153182184816   0.0568396844833848   0
0.203805297269134   0.0901968283357153   0.114235188783434   -0.03759754822108   0
0.211039471030516   0.0778413710892864   0.00723417376138219   -0.0123554572464289   0
0.132860701834515   0.054035971686831   -0.0781787691960006   -0.0238053994024554   0
0.162324415710884   0.0374454727745892   0.029463713876369   -0.0165904989122418   0
0.0995101208487358   0.0761652070278976   -0.0628142948621486   0.0387197342533084   0
0.155968011406987   0.0365272810001306   0.0564578905582512   -0.039637926027767   0
0.0866126560743867   0.0913916039821766   -0.0693553553326002   0.054864322982046   0
0.137660856145856   0.0446900489033353   0.0510482000714691   -0.0467015550788413   0
0.0458372998381504   0.099343438424815   -0.0918235563077054   0.0546533895214797   0
0.155745179582066   0.0368534877047329   0.109907879743916   -0.062489950720082   0
0.0419925645709154   0.109375194130685   -0.113752615011151   0.0725217064259519   0
0.131942434734281   0.0272553544891183   0.0899498701633656   -0.0821198396415666   0
0.0587823263677961   0.101744310893482   -0.0731601083664849   0.0744889564043641   0
0.120885490784923   0.0461229906728738   0.0621031644171264   -0.0556213202206086   0
0.0665158918752248   0.113989909698414   -0.0543695989096977   0.0678669190255399   0
0.137507293268866   0.0643469428126348   0.0709914013936414   -0.0496429668857788   0
0.154440794127717   0.0363583343083343   0.0169335008588512   -0.0279886085043005   0
0.0892821885308598   0.0957992898759693   -0.0651586055968576   0.059440955567635   0
0.15993442258654   0.0356659886504286   0.0706522340556803   -0.0601333012255408   0
0.102023380112502   0.0925040662125725   -0.0579110424740385   0.0568380775621439   0
0.151524059861528   0.0418394588624483   0.0495006797490266   -0.0506646073501242   0
0.076487471655811   0.104984862625821   -0.0750365882057173   0.0631454037633727   0
0.152305734766761   0.0533404863180399   0.0758182631109498   -0.0516443763077811   0
0.132397256412217   0.0600338073330353   -0.0199084783545436   0.00669332101499539   0
0.145501119805493   0.0530332003398107   0.013103863393276   -0.00700060699322454   0
0.160614553277637   0.0431559191779691   0.0151134334721438   -0.00987728116184165   0
0.0895169287504324   0.0865952574455582   -0.0710976245272046   0.0434393382675891   0
0.158070070219249   0.0441096799837136   0.0685531414688169   -0.0424855774618446   0
0.0629229006509554   0.125109623166296   -0.0951471695682939   0.080999943182582   0
0.159582730516807   0.0374021864585126   0.0966598298658521   -0.087707436707783   0
0.0561317280850145   0.120903158776518   -0.103451002431793   0.0835009723180057   0
0.1464531559902   0.0383552147116269   0.090321427905186   -0.0825479440648914   0
0.041501286531745   0.124166149930939   -0.104951869458455   0.0858109352193124   0
0.184793207391966   0.0348428600170465   0.143291920860221   -0.0893232899138928   0
0.0656951769559988   0.134713807097268   -0.119098030435967   0.0998709470802217   0
0.187821108445803   0.0433931124436312   0.122125931489804   -0.091320694653637   0
0.0926905283982808   0.123384534328061   -0.095130580047522   0.0799914218844299   0
0.160177166960744   0.0671710063541183   0.067486638562463   -0.0562135279739429   0
0.124565266026989   0.100999767932852   -0.0356119009337553   0.0338287615787339   0
0.14738843565236   0.0791825432932821   0.022823169625372   -0.0218172246395701   0
0.0810508065325694   0.158228243347229   -0.066337629119791   0.0790457000539471   0
0.175494294544438   0.0872706001450231   0.0944434880118687   -0.0709576432022062   0
0.12785322180086   0.105990856343692   -0.0476410727435777   0.0187202561986693   0
0.151546093087813   0.0521034361130024   0.0236928712869523   -0.0538874202306899   0
0.13099211000858   0.108258246317402   -0.0205539830792325   0.0561548102043993   0
0.152282473374877   0.0846971525596889   0.0212903633662963   -0.0235610937577128   0
0.169238246287593   0.0506925332399578   0.0169557729127164   -0.0340046193197312   0
0.150118907892977   0.0893866943200677   -0.0191193383946164   0.0386941610801099   0
0.189827809366094   0.0560562602718842   0.039708901473117   -0.0333304340481835   0
0.170388740507963   0.0311284198394506   -0.0194390688581305   -0.0249278404324336   0
0.187479222387175   0.0239455316721977   0.0170904818792124   -0.00718288816725283   0
0.100786052763168   0.108049865675387   -0.0866931696240079   0.0841043340031895   0
0.187334053680622   0.0246566176508965   0.0865480009174542   -0.0833932480244908   0
0.111813386124829   0.0876370560415469   -0.0755206675557933   0.0629804383906504   0
0.178005150973223   0.0370421719484023   0.0661917648483947   -0.0505948840931446   0
0.120248314236417   0.120151249428207   -0.0577568367368066   0.0831090774798048   0
0.212581216175607   0.0575229260001827   0.09233290193919   -0.0626283234280243   0
