0.276981151478296   0   0   0
0.241877529704337   -0.0373051654051519   -0.0351036217739584   0
0.252440233847558   0.0323587726404545   0.0105627041432213   0
0.232593593781267   -0.0253259691460068   -0.0198466400662911   0
0.235780236384732   0.0294436577757192   0.00318664260346446   0
0.227112874330436   -0.0354647668936792   -0.00866736205429561   0
0.242590722879452   0.0163839233222733   0.0154778485490156   0
0.205680199224701   -0.0371882157188311   -0.0369105236547512   0
0.210239368363174   -0.00153651555409814   0.00455916913847343   0
0.170317563657037   -0.0341053614705995   -0.0399218047061369   0
0.181840198211988   0.0365078155769939   0.0115226345549506   0
0.163313473797854   -0.0104767213808314   -0.0185267244141333   0
0.131826950188391   -0.0349055754763878   -0.0314865236094636   0
0.145662362845932   0.020264237634554   0.0138354126575412   0
0.126115721608896   0.00193147747415856   -0.0195466412370364   0
0.152163895111726   0.0223997017057704   0.0260481735028307   0
0.121816501363003   -0.035077522819954   -0.0303473937487235   0
0.125143421007948   -0.0439678077486324   0.00332691964494497   0
0.0514441284207926   0.00314099233473347   -0.0736992925871553   0
0.0747289467101772   -0.000480230986818445   0.0232848182893846   0
0.0733677336054652   -0.000520989204578187   -0.00136121310471202   0
0.063345952476875   0.00623754954939738   -0.0100217811285902   0
0.0781662439182829   0.00245431731385529   0.014820291441408   0
0.0953797144770574   0.0634892268646008   0.0172134705587745   0
0.122022923652945   0.0176931317256512   0.0266432091758878   0
0.121518599864794   0.0168673741779108   -0.000504323788150879   0
0.137524098394795   -0.0140198538276844   0.0160054985300006   0
0.12776181139606   -0.00415926653177351   -0.00976228699873455   0
0.166517082610914   0.0339117806986752   0.0387552712148538   0
0.158584542993832   -0.00587662750182269   -0.00793253961708226   0
0.17755482690032   -0.0025533206286395   0.0189702839064879   0
0.170038244497238   -0.0102976232115004   -0.00751658240308167   0
0.160041781025815   -0.0280209422796322   -0.00999646347142283   0
0.167939792298163   0.00375378945847304   0.0078980112723474   0
0.162681687737903   -0.00607299027846386   -0.00525810456025982   0
0.1668423974467   0.003105116787674   0.00416070970879687   0
0.167806751481019   -0.00241542905631786   0.000964354034319409   0
0.159957048117026   -0.0309982165814155   -0.00784970336399327   0
0.167349576929313   0.035599585507071   0.00739252881228705   0
0.185764943063977   0.0170225754140362   0.0184153661346638   0
0.152909837104305   -0.0435994918876278   -0.0328551059596719   0
0.204558485282657   0.0432106495551152   0.0516486481783523   0
0.190867875105562   -0.0253886107435451   -0.0136906101770947   0
0.209151017375783   -0.00157603209445087   0.0182831422702206   0
0.216176637890921   0.00632523120637951   0.00702562051513847   0
0.287126034432007   0.165159830555595   0.0709493965410856   0
0.405144987547757   0.541603629575449   0.118018953115751   1
0.553364904165199   -0.269399429325228   0.148219916617442   1
0.587164341906046   -0.0581186764684004   0.0337994377408469   0
0.605417367273291   -0.0256611938076001   0.0182530253672447   0
0.628346136561985   0.0167687720595461   0.0229287692886945   0
0.658393938113801   0.00652220277451521   0.030047801551816   0
0.671804770683046   -0.0261105855932827   0.0134108325692451   0
0.65749456511385   0.0182408466009197   -0.0143102055691967   0
0.709539962293261   -0.0179962687484499   0.0520453971794117   0
0.709684045053411   -0.0107073468702571   0.00014408276015021   0
0.719207005237884   0.0183285284479341   0.00952296018447207   0
0.728079037274007   0.0100992497940028   0.00887203203612352   0
0.737675352636815   -0.0130411861216793   0.00959631536280847   0
0.710264865787207   0.018228124231588   -0.027410486849608   0
0.731840698336279   -0.0132127072360665   0.0215758325490714   0
0.720877549189049   0.00879021122987489   -0.0109631491472297   0
0.707792033503573   -0.0289143787378957   -0.0130855156854766   0
0.732394429637557   -0.00940475297394611   0.0246023961339845   0
0.730220483687444   -0.00365627051812722   -0.00217394595011289   0
0.710482804291156   0.0151173373511546   -0.0197376793962881   0
0.709329296861567   -0.000366690473350029   -0.00115350742958897   0
0.820996038978545   -0.0127845132169823   0.111666742116977   0
0.862993257315237   0.00299592179462316   0.0419972183366921   0
0.816634513079223   0.0240483956048198   -0.0463587442360134   0
0.841664310064375   -0.0102703125407831   0.0250297969851514   0
0.841034032321737   -0.0283809213654727   -0.00063027774263813   0
0.840376780289318   0.0366954897334252   -0.000657252032418842   0
0.952014025022027   -0.0732665155866554   0.111637244732709   0
0.903460476246327   0.0322023933095508   -0.0485535487756996   0
0.955335126546423   0.00674870454834431   0.0518746503000956   0
0.961909503886597   0.0109519382773958   0.00657437734017474   0
0.922154522407357   -0.00552175312997866   -0.0397549814792402   0
0.899171752698506   0.0523984656083972   -0.0229827697088516   0
0.894782252244939   0.0140735667687004   -0.00438950045356634   0
0.897773202405579   0.018973175689205   0.00299095016064022   0
0.911558006631237   0.00620598216153156   0.0137848042256576   0
0.932202608909253   0.0186728777960182   0.0206446022780162   0
0.930548608564465   -0.00969277718395278   -0.00165400034478813   0
0.963108936026347   0.0141611112955311   0.0325603274618822   0
0.946975584645898   0.0554069842401745   -0.0161333513804497   0
0.981695230688878   -0.0227984257125257   0.0347196460429806   0
0.932957397270927   -0.00560063090003715   -0.0487378334179511   0
0.934356794237342   0.0359028034211714   0.00139939696641478   0
0.930061170895228   0.0299576008038488   -0.00429562334211386   0
0.912333239038156   -0.00791828792036553   -0.0177279318570722   0
0.960388230988307   -0.0457583439588574   0.0480549919501512   0
0.76875312448618   0.163855772930325   -0.191635106502127   1
0.139320620196015   0.445262455131499   -0.629432504290165   1
0.189348902206496   -0.0738328403281621   0.05002828201048   0
0.310743860555458   0.0435493829418716   0.121394958348963   0
0.455932690500585   -0.184977104600911   0.145188829945127   0
0.542316651632921   -0.0729020509092235   0.0863839611323354   0
0.579216822157646   -0.0483784844407903   0.0369001705247255   0
0.559114360504586   0.0514099267671276   -0.0201024616530597   0
0.570177750667283   0.00160206217811321   0.0110633901626968   0
0.555787289426234   0.0338944929118555   -0.0143904612410495   0
0.561480199279585   -0.0205108487036662   0.00569290985335136   0
0.532799276413967   0.0186019439560544   -0.0286809228656177   0
0.568005335510187   -0.00992520800043639   0.0352060590962195   0
0.339080420265237   0.182727375454813   -0.228924915244949   1
1.35338400596145   0.25666135367969   1.01430358569621   1
0.952690845492519   -0.429552290143068   -0.400693160468927   1
0.739480425650504   0.0129219366797763   -0.213210419842015   0
0.632749694615493   0.0773435546831885   -0.10673073103501   0
0.587339031558648   -0.0850775075839435   -0.0454106630568457   0
0.581230052114909   0.0259507439204648   -0.00610897944373834   0
0.622781864617339   -0.0277839667703398   0.0415518125024302   0
0.623809385555596   -0.0040386218989068   0.00102752093825642   0
0.63006782135517   -0.0485684108731729   0.00625843579957397   0
0.619078461926273   0.0168806834807954   -0.0109893594288967   0
0.626070165117497   -0.00893668712861484   0.006991703191224   0
0.60022956369959   0.000371709242026341   -0.0258406014179072   0
0.63075502761076   -0.0100481653510119   0.0305254639111696   0
0.637423403170922   0.00296350822980662   0.00666837556016264   0
0.625898814288899   0.0150018103304803   -0.0115245888820229   0
0.649069258717627   0.01473940037905   0.023170444428728   0
0.685379340826122   -0.0240818022024052   0.0363100821084951   0
0.666534329157171   0.0710022414263665   -0.0188450116689514   0
0.694540360646161   -0.117645590402282   0.0280060314889905   0
0.688921628780263   0.0522901755518881   -0.00561873186589879   0
0.691285054680231   0.0121686450205821   0.00236342589996841   0
0.728378387639625   -0.0231100465407119   0.0370933329593941   0
0.747358555792499   0.00428355279327408   0.0189801681528737   0
0.735948123464045   0.00553632111965274   -0.0114104323284534   0
0.736308480904064   -0.0101414418515651   0.000360357440018166   0
0.745875883552351   0.0263482241542243   0.00956740264828715   0
0.753648976703511   -0.0179789537116055   0.0077730931511607   0
0.81878881160483   -0.0740503072378742   0.0651398349013186   0
0.792955967672859   0.0339266419086739   -0.0258328439319712   0
0.808794872089419   -0.0108229305456861   0.0158389044165603   0
0.773436769754322   0.0503400851905174   -0.0353581023350972   0
0.817783823171211   -0.102576073237973   0.0443470534168889   0
0.779620748611158   0.0363804758564483   -0.0381630745600531   0
0.792728902138057   0.0139582591114751   0.0131081535268994   0
0.775692308026359   0.00481778273060751   -0.0170365941116983   0
0.774496639993415   0.0084203114991358   -0.00119566803294358   0
1.10856846057799   -0.255320843903827   0.334071820584573   0
1.08868824844172   -0.00809398744670264   -0.0198802121362727   0
1.07750832921496   0.0344246858902225   -0.0111799192267514   0
1.07091426279243   -0.0160715743094866   -0.00659406642253546   0
1.08370961838792   -0.00430875225958904   0.0127953555954909   0
1.1073901459804   -0.017730648909522   0.0236805275924843   0
1.06203023312616   -0.00066789993551053   -0.0453599128542461   0
1.04760373610218   -0.0213013226619286   -0.0144264970239756   0
1.1354821061603   -0.0412033771250737   0.0878783700581143   0
1.13102430496721   0.0600119719030323   -0.00445780119308647   0
1.08761920007935   0.00335065339463314   -0.0434051048878572   0
0.620636990699509   0.582896749098532   -0.466982209379844   1
0.903677595627182   -0.268541497524252   0.283040604927673   1
1.23339969755327   -0.24328835387756   0.329722101926089   1
1.27847415235145   -0.0282305639725452   0.0450744547981767   0
1.23904332114234   0.0152758914931042   -0.0394308312091076   0
1.29610362217027   -0.0138586179058305   0.0570603010279331   0
1.25977799535643   0.037886342228583   -0.0363256268138454   0
1.28637691425774   -0.0116849797290138   0.0265989189013101   0
1.30167242025005   0.00288884837931691   0.0152955059923119   0
1.30233270356292   0.0565441909875839   0.000660283312868826   0
1.33607967174014   -0.0451498329699503   0.0337469681772249   0
1.32751146185918   0.00586397665706928   -0.0085682098809623   0
1.33191212497343   -0.00600192771460895   0.00440066311425324   0
1.38063922277889   -0.00419537160341954   0.0487270978054564   0
1.38317420043328   -0.00234250631781296   0.00253497765439148   0
1.35551854036905   0.00235757611911647   -0.0276556600642288   0
1.39559962258163   -0.0293408538166644   0.0400810822125806   0
1.39279691134009   0.00925073291535361   -0.00280271124154208   0
1.35468800817882   -0.00581954905159565   -0.0381089031612716   0
1.37130564108052   -0.129513674532279   0.0166176329016974   0
1.47918952236334   -0.081623115580839   0.107883881282827   0
1.45426841670314   0.0827283362344213   -0.0249211056602077   0
1.44855146715167   0.0385615574316478   -0.00571694955146929   0
1.47001415042245   -0.018217452582165   0.0214626832707863   0
1.44675748066538   0.0280487917159935   -0.02325666975707   0
1.42799798831844   0.0673813241170109   -0.0187594923469483   0
1.45765418441867   -0.0380423549120877   0.0296561961002313   0
1.43657530176502   0.0461642823803947   -0.0210788826536501   0
1.40050343409656   0.057729901716008   -0.0360718676684595   0
1.44010909054054   -0.0462182495561878   0.0396056564439822   0
1.41967452192096   0.018347474213281   -0.0204345686195819   0
1.40602628779346   0.0108131400621244   -0.0136482341275006   0
