4.86370959078562e-06   0.00790477957508146   0   0   0
5.22422846545784e-06   0.00762984947941963   3.60518874672225e-07   -0.000274930095661829   0
0.0313584580584569   0.0106513760392367   0.0313532338299914   0.00302152655981704   0
0.0556536014681251   0.010123616960005   0.0242951434096682   -0.000527759079231711   0
0.0952088490012788   0.0223202694289496   0.0395552475331536   0.0121966524689446   0
0.0654420757413188   0.026435707479468   -0.02976677325996   0.00411543805051844   0
0.0455697126159788   0.00582815   -0.0198723631253399   -0.020607557479468   0
0.0563975168932436   0.00950599249653081   0.0108278042772648   0.00367784249653081   0
0.081951859435287   0.0283834817826082   0.0255543425420434   0.0188774892860774   0
0.103771445513681   0.0299897095445583   0.0218195860783942   0.0016062277619501   0
0.0593448304274264   0.0338443434566251   -0.0444266150862547   0.0038546339120668   0
0.0622718847500729   0.0062429791308417   0.00292705432264645   -0.0276013643257834   0
0.0644892050886813   0.0177842521269971   0.00221732033860842   0.0115412729961554   0
0.0798020353761206   0.0277948493144796   0.0153128302874393   0.0100105971874825   0
0.112919686685527   0.0502406480634608   0.0331176513094065   0.0224457987489812   0
0.0529555142224134   0.0246758695176258   -0.0599641724631137   -0.025564778545835   0
0.0492728751835774   0.0152704754761018   -0.00368263903883595   -0.00940539404152404   0
0.081142709895714   0.0316797050262072   0.0318698347121366   0.0164092295501055   0
0.105740942073253   0.0455803317854587   0.0245982321775391   0.0139006267592515   0
0.0878374992802618   0.0499575346461125   -0.0179034427929912   0.00437720286065373   0
0.0692567802261988   0.0326845215144726   -0.0185807190540631   -0.0172730131316398   0
0.0714455971161275   0.043528949728715   0.00218881688992868   0.0108444282142424   0
0.0720188048833775   0.0510055457199754   0.000573207767250047   0.00747659599126037   0
0.104029913694139   0.0669511661270549   0.0320111088107614   0.0159456204070795   0
0.0719765482671266   0.0540475542837509   -0.0320533654270124   -0.012903611843304   0
0.0554987674576148   0.0418534301429704   -0.0164777808095118   -0.0121941241407805   0
0.05556000449838   0.0464793892077983   6.12370407651885e-05   0.00462595906482797   0
0.0987184592488153   0.0641659479366198   0.0431584547504353   0.0176865587288215   0
0.0855755266974151   0.0704039718859845   -0.0131429325514002   0.00623802394936475   0
0.0489520495094577   0.0533296175530305   -0.0366234771879574   -0.017074354332954   0
0.0535939844530979   0.0624272782298331   0.00464193494364018   0.00909766067680264   0
0.0759574505340326   0.0668964003397044   0.0223634660809346   0.00446912210987122   0
0.0890074170146511   0.0651350163692311   0.0130499664806186   -0.00176138397047329   0
0.0490464108332098   0.0523309572913825   -0.0399610061814413   -0.0128040590778486   0
0.0367172840594399   0.0418703602340307   -0.0123291267737699   -0.0104605970573518   0
0.0489108153158379   0.0446898169735053   0.012193531256398   0.00281945673947458   0
0.0753999114710356   0.0482270217173163   0.0264890961551977   0.00353720474381104   0
0.0599197390916382   0.0450505952526157   -0.0154801723793973   -0.00317642646470062   0
0.0409398717559655   0.0567978668884008   -0.0189798673356728   0.0117472716357851   0
0.0310247810629761   0.0400085261752105   -0.00991509069298939   -0.0167893407131904   0
0.0588149099293708   0.0471120135211286   0.0277901288663947   0.00710348734591811   0
0.0700516296566325   0.0536538517194246   0.0112367197272618   0.00654183819829601   0
0.0332553064434836   0.0457383422992212   -0.036796323213149   -0.00791550942020339   0
0.0393311589439925   0.0405727670347057   0.0060758525005089   -0.00516557526451549   0
0.037817379901971   0.0393898746026818   -0.00151377904202148   -0.00118289243202385   0
0.0605238566935386   0.0484048118587657   0.0227064767915676   0.00901493725608381   0
0.0395096277955133   0.0454386452731012   -0.0210142288980253   -0.00296616658566442   0
0.0334627898659093   0.0367080791199294   -0.00604683792960407   -0.00873056615317179   0
0.0252486129535248   0.0407201400249005   -0.00821417691238447   0.00401206090497101   0
0.0828637482695539   0.0554747508393973   0.0576151353160291   0.0147546108144968   0
0.194008944895951   0.0854621421575805   0.111145196626397   0.0299873913181832   0
0.265123198422092   0.0700004185029811   0.0711142535261415   -0.0154617236545994   0
0.319569732601134   0.0939837858683215   0.0544465341790415   0.0239833673653403   0
0.209695325849674   0.0549544483324826   -0.10987440675146   -0.0390293375358388   0
0.109297971422209   0.0383667614412515   -0.100397354427465   -0.0165876868912311   0
0.11251666754979   0.0338763593716178   0.00321869612758124   -0.00449040206963362   0
0.0984196272932467   0.0503104219811363   -0.0140970402565434   0.0164340626095184   0
0.135282488028865   0.0606276510015438   0.0368628607356182   0.0103172290204076   0
0.208998395701977   0.0796562574089129   0.0737159076731116   0.0190286064073691   0
0.151591760190454   0.0829731639969966   -0.057406635511523   0.0033169065880837   0
0.144616194732817   0.0813380446097796   -0.00697556545763675   -0.00163511938721703   0
0.139214586883882   0.083215442516834   -0.00540160784893459   0.00187739790705437   0
0.117353780718433   0.0859376259268896   -0.0218608061654495   0.00272218341005558   0
0.12678377333555   0.0896907493270766   0.00942999261711679   0.00375312340018709   0
0.109929077500496   0.0792735887889844   -0.0168546958350538   -0.0104171605380922   0
0.11098078562481   0.0558616940811188   0.0010517081243141   -0.0234118947078657   0
0.115780507608924   0.0684969287465321   0.0047997219841137   0.0126352346654134   0
0.128743037221047   0.0706216310487445   0.0129625296121239   0.00212470230221241   0
0.156334276156894   0.0824348692660606   0.0275912389358466   0.011813238217316   0
0.19251304838844   0.10052509309737   0.0361787722315464   0.0180902238313099   0
0.210532276426585   0.101900905146924   0.0180192280381446   0.00137581204955398   0
0.185454775710118   0.088518081593819   -0.0250775007164675   -0.0133828235531055   0
0.148981423571028   0.0680664746755883   -0.0364733521390897   -0.0204516069182307   0
0.157314869838328   0.0873202994228433   0.00833344626729995   0.019253824747255   0
0.150786696538526   0.0999737404775499   -0.00652817329980154   0.0126534410547067   0
0.159370591939699   0.0980117589968291   0.0085838954011726   -0.00196198148072085   0
0.157994707421546   0.108939944990405   -0.0013758845181526   0.0109281859935761   0
0.145073520501158   0.100086331084881   -0.0129211869203879   -0.00885361390552375   0
0.139165681557775   0.103569744781524   -0.00590783894338348   0.00348341369664251   0
0.130328441301889   0.105539218178611   -0.00883724025588559   0.00196947339708727   0
0.149931565831382   0.0946389053004233   0.0196031245294926   -0.0109003128781878   0
0.154559982110506   0.109973514452856   0.0046284162791243   0.0153346091524325   0
0.152420894410511   0.112059521737267   -0.00213908769999568   0.00208600728441105   0
0.168292052092961   0.0990775202190184   0.0158711576824508   -0.0129820015182485   0
0.199457566404185   0.0771660026173444   0.0311655143112241   -0.021911517601674   0
0.163248500933551   0.0635274727787514   -0.0362090654706344   -0.013638529838593   0
0.170108372152108   0.0775037523869974   0.00685987121855683   0.013976279608246   0
0.138760339003514   0.0722632259114032   -0.0313480331485942   -0.00524052647559413   0
0.127754885594478   0.0850872121420722   -0.0110054534090358   0.012823986230669   0
0.143902570068988   0.0962067396533242   0.0161476844745103   0.011119527511252   0
0.177133502293637   0.107162575623256   0.0332309322246493   0.0109558359699315   0
0.177619105994288   0.109492388901295   0.000485603700650372   0.00232981327803961   0
0.151114153686212   0.102993152999714   -0.026504952308076   -0.0064992359015813   0
0.1314517245028   0.0890671875165597   -0.0196624291834118   -0.0139259654831543   0
0.127867054579395   0.0954010943057783   -0.00358466992340475   0.00633390678921861   0
0.149601956632158   0.0861260140088928   0.0217349020527626   -0.00927508029688551   0
0.162740753560686   0.108379126316245   0.0131387969285285   0.0222531123073518   0
0.195592194562667   0.0966189349153674   0.0328514410019803   -0.0117601914008772   0
0.228812095825767   0.0883159553926271   0.0332199012631005   -0.00830297952274028   0
0.214259589978932   0.0728256954874152   -0.0145525058468352   -0.0154902599052119   0
0.179116072031797   0.055407262575722   -0.0351435179471346   -0.0174184329116932   0
0.19357043100397   0.0569854234012085   0.0144543589721726   0.00157816082548651   0
0.190352286925269   0.0756916962801898   -0.00321814407870066   0.0187062728789813   0
0.162381580596076   0.127102632524232   -0.0279707063291929   0.0514109362440424   0
0.168375983875373   0.118319441560855   0.00599440327929715   -0.00878319096337753   0
0.158861558332562   0.11134833611689   -0.00951442554281137   -0.00697110544396423   0
0.161698187066337   0.108709425073093   0.00283662873377466   -0.00263891104379706   0
0.156214130300463   0.111726136869591   -0.0054840567658738   0.00301671179649725   0
0.14365124495865   0.106906919227148   -0.0125628853418131   -0.00481921764244236   0
0.165262134658881   0.12266151727662   0.0216108897002308   0.0157545980494716   0
0.187011947513254   0.115262294485621   0.0217498128543732   -0.00739922279099889   0
0.206789265363389   0.0902113740716352   0.0197773178501349   -0.0250509204139857   0
0.191418547326872   0.107990460580275   -0.0153707180365165   0.0177790865086401   0
0.18132780455763   0.0696516584127399   -0.0100907427692424   -0.0383388021675354   0
0.145052986057544   0.06110704300183   -0.036274818500086   -0.00854461541090992   0
0.181071937657551   0.0705839616654874   0.0360189516000071   0.00947691866365745   0
0.206030620492416   0.0801672991680679   0.0249586828348653   0.00958333750258045   0
0.20331908703801   0.111642050630855   -0.00271153345440586   0.0314747514627876   0
0.204079779110744   0.106188483966436   0.000760692072733549   -0.00545356666441965   0
0.213106965214091   0.11093164723875   0.00902718610334766   0.00474316327231429   0
0.212401265554139   0.117857293880406   -0.000705699659952153   0.00692564664165636   0
0.199429582255341   0.114304303014628   -0.0129716832987979   -0.00355299086577801   0
0.187165258788403   0.10698381129546   -0.0122643234669381   -0.00732049171916895   0
0.166309331674594   0.114475814430658   -0.0208559271138097   0.0074920031351987   0
0.152522656336037   0.108699535248788   -0.0137866753385565   -0.00577627918187025   0
0.164085812766712   0.112111040421996   0.011563156430675   0.00341150517320837   0
0.18826448265844   0.111105222896192   0.0241786698917277   -0.00100581752580435   0
0.218756541699786   0.105882423018282   0.0304920590413457   -0.00522279987790961   0
0.219258919105085   0.110383212665072   0.000502377405299015   0.00450078964678957   0
0.203735427794701   0.107358573939276   -0.0155234913103831   -0.00302463872579592   0
0.189463177964037   0.0925478777996017   -0.0142722498306648   -0.0148106961396744   0
0.217259499880207   0.106410433170343   0.0277963219161702   0.0138625553707412   0
0.221144886443733   0.0974636227522992   0.00388538656352624   -0.0089468104180436   0
0.232195408531457   0.112032261802126   0.0110505220877234   0.0145686390498263   0
0.24941011782123   0.116073308525787   0.0172147092897738   0.00404104672366128   0
0.27666251496596   0.126247009422253   0.0272523971447296   0.0101737008964664   0
0.246597743051878   0.125091668892467   -0.0300647719140821   -0.00115534052978664   0
0.232662792387567   0.119313507922626   -0.0139349506643111   -0.00577816096984075   0
0.214311981736253   0.124233530834282   -0.0183508106513139   0.00492002291165615   0
0.212866413093306   0.115333328945073   -0.0014455686429469   -0.00890020188920862   0
0.215426440609504   0.122060476808722   0.00256002751619763   0.00672714786364835   0
0.220083027206825   0.115125591459121   0.00465658659732118   -0.00693488534960045   0
0.215905707782153   0.128278595622536   -0.00417731942467167   0.0131530041634143   0
0.221625684969522   0.126732696733755   0.0057199771873693   -0.00154589888878023   0
0.243538108759512   0.121568741941761   0.0219124237899898   -0.00516395479199425   0
0.26696323302013   0.137494362536078   0.0234251242606174   0.0159256205943171   0
0.252913934881018   0.148057766274865   -0.0140492981391112   0.0105634037387866   0
0.228365195293087   0.134523117557913   -0.0245487395879309   -0.0135346487169521   0
0.214982730465124   0.130319478707137   -0.0133824648279638   -0.00420363885077543   0
0.235100928781258   0.134150063700544   0.020118198316134   0.00383058499340672   0
0.237681217225173   0.145008419539177   0.00258028844391558   0.0108583558386331   0
0.240784719381463   0.148661798310797   0.00310350215629004   0.00365337877161959   0
0.261861130215693   0.140239776642542   0.0210764108342295   -0.00842202166825495   0
0.246835846810811   0.140718197886769   -0.0150252834048821   0.000478421244227673   0
0.226744111764099   0.13412549828146   -0.0200917350467121   -0.00659269960530917   0
0.234443919073126   0.132641441524218   0.00769980730902736   -0.00148405675724242   0
0.253970112170881   0.129724089515228   0.0195261930977554   -0.00291735200898938   0
0.276262911308431   0.142343666837517   0.0222927991375497   0.0126195773222884   0
0.279596244776285   0.146815354990546   0.00333333346785358   0.00447168815302898   0
0.257314746771362   0.13690025302935   -0.0222814980049229   -0.00991510196119605   0
0.249296123754482   0.142852607622332   -0.00801862301687969   0.00595235459298238   0
0.247585664168505   0.147439035351056   -0.00171045958597649   0.004586427728724   0
0.260805514709352   0.147413697923565   0.0132198505408465   -2.53374274914175e-05   0
0.257073362366874   0.137596899440985   -0.0037321523424782   -0.00981679848257991   0
0.233007240102727   0.131495591168487   -0.0240661222641465   -0.00610130827249736   0
0.22382803162752   0.131176349647345   -0.00917920847520751   -0.000319241521142516   0
0.233179559964526   0.12636536837615   0.00935152833700625   -0.00481098127119534   0
0.241814785061398   0.132608283504237   0.0086352250968717   0.00624291512808703   0
0.268294455799966   0.145211004364339   0.0264796707385684   0.0126027208601021   0
0.265675723040495   0.13757389929507   -0.00261873275947083   -0.00763710506926896   0
0.249737917994545   0.133599957950031   -0.0159378050459505   -0.00397394134503895   0
0.245569973599755   0.130548635808652   -0.00416794439478979   -0.00305132214137904   0
0.22794074010666   0.129282188963416   -0.0176292334930946   -0.00126644684523539   0
0.215537759550943   0.125481840488226   -0.0124029805557177   -0.00380034847519078   0
0.228744348392545   0.128535601099462   0.0132065888416023   0.00305376061123636   0
0.258523753211364   0.138627870391383   0.0297794048188186   0.0100922692919207   0
0.245099586616726   0.136587445876259   -0.0134241665946375   -0.00204042451512362   0
0.215824049619731   0.125143699530779   -0.0292755369969953   -0.0114437463454796   0
0.223677931253478   0.127746391939264   0.0078538816337472   0.00260269240848437   0
0.223303359880634   0.134219828642232   -0.000374571372843802   0.00647343670296777   0
0.21026174608894   0.120323663219252   -0.0130416137916938   -0.0138961654229795   0
0.212296857114419   0.130030558263241   0.00203511102547863   0.00970689504398849   0
0.207516340384366   0.124889191003465   -0.00478051673005306   -0.00514136725977545   0
0.211413508498255   0.124836641064433   0.00389716811388882   -5.25499390324619e-05   0
0.227465650091107   0.118420308392015   0.0160521415928525   -0.00641633267241741   0
0.235092569903113   0.137445065616231   0.00762691981200572   0.0190247572242156   0
0.224906954143019   0.149062500077149   -0.010185615760094   0.011617434460918   0
0.228271596973868   0.134641294495782   0.00336464283084908   -0.0144212055813665   0
0.237318799292597   0.136293346613105   0.00904720231872916   0.00165205211732272   0
0.215476046262525   0.135090489615295   -0.0218427530300717   -0.00120285699781056   0
0.218272817726061   0.12906585652875   0.00279677146353596   -0.00602463308654405   0
0.221307339630812   0.143320190712963   0.00303452190475068   0.0142543341842122   0
0.213449954309787   0.139874464019527   -0.00785738532102542   -0.00344572669343554   0
0.212947823215923   0.147755780964739   -0.000502131093863628   0.00788131694521207   0
0.19667481282241   0.14384044171755   -0.016273010393513   -0.00391533924718887   0
0.180774109085092   0.130343594754403   -0.0159007037373175   -0.0134968469631475   0
0.187366851988078   0.13296823204811   0.00659274290298598   0.00262463729370702   0
0.206181731511693   0.131006586049137   0.0188148795236149   -0.00196164599897267   0
0.210222954664161   0.137356682324705   0.00404122315246791   0.00635009627556804   0
0.176140764956384   0.136480921605366   -0.0340821897077776   -0.00087576071933948   0
0.195374663510112   0.14599004273066   0.0192338985537286   0.00950912112529445   0
0.18912802959798   0.137747937417407   -0.00624663391213226   -0.00824210531325281   0
0.19699865548262   0.146364181658287   0.00787062588463994   0.00861624424087945   0
0.207134974866173   0.147278386032201   0.0101363193835527   0.000914204373914068   0
0.183488968625474   0.141523658935529   -0.0236460062406992   -0.00575472709667171   0
0.186530344006572   0.146360569454345   0.00304137538109822   0.00483691051881527   0
0.204832209442969   0.149406417972087   0.0183018654363975   0.00304584851774264   0
0.210990022700032   0.152229594725369   0.00615781325706274   0.00282317675328156   0
0.216291589822536   0.161121227337524   0.00530156712250368   0.00889163261215503   0
0.186548866471067   0.154543881333102   -0.0297427233514686   -0.00657734600442145   0
0.183355219725629   0.165039861204801   -0.00319364674543823   0.0104959798716988   0
0.181488865843249   0.154567654181753   -0.0018663538823796   -0.010472207023048   0
0.193709173081943   0.142268030757089   0.0122203072386935   -0.0122996234246641   0
0.182891148638637   0.150491142199466   -0.0108180244433057   0.00822311144237745   0
0.183760160876508   0.149268578006927   0.000869012237870781   -0.00122256419253955   0
0.188717050013744   0.157400150156377   0.00495688913723638   0.00813157214945012   0
0.194570288812655   0.157478062143589   0.00585323879891092   7.79119872118261e-05   0
0.201139139783484   0.156462216554828   0.00656885097082915   -0.00101584558876044   0
0.183968512667277   0.164438610335286   -0.0171706271162074   0.00797639378045759   0
0.181749115904876   0.166360816731284   -0.00221939676240065   0.00192220639599852   0
0.179094606894817   0.16475463918658   -0.00265450901005956   -0.00160617754470491   0
0.170599942446327   0.152457263675759   -0.00849466444848984   -0.0122973755108202   0
0.195529762098382   0.165128345817731   0.0249298196520556   0.0126710821419712   0
0.193253947090454   0.160062974625614   -0.00227581500792834   -0.00506537119211636   0
0.182282405684175   0.162193254311022   -0.0109715414062794   0.00213027968540824   0
0.182020353635698   0.17856450618264   -0.000262052048477041   0.0163712518716174   0
0.186906325287723   0.165795433846955   0.00488597165202512   -0.0127690723356849   0
0.189870758171868   0.172142061689611   0.00296443288414538   0.00634662784265658   0
0.14694980974496   0.143479574621268   -0.0429209484269079   -0.0286624870683435   0
0.145671270895706   0.1634975875426   -0.00127853884925441   0.0200180129213316   0
0.1408334524078   0.176687047219795   -0.00483781848790601   0.0131894596771953   0
0.151594961250201   0.158477471755452   0.0107615088424014   -0.0182095754643431   0
0.155044279111485   0.171191648429187   0.00344931786128358   0.0127141766737356   0
0.16025578786844   0.171010645876214   0.00521150875695511   -0.000181002552973014   0
0.164802050924769   0.186252513193111   0.00454626305632866   0.0152418673168967   0
0.19002622390736   0.188056623799854   0.0252241729825912   0.00180411060674346   0
0.144229181390244   0.177885617502821   -0.0457970425171154   -0.0101710062970333   0
0.206550272034897   0.204408009028597   0.0623210906446529   0.0265223915257758   0
0.164342107832077   0.179131376665359   -0.0422081642028203   -0.0252766323632383   0
0.110368057759571   0.178727430989069   -0.0539740500725059   -0.000403945676289458   0
0.222594731904958   0.19319087020597   0.112226674145387   0.0144634392169009   0
0.418858196718173   0.212929246790129   0.196263464813216   0.0197383765841587   0
0.411832224448452   0.21020263487704   -0.00702597226972146   -0.00272661191308932   0
0.372988160681073   0.206485088205184   -0.0388440637673788   -0.00371754667185584   0
0.314588079838   0.229014599327663   -0.0584000808430729   0.0225295111224793   0
0.297872837270554   0.251871900657661   -0.0167152425674461   0.0228573013299977   0
0.296867544666456   0.249749136160448   -0.00100529260409848   -0.00212276449721266   0
0.322348223675888   0.266779258611703   0.0254806790094319   0.0170301224512551   0
0.307954299572193   0.2410410416748   -0.0143939241036945   -0.0257382169369035   0
0.300267899413857   0.231245742815408   -0.00768640015833627   -0.00979529885939123   0
0.294521530011577   0.233589541406502   -0.00574636940228018   0.00234379859109379   0
0.26992366375294   0.232067271581432   -0.0245978662586369   -0.00152226982507045   0
0.290944561462987   0.237953087936992   0.0210208977100477   0.00588581635556054   0
0.300116810191649   0.244057662054483   0.00917224872866118   0.00610457411749024   0
0.282609984471957   0.235454292083411   -0.0175068257196911   -0.00860336997107197   0
0.262073987522608   0.232140411336544   -0.0205359969493495   -0.00331388074686625   0
0.237570290512909   0.228248261871805   -0.0245036970096986   -0.00389214946473948   0
0.272780407502537   0.227748835949276   0.0352101169896274   -0.000499425922529328   0
0.29200014380868   0.242659180109161   0.0192197363061437   0.014910344159885   0
0.263307805545145   0.239780881401124   -0.0286923382635352   -0.00287829870803633   0
0.271286333318894   0.224144410675908   0.00797852777374869   -0.0156364707252164   0
0.272198965712679   0.249733271458771   0.000912632393784918   0.0255888607828629   0
0.252194586829297   0.233811617137066   -0.0200043788833815   -0.0159216543217045   0
0.213922567934849   0.219550574652516   -0.0382720188944486   -0.0142610424845502   0
0.209321879650877   0.220157395255077   -0.00460068828397214   0.000606820602560537   0
0.224176717638028   0.222417776059491   0.0148548379871511   0.00226038080441471   0
0.225918103484285   0.232243084593492   0.00174138584625727   0.00982530853400101   0
0.23086075860633   0.252226564238385   0.00494265512204464   0.0199834796448924   0
0.245795596993844   0.259800399211106   0.014934838387514   0.00757383497272124   0
0.232938003916407   0.257334433459652   -0.0128575930774367   -0.00246596575145408   0
0.218963588216945   0.248827821889957   -0.0139744156994616   -0.00850661156969518   0
0.23671122211237   0.259058392397351   0.0177476338954243   0.0102305705073946   0
0.227638074518653   0.259224138760745   -0.00907314759371625   0.000165746363393837   0
0.250959237320745   0.252580411996358   0.0233211628020916   -0.00664372676438696   0
0.254396177490936   0.267202851899545   0.00343694017019136   0.0146224399031865   0
0.244982068553893   0.271360854005787   -0.00941410893704381   0.00415800210624229   0
0.239178131821369   0.280948037178586   -0.00580393673252388   0.00958718317279889   0
0.237566651742467   0.285466550130659   -0.00161148007890205   0.00451851295207312   0
0.236937138357856   0.283876156043441   -0.000629513384610203   -0.00159039408721801   0
0.218963183154726   0.28813904026008   -0.0179739552031306   0.00426288421663906   0
0.210332049595015   0.264320612594818   -0.00863113355971046   -0.0238184276652617   0
0.224885145328121   0.268666590684904   0.0145530957331055   0.00434597809008619   0
0.231870585422127   0.278660972491664   0.00698544009400645   0.00999438180675971   0
0.259261893253984   0.273033167793768   0.0273913078318563   -0.00562780469789598   0
0.235175201305325   0.275794673382663   -0.0240866919486588   0.00276150558889526   0
0.225611717627964   0.27066147231782   -0.00956348367736112   -0.0051332010648435   0
0.239142726740748   0.271261703283932   0.0135310091127842   0.000600230966112059   0
0.240167117312695   0.28278851263842   0.00102439057194759   0.0115268093544883   0
0.250880101508669   0.279063828153166   0.0107129841959734   -0.00372468448525387   0
0.225803949764038   0.277268887616786   -0.0250761517446313   -0.00179494053638024   0
0.219921414846667   0.28427828102319   -0.00588253491737015   0.00700939340640416   0
0.220982438029903   0.261849366605115   0.00106102318323575   -0.0224289144180752   0
0.240775755819829   0.27663899915594   0.019793317789926   0.0147896325508245   0
0.249426651915167   0.271454584624206   0.00865089609533809   -0.00518441453173413   0
0.229639924964802   0.281487666911892   -0.019786726950365   0.010033082287686   0
0.223280374375268   0.272251284707713   -0.00635955058953389   -0.00923638220417894   0
0.235821559816337   0.275941750804404   0.0125411854410682   0.00369046609669177   0
0.222370165851987   0.27828510203252   -0.0134513939643501   0.00234335122811552   0
0.261749125796745   0.282697604597209   0.0393789599447581   0.00441250256468928   0
0.257645997667342   0.296529337218512   -0.00410312812940261   0.0138317326213028   0
0.228222033030643   0.284134013851739   -0.0294239646366987   -0.0123953233667733   0
0.226141579370623   0.281261853121784   -0.00208045366001974   -0.00287216072995461   0
0.222173411322417   0.291064819739521   -0.00396816804820627   0.00980296661773722   0
0.242266590468868   0.288558995932374   0.0200931791464504   -0.00250582380714703   0
0.247825607742703   0.285082588296795   0.0055590172738352   -0.00347640763557905   0
0.227020196853143   0.275867254048483   -0.0208054108895593   -0.00921533424831267   0
0.218831447364884   0.272241266628059   -0.00818874948825943   -0.0036259874204233   0
0.234394141312305   0.295619172020777   0.0155626939474206   0.0233779053927182   0
0.244403606836642   0.2898520052764   0.0100094655243376   -0.00576716674437783   0
0.27834173419694   0.313919727435215   0.0339381273602978   0.0240677221588159   0
0.256605282985854   0.299488264403215   -0.0217364512110864   -0.0144314630320005   0
0.233528136031683   0.29939926686283   -0.0230771469541709   -8.89975403850496e-05   0
0.242299188371649   0.316471196852494   0.00877105233996661   0.0170719299896641   0
0.252051636046585   0.310967130680238   0.00975244767493544   -0.00550406617225635   0
0.260573200621726   0.303928889728338   0.00852156457514075   -0.00703824095189998   0
0.240899321872458   0.313289973142295   -0.0196738787492678   0.00936108341395742   0
0.249949033194949   0.310959327661995   0.00904971132249077   -0.00233064548030004   0
0.239331272097274   0.324221123254254   -0.0106177610976741   0.0132617955922587   0
0.268955055288054   0.333413603258025   0.0296237831907793   0.00919248000377171   0
0.267343307698098   0.339261253472158   -0.00161174758995553   0.0058476502141328   0
0.24178921321765   0.329852827208211   -0.0255540944804486   -0.00940842626394706   0
0.235797756645828   0.310093614820589   -0.00599145657182201   -0.0197592123876219   0
0.236754505384818   0.322277387473121   0.000956748738990876   0.0121837726525315   0
0.263100382460763   0.327922820687277   0.026345877075945   0.00564543321415623   0
0.252657637635517   0.32564314920976   -0.0104427448252469   -0.00227967147751695   0
0.259173287251554   0.316968161703191   0.00651564961603718   -0.00867498750656942   0
0.245973429421485   0.325648136408379   -0.0131998578300685   0.00867997470518805   0
0.261435095502134   0.342487789359343   0.0154616660806489   0.0168396529509648   0
0.280829397936968   0.348058723666711   0.019394302434834   0.00557093430736771   0
0.263771264126497   0.33424465770525   -0.0170581338104716   -0.0138140659614607   0
0.258572414440056   0.346898177708532   -0.00519884968644074   0.0126535200032812   0
0.239281912287464   0.337529850717681   -0.0192905021525919   -0.00936832699085072   0
0.256391218297351   0.330567792716562   0.0171093060098872   -0.00696205800111876   0
0.255079133321583   0.329950749078556   -0.00131208497576807   -0.00061704363800652   0
0.237218774886182   0.336398450723617   -0.0178603584354016   0.00644770164506164   0
0.246725883986987   0.347149502561216   0.00950710910080504   0.0107510518375991   0
0.248568785564982   0.363842392217427   0.00184290157799538   0.0166928896562106   0
0.28186446965171   0.373331811055862   0.0332956840867284   0.00948941883843513   0
0.285714729522298   0.360718552954031   0.00385025987058774   -0.0126132581018312   0
0.274863084302149   0.366534794068039   -0.0108516452201496   0.00581624111400841   0
0.245736043780395   0.356704988345061   -0.0291270405217539   -0.00982980572297848   0
0.268274915390705   0.342196677963492   0.0225388716103106   -0.0145083103815686   0
0.284283801093221   0.35444014205046   0.0160088857025157   0.0122434640869674   0
0.30087593506841   0.365004280802979   0.016592133975189   0.0105641387525195   0
0.321886805583888   0.364592487664653   0.0210108705154785   -0.000411793138326288   0
0.289459734816503   0.366131132577182   -0.0324270707673858   0.0015386449125292   0
0.289509600872044   0.369255209513353   4.98660555410257e-05   0.00312407693617067   0
0.274872833697403   0.359854217653135   -0.0146367671746409   -0.00940099186021742   0
0.287366168429132   0.354569030218377   0.0124933347317288   -0.0052851874347587   0
0.295554148186233   0.362174747886293   0.00818797975710184   0.00760571766791657   0
0.283501880431134   0.36315056246239   -0.0120522677550995   0.000975814576096579   0
0.28439112942343   0.355047735470176   0.000889248992296643   -0.00810282699221382   0
0.276615802644914   0.362176282234563   -0.0077753267785165   0.0071285467643874   0
0.297246097156884   0.369693402300474   0.0206302945119705   0.00751712006591054   0
0.288003332144352   0.375071358820225   -0.00924276501253241   0.00537795651975126   0
0.294129105114132   0.38973678318129   0.00612577296977973   0.0146654243610652   0
0.282511372221881   0.384977662787401   -0.0116177328922512   -0.00475912039388904   0
0.291768063589575   0.37512485486635   0.00925669136769391   -0.00985280792105142   0
0.325555991153611   0.388507258152599   0.0337879275640364   0.013382403286249   0
0.325805978319367   0.378362421754923   0.000249987165756305   -0.0101448363976761   0
0.288898093723375   0.364243004049838   -0.0369078845959922   -0.0141194177050851   0
0.291712433615984   0.387494041647739   0.00281433989260849   0.0232510375979019   0
0.304871829304529   0.391434386828112   0.0131593956885456   0.00394034518037256   0
0.321884546435349   0.410143595219101   0.0170127171308194   0.0187092083909893   0
0.29369492112975   0.408056546573205   -0.0281896253055987   -0.00208704864589654   0
0.259840733638897   0.392576415074505   -0.0338541874908532   -0.0154801314986998   0
0.263384954364448   0.398833084972273   0.00354422072555166   0.00625666989776769   0
0.310628591110928   0.396461558453339   0.0472436367464796   -0.00237152651893396   0
0.296620479871569   0.397497554788077   -0.0140081112393587   0.001035996334738   0
0.270557189025889   0.395906393270556   -0.0260632908456807   -0.00159116151752081   0
0.255661360318263   0.397169997151094   -0.0148958287076252   0.00126360388053814   0
0.270577215394719   0.391921915992204   0.0149158550764553   -0.00524808115889025   0
0.278299124706223   0.391678640605727   0.00772190931150457   -0.000243275386477115   0
0.256590402782742   0.382336979377486   -0.0217087219234808   -0.00934166122824082   0
0.194811313716546   0.372617820626242   -0.0617790890661967   -0.00971915875124413   0
