0.0289889352024182   0.01525205   0   0   0
0.0317480365945808   0.0269563815213114   0.00275910139216259   0.0117043315213114   0
0.0173713024267036   0.02150025   -0.0143767341678771   -0.00545613152131142   0
0.064199674702288   0.0171842022929492   0.0468283722755844   -0.00431604770705082   0
0.0573276178806759   0.0181639862936599   -0.00687205682161209   0.000979784000710693   0
0.0635693687593522   0.030185678888299   0.00624175087867625   0.0120216925946391   0
0.0356888653349753   0.0297163199333716   -0.0278805034243769   -0.000469358954927369   0
0.0548309307281027   0.0194554466644305   0.0191420653931274   -0.0102608732689411   0
0.04538295705203   0.0171476484939627   -0.00944797367607272   -0.00230779817046784   0
0.0603389354190145   0.0355293134503047   0.0149559783669845   0.018381664956342   0
0.0429453011247668   0.0135582694184214   -0.0173936342942476   -0.0219710440318833   0
0.0519521460956677   0.0194992666423022   0.00900684497090085   0.00594099722388086   0
0.0672239607669765   0.033168001914835   0.0152718146713088   0.0136687352725328   0
0.0335593172506027   0.0305982990888383   -0.0336646435163738   -0.00256970282599677   0
0.064332498992597   0.0117710128660409   0.0307731817419944   -0.0188272862227974   0
0.0515948234970331   0.0167739457451877   -0.0127376754955639   0.0050029328791468   0
0.0717894571418541   0.0562777834162825   0.0201946336448209   0.0395038376710948   0
0.0317429415299543   0.0268352028492892   -0.0400465156118997   -0.0294425805669933   0
0.0609231574762832   0.0423573338182126   0.0291802159463289   0.0155221309689234   0
0.0607120317566823   0.0406471716744843   -0.000211125719600885   -0.00171016214372832   0
0.0720989221883303   0.0591931209883378   0.0113868904316479   0.0185459493138535   0
0.0654456256306416   0.0441683320670478   -0.00665329655768861   -0.0150247889212901   0
0.0681243665351099   0.0346979012508682   0.00267874090446825   -0.00947043081617958   0
0.0951135983327773   0.0534613622803656   0.0269892317976674   0.0187634610294974   0
0.067607182616225   0.0745246985233922   -0.0275064157165523   0.0210633362430266   0
0.0511123779780397   0.0448645998179801   -0.0164948046381853   -0.0296600987054121   0
0.0720682323791836   0.0329960044908849   0.0209558544011438   -0.0118685953270952   0
0.0794964582141594   0.0559021328421609   0.00742822583497589   0.0229061283512759   0
0.062655500888187   0.0659858175717951   -0.0168409573259725   0.0100836847296343   0
0.0664638118110901   0.0422081260799683   0.00380831092290311   -0.0237776914918268   0
0.0634354391692846   0.0357824872430635   -0.00302837264180554   -0.00642563883690483   0
0.0871294435924596   0.0653798568173333   0.023694004423175   0.0295973695742698   0
0.0609925913840042   0.069261781727317   -0.0261368522084554   0.00388192490998371   0
0.0599527849358977   0.0441337373004202   -0.0010398064481065   -0.0251280444268968   0
0.0771974119739801   0.0508307982009185   0.0172446270380824   0.00669706090049833   0
0.100410072374937   0.0883023678330598   0.0232126604009565   0.0374715696321413   0
0.0636941998381674   0.0724877875007404   -0.0367158725367692   -0.0158145803323194   0
0.0905227183109527   0.0396133540894355   0.0268285184727854   -0.0328744334113049   0
0.0809526244936111   0.0627814609689238   -0.00957009381734165   0.0231681068794883   0
0.0837007298741152   0.0922402654472275   0.00274810538050412   0.0294588044783037   0
0.0763373375028605   0.0464040134010249   -0.00736339237125475   -0.0458362520462026   0
0.0773669373190926   0.0526845410662188   0.00102959981623213   0.00628052766519392   0
0.0985017383784672   0.083105884677696   0.0211348010593746   0.0304213436114771   0
0.0629159497225751   0.052035932273407   -0.0355857886558921   -0.031069952404289   0
0.0672002372055605   0.0409622569712659   0.00428428748298541   -0.0110736753021411   0
0.0905725974737945   0.058304433531217   0.0233723602682339   0.0173421765599511   0
0.0906926404113366   0.0918125311417136   0.000120042937542086   0.0335080976104966   0
0.072972644882586   0.0522043121064556   -0.0177199955287506   -0.039608219035258   0
0.0888199293917756   0.0500530348604218   0.0158472845091896   -0.00215127724603377   0
0.100860057981492   0.0705761908573281   0.0120401285897168   0.0205231559969063   0
0.0842530429013101   0.0916279490578748   -0.0166070150801823   0.0210517582005467   0
0.0736681521495042   0.0580715323845318   -0.0105848907518059   -0.033556416673343   0
0.0819066732892528   0.0655515544018334   0.00823852113974859   0.00748002201730164   0
0.098942944587828   0.107064269299986   0.0170362712985752   0.0415127148981529   0
0.0652712365439019   0.0848840432291606   -0.0336717080439261   -0.0221802260708258   0
0.071404996557734   0.0743738593111182   0.00613376001383203   -0.0105101839180424   0
0.105197877208858   0.124852520338918   0.0337928806511242   0.0504786610278001   0
0.0590106937660455   0.101479971919894   -0.0461871834428127   -0.0233725484190241   0
0.0711507500872619   0.0930790582588264   0.0121400563212164   -0.00840091366106772   0
0.0917355225732649   0.113261780233636   0.020584772486003   0.0201827219748098   0
0.0696651280949802   0.11231002943443   -0.0220703944782847   -0.000951750799206341   0
0.0707241032992996   0.0773368579793266   0.00105897520431941   -0.0349731714551033   0
0.059000717913683   0.081443295387343   -0.0117233853856166   0.0041064374080164   0
0.0930813379858176   0.129987450546937   0.0340806200721345   0.0485441551595945   0
0.0532974399736047   0.0989543649557416   -0.0397838980122128   -0.0310330855911958   0
0.0651221766938115   0.0740898938713135   0.0118247367202067   -0.0248644710844281   0
0.0834835079063524   0.0906815277619566   0.0183613312125409   0.016591633890643   0
0.0824720137121678   0.117952135245753   -0.00101149419418456   0.0272706074837968   0
0.0717476678246757   0.0763451746946066   -0.0107243458874921   -0.0416069605511468   0
0.0829119862800307   0.0846837634348521   0.011164318455355   0.00833858874024555   0
0.103763665106289   0.108084044554423   0.0208516788262578   0.0234002811195709   0
0.0567260824802524   0.0996499065712808   -0.0470375826260361   -0.0084341379831422   0
0.0797860614341879   0.0605913814064344   0.0230599789539354   -0.0390585251648465   0
0.0693223553514305   0.0743460043970925   -0.0104637060827574   0.0137546229906582   0
0.0681511364559682   0.111650905773587   -0.00117121889546226   0.0373049013764949   0
0.0636182053283492   0.082646847023117   -0.00453293112761899   -0.0290040587504705   0
0.0684826624710225   0.0759545226581012   0.00486445714267332   -0.00669232436501582   0
0.0850985628788759   0.0988778951714816   0.0166159004078534   0.0229233725133804   0
0.0564930420951997   0.0924608460222623   -0.0286055207836763   -0.00641704914921927   0
0.0582959416801033   0.0622472811141178   0.0018028995849036   -0.0302135649081446   0
0.0745885487989946   0.0754899609582128   0.0162926071188914   0.0132426798440951   0
0.0978746915913915   0.106940102339207   0.0232861427923969   0.0314501413809938   0
0.0601738692246061   0.0756675827569673   -0.0377008223667854   -0.0312725195822393   0
0.0761280242728655   0.0654348643171589   0.0159541550482594   -0.0102327184398084   0
0.0939998441139665   0.0952569048614456   0.017871819841101   0.0298220405442867   0
0.0976231643118579   0.11475954008552   0.00362332019789137   0.0195026352240741   0
0.06977429275643   0.0790222284319102   -0.0278488715554279   -0.0357373116536095   0
0.0850365334092353   0.0683681302237563   0.0152622406528053   -0.0106540982081539   0
0.122490988847792   0.115032654359067   0.0374544554385571   0.0466645241353104   0
0.0834022080865369   0.119226320258626   -0.0390887807612555   0.00419366589955954   0
0.0918043681197687   0.101069429590319   0.00840216003323176   -0.018156890668307   0
0.0946136896137259   0.111645347094415   0.0028093214939572   0.0105759175040962   0
0.127798596776686   0.145068573776335   0.0331849071629602   0.0334232266819197   0
0.0910696083169045   0.119359590785921   -0.0367289884597816   -0.0257089829904142   0
0.0862885899384733   0.0876560561620816   -0.00478101837843117   -0.0317035346238393   0
0.108188520059154   0.0930493531192587   0.0218999301206808   0.00539329695717712   0
0.126162495050986   0.136743449965666   0.0179739749918316   0.0436940968464069   0
0.105845053973674   0.104327407807944   -0.0203174410773115   -0.0324160421577219   0
0.107557623830299   0.0859849247671503   0.00171256985662434   -0.0183424830407934   0
0.136489836392348   0.109966427356773   0.0289322125620497   0.023981502589623   0
0.139620668094376   0.14011004476929   0.00313083170202808   0.0301436174125169   0
0.11710640732223   0.108092747520231   -0.0225142607721465   -0.0320172972490587   0
0.130427432591652   0.101666013834811   0.0133210252694225   -0.00642673368542036   0
0.14162865459493   0.134549655458022   0.0112012220032778   0.0328836416232112   0
0.108056005026745   0.117371079025553   -0.0335726495681848   -0.0171785764324697   0
0.113801251500412   0.0974835449161037   0.00574524647366664   -0.0198875341094489   0
0.136635451662736   0.112146413128954   0.0228342001623246   0.0146628682128502   0
0.125387461245254   0.12930722448073   -0.0112479904174828   0.0171608113517765   0
0.114479233869423   0.103377674425731   -0.0109082273758309   -0.0259295500549991   0
0.126997105957032   0.101185236486468   0.0125178720876092   -0.00219243793926308   0
0.130596003044389   0.119066765596828   0.00359889708735683   0.0178815291103599   0
0.103123770798444   0.0989309607039298   -0.0274722322459448   -0.0201358048928983   0
0.110485197101376   0.0919145830524732   0.00736142630293249   -0.00701637765145655   0
0.140736215413589   0.119718918331649   0.0302510183122121   0.0278043352791756   0
0.121318557868324   0.118722082144856   -0.0194176575452641   -0.000996836186792555   0
0.106322793842619   0.0859501401661743   -0.0149957640257058   -0.032771941978682   0
0.117906437156501   0.090222733112337   0.0115836433138826   0.00427259294616276   0
0.148735897134888   0.114242870552794   0.0308294599783868   0.0240201374404572   0
0.118297601234456   0.113771105975727   -0.0304382959004319   -0.000471764577067685   0
0.110273354681038   0.0896472930951627   -0.00802424655341819   -0.0241238128805639   0
0.13107954955938   0.102080110772435   0.0208061948783422   0.0124328176772718   0
0.134620245967871   0.133305207579412   0.00354069640849053   0.031225096806977   0
0.110028225520954   0.099037020731997   -0.0245920204469163   -0.0342681868474145   0
0.116665437452272   0.0843446131457279   0.00663721193131765   -0.0146924075862691   0
0.123663418222609   0.0893392004003422   0.00699798077033734   0.00499458725461426   0
0.0491064503090078   0.089888688400613   -0.0745569679136016   0.00054948800027084   0
0.0582110503029506   0.0878983931519371   0.00910459999394284   -0.00199029524867594   0
0.0925069743120571   0.0773227691356337   0.0342959240091065   -0.0105756240163034   0
0.109921432187915   0.0963342382388526   0.0174144578758583   0.0190114691032189   0
0.108453634961547   0.10016998904543   -0.00146779722636843   0.00383575080657714   0
0.101727121304301   0.088883469029486   -0.0067265136572459   -0.0112865200159437   0
0.104819757913716   0.0943787469587433   0.00309263660941474   0.0054952779292573   0
0.120623909489371   0.0984977112417974   0.0158041515756552   0.00411896428305407   0
0.136004596176526   0.123265725585268   0.0153806866871552   0.0247680143434702   0
0.106373631029227   0.109494588052175   -0.0296309651472994   -0.0137711375330922   0
0.111100898756293   0.0960001268292001   0.00472726772706626   -0.0134944612229754   0
0.114764030804166   0.10488543119142   0.00366313204787318   0.00888530436221946   0
0.133772560601941   0.130496014030927   0.0190085297977748   0.0256105828395079   0
0.116427180690335   0.136520733563498   -0.0173453799116057   0.00602471953257058   0
0.107983701829674   0.116495339411379   -0.00844347886066107   -0.0200253941521185   0
0.108996598154484   0.121007064573148   0.00101289632480943   0.0045117251617685   0
0.138676870879754   0.131898276017922   0.0296802727252704   0.0108912114447743   0
0.117820255613795   0.128871712575297   -0.0208566152659591   -0.00302656344262509   0
0.102463047530366   0.117372449974283   -0.0153572080834292   -0.011499262601014   0
0.103866832607575   0.122933412989767   0.00140378507720919   0.00556096301548338   0
0.143943001189846   0.138966034300193   0.040076168582271   0.0160326213104268   0
0.116561253530322   0.142783535530545   -0.027381747659524   0.00381750123035202   0
0.107051384171808   0.127688525672053   -0.00950986935851407   -0.0150950098584924   0
0.100269256556334   0.142661486684704   -0.00678212761547356   0.0149729610126512   0
0.135141840125292   0.15724860952554   0.0348725835689577   0.0145871228408354   0
0.107619538977827   0.168371200838254   -0.0275223011474652   0.0111225913127143   0
0.114625983015196   0.163479759321194   0.00700644403736911   -0.00489144151705959   0
0.116844512545562   0.174143642696195   0.00221852953036605   0.0106638833750007   0
0.149451709016157   0.170327693565   0.0326071964705947   -0.00381594913119504   0
0.113619330479897   0.167865054510081   -0.03583237853626   -0.00246263905491878   0
0.107221077078203   0.165435250988181   -0.00639825340169355   -0.00242980352189995   0
0.121686271409064   0.161036623733089   0.0144651943308608   -0.0043986272550921   0
0.152002842966505   0.183640577756313   0.030316571557441   0.0226039540232241   0
0.111292200635734   0.171565593846413   -0.0407106423307714   -0.0120749839098997   0
0.114607571015749   0.168559442969869   0.00331537038001556   -0.00300615087654457   0
0.145916216968711   0.175314373434553   0.031308645952962   0.00675493046468434   0
0.163472172359243   0.20224793995656   0.0175559553905316   0.0269335665220072   0
0.127767392836396   0.18606587790072   -0.0357047795228466   -0.0161820620558406   0
0.137942214695321   0.174804266276856   0.0101748218589246   -0.0112616116238638   0
0.137649930027863   0.194864286950534   -0.000292284667458037   0.0200600206736778   0
0.164035673532101   0.195717731345337   0.0263857435042381   0.000853444394803365   0
0.131120884236854   0.190899437968569   -0.0329147892952472   -0.00481829337676803   0
0.12281461275113   0.176980053409452   -0.00830627148572384   -0.0139193845591172   0
0.132795135948197   0.179348976215366   0.00998052319706662   0.00236892280591419   0
0.159153458793863   0.212847062438438   0.0263583228456669   0.0334980862230722   0
0.115588886596167   0.188806874789335   -0.0435645721976963   -0.0240401876491035   0
0.114948814639486   0.175280019537311   -0.000640071956681254   -0.0135268552520243   0
0.145945037661477   0.185922953372331   0.0309962230219912   0.0106429338350205   0
0.153568951551282   0.208858790455992   0.0076239138898048   0.022935837083661   0
0.125788711887991   0.187987317782044   -0.027780239663291   -0.020871472673948   0
0.136194806556821   0.189493162345908   0.0104060946688304   0.00150584456386357   0
0.181824177631277   0.209524801284096   0.0456293710744551   0.0200316389381885   0
0.146498932641743   0.208712347569118   -0.0353252449895333   -0.000812453714977762   0
0.139447572176248   0.19027956423313   -0.00705136046549479   -0.018432783335988   0
0.16053590644454   0.201493349177268   0.0210883342682916   0.0112137849441377   0
0.173186725119566   0.238303923048992   0.0126508186750257   0.036810573871724   0
0.141006802062383   0.212416971909974   -0.0321799230571829   -0.0258869511390186   0
0.150649584129695   0.207507619943004   0.00964278206731206   -0.00490935196696998   0
0.184999774653809   0.233414021831428   0.0343501905241138   0.0259064018884248   0
0.193394412292496   0.27445701076956   0.0083946376386875   0.0410429889381319   0
0.162910370157458   0.243898642480647   -0.0304840421350381   -0.0305583682889132   0
0.166734505436937   0.221135502010786   0.00382413527947897   -0.0227631404698607   0
0.203748642474422   0.255248349490041   0.0370141370374854   0.0341128474792544   0
0.179691900016695   0.254319488073373   -0.0240567424577272   -0.000928861416667814   0
0.152799253327397   0.214200903933987   -0.0268926466892984   -0.0401185841393857   0
0.181906896173184   0.214354636125301   0.0291076428457873   0.000153732191313288   0
0.208590345859654   0.261395942741084   0.0266834496864696   0.0470413066157834   0
0.167233309730098   0.232115951356509   -0.0413570361295558   -0.0292799913845749   0
0.164161538982187   0.205371545774853   -0.00307177074791129   -0.0267444055816561   0
0.192448910553425   0.222048040574788   0.0282873715712378   0.0166764947999347   0
0.193696379181259   0.262297687272539   0.00124746862783431   0.0402496466977512   0
0.166710670940465   0.221298504633453   -0.0269857082407939   -0.0409991826390855   0
0.163261815412607   0.218440241525966   -0.00344885552785845   -0.00285826310748685   0
0.199982384564241   0.240876233345073   0.0367205691516345   0.0224359918191065   0
0.182945163209252   0.237457333601197   -0.0170372213549887   -0.00341889974387621   0
0.148125811305694   0.197387491077506   -0.0348193519035586   -0.0400698425236907   0
0.17165985325754   0.207456274591931   0.0235340419518457   0.0100687835144246   0
0.198862516654346   0.241655139095075   0.0272026633968064   0.0341988645031443   0
0.159042593778749   0.224109619379786   -0.0398199228755972   -0.017545519715289   0
0.158813453814373   0.203861652060012   -0.000229139964375652   -0.0202479673197743   0
0.187397402527356   0.215253193992267   0.0285839487129832   0.0113915419322554   0
0.191151319448677   0.244855885973995   0.00375391692132024   0.029602691981728   0
0.150328013008421   0.212323716913119   -0.0408233064402555   -0.0325321690608754   0
0.148071125491569   0.20033531853563   -0.00225688751685194   -0.0119883983774891   0
0.162983119703422   0.225731700392058   0.014911994211853   0.025396381856428   0
0.152243727672341   0.215949607744151   -0.0107393920310808   -0.00978209264790778   0
0.143614335108164   0.194217412223653   -0.00862939256417733   -0.0217321955204972   0
0.153685744424603   0.197809980009705   0.0100714093164391   0.00359256778605188   0
0.18212357879871   0.228702415163466   0.0284378343741072   0.030892435153761   0
0.143772412240214   0.200734430865889   -0.0383511665584963   -0.027967984297577   0
0.145857375388905   0.185016423034524   0.00208496314869128   -0.0157180078313651   0
0.163883910281547   0.20191172440909   0.0180265348926414   0.0168953013745663   0
0.173133042851242   0.216373028947354   0.00924913256969545   0.0144613045382635   0
0.137351196319799   0.201512768097185   -0.0357818465314429   -0.0148602608501686   0
0.13845564647601   0.184962047143461   0.00110445015621138   -0.0165507209537241   0
0.174246697606985   0.205028634256541   0.0357910511309743   0.0200665871130798   0
0.154692394567445   0.205334236367812   -0.0195543030395401   0.000305602111270897   0
0.147259988412501   0.186517619216825   -0.00743240615494348   -0.0188166171509871   0
0.169542053484857   0.194193150177478   0.0222820650723557   0.00767553096065296   0
0.17072275113833   0.224583709693045   0.00118069765347262   0.0303905595155673   0
0.142763855063038   0.191266501967967   -0.027958896075292   -0.0333172077250777   0
0.149099345736324   0.18526809473042   0.00633549067328684   -0.00599840723754713   0
0.189091482942754   0.209311577838882   0.0399921372064301   0.024043483108462   0
0.161770246934225   0.219693258187615   -0.0273212360085299   0.0103816803487325   0
0.151229337429085   0.194482050671778   -0.0105409095051398   -0.0252112075158369   0
0.169361667709531   0.201247400735395   0.0181323302804462   0.00676535006361667   0
0.191719071739564   0.228394025732943   0.0223574040300328   0.0271466249975479   0
0.155656031169572   0.204059384364111   -0.0360630405699914   -0.0243346413688315   0
0.148678166047271   0.201907369139291   -0.00697786512230109   -0.00215201522481984   0
0.178191059120025   0.205475601963013   0.0295128930727532   0.00356823282372168   0
0.192032267585424   0.226346692182816   0.0138412084653997   0.0208710902198032   0
0.147026022467759   0.214723012959656   -0.0450062451176652   -0.0116236792231603   0
0.159997849358827   0.191246834844031   0.0129718268910682   -0.0234761781156249   0
0.194371658859413   0.219987220214499   0.0343738095005856   0.0287403853704682   0
0.187252845965021   0.237931774944121   -0.00711881289439159   0.0179445547296222   0
0.154345214652512   0.203007819653185   -0.0329076313125093   -0.0349239552909365   0
0.156855589432127   0.199833417126616   0.00251037477961505   -0.00317440252656906   0
0.20330213636546   0.238540888390251   0.0464465469333327   0.0387074712636349   0
0.188338925826527   0.253098404413264   -0.0149632105389329   0.0145575160230131   0
0.173738128173294   0.227522716145669   -0.0146007976532327   -0.0255756882675951   0
0.190587227070892   0.252002927680022   0.0168490988975974   0.0244802115343536   0
0.219701923277517   0.270205468290336   0.0291146962066254   0.0182025406103142   0
0.189472158054871   0.264736226739466   -0.0302297652226461   -0.00546924155087025   0
0.176546727515692   0.245788375702554   -0.0129254305391789   -0.0189478510369118   0
0.201570252294231   0.256250004717073   0.0250235247785391   0.0104616290145188   0
0.224981823303573   0.28798256841908   0.0234115710093415   0.0317325637020067   0
0.186711688777966   0.262393541476348   -0.0382701345256067   -0.0255890269427317   0
0.172993164889397   0.218647143153072   -0.0137185238885693   -0.043746398323276   0
0.193887412153452   0.23581414354657   0.0208942472640551   0.0171670003934983   0
0.22111427211831   0.268453355033239   0.0272268599648581   0.0326392114866691   0
0.175896736109231   0.251802191660145   -0.045217536009079   -0.0166511633730942   0
0.170358994870245   0.226367046964222   -0.00553774123898634   -0.0254351446959227   0
0.202671002237298   0.254727378538802   0.0323120073670536   0.0283603315745792   0
0.217939529921306   0.289003869264933   0.0152685276840083   0.0342764907261313   0
0.18304230569106   0.252118930765031   -0.034897224230246   -0.036884938499902   0
0.180389161524189   0.231185760850128   -0.00265314416687129   -0.0209331699149031   0
0.183540427997874   0.243610002373881   0.00315126647368522   0.0124242415237536   0
0.221595195063273   0.277053472195987   0.0380547670653986   0.0334434698221055   0
0.216342659852952   0.292013530894118   -0.00525253521032121   0.0149600586981311   0
0.18494692767413   0.241820936497442   -0.0313957321788214   -0.0501925943966757   0
0.18478959112561   0.218762996981322   -0.000157336548520653   -0.0230579395161201   0
0.221877509357506   0.250792374516252   0.0370879182318959   0.0320293775349298   0
0.231096349373784   0.275975612008108   0.00921884001627826   0.0251832374918564   0
0.184446132564958   0.225741540278368   -0.0466502168088261   -0.0502340717297405   0
0.186883581382742   0.209291976592158   0.00243744881778427   -0.0164495636862097   0
0.232846631303032   0.240747114937755   0.0459630499202897   0.0314551383455966   0
0.223287612931573   0.274965692744568   -0.00955901837145876   0.0342185778068129   0
0.190531513053484   0.23928351142212   -0.0327560998780889   -0.0356821813224474   0
0.190461127323793   0.219624113267652   -7.03857296913413e-05   -0.0196593981544682   0
0.229604366898476   0.261936052911493   0.0391432395746833   0.0423119396438409   0
0.212932694997316   0.25245299611136   -0.0166716719011601   -0.00948305680013278   0
0.191325976247607   0.229889458962889   -0.0216067187497087   -0.0225635371484709   0
0.193448852544019   0.223108837723879   0.00212287629641164   -0.00678062123901077   0
0.231194466958381   0.258192102428115   0.0377456144143622   0.035083264704236   0
0.228194510839437   0.283602309288024   -0.00299995611894402   0.0254102068599094   0
0.203534439833582   0.240266400636569   -0.0246600710058552   -0.0433359086514545   0
0.19309836624851   0.229724392712708   -0.0104360735850723   -0.0105420079238614   0
0.233881256601315   0.25554376156708   0.040782890352805   0.0258193688543717   0
0.214504358469869   0.278177421390742   -0.0193768981314458   0.0226336598236624   0
0.188879293429243   0.239619012613988   -0.0256250650406261   -0.0385584087767541   0
0.194568575240042   0.229670370465701   0.0056892818107995   -0.00994864214828658   0
0.238258031961149   0.2783069263017   0.0436894567211069   0.0486365558359989   0
0.211709690684886   0.274899391797895   -0.0265483412762635   -0.00340753450380538   0
0.190899551370583   0.24448061389986   -0.0208101393143024   -0.0304187778980347   0
0.209124782745255   0.240555207951834   0.0182252313746714   -0.00392540594802632   0
0.225314955690385   0.269090203628356   0.0161901729451299   0.028534995676522   0
0.196144433563904   0.240152722798644   -0.0291705221264802   -0.0289374808297115   0
0.186476109026572   0.239811640618429   -0.0096683245373323   -0.000341082180215418   0
0.234692302993856   0.273731605563735   0.0482161939672841   0.0339199649453057   0
0.224105620426195   0.287698488777492   -0.0105866825676607   0.0139668832137571   0
0.186880317207137   0.237355872608732   -0.0372253032190589   -0.0503426161687599   0
0.217632701638816   0.261784262846814   0.0307523844316797   0.0244283902380826   0
0.248079270506606   0.291414596877885   0.0304465688677902   0.0296303340310702   0
0.197835732010802   0.25484722727519   -0.0502435384958041   -0.0365673696026943   0
0.182907381653229   0.243319000077388   -0.0149283503575732   -0.0115282271978022   0
0.226828352039951   0.270517532450302   0.043920970386722   0.0271985323729135   0
0.212791232412452   0.280141160147616   -0.0140371196274995   0.00962362769731484   0
0.179376433839008   0.246875296694713   -0.0334147985734437   -0.0332658634529036   0
0.188512275575597   0.245454511189956   0.00913584173658955   -0.0014207855047573   0
0.217830948436534   0.269768066377861   0.0293186728609367   0.0243135551879055   0
0.186335546254304   0.247179903908489   -0.0314954021822298   -0.0225881624693717   0
0.169770526846947   0.232989746731058   -0.0165650194073572   -0.0141901571774314   0
0.189574618012513   0.245194840988243   0.0198040911655663   0.0122050942571856   0
0.217914000280133   0.276388660541112   0.02833938226762   0.0311938195528685   0
0.184701765988444   0.251084100639029   -0.0332122342916892   -0.025304559902083   0
0.172545456638997   0.224291130079301   -0.0121563093494472   -0.0267929705597277   0
0.192095934073375   0.243161820002648   0.0195504774343782   0.0188706899233464   0
0.206696395202456   0.266385912021451   0.0146004611290811   0.0232240920188029   0
0.15732958075486   0.234292726224055   -0.0493668144475963   -0.0320931857973955   0
0.174940818619555   0.224970838957519   0.0176112378646949   -0.00932188726653593   0
0.18976378685998   0.24016684160964   0.0148229682404253   0.0151960026521211   0
0.212590324685321   0.271932658948406   0.0228265378253403   0.0317658173387657   0
0.176643994126706   0.230881107942486   -0.035946330558615   -0.0410515510059196   0
0.174242297256616   0.237039023689139   -0.00240169687008965   0.00615791574665228   0
0.205812571366183   0.25223513034518   0.0315702741095667   0.0151961066560416   0
0.226583915017902   0.280265479616648   0.0207713436517198   0.0280303492714684   0
0.184446745658103   0.232729232806066   -0.0421371693597995   -0.0475362468105827   0
0.1867956341867   0.231241140648134   0.00234888852859741   -0.00148809215793202   0
0.218084585451975   0.238958070272276   0.0312889512652752   0.00771692962414219   0
0.224087154490301   0.276043815242255   0.00600256903832547   0.0370857449699786   0
0.192174043861287   0.250830242197288   -0.0319131106290136   -0.0252135730449669   0
0.177275006205049   0.22406889088961   -0.0148990376562388   -0.0267613513076776   0
0.204035212090683   0.239164681515687   0.0267602058856345   0.0150957906260769   0
0.213001303726151   0.275987728813257   0.00896609163546788   0.0368230472975701   0
0.177660386932907   0.246759936628193   -0.0353409167932434   -0.0292277921850638   0
0.164606560503827   0.223228676120475   -0.0130538264290807   -0.0235312605077182   0
0.19103875688522   0.23993007851768   0.0264321963813927   0.0167014023972046   0
0.211957199411603   0.258568015227135   0.0209184425263834   0.0186379367094554   0
0.18295560601753   0.236807641598619   -0.0290015933940725   -0.0217603736285162   0
0.17245742986233   0.227972442322532   -0.0104981761552006   -0.00883519927608742   0
0.208440602577233   0.237863926616669   0.0359831727149033   0.00989148429413722   0
0.223074951266811   0.263599299906601   0.0146343486895778   0.0257353732899319   0
0.204236666425718   0.247771833388604   -0.0188382848410928   -0.015827466517997   0
0.186156984306687   0.235778232229992   -0.0180796821190313   -0.0119936011586118   0
0.215829498501339   0.245462783438753   0.0296725141946526   0.00968455120876077   0
0.229373003454984   0.27576368008224   0.0135435049536445   0.0303008966434873   0
0.203083709735057   0.268336170178845   -0.0262892937199267   -0.00742750990339502   0
0.196395789425868   0.254354306355328   -0.0066879203091888   -0.013981863823517   0
0.204997319431255   0.257785542411226   0.00860153000538674   0.00343123605589812   0
0.227977570421829   0.2769149418725   0.022980250990574   0.0191293994612739   0
0.202559687229444   0.271774079807567   -0.0254178831923855   -0.00514086206493258   0
0.192226126114532   0.24937515637138   -0.0103335611149114   -0.0223989234361878   0
0.180054339828626   0.24567938730386   -0.0121717862859056   -0.00369576906751962   0
0.216812570588723   0.258833287131408   0.0367582307600965   0.0131538998275483   0
0.193018934818737   0.258622114271479   -0.0237936357699856   -0.000211172859929054   0
0.165637559169109   0.23799636093699   -0.0273813756496286   -0.0206257533344892   0
0.170415308754138   0.234292146193593   0.004777749585029   -0.00370421474339686   0
0.213708755429557   0.239882298472084   0.0432934466754188   0.00559015227849088   0
0.190610941166136   0.237753754359421   -0.0230978142634209   -0.00212854411266278   0
0.17402831601613   0.218099706919794   -0.0165826251500056   -0.0196540474396273   0
0.174463644733186   0.226078943765778   0.000435328717056455   0.00797923684598451   0
0.212578445446593   0.250389664797691   0.0381148007134063   0.0243107210319125   0
0.177201455993341   0.244897412153028   -0.0353769894532517   -0.00549225264466296   0
0.15963209037208   0.220289259618462   -0.0175693656212609   -0.0246081525345662   0
0.168460307885063   0.227951810171032   0.00882821751298249   0.00766255055256984   0
0.213043974600762   0.257463616172266   0.044583666715699   0.0295118060012346   0
0.179315856304483   0.241013809384442   -0.0337281182962787   -0.0164498067878245   0
0.156224656427243   0.224156775928701   -0.0230911998772404   -0.0168570334557404   0
0.14420124866467   0.226457831073469   -0.0120234077625726   0.00230105514476814   0
0.207892032000002   0.239174613185639   0.0636907833353323   0.0127167821121695   0
0.190360813669962   0.233258809392593   -0.0175312183300403   -0.00591580379304599   0
0.158881584151499   0.208635156623351   -0.0314792295184625   -0.0246236527692424   0
0.1685800380005   0.206689847659482   0.00969845384900048   -0.00194530896386824   0
0.211736411265068   0.230148401743853   0.043156373264568   0.0234585540843708   0
0.180744813065963   0.220668487570722   -0.0309915981991047   -0.00947991417313082   0
0.15612052806434   0.19779378761541   -0.0246242850016232   -0.0228746999553121   0
0.173490354102498   0.207676134810075   0.0173698260381575   0.00988234719466494   0
0.208517503143885   0.235411284977484   0.0350271490413872   0.0277351501674085   0
0.161647129512134   0.212048713543021   -0.0468703736317511   -0.023362571434463   0
0.148630163538867   0.197052622296837   -0.0130169659732664   -0.0149960912461833   0
