0.0493565790370646   0.0461575302107187   0   0   0
0.0475591552194906   0.020361066925236   -0.00179742381757397   -0.0257964632854827   0
0.030397930030169   0.0316442990218197   -0.0171612251893216   0.0112832320965837   0
0.13871003061934   0.0511132586583217   0.108312100589171   0.019468959636502   0
0.118599971954718   0.0707998504391429   -0.0201100586646219   0.0196865917808212   0
0.098294881495732   0.0652694466387222   -0.0203050904589864   -0.00553040380042069   0
0.102696410243981   0.063111810796831   0.00440152874824876   -0.00215763584189113   0
0.163584443385702   0.0243515356802162   0.0608880331417215   -0.0387602751166149   0
0.201033487707944   0.0296113728174244   0.0374490443222416   0.00525983713720822   0
0.124502150927645   0.0242126128964843   -0.0765313367802992   -0.00539875992094004   0
0.152998266398218   0.0365139969705454   0.0284961154705731   0.0123013840740611   0
0.174988867779457   0.0426317809823845   0.0219906013812396   0.00611778401183907   0
0.0800993853817974   0.0227983454703954   -0.0948894823976599   -0.0198334355119891   0
0.0046776419148648   0.0401179978385325   -0.0754217434669326   0.0173196523681371   0
0.168132847731673   0.0711664671358611   0.163455205816809   0.0310484692973286   0
0.250545151021658   0.0870944021299589   0.0824123032899846   0.0159279349940978   0
0.0666477793169622   0.0569104868348093   -0.183897371704696   -0.0301839152951497   0
0.0270747323716789   0.0505864139473486   -0.0395730469452834   -0.00632407288746072   0
0.021063178393272   0.0452227453860057   -0.00601155397840688   -0.00536366856134284   0
0.155990538665694   0.0857516895990394   0.134927360272422   0.0405289442130337   0
0.124780594888348   0.0938727147305994   -0.0312099437773459   0.00812102513156004   0
0.0722911490437771   0.0723067503908176   -0.0524894458445708   -0.0215659643397818   0
0.133911463333727   0.0526830758443518   0.0616203142899495   -0.0196236745464658   0
0.0301021920055666   0.0536236571995281   -0.10380927132816   0.000940581355176266   0
0.161505767551812   0.0721720556354224   0.131403575546246   0.0185483984358943   0
0.115758227399395   0.0756552288814197   -0.0457475401524174   0.00348317324599733   0
0.0662021856372582   0.0587357888936762   -0.0495560417621366   -0.0169194399877435   0
0.0682177747719581   0.0657772860160899   0.00201558913469985   0.0070414971224137   0
0.0940345873559453   0.0868845778886708   0.0258168125839872   0.0211072918725809   0
0.210870790691568   0.0862895138808882   0.116836203335622   -0.000595064007782586   0
0.0687468741054901   0.0671783819440637   -0.142123916586078   -0.0191111319368245   0
0.0711016129516764   0.0536663171344   0.00235473884618635   -0.0135120648096636   0
0.0686566644604149   0.0566319887071565   -0.00244494849126152   0.00296567157275645   0
0.115164119367319   0.0794760230738963   0.0465074549069037   0.0228440343667398   0
0.128483670934218   0.0958479750066479   0.0133195515668998   0.0163719519327515   0
0.0661867187009599   0.0707465771510184   -0.0622969522332584   -0.0251013978556295   0
0.0605533292285404   0.0616351865537335   -0.00563338947241958   -0.00911139059728495   0
0.0365371979538443   0.0647183968145843   -0.0240161312746961   0.00308321026085087   0
0.055692777094521   0.0833438750790513   0.0191555791406767   0.0186254782644669   0
0.184869394264523   0.103987592617985   0.129176617170002   0.0206437175389342   0
0.19092348417507   0.116308026043143   0.00605408991054684   0.0123204334251579   0
0.130168439018991   0.115623787253326   -0.0607550451560783   -0.000684238789816841   0
0.042382255076389   0.113518172844087   -0.0877861839426025   -0.00210561440923951   0
0.142555239123861   0.104020817288945   0.100172984047472   -0.00949735555514235   0
0.122649778035466   0.10480963854738   -0.0199054610883954   0.000788821258435657   0
0.0693502093376978   0.102079163778768   -0.0532995686977679   -0.00273047476861248   0
0.0472804744753053   0.111206960855751   -0.0220697348623924   0.00912779707698305   0
0.104938457595911   0.111416678488905   0.0576579831206061   0.000209717633154041   0
0.23867115576713   0.125734747587173   0.133732698171219   0.0143180690982677   0
0.2431830676728   0.14887933684098   0.00451191190567002   0.0231445892538075   0
0.123393464272384   0.141780431740641   -0.119789603400417   -0.00709890510033928   0
0.122048265054795   0.12910509756095   -0.00134519921758813   -0.0126753341796905   0
0.201643037759908   0.119494964757485   0.0795947727051124   -0.00961013280346565   0
0.153370973473237   0.126012165020446   -0.0482720642866707   0.00651720026296088   0
0.102294075807947   0.128104342728155   -0.0510768976652897   0.00209217770770909   0
0.0709266720994042   0.131217000973235   -0.0313674037085433   0.00311265824508053   0
0.207138959974686   0.147211282898161   0.136212287875282   0.0159942819249262   0
0.249510039232265   0.172629542308009   0.0423710792575791   0.0254182594098471   0
0.0858948399294742   0.161382877088688   -0.163615199302791   -0.0112466652193207   0
0.054196594702089   0.136662842819116   -0.0316982452273852   -0.0247200342695714   0
0.0667681592259334   0.125498189545706   0.0125715645238444   -0.0111646532734101   0
0.0600650463203151   0.11945946120368   -0.00670311290561832   -0.00603872834202668   0
0.155255759998043   0.146838233033166   0.0951907136777281   0.0273787718294869   0
0.0271564284380255   0.152204326483522   -0.128099331560018   0.00536609345035535   0
0.148061030172182   0.127536274501375   0.120904601734156   -0.0246680519821471   0
0.0992239330989379   0.117054727022577   -0.0488370970732436   -0.0104815474787978   0
0.0145386361702076   0.120263278415785   -0.0846852969287303   0.0032085513932076   0
0.183274346486716   0.152698686576907   0.168735710316509   0.0324354081611226   0
0.18129544711673   0.163625031927613   -0.00197889936998658   0.0109263453507063   0
0.0547628150057765   0.125390593975226   -0.126532632110953   -0.0382344379523873   0
0.0678931440487182   0.124362513461031   0.0131303290429417   -0.00102808051419553   0
0.0349314822635685   0.123567330108164   -0.0329616617851497   -0.000795183352866449   0
0.0450439652466343   0.139781358383593   0.0101124829830658   0.016214028275429   0
0.17483976135062   0.154255660496106   0.129795796103986   0.0144743021125132   0
0.0993994356578243   0.157045814258205   -0.0754403256927958   0.00279015376209832   0
0.103309795792852   0.148570913507061   0.00391036013502785   -0.00847490075114393   0
0.113240176221721   0.142501715019504   0.00993038042886871   -0.00606919848755641   0
0.0222067882545555   0.141133821530569   -0.0910333879671654   -0.00136789348893529   0
0.136680016232187   0.156171033246438   0.114473227977631   0.0150372117158689   0
0.143159800250524   0.169608043086118   0.00647978401833726   0.0134370098396802   0
0.0848799176744323   0.157458016384757   -0.058279882576092   -0.0121500267013608   0
0.0830191359403535   0.145082199555597   -0.00186078173407876   -0.0123758168291606   0
0.0656876382133846   0.142900185782953   -0.017331497726969   -0.00218201377264368   0
0.0619418304461339   0.139221064146423   -0.00374580776725067   -0.00367912163652981   0
0.19479750059065   0.171041939517191   0.132855670144516   0.0318208753707679   0
0.0933337563035475   0.167794491746042   -0.101463744287102   -0.00324744777114938   0
0.14641425711295   0.142064268927491   0.053080500809402   -0.0257302228185508   0
0.109228118335939   0.126128415682946   -0.03718613877701   -0.0159358532445451   0
0.0731927693743719   0.159282452201467   -0.0360353489615676   0.0331540365185207   0
0.158612742086032   0.188711396685686   0.0854199727116597   0.0294289444842198   0
0.018478931934514   0.172623551734808   -0.140133810151518   -0.0160878449508783   0
0.104738998345506   0.152331821678007   0.0862600664109925   -0.0202917300568016   0
0.0210579611004959   0.159035864993254   -0.0836810372450105   0.00670404331524738   0
0.190034489602809   0.183346648430262   0.168976528502313   0.0243107834370078   0
0.0853069645291051   0.174092250571507   -0.104727525073704   -0.0092543978587544   0
0.0851881633095819   0.152759587671028   -0.000118801219523193   -0.0213326629004793   0
0.0454855702095705   0.152351866759986   -0.0397025931000115   -0.000407720911042075   0
0.17364949074276   0.173403394096865   0.12816392053319   0.0210515273368786   0
0.0563170513832179   0.171340631204014   -0.117332439359542   -0.00206276289285029   0
0.101207361271599   0.145591646001968   0.0448903098883814   -0.0257489852020457   0
0.0405100921341831   0.146576707914013   -0.0606972691374162   0.000985061912044949   0
0.128648550627436   0.171763565588871   0.0881384584932531   0.0251868576748579   0
0.101088759228512   0.161512470546588   -0.0275597913989245   -0.0102510950422832   0
0.0604061679460831   0.150219116081884   -0.0406825912824285   -0.0112933544647043   0
0.145493453950753   0.165644777085515   0.0850872860046703   0.0154256610036313   0
0.0962092446887512   0.184907119861736   -0.0492842092620022   0.0192623427762211   0
0.104747054750241   0.164936687175572   0.00853781006148992   -0.0199704326861642   0
0.042767664984191   0.17207714829535   -0.06197938976605   0.00714046111977831   0
0.146749768537739   0.197710640215923   0.103982103553548   0.0256334919205723   0
0.0554972144141488   0.184977362402809   -0.0912525541235904   -0.012733277813114   0
0.137727982302254   0.167296264236152   0.0822307678881053   -0.0176810981666563   0
0.0503688329896574   0.179699543897063   -0.0873591493125966   0.0124032796609107   0
0.156794353547696   0.193963387346324   0.106425520558039   0.0142638434492606   0
0.0961750346204253   0.190968809114866   -0.060619318927271   -0.00299457823145802   0
0.0970951065775717   0.176309632982007   0.000920071957146371   -0.0146591761328587   0
0.0449494720846641   0.175544883964907   -0.0521456344929075   -0.000764749017100469   0
0.155868552673398   0.196555237604401   0.110919080588734   0.0210103536394944   0
0.0806481505128915   0.197005042429756   -0.075220402160507   0.000449804825355171   0
0.136277627781562   0.175008546669156   0.0556294772686706   -0.0219964957606005   0
0.0895397131644389   0.167895208110215   -0.0467379146171232   -0.00711333855894028   0
0.0611163584951075   0.160493792264187   -0.0284233546693314   -0.00740141584602833   0
0.0846829907191521   0.15660194549897   0.0235666322240446   -0.00389184676521656   0
0.193709240079171   0.186010708602999   0.109026249360019   0.0294087631040291   0
0.0966460614826595   0.181950184961434   -0.0970631785965117   -0.00406052364156559   0
0.119174244109119   0.157668658692057   0.02252818262646   -0.0242815262693764   0
0.0330369649431073   0.163719580647589   -0.0861372791660122   0.00605092195553186   0
0.134839274024171   0.185554344925692   0.101802309081064   0.0218347642781022   0
0.0631051599812567   0.179867367199417   -0.0717341140429148   -0.00568697772627427   0
0.123589555089012   0.174948699949442   0.0604843951077556   -0.00491866724997489   0
0.0612503129314651   0.189078172083539   -0.0623392421575472   0.014129472134097   0
0.16298977886794   0.207328582925751   0.101739465936475   0.0182504108422117   0
0.118896616131284   0.215057503819909   -0.0440931627366557   0.00772892089415761   0
0.125289916839185   0.202931032038597   0.00639330070790099   -0.0121264717813118   0
0.105114317750961   0.187239713275523   -0.0201755990882244   -0.015691318763074   0
0.0418459502054333   0.182314449527458   -0.0632683675455277   -0.0049252637480649   0
0.178765097832776   0.204570292756549   0.136919147627343   0.0222558432290907   0
0.0843055670062185   0.203328029176378   -0.0944595308265577   -0.00124226358017065   0
0.107552044339566   0.185595137647784   0.0232464773333477   -0.0177328915285936   0
0.0370787336852272   0.178914944242369   -0.070473310654339   -0.00668019340541531   0
0.138825021514131   0.197861819192082   0.101746287828904   0.0189468749497126   0
0.0472073828927214   0.208242839812681   -0.0916176386214095   0.0103810206205996   0
0.133008934561405   0.177782187443653   0.0858015516686832   -0.0304606523690287   0
0.0566186923760166   0.17287933356029   -0.076390242185388   -0.00490285388336253   0
0.142456912551502   0.19699697901808   0.0858382201754858   0.0241176454577904   0
0.091231653464683   0.201592523316218   -0.0512252590868194   0.00459554429813785   0
0.0714042666900935   0.193937368246169   -0.0198273867745895   -0.00765515507004969   0
0.0289256686207251   0.189213632765322   -0.0424785980693684   -0.00472373548084692   0
0.014830835566798   0.187987366738433   -0.0140948330539271   -0.00122626602688894   0
0.0409068301757836   0.188332955016508   0.0260759946089856   0.00034558827807521   0
0.16143097417051   0.203446594865213   0.120524143994727   0.0151136398487048   0
0.177111470003667   0.221297374558534   0.015680495833157   0.0178507796933211   0
0.106536144871025   0.226713335993938   -0.0705753251326426   0.00541596143540368   0
0.154372220981658   0.218923968666065   0.0478360761106336   -0.00778936732787297   0
0.135176063679568   0.213353434908487   -0.0191961573020909   -0.00557053375757757   0
0.109319838422402   0.210473522171436   -0.0258562252571659   -0.00287991273705088   0
0.187166492668693   0.224576106522934   0.0778466542462916   0.0141025843514975   0
0.216923871874905   0.250428365486021   0.0297573792062113   0.0258522589630872   0
0.120037798027017   0.229499026856869   -0.0968860738478876   -0.0209293386291515   0
0.149546126590784   0.22840829128832   0.0295083285637674   -0.00109073556854933   0
0.109980185625148   0.23111957693151   -0.0395659409656359   0.0027112856431897   0
0.0631159719951297   0.225634222805961   -0.0468642136300187   -0.00548535412554876   0
0.170200146584399   0.240667532072775   0.107084174589269   0.0150333092668137   0
0.0891426153583262   0.232586205680819   -0.0810575312260728   -0.00808132639195611   0
0.121829204170772   0.224300270861406   0.0326865888124456   -0.00828593481941273   0
0.0576856238037425   0.218232634918566   -0.0641435803670293   -0.00606763594284004   0
0.129007174981278   0.225539353902484   0.0713215511775352   0.00730671898391841   0
0.0756377673602943   0.224565990125954   -0.0533694076209834   -0.000973363776530289   0
0.135728494812622   0.206979250335028   0.0600907274523279   -0.0175867397909263   0
0.0572607796571091   0.219067616308869   -0.0784677151555131   0.0120883659738418   0
0.15483326179116   0.230425854579624   0.0975724821340513   0.0113582382707546   0
0.078627607090424   0.227220975192102   -0.0762056547007364   -0.00320487938752156   0
0.139048475400811   0.215313545508057   0.0604208683103872   -0.0119074296840457   0
0.075691407146188   0.228851925358953   -0.0633570682546233   0.0135383798508967   0
0.152725120420971   0.24250816035342   0.0770337132747827   0.0136562349944664   0
0.0854898747624536   0.232542231167803   -0.0672352456585171   -0.0099659291856167   0
0.173743691458683   0.234786843066749   0.0882538166962293   0.00224461189894537   0
0.116223012202059   0.232120218018595   -0.0575206792566237   -0.00266662504815368   0
0.147256440858858   0.250788151957982   0.031033428656799   0.0186679339393874   0
0.129377601064481   0.261856146340887   -0.0178788397943771   0.0110679943829047   0
0.138092730458812   0.255327145971595   0.00871512939433056   -0.00652900036929227   0
0.156327049136002   0.239794371788101   0.0182343186771904   -0.0155327741834937   0
0.102583247931951   0.261920842765997   -0.0537438012040512   0.0221264709778958   0
0.181839489904366   0.286287457363224   0.0792562419724151   0.0243666145972276   0
0.115229579524226   0.278791146562261   -0.0666099103801396   -0.00749631080096347   0
0.159228107892294   0.255765261844724   0.0439985283680676   -0.0230258847175373   0
0.0809869553205329   0.240526868640491   -0.078241152571761   -0.0152383932042326   0
0.145072439532428   0.255456282503484   0.0640854842118952   0.0149294138629934   0
0.107648462696176   0.246338626688447   -0.0374239768362521   -0.00911765581503743   0
0.107853678395361   0.250293564134698   0.000205215699185135   0.00395493744625075   0
0.10716416246871   0.244593255714973   -0.000689515926651507   -0.00570030841972502   0
0.112010072963328   0.263900807706703   0.00484591049461808   0.0193075519917299   0
0.11391576971166   0.270891236322809   0.00190569674833251   0.00699042861610655   0
0.0985076099758288   0.255200920201123   -0.0154081597358315   -0.015690316121686   0
0.14687997923274   0.251523740387463   0.0483723692569108   -0.00367717981365989   0
0.0433502516354865   0.257377004707103   -0.103529727597253   0.00585326431963956   0
0.146480976808356   0.269166007000791   0.103130725172869   0.0117890022936885   0
0.0915926955234969   0.284195803195614   -0.0548882812848587   0.0150297961948225   0
0.159932464261044   0.261950490887591   0.0683397687375468   -0.0222453123080226   0
0.124274983278011   0.243735566447533   -0.0356574809830323   -0.0182149244400577   0
0.0815894494062805   0.246384828886642   -0.0426855338717309   0.00264926243910879   0
0.0848725581840208   0.244218566928786   0.00328310877774037   -0.00216626195785613   0
0.196603318700296   0.267129929757974   0.111730760516275   0.0229113628291877   0
0.125531005509914   0.26897750794955   -0.0710723131903818   0.00184757819157583   0
0.162999461220122   0.263971610161964   0.037468455710208   -0.00500589778758542   0
0.101095880157601   0.258863576950292   -0.0619035810625209   -0.00510803321167169   0
0.117406594749741   0.268916788000489   0.0163107145921405   0.0100532110501966   0
0.0930749185594057   0.276550872768014   -0.0243316761903357   0.00763408476752442   0
0.158900925762218   0.26092167740962   0.0658260072028126   -0.0156291953583932   0
0.140032402713015   0.25137636500425   -0.0188685230492033   -0.00954531240537021   0
0.0993487934115961   0.248507999921532   -0.0406836093014189   -0.00286836508271843   0
0.146191966625564   0.250518690488355   0.0468431732139678   0.00201069056682285   0
0.149839233835468   0.260142015974448   0.00364726720990385   0.00962332548609351   0
0.12961579732089   0.247352909676135   -0.0202234365145779   -0.0127891062983135   0
0.0724358236314049   0.231986604037281   -0.0571799736894849   -0.015366305638854   0
0.108631908726396   0.240973301164258   0.0361960850949909   0.00898669712697708   0
0.0769229389371597   0.25017074750308   -0.0317089697892362   0.00919744633882275   0
0.163023819352173   0.239959344461202   0.0861008804150135   -0.010211403041878   0
0.0537012503217569   0.235358425414303   -0.109322569030416   -0.00460091904689949   0
0.15211595314266   0.262466003246135   0.0984147028209033   0.0271075778318318   0
0.111091879866757   0.265912704248029   -0.0410240732759031   0.00344670100189476   0
0.149041906124486   0.260668279315397   0.0379500262577285   -0.00524442493263211   0
0.097908299015252   0.261523229990187   -0.0511336071092336   0.000854950674789134   0
0.135816393256668   0.271489850289104   0.0379080942414164   0.00996662029891732   0
0.150230990885802   0.261533698710606   0.0144145976291339   -0.00995615157849788   0
0.111351881875521   0.255085004591607   -0.0388791090102812   -0.00644869411899934   0
0.121192366612671   0.265000283151264   0.0098404847371497   0.00991527855965724   0
0.149237876739653   0.286599293946269   0.0280455101269827   0.0215990107950053   0
0.180222462255181   0.309657205675082   0.0309845855155271   0.0230579117288128   0
0.295152465431021   0.333048518018772   0.11493000317584   0.0233913123436896   0
0.331354998667668   0.371480510435608   0.0362025332366467   0.0384319924168366   0
0.295778835201118   0.343002076295101   -0.0355761634665498   -0.0284784341405075   0
0.245636532024738   0.325136244659835   -0.05014230317638   -0.0178658316352657   0
0.191215048127102   0.307024333286875   -0.0544214838976356   -0.01811191137296   0
0.208903511580371   0.323867015515628   0.0176884634532684   0.0168426822287531   0
0.140019993806063   0.300033588130562   -0.0688835177743073   -0.0238334273850654   0
0.176383836005145   0.289626967846573   0.0363638421990821   -0.0104066202839892   0
0.147669363728737   0.293284922049361   -0.0287144722764084   0.00365795420278814   0
0.0963557080974449   0.291682008037863   -0.0513136556312921   -0.00160291401149837   0
0.165310876491204   0.297423164344171   0.0689551683937588   0.00574115630630839   0
0.0956011630383752   0.302931156587186   -0.0697097134528285   0.00550799224301424   0
0.179599420857195   0.300659796115976   0.0839982578188202   -0.00227136047121007   0
0.166882745864424   0.290907892506804   -0.0127166749927712   -0.009751903609172   0
0.0775145512556836   0.295198848377666   -0.0893681946087406   0.00429095587086198   0
0.186230910483142   0.309388952214684   0.108716359227458   0.0141901038370184   0
0.108971573572251   0.303418764290378   -0.0772593369108909   -0.00597018792430587   0
0.161622649739571   0.292988192100808   0.0526510761673199   -0.01043057218957   0
0.0863391192133091   0.282585919577569   -0.0752835305262618   -0.0104022725232396   0
0.18439579014907   0.295159346271637   0.0980566709357613   0.0125734266940683   0
0.120938845682642   0.303855631919996   -0.0634569444664279   0.00869628564835906   0
0.159826919668152   0.285852640594328   0.0388880739855098   -0.018002991325668   0
0.0953281939904979   0.276937909734745   -0.0644987256776544   -0.0089147308595825   0
0.108093923318982   0.289875173547598   0.0127657293284843   0.0129372638128525   0
0.129369773422311   0.292666402528544   0.0212758501033285   0.00279122898094653   0
0.150492081913435   0.278814444506109   0.0211223084911242   -0.0138519580224357   0
0.127415431532409   0.281368363692953   -0.0230766503810259   0.00255391918684444   0
0.073410985485893   0.284902792691209   -0.0540044460465159   0.00353442899825579   0
0.118253117370833   0.290624209969249   0.0448421318849399   0.00572141727803976   0
0.110286749629273   0.280125115208365   -0.00796636774155973   -0.0104990947608833   0
0.112862246541702   0.275489905949837   0.0025754969124291   -0.00463520925852851   0
0.110332624862866   0.283675422349646   -0.00252962167883596   0.00818551639980908   0
0.0971118744104963   0.298418837348616   -0.0132207504523701   0.0147434149989704   0
0.148277673590531   0.289043355790269   0.0511657991800346   -0.00937548155834744   0
0.0822531327200977   0.275198307671032   -0.0660245408704331   -0.013845048119237   0
0.118612473286286   0.300202979724136   0.0363593405661887   0.025004672053104   0
0.0795339487925125   0.293263603680204   -0.0390785244937739   -0.00693937604393158   0
0.135515011592259   0.289992418042696   0.0559810627997461   -0.00327118563750795   0
0.0705289547351299   0.294290414897852   -0.0649860568571288   0.00429799685515575   0
0.135033997628449   0.32487562463349   0.0645050428933192   0.0305852097356373   0
0.0994232206377363   0.319390233608904   -0.0356107769907128   -0.00548539102458595   0
0.138536642839972   0.324661602465167   0.0391134222022358   0.00527136885626317   0
0.116576577454864   0.309719065981173   -0.0219600653851077   -0.0149425364839941   0
0.0922478347119866   0.304687961446625   -0.0243287427428778   -0.00503110453454769   0
0.170356174705996   0.318938013238466   0.0781083399940099   0.0142500517918411   0
0.108458283152971   0.325950965104416   -0.0618978915530256   0.00701295186594958   0
0.166471087171316   0.324672919389268   0.0580128040183455   -0.00127804571514789   0
0.139244113786293   0.320813449822868   -0.0272269733850237   -0.00385946956639949   0
0.118041445540539   0.323824550564808   -0.0212026682457537   0.00301110074193989   0
0.0976087621190331   0.335860667991207   -0.0204326834215057   0.0120361174263992   0
0.176034946289764   0.315640962956727   0.0784261841707306   -0.0202197050344802   0
0.0626323015530517   0.306790012385508   -0.113402644736712   -0.00885095057121943   0
0.144747570918651   0.315214011055981   0.0821152693655997   0.00842399867047317   0
0.0935385962424602   0.314857043529679   -0.0512089746761911   -0.000356967526302154   0
0.113081247013022   0.305283442228284   0.0195426507705613   -0.00957360130139473   0
0.102148606453343   0.306035065642403   -0.0109326405596783   0.000751623414119162   0
0.111175820524519   0.304705357300294   0.00902721407117543   -0.00132970834210888   0
0.146732420442689   0.308652022155615   0.0355565999181701   0.00394666485532036   0
0.0883113034139458   0.302730191071604   -0.058421117028743   -0.0059218310840104   0
0.125362990720386   0.31285895326089   0.0370516873064406   0.0101287621892862   0
0.0641489253457141   0.309701405845614   -0.0612140653746723   -0.00315754741527591   0
0.151769243977593   0.308945748632749   0.0876203186318784   -0.000755657212865024   0
0.0522473344561232   0.318912406872561   -0.0995219095214693   0.0099666582398118   0
0.150628379502669   0.316489849381461   0.0983810450465455   -0.00242255749109999   0
0.183797765881661   0.308839768880645   0.0331693863789926   -0.00765008050081661   0
0.192586399515698   0.307831055664061   0.00878863363403651   -0.00100871321658402   0
0.0685471617410962   0.290226412113887   -0.124039237774602   -0.0176046435501732   0
0.193853410989283   0.294083631994795   0.125306249248187   0.00385721988090754   0
0.2062709587114   0.302821454263895   0.0124175477221165   0.00873782226909958   0
0.164486976880269   0.308961584533175   -0.0417839818311313   0.00614013026927995   0
0.193646662860839   0.304171741413465   0.0291596859805709   -0.0047898431197092   0
0.19046185760968   0.288069938426851   -0.00318480525115944   -0.0161018029866138   0
0.212602211713237   0.286298371615174   0.0221403541035569   -0.00177156681167795   0
0.29314062527821   0.30436685498178   0.0805384135649733   0.0180684833666067   0
0.244788892648993   0.305168695960939   -0.0483517326292176   0.000801840979158808   0
0.123748977671616   0.297995808117329   -0.121039914977377   -0.00717288784360992   0
0.0928739419229097   0.279848897123966   -0.0308750357487059   -0.0181469109933632   0
0.218966494455682   0.295874623459836   0.126092552532772   0.0160257263358706   0
0.317088513945176   0.304390336829555   0.0981220194894943   0.00851571336971862   0
0.291003478578264   0.304421360339152   -0.0260850353669121   3.10235095971612e-05   0
0.146128459162683   0.299914545814414   -0.14487501941558   -0.00450681452473856   0
0.120738727587672   0.298278555346659   -0.0253897315750116   -0.00163599046775448   0
0.19603567550321   0.297708042739531   0.0752969479155386   -0.000570512607128038   0
0.23425357721529   0.291882431938717   0.03821790171208   -0.00582561080081373   0
0.226586431035951   0.284587312516739   -0.00766714617933884   -0.00729511942197858   0
0.240048420822342   0.292493512011805   0.0134619897863901   0.00790619949506632   0
0.175337567373823   0.302976588157402   -0.0647108534485184   0.0104830761455968   0
0.0680562342077227   0.316273991983217   -0.107281333166101   0.013297403825815   0
0.0947362874945498   0.306715247241232   0.0266800532868272   -0.00955874474198509   0
0.189027108290717   0.303888256621163   0.094290820796167   -0.00282699062006853   0
0.30184962891203   0.310938806880872   0.112822520621313   0.00705055025970841   0
0.283225106659138   0.309009379079891   -0.0186245222528918   -0.00192942780098038   0
0.106249124489884   0.281483585196029   -0.176975982169254   -0.0275257938838626   0
0.0965509730674424   0.282640195606092   -0.00969815142244171   0.00115661041006337   0
0.212799512393826   0.272828216710392   0.116248539326383   -0.0098119788957004   0
0.256161345501951   0.271589077902095   0.0433618331081254   -0.00123913880829718   0
0.309869097893691   0.277888221535854   0.0537077523917401   0.00629914363375966   0
0.307234060630002   0.286155026512291   -0.0026350372636888   0.00826680497643684   0
0.173318666672952   0.289063519194744   -0.13391539395705   0.00290849268245275   0
0.134939310725452   0.291807698365722   -0.0383793559475008   0.00274417917097786   0
0.306070461317733   0.29554235625514   0.171131150592282   0.00373465788941818   0
0.387961797838151   0.299624719001187   0.0818913365204174   0.00408236274604673   0
0.311848206743281   0.299507231872709   -0.0761135910948698   -0.000117487128477922   0
0.118280950962232   0.297098150098503   -0.193567255781049   -0.00240908177420585   0
0.107749553415362   0.289012281693482   -0.0105313975468701   -0.00808586840502096   0
0.219577828242949   0.295409849754439   0.111828274827587   0.00639756806095676   0
0.373668101173341   0.284265319625873   0.154090272930392   -0.0111445301285651   0
0.401007404736621   0.296031348375472   0.02733930356328   0.0117660287495984   0
0.147479067569605   0.303357802619695   -0.253528337167016   0.00732645424422335   0
0.132240875531433   0.297507935900124   -0.0152381920381714   -0.00584986671957094   0
0.196999487730146   0.29720119722708   0.064758612198713   -0.000306738673043871   0
0.193669738702359   0.286121049694443   -0.00332974902778715   -0.0110801475326373   0
0.121899637695483   0.307923346934347   -0.0717701010068761   0.0218022972399035   0
0.128377614076014   0.303826021287266   0.00647797638053112   -0.00409732564708104   0
0.173904100538889   0.310479210336216   0.0455264864628749   0.00665318904895001   0
0.0856323693990187   0.311182625160853   -0.0882717311398702   0.000703414824637483   0
0.235217547014588   0.309500000043215   0.149585177615569   -0.00168262511763828   0
0.288901718604597   0.318574135231503   0.0536841715900093   0.00907413518828826   0
0.23937202231042   0.332296788297374   -0.0495296962941778   0.0137226530658713   0
0.109447515933117   0.332543477243954   -0.129924506377302   0.000246688946579421   0
0.149241025859011   0.314725530550828   0.0397935099258936   -0.0178179466931261   0
0.213494224715448   0.300854011253382   0.0642531988564365   -0.0138715192974458   0
0.147203468749925   0.293746211042798   -0.066290755965523   -0.00710780021058388   0
0.104289124428293   0.290939814362009   -0.0429143443216314   -0.00280639668078941   0
0.132749408829719   0.301711841990416   0.0284602844014264   0.0107720276284079   0
0.20959187746189   0.307431283569597   0.0768424686321708   0.00571944157918064   0
0.226853470230014   0.323059264792468   0.0172615927681241   0.015627981222871   0
0.176707866491138   0.331228814388558   -0.0501456037388759   0.00816954959609023   0
0.165193479746902   0.321265889991842   -0.0115143867442368   -0.00996292439671675   0
0.213658584907441   0.314647713275101   0.048465105160539   -0.00661817671674075   0
0.156504025306604   0.314550970321187   -0.0571545596008371   -9.67429539142084e-05   0
0.185656222094278   0.333771447888372   0.0291521967876748   0.0192204775671851   0
0.218992393072933   0.333052125949152   0.0333361709786547   -0.000719321939219419   0
0.188612804970527   0.341701750321095   -0.0303795881024062   0.00864962437194278   0
0.104139146535873   0.341768437496428   -0.084473658434654   6.66871753332021e-05   0
0.149373664756342   0.35245696732048   0.045234518220469   0.0106885298240519   0
0.188120180716264   0.325263337287651   0.0387465159599226   -0.0271936300328295   0
0.138932299066308   0.316451671209444   -0.0491878816499566   -0.00881166607820677   0
0.0949987736804007   0.30351530770457   -0.0439335253859071   -0.0129363635048736   0
0.157506705787309   0.306621719553997   0.0625079321069085   0.00310641184942673   0
0.288683975489046   0.31884645800918   0.131177269701737   0.0122247384551833   0
0.251803515409317   0.333849887349464   -0.0368804600797291   0.015003429340284   0
0.116598679042303   0.329011840226533   -0.135204836367014   -0.00483804712293084   0
0.178974435945836   0.331247789540549   0.0623757569035325   0.00223594931401583   0
0.199825102166219   0.319456530851226   0.0208506662203838   -0.0117912586893237   0
0.162773717993815   0.337840648783935   -0.0370513841724044   0.0183841179327093   0
0.125974473185046   0.336604164286852   -0.0367992448087684   -0.00123648449708291   0
