0.246639789408562   0   0   0
0.197757675430317   -0.082002712990198   -0.0488821139782456   0
0.120411042368858   -0.0110821998577302   -0.0773466330614584   0
0.134589228793773   -0.00603241267896731   0.0141781864249144   0
0.102380203891817   -0.0589406652715824   -0.0322090249019558   0
0.0704023547304527   0.0205071185375744   -0.0319778491613642   0
0.0655432026990404   -0.0148640763035823   -0.00485915203141229   0
0.0729272410922352   0.0952754532604099   0.00738403839319478   0
0.0705615003313599   -0.0961506146543415   -0.00236574076087533   0
0.0881493211111713   -0.00134483124279561   0.0175878207798115   0
0.115637601662867   -0.0387800042340007   0.0274882805516961   0
0.112918494721591   -0.0238243980048619   -0.00271910694127629   0
0.0450009552617597   -0.048354416119952   -0.0679175394598314   0
0.16371863514992   0.0598427361015111   0.11871767988816   0
0.144050344423608   -0.0335237461409616   -0.019668290726312   0
0.142925036615956   -0.0515610495648907   -0.00112530780765119   0
0.141457201800306   -0.0806702708420728   -0.00146783481565047   0
0.111967876409497   0.0623887589216536   -0.0294893253908085   0
0.144977771691051   -0.0701649407301071   0.0330098952815535   0
0.0747381216491959   0.0419151898707896   -0.0702396500418551   0
0.061988346329169   -0.0254344175375998   -0.0127497753200269   0
0.0528533923170973   0.014075273732958   -0.0091349540120717   0
0.0306149716349469   -0.0071655080428585   -0.0222384206821504   0
0.0285397510763962   0.0066147453883031   -0.00207522055855069   0
0.0669564838308621   0.0900370000788882   0.0384167327544659   0
0.0697677739769767   0.019957337962981   0.00281129014611456   0
0.0432049131770696   0.00551951269056258   -0.026562860799907   0
0.00984384980422421   0.00221630644262519   -0.0333610633728454   0
0.123772508373427   0.0743302568898651   0.113928658569203   0
0.136402904954917   -0.0761889164024629   0.0126303965814898   0
0.112852074743234   0.176712453528466   -0.0235508302116824   0
0.115541823576041   -0.109767831289129   0.00268974883280655   0
0.110503812885696   -0.0299608094828731   -0.00503801069034471   0
0.100801586906854   0.111082493176486   -0.00970222597884214   0
0.102432508139799   -0.0282668315916678   0.00163092123294527   0
0.159410707947712   0.0444060858507295   0.0569781998079126   0
0.100393090825514   -0.0363628724506945   -0.0590176171221972   0
0.123623761096561   -0.0914944534549732   0.0232306702710465   0
0.20707244375037   -0.0179468292474763   0.0834486826538086   0
0.190072209005551   -0.0174689065097522   -0.0170002347448183   0
0.183143075701076   0.0950409591056542   -0.0069291333044755   0
0.158664592238628   -0.0536928905763699   -0.0244784834624482   1
0.453716602332888   0.642679551068519   0.29505201009426   1
0.362019093916674   -0.372627448595628   -0.0916975084162135   1
0.290801980678004   -0.174750491426854   -0.0712171132386709   0
0.32063928777444   -0.0598946385492454   0.0298373070964362   0
0.316566257189585   0.123476309262388   -0.00407303058485486   0
0.333454718846656   0.0261378987299294   0.0168884616570711   0
0.261413430734798   0.014453649719654   -0.0720412881118577   0
0.243275656240246   -0.0354924966954642   -0.018137774494552   0
0.233922974786707   0.0334189312898711   -0.00935268145353901   0
0.26456571072399   0.0662155811953147   0.0306427359372828   0
0.268031070065011   -0.00299231213290996   0.00346535934102105   0
0.286324279084786   0.116019982079288   0.018293209019775   0
0.289037506807806   -0.0474034861725431   0.00271322772301985   0
0.291286524127877   0.01949004051357   0.00224901732007055   0
0.271367312907805   -0.0654479105874698   -0.0199192112200716   0
0.236515362607886   0.16798097165747   -0.0348519502999185   0
0.248648121760597   -0.0645786704873972   0.0121327591527102   0
0.256032826216723   0.044276018345498   0.00738470445612599   0
0.263518702990457   0.0214098119138383   0.00748587677373397   0
0.236040074939278   -0.00806970357938752   -0.0274786280511786   0
0.259428735386156   0.0206326274412393   0.0233886604468777   0
0.258815368630497   -0.00567662324484408   -0.000613366755658762   0
0.27205483938317   0.034729239484161   0.0132394707526732   0
0.282189520792321   0.02315618009823   0.0101346814091513   0
0.246386649699842   0.0367629015789269   -0.0358028710924797   0
0.225691839155828   -0.146648615126857   -0.020694810544014   0
0.277445422635358   0.0858501450313381   0.0517535834795305   0
0.245232680568271   -0.0213650663957468   -0.0322127420670872   0
0.257244911971469   0.0787522682323878   0.0120122314031982   0
0.259874939879551   -0.0119195571796533   0.00263002790808142   0
0.247187572629249   0.0159727297110671   -0.0126873672503021   0
0.243642871028356   -0.109213330219913   -0.00354470160089274   0
0.271452940792916   0.133363584013207   0.0278100697645604   0
0.257820235333173   -0.0137818138833068   -0.0136327054597436   0
0.224443419446868   -0.0699743734585292   -0.0333768158863051   0
0.224360813065696   0.0634910368962952   -8.26063811719402e-05   0
0.242257434158376   0.039611334192224   0.0178966210926807   0
0.240137975794964   -0.0985286105804521   -0.00211945836341274   0
0.239700594195597   0.0159469377794194   -0.000437381599366071   0
0.260923247801959   0.0122664470721595   0.0212226536063615   0
0.258169527668836   0.101234879056852   -0.00275372013312275   0
0.281428378876509   -0.0437825924724203   0.023258851207673   0
0.253467008074535   0.0390100927385213   -0.0279613708019745   0
0.274103848975176   0.0155219992104363   0.0206368409006416   0
0.26672273477294   -0.00924366768209395   -0.00738111420223597   0
0.268941918511704   0.0653277714029177   0.00221918373876406   0
0.25720247441657   0.00753522334862899   -0.0117394440951346   0
0.258264959163763   -0.0289020878680103   0.00106248474719289   0
0.243263587072254   -0.0390580610426811   -0.0150013720915089   0
0.277409523294245   0.0737571970819051   0.0341459362219907   0
0.298813239713788   0.0624389552430278   0.021403716419544   0
0.319009911415382   0.0306041704129623   0.0201966717015938   0
0.331265177826994   0.0354940848905889   0.0122552664116118   0
0.329959697676095   0.0231230853198232   -0.0013054801508991   0
0.32698912969738   -0.0468961105414381   -0.00297056797871498   0
0.288289601319142   -0.0218396602160029   -0.0386995283782378   0
0.291700095719045   -0.00366686795782956   0.00341049439990265   0
0.28690033639576   0.0114040087746461   -0.00479975932328536   0
0.281976953282573   0.0860562072415225   -0.0049233831131863   0
0.257362712304488   -0.248169909099953   -0.0246142409780856   0
0.333307735448024   0.199582788840907   0.0759450231435364   0
0.241445274904589   -0.374949989560421   -0.0918624605434352   1
0.243462323942335   0.0317397253540622   0.00201704903774624   0
0.278675178043363   0.0577402887996593   0.0352128541010278   0
0.24993475048022   0.0151516639747916   -0.0287404275631425   0
0.222970243791162   -0.00116898194422466   -0.0269645066890588   0
0.247628806307445   0.0743159386096767   0.0246585625162832   0
0.234138303541411   -0.0527247125581551   -0.0134905027660336   0
0.21992357844374   0.0799791470023226   -0.0142147250976709   0
0.258126378480096   0.0675171654800701   0.0382028000363561   0
0.221856735803198   -0.0393468862104384   -0.0362696426768985   0
0.22915360800618   -0.00241606958843721   0.00729687220298203   0
0.242461831363722   0.0613765674211694   0.0133082233575421   0
0.260295697024077   -0.031472604740191   0.0178338656603548   0
0.153965071019371   -0.28729083843778   -0.106330626004706   0
0.211082982779765   0.18138376918245   0.0571179117603937   0
0.214743634707178   0.0746859229712916   0.00366065192741341   0
0.216385336958168   0.0115374699769756   0.00164170225099   0
0.217729561139502   0.0290745743073332   0.00134422418133343   0
0.221702941803892   0.0678974786501161   0.00397338066439057   0
0.256437358891016   0.035043620881112   0.0347344170871242   0
0.235162025400042   -0.0456137782129069   -0.0212753334909744   0
0.261883524974845   0.034444650044412   0.0267214995748025   0
0.233507465520912   0.0271972176781792   -0.0283760594539323   0
0.22272950389991   -0.0630194431701567   -0.0107779616210023   0
0.22415052438317   -0.0167761791287637   0.00142102048325984   0
0.196620437976956   0.0208369332683889   -0.0275300864062138   0
0.205285827301838   -0.0149463169807051   0.00866538932488187   0
0.218094001640348   0.0329829928795424   0.0128081743385099   0
0.203345135103474   -0.00095445390334814   -0.014748866536874   0
0.215744951570715   0.0120198100909579   0.0123998164672409   0
0.212869689549146   -0.0225398295374835   -0.00287526202156821   0
0.195111580267548   0.106552381835336   -0.017758109281598   0
0.183620232464318   -0.0766374339507394   -0.0114913478032309   0
0.18157134345141   -0.0520332316255567   -0.0020488890129072   0
0.136547972307254   0.0840015639780465   -0.0450233711441567   0
0.145708204430988   -0.258209249004521   0.0091602321237341   0
0.223974558597204   -0.0713472114970757   0.0782663541662166   0
0.121244709405823   -0.0265401789419997   -0.102729849191381   0
0.15462387425899   -0.0772895387178855   0.033379164853167   0
0.152777964176317   0.0680634118017928   -0.00184591008267315   0
0.110080524228005   -0.0903876763602569   -0.0426974399483115   0
0.153540120798025   0.0610043390386328   0.0434595965700195   0
0.152211885425186   0.040650210918757   -0.0013282353728388   0
0.156252985211152   0.0222792269901607   0.00404109978596556   0
0.153856737604569   0.0879592218885699   -0.00239624760658266   0
0.165019474067578   0.0792875509800574   0.0111627364630088   0
0.164574301180417   0.011841715642308   -0.000445172887161199   0
0.159261479789221   0.0675586074686253   -0.00531282139119552   0
0.159036357708576   -0.00582651080645125   -0.000225122080645568   0
0.165513400914397   -0.0413767085150401   0.00647704320582168   0
0.166316172969355   -0.0536188107535723   0.00080277205495799   0
0.149389709440117   0.0310066287486923   -0.0169264635292385   0
0.15873381573755   -0.00661185621413984   0.00934410629743335   0
0.168452295662867   -0.0825613426074361   0.00971847992531705   0
0.176450769371382   0.0995439442621169   0.00799847370851448   0
0.177125173719188   0.0212826789594545   0.000674404347806329   0
0.165843026277743   0.00511763855034242   -0.0112821474414454   0
0.163239187173492   -0.0869215017803258   -0.00260383910425013   0
0.177252756831883   0.0603544590498908   0.0140135696583902   0
0.181450005685733   0.0750290692022031   0.00419724885385031   0
0.183312023883603   -0.0639185921127174   0.00186201819786974   0
0.177636221476512   -0.0914935145567315   -0.0056758024070904   0
0.194846713317136   -0.04032712520978   0.0172104918406233   0
0.125802286249098   -0.260387260591754   -0.0690444270680375   0
0.168700095065919   -0.0116142707747002   0.0428978088168206   0
0.1511300898018   0.0857694887189153   -0.0175700052641191   0
0.164513850838379   0.0568916741299003   0.0133837610365797   0
0.177315784200815   -0.00398218724344868   0.0128019333624358   0
0.186219523573584   0.0419367537830465   0.00890373937276867   0
0.213421305910399   0.0945177976569013   0.027201782336815   0
0.2391722820202   0.0426941400954675   0.0257509761098011   0
0.250614498084209   -0.00336462039156082   0.0114422160640091   0
0.236879300303446   0.0351151762917082   -0.0137351977807633   0
0.232213804823271   -0.0498057239792912   -0.00466549548017511   0
0.258488005728022   -0.0435249686781315   0.0262742009047515   0
0.236753520480689   -0.0577755146603238   -0.0217344852473332   0
0.257401885687537   0.0315261150776107   0.0206483652068483   0
0.26635820057631   0.0473340902122472   0.00895631488877313   0
0.270930438318123   -0.0283728473281496   0.00457223774181215   0
0.254398374277923   -0.0969127926361303   -0.0165320640401999   0
0.295264915224024   -0.0376940504285338   0.0408665409461013   1
0.175751100699967   -0.227614180686399   -0.119513814524057   1
