0.045138556670905   0   0   0
0.0306266007946283   -0.0064389533000143   -0.0145119558762767   0
0.0388364315383317   -0.013532076399563   0.00820983074370343   0
0.0356910550643995   -0.00204504519752047   -0.00314537647393216   0
0.0365392053207579   -0.0152963589288574   0.000848150256358322   0
0.0661563864155419   0.00117304975892191   0.0296171810947841   0
0.0461521321786979   -0.00826887956323923   -0.0200042542368441   0
0.0376823382743176   0.033905889816002   -0.00846979390438029   0
0.065308024959514   -0.0154320339520883   0.0276256866851964   0
0.0786238678080804   0.0122228292259437   0.0133158428485664   0
0.0656816411663488   0.12276309778827   -0.0129422266417316   0
0.0435956716114685   0.139183312732097   -0.0220859695548803   0
0.0555537261959088   -0.117335316675934   0.0119580545844403   0
0.0624195668116377   -0.0994942899606287   0.00686584061572892   0
0.144896836143634   -0.0271557272010554   0.0824772693319959   0
0.0982542621080675   -0.0827373335447164   -0.0466425740355661   0
0.0629753019346672   0.0268950340215241   -0.0352789601734003   0
0.0447818049410695   0.0262024282179984   -0.0181934969935977   0
0.0390452507701321   0.0160551134052866   -0.00573655417093746   0
0.0562084145135539   0.0141076379013866   0.0171631637434218   0
0.0469921811942689   -0.0805218026317436   -0.00921623331928502   0
0.0402260769438358   0.0433577981417109   -0.00676610425043307   0
0.0189692936027735   0.00409195653801743   -0.0212567833410623   0
0.0539234479563952   8.69174735609463e-05   0.0349541543536217   0
0.0259192947024745   0.00836158435616816   -0.0280041532539207   0
0.129476652731718   -0.0565007056837959   0.103557358029244   0
0.0971580226676624   0.0132226123655649   -0.032318630064056   0
0.092838320505328   0.00678818099482358   -0.00431970216233445   0
0.0796559730633083   0.00449747231979397   -0.0131823474420197   0
0.0734742622695356   0.0120934843249793   -0.00618171079377271   0
0.0794076861232116   0.00372797064047135   0.00593342385367605   0
0.0735084424836019   -0.00354726380472917   -0.00589924363960978   0
0.0714441890094795   0.0695537634296964   -0.0020642534741224   0
0.0565378704163192   -0.0218333434960936   -0.0149063185931603   0
0.0853154868945258   -0.0786866086054585   0.0287776164782066   0
0.0694692294516428   0.0384362087398931   -0.015846257442883   0
0.0512648804713444   0.0200354428122026   -0.0182043489802985   0
0.0661935977116556   -0.0268263490965892   0.0149287172403113   0
0.0607514181844753   -0.00686667761911895   -0.0054421795271803   0
0.0282770068236085   0.029997598304006   -0.0324744113608668   0
0.0303020928893121   -0.00817772787266063   0.00202508606570364   0
0.0320964283904378   0.0450984650221933   0.00179433550112566   0
0.0478856308230634   -0.0119824423319375   0.0157892024326256   0
0.100122081899412   0.0407362265716377   0.0522364510763483   0
0.107166295710219   -0.00739743735464027   0.00704421381080682   0
0.0784375969271937   0.0105217393271923   -0.0287286987830249   0
0.0849947837352246   -0.0177850377466487   0.00655718680803094   0
0.129829602214104   0.0174763755843343   0.0448348184788795   0
0.120554586963759   0.00815483958325569   -0.00927501525034523   0
0.105923767621979   0.0431425622080737   -0.0146308193417799   0
0.104453268126803   -0.0460707951642287   -0.00147049949517634   0
0.10531949676926   0.00833957309592448   0.000866228642457056   0
0.0951564970998434   0.0203418796985184   -0.0101629996694163   0
0.0929445182816615   -0.0130431513499011   -0.0022119788181819   0
0.12410197990082   -0.0174332251283972   0.0311574616191586   0
0.0986310379561831   0.00439461114096165   -0.025470941944637   0
0.106497417363172   0.00215857697517638   0.00786637940698917   0
0.0878018871949005   -0.00780583070873506   -0.0186955301682718   0
0.0871965709108449   -0.00771213284058087   -0.000605316284055593   0
0.10092376455683   -0.00929925084219382   0.0137271936459853   0
0.108368032419298   -0.0240435975198819   0.00744426786246769   0
0.105072110368761   0.00141389978997206   -0.00329592205053733   0
0.0884350952810874   0.00021341902136518   -0.0166370150876732   0
0.0961703905149215   0.0329662433650915   0.00773529523383412   0
0.0862466356447172   -0.0223332919323587   -0.0099237548702043   0
0.0524695129961438   0.0121658071978173   -0.0337771226485734   0
0.0893135435522099   0.0242196567780772   0.0368440305560662   0
0.114404505508131   -0.041717178179363   0.0250909619559212   0
0.0771397622521129   -0.0632201838922815   -0.0372647432560182   0
0.103948981160399   0.0161500966004356   0.0268092189082862   0
0.10609206188839   -0.0306491695536489   0.00214308072799105   0
0.083013082117971   0.019944762756114   -0.0230789797704191   0
0.0724538174799513   0.0317271437344503   -0.0105592646380197   0
0.105132930672126   0.000518957817275997   0.0326791131921744   0
0.101388196459216   0.0166981412968282   -0.00374473421291013   0
0.0858441307953549   -0.00206486052329827   -0.0155440656638607   0
0.112349349795459   -0.0153697598152823   0.0265052190001045   0
0.0709806765719727   -0.0287489610497934   -0.0413686732234867   0
0.0674174686730561   0.0323650771511323   -0.00356320789891663   0
0.0268252606296383   0.056905839833014   -0.0405922080434178   0
0.0499767247320743   -0.0445444921898826   0.0231514641024359   0
0.0480373353234953   -0.0227574129299775   -0.00193938940857902   0
0.0615220340996013   0.0626425852439746   0.013484698776106   0
0.0560270981587082   -0.0519858481820005   -0.00549493594089304   0
0.0547525880590361   0.0311616933213559   -0.00127451009967213   0
0.0856312476290197   0.0198824799926049   0.0308786595699837   0
0.0802107371679473   0.00965502877798191   -0.00542051046107243   0
0.0884709912318616   -0.010195992614699   0.00826025406391424   0
0.0919492516509786   -0.0412899568064684   0.00347826041911709   0
0.0842726776422525   0.008222296383702   -0.00767657400872616   0
0.0945005718216826   -0.0190674252053563   0.0102278941794302   0
0.0884535215975741   0.0209208546541177   -0.00604705022410858   0
0.0930824568205792   0.041622035020722   0.00462893522300517   0
0.104917382295094   0.0296844595652273   0.0118349254745152   0
0.131646717044179   -0.0254210650292569   0.0267293347490841   0
0.12693472715648   0.157277750555681   -0.00471198988769858   0
0.156167544703245   -0.245986937712026   0.029232817546765   0
0.150875057251232   0.00893253824173768   -0.00529248745201302   0
0.145628316464381   -0.00853830128021955   -0.00524674078685053   0
0.122858948755799   0.0561668818520212   -0.0227693677085821   0
0.1153212491586   0.0129071599520683   -0.00753769959719881   0
0.108065647828484   0.0350892471146736   -0.00725560133011607   0
0.106804624587187   -0.00955614059206006   -0.00126102324129711   0
0.115305443623998   0.0115252844568776   0.00850081903681095   0
0.154232905378522   -0.0135056692425449   0.0389274617545234   0
0.268754080350885   -0.0535572643823968   0.114521174972363   0
0.226046246337447   -0.00156876775161   -0.0427078340134376   0
0.219994798152706   0.0171074388525522   -0.00605144818474118   0
0.235706186685882   -0.0579939081370192   0.015711388533176   0
0.177264342374602   0.0288063678565552   -0.0584418443112806   0
0.146272685226942   0.0981226612555796   -0.0309916571476599   0
0.144734629136361   -0.0350613091365914   -0.00153805609058069   0
0.130281700849697   -0.000841309959515174   -0.0144529282866639   0
0.14705462037709   0.0460985239389553   0.0167729195273926   0
0.119335175948879   0.000256151539734573   -0.0277194444282104   0
0.12947337274939   -0.0220782047535378   0.0101381968005107   0
0.15124193930091   0.0566865960131146   0.0217685665515195   0
0.199165378408246   -0.0694611813326614   0.047923439107337   0
0.169774922249283   -0.0247518791821689   -0.0293904561589637   0
0.173519558967426   0.0158951891048883   0.00374463671814321   0
0.202610598534479   -0.0288440051826102   0.0290910395670535   0
0.231208031122407   0.00646806881551329   0.0285974325879277   0
0.17417560127426   0.018068522996918   -0.0570324298481472   0
0.193358615376973   -0.00820715425898069   0.0191830141027126   0
0.217739849651482   -0.0376476350209876   0.0243812342745095   0
0.20415171546977   0.0166266890671272   -0.0135881341817119   0
0.158236042067389   0.0141677676460873   -0.0459156734023812   0
0.0997554115524567   0.0118259390888612   -0.0584806305149324   0
0.148413605344153   0.0265227982600657   0.0486581937916963   0
0.141776609390442   -0.0604106873884207   -0.00663699595371087   0
0.1641566740084   0.0356370014540814   0.0223800646179576   0
0.213806721790967   0.122045659271855   0.0496500477825674   0
0.152784919450514   -0.00792875162515888   -0.0610218023404533   0
0.163715909584255   0.0275998200651882   0.0109309901337413   0
0.135307475311788   0.00170970348247379   -0.0284084342724675   0
0.134022343757487   -0.0513304519441641   -0.00128513155430063   0
0.134031816182399   0.00016414165362022   9.47242491244893e-06   0
0.159955055822917   -0.092172501289822   0.0259232396405176   0
0.131681242240267   -0.00919370085127316   -0.0282738135826495   0
0.125527360828466   0.0324800124007283   -0.00615388141180109   0
0.108719408947437   0.0491378290917076   -0.0168079518810295   0
0.134857799769136   0.0729442809600225   0.0261383908216996   0
0.185225950913445   -0.190929430183108   0.0503681511443087   0
0.146792433851783   0.117987719580495   -0.0384335170616625   0
0.108292498015294   -0.047798928722739   -0.0384999358364885   0
0.12700581949523   -0.00517166153405713   0.018713321479936   0
0.154942472757408   0.0213865575575775   0.0279366532621774   0
0.184749167747787   0.0263014422162031   0.0298066949903796   0
0.187676200591604   -0.00223891674213356   0.0029270328438169   0
0.217217959792118   -0.00742821342338013   0.0295417592005135   0
0.259185433901097   -0.00793355717728267   0.0419674741089795   0
0.266253882454792   -0.0298222792459465   0.00706844855369448   0
0.315076262352466   -0.00165613887083887   0.0488223798976745   0
0.280656145066343   -0.0317072243140727   -0.0344201172861233   0
0.273460486748543   -0.0118561261794467   -0.00719565831779989   0
0.291522083771967   0.00470390833911247   0.0180615970234246   0
0.305057471212803   -0.015396621484746   0.0135353874408353   0
0.283113106632756   0.0456744649314142   -0.0219443645800472   0
0.294627977022719   0.0145556303656681   0.0115148703899637   0
0.324532482622695   0.00641247838626263   0.0299045055999759   0
0.319845982804224   0.0119766792665203   -0.00468649981847119   0
0.312804486537917   -0.0204102785129311   -0.0070414962663069   0
0.33028156105738   -0.0391789173619826   0.0174770745194631   0
0.328713100273628   0.0174772168274247   -0.00156846078375261   0
0.469834131767265   0.0913086155961377   0.141121031493638   0
0.52087074401069   -0.0327520492368508   0.051036612243425   0
0.419317183491805   -0.0574184941042847   -0.101553560518885   0
0.393180816084025   -0.0170510444515626   -0.0261363674077797   0
0.331821054342924   -0.0108864558459195   -0.0613597617411007   0
0.346357504001285   0.0312218799474867   0.0145364496583604   0
0.331808089017206   -0.0291933290744811   -0.014549414984079   0
0.273959455677752   0.0225193829924283   -0.0578486333394541   0
0.32991676676133   -0.0874867977608318   0.0559573110835786   0
0.339514388466086   0.0655624991851856   0.0095976217047552   0
0.326939725729759   -0.0242791160514447   -0.0125746627363265   0
0.33905238023276   0.0696759063726974   0.0121126545030009   0
0.345243664633039   -0.0197420671936257   0.00619128440027866   0
0.382430679284821   -0.0148417834802531   0.0371870146517829   0
0.361265162072473   0.0193256783417004   -0.0211655172123488   0
0.341688962741702   -0.00610458206095454   -0.019576199330771   0
0.309208645739814   0.0195512350327316   -0.0324803170018873   0
0.304781395182678   0.00871983441659235   -0.00442725055713594   0
0.307649644180275   -0.0286433983288739   0.00286824899759691   0
0.336774909090998   0.00620918266098328   0.0291252649107227   0
0.330553491871588   -0.032294131709409   -0.00622141721941005   0
0.355645480235937   0.0277933081470648   0.0250919883643487   0
0.339582225320319   -0.0152482316405192   -0.0160632549156175   0
0.398163200542818   0.0154116546685553   0.0585809752224984   0
0.379998984675288   -0.0728402434412303   -0.0181642158675293   0
0.366806337455475   0.0591551485600234   -0.013192647219813   0
0.314571371669451   -0.0145780290748562   -0.0522349657860241   0
0.345772769755297   0.011808925946757   0.0312013980858463   0
0.394688435745526   -0.103737540043583   0.0489156659902283   0
0.312225117498977   0.0442250963170016   -0.0824633182465488   0
0.296607518641217   0.0444570252569418   -0.0156175988577598   0
0.288935432567987   0.0150802584167326   -0.00767208607322978   0
0.316372140324097   -0.0215403511278442   0.0274367077561094   0
0.304560137733502   0.0399814202421037   -0.0118120025905943   0
0.290343872424579   -0.0311687616261306   -0.0142162653089238   0
0.3078637641413   0.0162247469624663   0.0175198917167213   0
0.307040526140687   -0.0113022691191696   -0.000823238000612792   0
0.347210407005248   0.0299571896279229   0.0401698808645609   0
0.396039576737288   -0.00481277612860134   0.0488291697320397   0
0.434280690676549   -0.0322165767426368   0.0382411139392608   0
0.485873623992134   -0.0645919096879185   0.0515929333155858   0
0.48937283801949   0.00541462603799979   0.00349921402735565   0
0.476631045822919   0.0637764085681264   -0.0127417921965705   0
0.466069137915449   -0.0592555537196458   -0.0105619079074702   0
0.407305294377878   -0.0447495318844869   -0.0587638435375711   0
0.542599607410013   0.00141876255383631   0.135294313032135   0
0.529266160082288   0.0674455880279131   -0.013333447327725   0
0.455670877160534   0.0147088788131197   -0.0735952829217543   0
0.427462495329707   -0.0227706667989027   -0.0282083818308262   0
0.453305446216456   -0.00580406678828556   0.0258429508867483   0
0.495875338998876   0.022807508533727   0.0425698927824202   0
0.499584881616978   0.00017950923249907   0.00370954261810225   0
0.484326490381488   -0.010987325756375   -0.0152583912354897   0
0.530805364246397   0.0556665049596376   0.0464788738649085   0
0.56256192021701   0.00405232634404293   0.0317565559706137   0
0.585245519094764   -0.00543562978585246   0.0226835988777536   0
0.574129012178447   -0.0177139878025087   -0.0111165069163166   0
0.545861234102773   -0.0131212501133652   -0.0282677780756744   0
0.552635981911249   0.045691269497151   0.00677474780847553   0
0.575663739400442   -0.0190208831893079   0.0230277574891933   0
0.49700947769283   0.0401507064693641   -0.0786542617076117   0
0.544878186301653   -0.0359368277813563   0.0478687086088232   0
0.493578298184104   0.0112967525017231   -0.0512998881175497   0
0.551401904826975   -0.0287710629363745   0.057823606642871   0
0.569659273454396   0.0359397626277164   0.0182573686274211   0
0.594658012884927   0.034223931224347   0.0249987394305311   0
0.596271091629269   -0.0194627504721955   0.00161307874434191   0
0.429437147433999   -0.125301690822767   -0.16683394419527   0
0.331678546881615   0.0126047469470433   -0.0977586005523833   0
0.307659693102952   0.0684047117082099   -0.0240188537786636   0
0.332401200777028   0.0104081543273778   0.0247415076740761   0
0.361060361099097   0.0428259152360165   0.0286591603220687   0
0.378138221835115   -0.0334704599712265   0.0170778607360182   0
0.425764406129716   0.0108014312871162   0.0476261842946015   0
0.421517507267183   -0.0258495011699169   -0.00424689886253293   0
0.402629731556392   -0.000843494214640222   -0.0188877757107911   0
0.426880337186242   -0.0149479611363739   0.0242506056298501   0
0.407796449691635   0.0107493617288039   -0.019083887494607   0
0.429886108231134   -0.00604241208538533   0.0220896585394983   0
0.461109286505108   0.0246687965951907   0.0312231782739745   0
0.611902778617423   0.0628218366332767   0.150793492112314   0
0.639955153185948   -0.0208264950161892   0.0280523745685253   0
0.503887364899627   -0.00618081303383075   -0.136067788286321   0
0.474144202346617   0.0207575542984255   -0.0297431625530097   0
0.472630717483682   -0.0135437336819639   -0.00151348486293534   0
0.470708115451139   -0.0192093635861436   -0.00192260203254324   0
0.483593534709484   -0.00187392406624107   0.0128854192583448   0
0.466640660496744   0.0317323945348355   -0.01695287421274   0
0.42091519573867   0.036972358393196   -0.045725464758074   0
0.425728458706277   -0.00593342699653643   0.00481326296760781   0
0.435803099140988   -0.020404098908925   0.0100746404347108   0
0.472330583973558   -0.00847485084452423   0.03652748483257   0
0.455306854837265   0.000412821668628521   -0.017023729136293   0
0.609332113236698   -0.0219372087977935   0.154025258399433   0
0.580637970509379   0.0893223484687158   -0.0286941427273192   0
0.776699660037585   0.0529817766138822   0.196061689528206   0
