0.355705123593546   0.250169840551374   0   0   0
0.461623437294566   0.17774489629874   0.10591831370102   -0.0724249442526338   0
0.307270204500859   0.150477288388688   -0.154353232793706   -0.0272676079100521   0
0.385587394043633   0.105270254250144   0.0783171895427737   -0.0452070341385442   0
0.310407250614382   0.119904561724833   -0.0751801434292507   0.0146343074746893   0
0.358839629982308   0.11293717838056   0.048432379367926   -0.00696738334427317   0
0.418632458630252   0.107983287022807   0.059792828647944   -0.00495389135775293   0
0.361021087012061   0.0859713213555107   -0.0576113716181916   -0.0220119656672966   0
0.256114251940262   0.0914405538292639   -0.104906835071799   0.00546923247375312   0
0.22336273232265   0.0816741580386919   -0.0327515196176116   -0.00976639579057194   0
0.367896966357376   0.0747769690636428   0.144534234034725   -0.00689718897504908   0
0.227102867162988   0.0972360402461453   -0.140794099194387   0.0224590711825025   0
0.20620751285928   0.0715462608947176   -0.0208953543037088   -0.0256897793514277   0
0.262103385260111   0.0569630031496541   0.055895872400831   -0.0145832577450636   0
0.16068776295602   0.0573861135301878   -0.101415622304091   0.000423110380533692   0
0.208340591574206   0.0610783630171315   0.0476528286181859   0.00369224948694374   0
0.132498764737034   0.0594613340539253   -0.0758418268371713   -0.00161702896320619   0
0.119498434084845   0.0653028156478915   -0.0130003306521896   0.00584148159396615   0
0.148899255696259   0.0458583864765759   0.0294008216114145   -0.0194444291713156   0
0.135537940343876   0.0442825920515331   -0.0133613153523836   -0.00157579442504283   0
0.0920693544129641   0.0523614831234993   -0.0434685859309115   0.00807889107196622   0
0.132348510311412   0.0286444224080361   0.0402791558984482   -0.0237170607154632   0
0.148619937435494   0.0296515685071633   0.0162714271240812   0.00100714609912724   0
0.139127530982045   0.0372534736104903   -0.00949240645344809   0.007601905103327   0
0.230498144662143   0.0803979166304233   0.0913706136800972   0.043144443019933   0
0.127851425295145   0.0465447124692752   -0.102646719366998   -0.0338532041611481   0
0.232573654357947   0.0620875074283064   0.104722229062803   0.0155427949590312   0
0.226779476958322   0.0462618822341353   -0.00579417739962562   -0.0158256251941711   0
0.134889673812231   0.0614910152137286   -0.0918898031460911   0.0152291329795933   0
0.174540684114679   0.0529885173974513   0.0396510103024478   -0.00850249781627729   0
0.151043331564985   0.0626908824607095   -0.0234973525496935   0.00970236506325824   0
0.251569727979282   0.0809089725690235   0.100526396414297   0.018218090108314   0
0.150290924528296   0.0765319715385727   -0.101278803450986   -0.00437700103045084   0
0.185886802074972   0.0630394218730034   0.0355958775466764   -0.0134925496655693   0
0.138726127994549   0.0751684462839295   -0.0471606740804235   0.0121290244109261   0
0.153458173265845   0.0813508014623704   0.0147320452712956   0.00618235517844083   0
0.128273851970462   0.0862122525977746   -0.0251843212953827   0.00486145113540427   0
0.114149432524695   0.0915819489259346   -0.0141244194457666   0.00536969632815999   0
0.167148326876221   0.104519480226176   0.0529988943515255   0.0129375313002414   0
0.138573188084672   0.120011486618209   -0.0285751387915485   0.0154920063920327   0
0.139384522958756   0.106999704290024   0.000811334874083663   -0.0130117823281852   0
0.18646248654413   0.0998852117475855   0.0470779635853743   -0.00711449254243805   0
0.135014772127645   0.110732989382839   -0.051447714416485   0.0108477776352538   0
0.196258081101136   0.116074810073073   0.0612433089734905   0.00534182069023383   0
0.174232707865458   0.13082314954965   -0.0220253732356779   0.0147483394765766   0
0.212898207146068   0.128453983895168   0.0386654992806099   -0.002369165654482   0
0.225844761759943   0.145630673265937   0.0129465546138756   0.017176689370769   0
0.143603160782415   0.164266291198194   -0.0822416009775289   0.0186356179322577   0
0.18678411991133   0.149316841638477   0.0431809591289151   -0.0149494495597175   0
0.166011650916782   0.161896630825042   -0.0207724689945473   0.0125797891865653   0
0.131442158064755   0.169766408584156   -0.0345694928520275   0.00786977775911354   0
0.283593980972869   0.187220871171592   0.152151822908114   0.0174544625874367   0
0.202943255646893   0.190056653692452   -0.0806507253259765   0.00283578252085925   0
0.149535834852284   0.188835113762801   -0.0534074207946084   -0.00122153992965063   0
0.193075562290312   0.189290736679347   0.0435397274380275   0.0004556229165463   0
0.251531984184298   0.174635248944765   0.0584564218939865   -0.0146554877345825   0
0.194523308942682   0.205027254732761   -0.0570086752416164   0.0303920057879962   0
0.258923366883505   0.214633702968127   0.0644000579408231   0.00960644823536555   0
0.310265527019926   0.202954730768027   0.0513421601364212   -0.0116789722000992   0
0.214550166387001   0.188387551978627   -0.0957153606329245   -0.0145671787894001   0
0.25989194004013   0.205474675437412   0.0453417736531284   0.0170871234587852   0
0.157347142793781   0.2231522613699   -0.102544797246349   0.0176775859324871   0
0.236249513362906   0.215948391924373   0.0789023705691256   -0.00720386944552687   0
0.253286545512864   0.213646220874656   0.0170370321499575   -0.00230217104971628   0
0.20356325166385   0.241286476403569   -0.0497232938490136   0.0276402555289124   0
0.313338234269998   0.22482090535226   0.109774982606148   -0.0164655710513086   0
0.250824795690637   0.234675154247313   -0.0625134385793603   0.00985424889505238   0
0.260860855009026   0.240367058329547   0.0100360593183884   0.00569190408223463   0
0.292446987203767   0.254916109336483   0.0315861321947407   0.0145490510069362   0
0.298688535624252   0.259219647626294   0.00624154842048535   0.00430353828981045   0
0.251952490778341   0.269927573493799   -0.0467360448459109   0.0107079258675046   0
0.340586689621013   0.290096153505178   0.0886341988426717   0.0201685800113798   0
0.273065160707249   0.294189001111105   -0.0675215289137638   0.0040928476059271   0
0.218459010618583   0.312574062174871   -0.0546061500886661   0.0183850610637654   0
0.338509656513208   0.288885148999131   0.120050645894625   -0.02368891317574   0
0.252038896904736   0.287045001824191   -0.0864707596084721   -0.00184014717493952   0
0.43611996749633   0.290081543930754   0.184081070591594   0.00303654210656279   0
0.27628597344136   0.307190611500824   -0.15983399405497   0.0171090675700696   0
0.3078438664847   0.274646230027375   0.0315578930433401   -0.0325443814734483   0
0.27731809680944   0.28463269881463   -0.0305257696752602   0.00998646878725484   0
0.274110395511193   0.295855048348849   -0.00320770129824738   0.0112223495342191   0
0.332390036285145   0.285883793913279   0.0582796407739523   -0.00997125443557062   0
0.275266595393368   0.300138328840636   -0.0571234408917772   0.0142545349273577   0
0.27527394932287   0.313310575421976   7.35392950218516e-06   0.0131722465813401   0
0.354346278194085   0.290057094623197   0.0790723288712152   -0.0232534807987799   0
0.248220225766878   0.308118791046976   -0.106126052427207   0.0180616964237794   0
0.3157907085183   0.312597313719264   0.0675704827514219   0.0044785226722881   0
0.25769447005778   0.319117714050396   -0.0580962384605203   0.00652040033113149   0
0.30701981349965   0.299736639504582   0.0493253434418703   -0.0193810745458131   0
0.272344318853449   0.313748109604265   -0.0346754946462016   0.0140114700996827   0
0.465846561469547   0.309319898875743   0.193502242616098   -0.00442821072852201   0
0.29406601676258   0.283098345541792   -0.171780544706967   -0.0262215533339509   0
0.417229028179776   0.299104823413548   0.123163011417196   0.0160064778717562   0
0.257415203803116   0.275433432744647   -0.159813824376659   -0.0236713906689014   0
0.388910461115679   0.298691216756536   0.131495257312562   0.023257784011889   0
0.270151251627676   0.294117346898309   -0.118759209488003   -0.00457386985822739   0
0.407134016650537   0.327124331702795   0.136982765022861   0.0330069848044859   0
0.258746886348416   0.312339064718937   -0.148387130302122   -0.0147852669838581   0
0.272471725072089   0.318993842637284   0.0137248387236731   0.00665477791834701   0
0.299763549289586   0.318322146773123   0.027291824217497   -0.000671695864160049   0
0.326338348409071   0.346496228242098   0.0265747991194847   0.0281740814689744   0
0.371540667017086   0.345987580532886   0.045202318608015   -0.000508647709212273   0
0.267091681406236   0.366411443123028   -0.10444898561085   0.0204238625901424   0
0.359752695071337   0.360257384902447   0.092661013665101   -0.00615405822058074   0
0.290960416092705   0.368617173351297   -0.0687922789786315   0.0083597884488496   0
0.265019641459723   0.393289037834135   -0.0259407746329822   0.0246718644828386   0
0.311219098172477   0.368342467406692   0.0461994567127544   -0.0249465704274434   0
0.28284949401079   0.372213087078155   -0.028369604161687   0.00387061967146268   0
0.329915311658856   0.395715880890886   0.0470658176480658   0.0235027938127314   0
0.340444771811288   0.371090103353283   0.0105294601524322   -0.0246257775376035   0
0.221718172424296   0.371692232771281   -0.118726599386992   0.000602129417998198   0
0.293986893176278   0.361495553684274   0.0722687207519812   -0.0101966790870066   0
0.255508206246786   0.38438792650947   -0.0384786869294917   0.0228923728251961   0
0.232396821400869   0.403007685115929   -0.0231113848459163   0.0186197586064589   0
0.28436650222353   0.379751834426445   0.0519696808226605   -0.0232558506894844   0
0.240971186858932   0.398996116813811   -0.0433953153645976   0.0192442823873658   0
0.401119443040349   0.393042071482494   0.160148256181417   -0.00595404533131655   0
0.293977920144099   0.423599963148015   -0.107141522896251   0.0305578916655214   0
0.326849163444485   0.433927144364408   0.0328712433003869   0.0103271812163928   0
0.360088971430562   0.410475082793402   0.0332398079860765   -0.0234520615710065   0
0.285742543237755   0.440195284668634   -0.0743464281928074   0.0297202018752326   0
0.308347309910902   0.455038960867638   0.0226047666731476   0.0148436761990039   0
0.400857476122487   0.423672073661045   0.0925101662115845   -0.0313668872065931   0
0.302713367553219   0.449238603813441   -0.0981441085692681   0.025566530152396   0
0.380966915368317   0.44944543386795   0.0782535478150979   0.000206830054509   0
0.406873099598683   0.449313845604885   0.0259061842303667   -0.000131588263065641   0
0.342032737345842   0.450617012789409   -0.0648403622528408   0.00130316718452406   0
0.330185744330006   0.490983194759505   -0.0118469930158365   0.0403661819700964   0
0.375848311101979   0.504790035514024   0.0456625667719732   0.0138068407545194   0
0.391793973731813   0.506493111397628   0.0159456626298344   0.00170307588360352   0
0.38308105622663   0.52047391178257   -0.00871291750518349   0.0139808003849415   0
0.388289604082686   0.572076774079756   0.00520854785605596   0.0516028622971864   0
0.45396348702291   0.596294060745409   0.0656738829402244   0.0242172866656535   0
0.395567134981864   0.568251788416455   -0.0583963520410465   -0.028042272328954   0
0.329846529675681   0.601160013524062   -0.0657206053061826   0.0329082251076062   0
0.343419929261087   0.553122568713979   0.0135733995854059   -0.048037444810083   0
0.321306417513392   0.577710754402885   -0.0221135117476953   0.0245881856889061   0
0.291000692659139   0.589432565061517   -0.0303057248542532   0.0117218106586328   0
0.416199606819853   0.575097401458657   0.125198914160714   -0.0143351636028601   0
0.324450732411317   0.61125903256271   -0.0917488744085357   0.0361616311040526   0
0.324058162969998   0.598351154147378   -0.000392569441318713   -0.0129078784153314   0
0.383995586767986   0.584930150295315   0.0599374237979879   -0.0134210038520634   0
0.342571980052499   0.605171599818184   -0.0414236067154868   0.0202414495228687   0
0.353948344213446   0.619807928078933   0.0113763641609466   0.0146363282607492   0
0.386389661947949   0.608374439753389   0.0324413177345028   -0.011433488325544   0
0.336539314965206   0.607195872231111   -0.0498503469827429   -0.00117856752227785   0
0.356155648710279   0.621208089170811   0.0196163337450737   0.0140122169396997   0
0.407103661369141   0.604202519428089   0.0509480126588612   -0.017005569742722   0
0.319018478238189   0.607884244663612   -0.0880851831309515   0.00368172523552313   0
0.321483008555102   0.595021849851331   0.00246453031691313   -0.0128623948122809   0
0.305015342763016   0.599607139280796   -0.0164676657920866   0.00458528942946512   0
0.321583087383168   0.601462096407787   0.0165677446201518   0.0018549571269908   0
0.366554144349781   0.585781791798362   0.0449710569666133   -0.0156803046094245   0
0.312456534127377   0.601612669497784   -0.0540976102224036   0.0158308776994216   0
0.354264268999853   0.63599055446622   0.0418077348724754   0.034377884968436   0
0.330647064132498   0.656418862687918   -0.023617204867355   0.0204283082216982   0
0.405522546517453   0.657574556125197   0.0748754823849555   0.00115569343727895   0
0.319082545649304   0.659893176197671   -0.0864400008681495   0.00231862007247352   0
0.411572825071092   0.654591276189578   0.0924902794217887   -0.00530190000809294   0
0.385994177680648   0.625317109164622   -0.0255786473904439   -0.0292741670249556   0
0.327754371718609   0.648796346592866   -0.0582398059620396   0.0234792374282436   0
0.360940846144129   0.667331498817866   0.0331864744255205   0.0185351522250006   0
0.403123354682942   0.653777295437062   0.0421825085388128   -0.013554203380804   0
0.662169692353856   0.577564042200516   0.259046337670914   -0.0762132532365458   0
0.343533925892931   0.638917784787292   -0.318635766460924   0.0613537425867752   1
0.411105133048713   0.665312788356161   0.0675712071557816   0.0263950035688695   0
0.316843446121851   0.679914866839408   -0.0942616869268623   0.0146020784832469   0
0.390954049274796   0.685067661130454   0.0741106031529459   0.00515279429104554   0
0.384921548834058   0.706441432118226   -0.00603250044073861   0.0213737709877723   0
0.341922795721329   0.700994015576988   -0.0429987531127284   -0.00544741654123815   0
0.349255430149182   0.704144950338529   0.00733263442785226   0.00315093476154171   0
0.333576303979882   0.675693562623435   -0.0156791261692994   -0.0284513877150943   0
0.344215455957108   0.703016003706352   0.010639151977226   0.0273224410829171   0
0.316665293110202   0.685443755733466   -0.0275501628469066   -0.0175722479728859   0
0.33602608818273   0.689079051038595   0.0193607950725287   0.00363529530512829   0
0.297094964191755   0.701152829556617   -0.0389311239909757   0.012073778518022   0
0.303368185851533   0.666528912084465   0.00627322165977778   -0.0346239174721521   0
0.325591949129582   0.698160749822346   0.022223763278049   0.0316318377378811   0
0.306784626390779   0.677847900435267   -0.0188073227388023   -0.0203128493870786   0
0.314565491954085   0.670716109399126   0.00778086556330587   -0.00713179103614159   0
0.33269278275143   0.682015344709157   0.0181272907973445   0.0112992353100312   0
0.316191966164164   0.660582754741789   -0.0165008165872654   -0.0214325899673682   0
0.313121615310298   0.632036922873577   -0.0030703508538667   -0.0285458318682116   0
0.337905662274976   0.65144076644408   0.0247840469646782   0.0194038435705026   0
0.400461108536147   0.6782271783009   0.0625554462611715   0.0267864118568198   0
