0   0   0   0
0   0.0527781156644494   0   0
0.0264031754340742   0.0325472653075099   0.0264031754340742   0
0.0367541579429117   0.0952875883226348   0.0103509825088375   0
0.0501457225804206   -0.101177640740858   0.0133915646375088   0
0.0593669140491149   0.0109266226731071   0.00922119146869437   0
0.0884927307788047   0.00772739881207994   0.0291258167296897   0
0.0939977929650612   0.0455890468717119   0.0055050621862565   0
0.0862934103654503   0.0158603434574962   -0.00770438259961088   0
0.100666039449273   -0.0583935794592178   0.0143726290838223   0
0.103759545605453   -0.0122084677659818   0.00309350615618005   0
0.101285517198907   0.0525197321662425   -0.00247402840654604   0
0.0918797407623275   0.0395183285554463   -0.00940577643657911   0
0.113876900307701   -0.0824015812245148   0.0219971595453732   0
0.113325675617885   0.00637132836066125   -0.000551224689816096   0
0.114967710947466   0.022767050461307   0.001642035329581   0
0.120527288351031   0.0736642043518024   0.00555957740356509   0
0.106989486426342   -0.0289601396984851   -0.0135378019246883   0
0.111911877936493   -0.0445127551431594   0.00492239151015059   0
0.120228331092343   0.0021744690547412   0.00831645315584983   0
0.121544574506732   0.0893919150057876   0.00131624341438911   0
0.125409738133737   -0.0371231027476825   0.00386516362700513   0
0.136086551089821   -0.030405949970997   0.0106768129560841   0
0.151223464312131   -0.0102957860915847   0.0151369132223103   0
0.143872592475044   0.0622459147891935   -0.0073508718370878   0
0.167221973433248   0.0541052989651809   0.0233493809582046   0
0.189668976463001   -0.122931737485733   0.0224470030297529   0
0.231699588677813   0.0079000497879583   0.0420306122148115   0
0.208444940853264   0.0311801731531862   -0.0232546478245483   0
0.185893052749424   0.0495543858663624   -0.0225518881038408   0
0.188219416402938   -0.0636515764625259   0.00232636365351416   0
0.201169242939894   -0.00110112203083104   0.0129498265369559   0
0.229961535320089   0.024990652832818   0.0287922923801952   0
0.240802026192161   0.123885918404859   0.0108404908720717   0
0.232336277030864   -0.0665145201286825   -0.00846574916129636   0
0.253696982361714   -0.0484937677559019   0.0213607053308501   0
0.271130080533272   -0.00971665315123965   0.0174330981715574   0
0.267854655295839   0.124162703760065   -0.00327542523743318   0
0.272933075497456   -0.0210279163959768   0.00507842020161742   0
0.291547986129962   -0.0802764579660591   0.0186149106325055   0
0.311947631774885   0.0498205247253716   0.0203996456449231   0
0.300264499343011   0.0888094659567189   -0.0116831324318736   0
0.299747147316633   -0.0256190909337798   -0.000517352026378426   0
0.310116103190336   -0.0676263715176669   0.0103689558737033   0
0.341313414205637   0.0120927244043474   0.0311973110153015   0
0.309251220377366   -0.00713440962799428   -0.0320621938282717   0
0.315406274039466   0.0632254538924191   0.00615505366210078   0
0.327267297613113   -0.0690886395299306   0.0118610235736467   0
0.345899965669704   -0.00686366847322775   0.018632668056591   0
0.354735383750159   0.0187069165073989   0.00883541808045474   0
0.374597491970465   0.108930334345188   0.0198621082203059   0
0.360859018182742   -0.0261362829723129   -0.0137384737877229   0
0.390653461029401   -0.0523206889816023   0.0297944428466594   0
0.410175189622983   -0.0234850165044378   0.0195217285935815   0
0.428650862384237   0.0926647887970666   0.0184756727612541   0
0.420355984333814   0.045361758644531   -0.00829487805042251   0
0.413550695424394   -0.112685175258366   -0.00680528890942039   0
0.411024860023697   0.0216282266642013   -0.00252583540069673   0
0.413121571282897   0.014295140224524   0.00209671125920002   0
0.434862541841672   0.105169403347467   0.0217409705587748   0
0.413044032288629   -0.105128336372664   -0.021818509553043   0
0.414969478030011   -0.0352676996498948   0.0019254457413822   0
0.438581327097666   0.0347630073862738   0.0236118490676548   0
0.439563802635635   0.100040598304778   0.000982475537969374   0
0.466526582780124   -0.0555315497296408   0.0269627801444887   0
0.522933904485787   -0.02408700058706   0.0564073217056626   0
0.632592366118379   0.0157556958708299   0.109658461632593   0
0.647329780837789   0.181976941817177   0.0147374147194096   0
0.622679166536026   -0.10526538583918   -0.0246506143017631   0
0.638991850724444   -0.0861974950654616   0.0163126841884179   0
0.673883202467238   0.0966034598992191   0.0348913517427938   0
0.660291236635017   0.106917445422747   -0.0135919658322207   0
0.680611256047459   -0.118093099734812   0.0203200194124421   0
0.772696399698646   -0.00676910739839948   0.0920851436511873   0
0.761106887335807   0.079615916135978   -0.0115895123628397   0
0.78403439199199   0.112267832229734   0.0229275046561835   0
0.785581700958914   -0.14966698387809   0.00154730896692346   0
0.820383570831504   0.0163234319781909   0.0348018698725908   0
0.857671352679743   0.068672891390234   0.0372877818482384   0
0.866457798616009   0.0703261565988205   0.00878644593626599   0
0.870992698931082   -0.105167769106723   0.00453490031507287   0
0.885396998404247   -0.0364334323226068   0.0144042994731649   0
0.881082839485596   0.0518749051082057   -0.00431415891865095   0
0.873899292160144   0.0960392909304909   -0.00718354732545212   0
0.857165338230175   -0.127328171521461   -0.0167339539299689   0
0.872118375029588   -0.0660837205155993   0.0149530367994134   0
0.895822006646549   0.0217704852300852   0.0237036316169609   0
0.887560508867423   0.17388091220598   -0.00826149777912555   0
0.890122849321935   -0.0827283585580804   0.00256234045451142   0
0.886357952588146   -0.0953610948069226   -0.00376489673378899   0
0.918543248478263   0.0265369977958034   0.0321852958901172   0
0.901055435325291   0.0350927825663267   -0.0174878131529718   0
0.904526742130104   0.100126365330027   0.00347130680481289   0
0.898256728854424   -0.118676163072232   -0.00627001327568011   0
0.961929368117015   -0.0473219379755833   0.063672639262591   0
1.04257861960262   0.0446320746748473   0.0806492514856028   0
1.09411309391945   0.178291306375236   0.051534474316836   0
1.07767293297874   -0.0559233448740731   -0.0164401609407139   0
1.06765596962751   -0.0891367326643552   -0.0100169633512341   0
1.11829626112549   -0.0121949972613767   0.0506402914979842   0
1.13227089689085   0.155927519800128   0.0139746357653556   0
1.11007132918295   0.0509676450749309   -0.0221995677078963   0
1.12924076080967   -0.170447939041892   0.0191694316267197   0
1.18157714294666   -0.00825902637343323   0.0523363821369944   0
1.18453537315228   0.17668623745263   0.00295823020561192   0
1.19062480379005   -0.110019888990034   0.00608943063777234   0
1.22412211718476   -0.104588328369202   0.0334973133947083   0
1.18924180428401   0.107504800286076   -0.0348803129007451   0
1.1670043240474   0.0956317573510873   -0.0222374802366136   0
1.1644022786132   -0.151829429924182   -0.00260204543420173   0
1.21503949133567   -0.0722446906069049   0.050637212722477   0
1.21339314852977   0.089408842481554   -0.0016463428058977   0
1.20223563075597   0.145613930601039   -0.0111575177738028   0
1.19355105230149   -0.125761396062106   -0.00868457845447979   0
1.19547294238766   -0.039805879984931   0.00192189008616395   0
1.24140118021975   -0.00875303166093466   0.0459282378320984   0
1.23653047431068   0.133805391235834   -0.00487070590907268   0
1.20981412475274   0.0667123125739307   -0.026716349557937   0
1.25191753706674   -0.131369296360256   0.0421034123139941   0
1.30489946919063   -0.0373732789629417   0.0529819321238958   0
1.32781530842546   0.0991152587819378   0.0229158392348254   0
1.31901240719487   0.102558344334039   -0.00880290123059213   0
1.33188592943512   -0.142326964913247   0.0128735222402505   0
1.32583070323373   0.0170256646204671   -0.00605522620138732   0
1.34890523042985   -0.00760482733317336   0.0230745271961159   0
1.32400701332772   0.105295342028486   -0.024898217102123   0
1.3214712317528   -0.0402463335042672   -0.00253578157492895   0
1.33741539409041   -0.085805404794677   0.015944162337612   0
1.35489262750088   -0.00496455685407238   0.0174772334104771   0
1.34019623003695   0.0376142897522476   -0.0146963974639358   0
1.32923891196767   0.139653582315438   -0.010957318069277   0
1.35976030891008   -0.0839378489029564   0.0305213969424134   0
1.39252999756208   -0.0699334531441452   0.0327696886519964   0
1.39649525485454   0.0608148241473321   0.00396525729245978   0
1.43708058935825   0.0484310685083971   0.0405853345037073   0
1.45951852605611   -0.0928920288118943   0.0224379366978618   0
1.4372878477765   0.0165241587403049   -0.0222306782796111   0
1.41894799002641   0.0800681540353346   -0.0183398577500851   0
1.40914193552504   -0.0198511795179072   -0.00980605450137584   0
1.41812040271701   -0.0992945460273175   0.00897846719197015   0
1.44446521740712   0.00468510653362186   0.0263448146901124   0
1.42076451283842   0.183953441243425   -0.0237007045686983   0
1.41882750401705   -0.0624019930677058   -0.00193700882137282   0
1.44312745559566   -0.0965050502186658   0.0242999515786091   0
1.50597998763065   -0.000451183252523579   0.0628525320349871   0
1.49595086327259   0.166171921641108   -0.0100291243580581   0
1.46880268204455   0.0144345950140136   -0.0271481812280421   0
1.5010099030666   -0.131975620272884   0.0322072210220532   0
1.54585718642085   -0.0337837998584498   0.0448472833542557   0
1.53640958132459   0.171053216246839   -0.0094476050962653   0
1.52860934721637   -0.00062257528635401   -0.00780023410822106   0
1.56145699450873   -0.148057386187637   0.0328476472923669   0
1.55921474078308   0.0390037517830815   -0.00224225372565412   0
1.52022058386143   0.00337821119419013   -0.0389941569216463   0
1.51023956293041   0.0281160026941366   -0.00998102093101982   0
1.47308926536386   0.00130839599669152   -0.0371502975665501   0
1.46572795403035   -0.0837676764004855   -0.00736131133351337   0
1.50708132996066   -0.00699266724549441   0.0413533759303117   0
1.47708439742149   0.123514311758375   -0.0299969325391751   0
1.48227300937521   -0.0272678554560545   0.00518861195372522   0
1.50154983525564   -0.0874730397783026   0.0192768258804306   0
1.53672998397767   -0.0111168009653737   0.0351801487220236   0
1.52702773258944   0.171833197539872   -0.00970225138822589   0
1.50829321825043   -0.0297578126945534   -0.0187345143390076   0
1.5545456853458   -0.112055242532837   0.0462524670953688   0
1.58004589210852   -0.00942375490982961   0.0255002067627146   0
1.5871395331795   0.175544089578623   0.00709364107098565   0
1.62225580383158   -0.00473955505167867   0.0351162706520789   0
1.62320381979867   -0.127738648306659   0.000948015967090488   0
1.59820862243083   0.0729536483690943   -0.0249951973678426   0
1.60730663615285   0.128848670437476   0.00909801372202379   0
1.63020349677954   -0.150499761677429   0.0228968606266899   0
1.63141190320754   -0.0105364325558953   0.00120840642799758   0
1.6208271679735   0.0459974704447886   -0.0105847352340396   0
1.63586264063406   0.10144150749434   0.0150354726605617   0
1.61905031506127   -0.050874086164438   -0.0168123255727921   0
1.60830809032349   -0.103863378504138   -0.0107422247377782   0
1.68687356125911   0.0380858758565746   0.0785654709356196   0
1.68913549742168   0.114471287698038   0.00226193616257198   0
1.6731617672912   -0.00707183238338693   -0.0159737301304876   0
1.69714696721616   -0.0755543516461183   0.0239851999249605   0
1.75544458839492   -0.0161164823464538   0.05829762117876   0
1.70893951249605   0.113448573337572   -0.046505075898863   0
1.70404840100164   0.0689706351264259   -0.00489111149441257   0
1.72201587491231   -0.164004465335184   0.0179674739106661   0
1.75992220374226   -1.56638960302491e-06   0.0379063288299488   0
1.74137949274419   0.0719461721049676   -0.0185427109980698   0
1.70210626625514   0.0868645047973624   -0.0392732264890505   0
1.70027993332047   -0.116581521358885   -0.00182633293466972   0
1.68041069316224   0.00739551045378861   -0.0198692401582266   0
1.68920632010273   0.00861858787136049   0.0087956269404883   0
1.6772110337424   0.101274477285525   -0.0119952863603281   0
1.67675002891755   -0.089484253994126   -0.000461004824851674   0
1.7274619082631   -0.00397064394810998   0.0507118793455543   0
1.73375494679179   0.013977473659756   0.00629303852868657   0
1.77144554231848   0.105697315919601   0.0376905955266871   0
1.74063409176082   -0.04521139068364   -0.0308114505576604   0
1.76538849634436   -0.068552792179739   0.0247544045835439   0
1.80175493178873   -0.0459832461889161   0.0363664354443674   0
1.75796829823521   0.151642264296726   -0.0437866335535171   0
1.71314064320475   0.043934765966829   -0.0448276550304556   0
1.74464469999625   -0.185620897627431   0.0315040567914942   0
1.79952370329624   0.0248895995951471   0.0548790032999875   0
1.78107273849919   0.0856406411139423   -0.0184509647970474   0
1.7743406969562   0.120127243724244   -0.00673204154299278   0
1.77416600063946   -0.104407581320867   -0.000174696316740608   0
1.78385015880679   -0.0216222605542931   0.00968415816733192   0
1.82247847148464   0.0235704647844595   0.0386283126778555   0
1.8266221037341   0.070309658707667   0.00414363224946013   0
1.80246526085803   -0.0286863924041603   -0.0241568428760746   0
1.84971541760483   -0.0549133502283274   0.0472501567467991   0
1.84284317447253   0.025264424949641   -0.00687224313229495   0
1.79064546670328   0.0378846747240378   -0.0521977077692544   0
1.8017214877583   -0.0690792109421421   0.0110760210550267   0
1.82722631899417   -0.0410362243986603   0.0255048312358697   0
1.81086821445543   0.11530727487982   -0.0163581045387438   0
1.79636851220038   -0.0186969564241359   -0.0144997022550526   0
1.86221094765067   -0.111810515329155   0.0658424354502902   0
1.89316628792217   -0.0323652610960894   0.0309553402714995   0
1.84405094622546   0.127602631897507   -0.0491153416967116   0
1.85373531962495   0.00317129252882342   0.00968437339949002   0
1.86746138994893   -0.135528399972514   0.0137260703239868   0
1.87125757190853   0.0562558828167875   0.0037961819595953   0
1.85861564634811   0.113948221018785   -0.0126419255604189   0
1.87326024666889   -0.121655015761067   0.0146446003207834   0
1.89449670919482   -0.0145734677998391   0.0212364625259267   0
1.92540083772834   0.0597849888716714   0.0309041285335219   0
1.88587602667832   0.0281022077945339   -0.039524811050023   0
1.87112963817315   -0.0764919193729617   -0.0147463885051637   0
1.86574085607434   -0.00277690440367917   -0.00538878209881766   0
1.74868842257562   0.0777118369581632   -0.11705243349872   0
1.72206486756452   -0.0579018476704835   -0.0266235550110996   0
1.74456229301937   -0.144708480126915   0.022497425454852   0
1.80135327269528   0.0286515746407975   0.0567909796759116   0
1.81625052785952   0.102148343637281   0.0148972551642432   0
1.80523957453713   0.0613843752553975   -0.0110109533223941   0
1.85451744803062   -0.107595908456553   0.0492778734934887   0
1.902715858096   -0.0385231516894737   0.0481984100653816   0
1.88678281726462   0.145030706136606   -0.0159330408313851   0
1.86403074143776   0.077149009184345   -0.0227520758268567   0
1.91323135273155   -0.122122861254821   0.0492006112937922   0
1.91943169799683   -0.0151690008677438   0.00620034526528035   0
1.88414523839061   0.0365722892813986   -0.0352864596062237   0
1.89109203557759   0.0426876616869091   0.00694679718698432   0
1.88728925719536   -0.0478383795007202   -0.00380277838223564   0
1.91232003517978   -0.0486128761099767   0.025030777984425   0
1.92008761129538   -0.0285419942570715   0.00776757611559953   0
1.88706848481977   0.0733840839932912   -0.0330191264756061   0
1.84506466109592   0.0103297783074728   -0.0420038237238556   0
1.85264236477254   -0.0605555910974466   0.00757770367662403   0
1.84583110112356   -0.0533814489239945   -0.00681126364898699   0
1.80896486396226   0.120601258976219   -0.0368662371612956   0
1.78892621030047   0.0441248237543712   -0.0200386536617911   0
1.82005610013126   -0.151374177780622   0.0311298898307875   0
1.85081127039604   -0.0634017647613015   0.0307551702647821   0
1.80285055946132   0.200330309642214   -0.0479607109347175   0
1.78382093589856   0.0876682189184699   -0.0190296235627656   0
1.83594817236898   -0.18595340066164   0.0521272364704244   0
1.90461851789932   -0.0384399751375282   0.0686703455303392   0
1.94962072689151   0.0578948844887197   0.0450022089921953   0
1.95852496160376   0.104552055584865   0.00890423471224278   0
1.93710610006912   -0.0865656083389208   -0.0214188615346365   0
1.96736435529238   -0.0288262933698097   0.0302582552232584   0
1.91074307923645   0.0507713362628489   -0.0566212760559273   0
1.88864136009196   0.00904222436449675   -0.0221017191444948   0
1.90108945893532   -0.0579606937704903   0.0124480988433657   0
1.92900212600323   0.00119674508550704   0.0279126670679115   0
1.92629925168054   0.0488654695958087   -0.00270287432269689   0
1.89913424057516   -0.0751245318704243   -0.0271650111053752   0
1.89770735669386   -0.00125786475736844   -0.00142688388130163   0
1.90515736427467   0.0216855166350112   0.00745000758080683   0
1.88223025431933   0.0531365310913279   -0.0229271099553405   0
1.85784989771106   0.0114880133639579   -0.0243803566082663   0
1.87379080228424   -0.0760680746337463   0.0159409045731747   0
1.88227354183046   -0.0308808299794696   0.00848273954622836   0
1.82885188522745   0.137597192508098   -0.0534216566030132   0
1.84860037533806   -0.0416607755352431   0.0197484901106046   0
1.88645054429609   -0.119993332123115   0.0378501689580306   0
1.88896913249661   0.00452247178169951   0.0025185882005252   0
1.83104167987788   0.133627019389372   -0.0579274526187337   0
1.84253178055359   0.0267192199500861   0.0114901006757169   0
1.86947431695383   -0.109554338792039   0.0269425364002382   0
1.88242121202323   -0.0139167929948351   0.0129468950693954   0
1.85213765280149   0.0582928982229002   -0.0302835592217414   0
1.8182212369786   0.131104075888134   -0.0339164158228842   0
1.77771673550653   -0.146185962760543   -0.0405045014720709   0
1.83343533431779   -0.0516971088177884   0.0557185988112618   0
1.85910304382248   0.010308944686983   0.0256677095046836   0
1.77558176006485   0.115334789065622   -0.0835212837576247   0
1.78447137687187   -0.091408662754628   0.00888961680702094   0
1.84894738333734   -0.099274606217997   0.0644760064654675   0
1.87766549180758   0.0845298895809705   0.0287181084702388   0
1.86197845768285   0.148001147404031   -0.0156870341247308   0
1.87169733257009   -0.0916148817913622   0.00971887488724388   0
1.93125702785129   -0.0369279605220129   0.0595596952811979   0
1.92906750033533   0.055295453657013   -0.00218952751596024   0
1.88408538652047   0.0905022754569387   -0.0449821138148574   0
1.90145575487572   -0.0769213123770633   0.0173703683552486   0
1.9442260345572   -0.0150152460709705   0.0427702796814748   0
1.94742210810856   0.0932531381116875   0.00319607355136697   0
1.94250932827876   0.011975391963065   -0.0049127798298032   0
1.94520977184339   -0.0942121082619012   0.00270044356462651   0
1.92995483745734   -0.039929738712263   -0.0152549343860433   0
1.90490428820584   0.125593145772759   -0.025050549251503   0
1.88983062469894   0.018733287984277   -0.0150736635068967   0
1.91833630619086   -0.1340355732211   0.028505681491918   0
1.92563539708975   -0.022255360179062   0.00729909089888836   0
1.88419067270937   0.111482847271442   -0.0414447243803773   0
1.89091522822944   0.0190961935000982   0.00672455552006834   0
1.93087057363382   -0.101251846012846   0.0399553454043795   0
1.95653283037878   0.0484482194172969   0.0256622567449591   0
1.93159085619212   0.097487408181419   -0.0249419741866617   0
1.94649874143936   -0.104239573621074   0.0149078852472384   0
2.00066685123361   -0.0528128195284592   0.0541681097942512   0
1.99501689663271   0.11812205404127   -0.00564995460090012   0
1.97286848655074   0.0714264577309538   -0.0221484100819695   0
1.99381211871254   -0.124457408170366   0.0209436321618051   0
2.01106259578115   -0.0174444192088223   0.0172504770686024   0
2.00272740872291   0.0660155435963989   -0.00833518705823133   0
1.9934751563852   0.065983344874305   -0.00925225233771365   0
1.98403482626944   -0.0997047557249502   -0.00944033011576262   0
1.99110307214996   -0.022932855408577   0.0070682458805198   0
2.0138221199314   0.0517194166469508   0.0227190477814427   0
1.9771874816643   0.138599156361318   -0.0366346382671048   0
1.9678826285757   -0.0753102275489608   -0.0093048530885973   0
2.00481915337145   -0.00469661775012309   0.0369365247957472   0
2.03631545660293   0.0155657515925895   0.0314963032314846   0
2.07051900043202   0.0588164217942835   0.0342035438290873   0
2.03230045363007   -0.0234021879573152   -0.0382185468019447   0
2.06244758506125   -0.0182508676882021   0.0301471314311814   0
2.0273216072259   0.0552508134011156   -0.0351259778353561   0
1.98783585169274   0.0523130164117604   -0.0394857555331583   0
2.00315366435653   -0.10963967846848   0.0153178126637918   0
2.03805063574853   0.0112131455669284   0.0348969713920013   0
2.07863567855216   0.0345384789616341   0.0405850428036274   0
2.03858513687189   0.0333692322384089   -0.0400505416802663   0
2.04181936530267   -0.0558198195775663   0.00323422843077648   0
2.04363040235386   -0.010011000685443   0.00181103705118923   0
2.0018784648487   0.126440808301139   -0.0417519375051567   0
1.97598633528296   0.0210046880639572   -0.0258921295657388   0
2.00489237363256   -0.108217527836966   0.0289060383495956   0
2.05589037397425   -0.0325002306038558   0.0509980003416945   0
2.03457722843101   0.0565866853135253   -0.0213131455432469   0
1.98609402341002   0.0582468898997199   -0.048483205020988   0
1.98300017129349   -0.069269586096385   -0.00309385211653201   0
2.01513175592193   -0.0708640335750756   0.0321315846284422   0
1.99188237653482   0.131799425444913   -0.0232493793871105   0
1.91194424575483   0.0188699323823327   -0.0799381307799905   0
1.9163580992145   -0.111518376024477   0.00441385345966827   0
1.9410259060739   -0.0522662278096617   0.024667806859402   0
1.92866308780201   0.0916103979284975   -0.0123628182718847   0
1.89817210150318   0.0813325055202299   -0.0304909862988341   0
1.89502971718783   -0.165956051037241   -0.00314238431534686   0
1.92511261295281   -0.0127498747483086   0.0300828957649777   0
1.8893740435459   0.183381628982791   -0.035738569406907   0
1.89394341321223   -0.053502672063499   0.00456936966632804   0
1.93148356403828   -0.0854949785601318   0.0375401508260438   0
1.93824055995379   0.0816659864179352   0.0067569959155187   0
1.93608505320014   0.113443453474987   -0.00215550675365184   0
1.95979595411104   -0.146219395159233   0.0237109009108969   0
1.96600901195162   0.0223806060841525   0.00621305784058412   0
1.97128560624786   0.0853704560706134   0.00527659429623806   0
1.95850518943019   -0.0236053150138924   -0.0127804168176677   0
1.95890298629743   -0.0192714370937115   0.00039779686723862   0
1.97176817870408   -0.00145622221337582   0.0128651924066461   0
1.94987738525401   0.0894186958408625   -0.0218907934500727   0
1.96165326632282   -0.0694592575162476   0.0117758810688167   0
1.97755287764322   -0.0222697241742211   0.0158996113204022   0
1.98060001303898   -0.0126414147007945   0.00304713539575308   0
1.93948077146952   0.0145117127044854   -0.041119241569459   0
1.90776830753894   0.052865907916908   -0.0317124639305768   0
1.92161096491329   -0.0428299311500373   0.0138426573743515   0
1.92159269024422   0.0472529554400567   -1.82746690786662e-05   0
1.91503145364508   0.0570313173266737   -0.0065612365991321   0
1.94304546466366   -0.0822974466955735   0.0280140110185725   0
