5.07814475337953e-10   0.002575315   0   0   0
0.0692229091219518   0.0154833361328793   0.0692229086141373   0.0129080211328793   0
0.0641267164868902   0.0327238   -0.00509619263506156   0.0172404638671207   0
0.0494106549406097   0.0315274600351571   -0.0147160615462805   -0.00119633996484295   0
0.0700277166753994   0.0334088762131039   0.0206170617347896   0.00188141617794686   0
0.160805438837596   0.0110514697123098   0.0907777221621963   -0.0223574065007941   0
0.159497179825381   0.014566899525122   -0.00130825901221446   0.00351542981281225   0
0.0572917485599803   0.0260338140197513   -0.102205431265401   0.0114669144946293   0
0.114064540668036   0.0543183468062873   0.0567727921080556   0.028284532786536   0
0.105048683533695   0.0658296442795721   -0.00901585713434037   0.0115112974732848   0
0.0371006359440104   0.0487448048388905   -0.067948047589685   -0.0170848394406816   0
0.148188020573534   0.024461191586393   0.111087384629524   -0.0242836132524975   0
0.101196410506004   0.0339151847826121   -0.0469916100675304   0.0094539931962191   0
0.0588308154477736   0.0366431589986794   -0.04236559505823   0.00272797421606728   0
0.0677545786674967   0.0576591055676398   0.00892376321972307   0.0210159465689603   0
0.0448468685428191   0.0657447392475103   -0.0229077101246776   0.00808563367987057   0
0.0753865987447872   0.0585742736419712   0.030539730201968   -0.0071704656055391   0
0.198706154071604   0.0383269525333286   0.123319555326817   -0.0202473211086426   0
0.112860424116206   0.0282363351007974   -0.085845729955398   -0.0100906174325312   0
0.103472695416293   0.0532188214488775   -0.00938772869991367   0.02498248634808   0
0.11367760383123   0.0579310621041996   0.0102049084149369   0.00471224065532207   0
0.0742067101813912   0.068249205825016   -0.0394708936498384   0.0103181437208165   0
0.105676258980364   0.0552092011945925   0.0314695487989724   -0.0130400046304235   0
0.173137185288895   0.0254838045641757   0.0674609263085315   -0.0297253966304169   0
0.0639722359691013   0.0496484277428221   -0.109164949319794   0.0241646231786464   0
0.0959063888198279   0.106099520329519   0.0319341528507266   0.056451092586697   0
0.0602426542753979   0.076480794385339   -0.03566373454443   -0.0296187259441801   0
0.0319935049200615   0.0618806822895684   -0.0282491493553364   -0.0146001120957706   0
0.136791968784882   0.0575631964390842   0.10479846386482   -0.00431748585048413   0
0.184349704969999   0.0354226779717824   0.0475577361851171   -0.0221405184673018   0
0.0724981666017321   0.0470342357805403   -0.111851538368267   0.0116115578087579   0
0.102164325789399   0.0804766073007879   0.0296661591876671   0.0334423715202476   0
0.103993756746648   0.108554915574028   0.00182943095724834   0.0280783082732404   0
0.227889495138784   0.234322296716103   0.123895738392137   0.125767381142075   0
0.251523941795627   0.18408547103379   0.0236344466568428   -0.0502368256823128   0
0.0923162413755564   0.114125792296965   -0.159207700420071   -0.0699596787368255   0
0.165606432481258   0.096332209514627   0.073290191105702   -0.017793582782338   0
0.0375716271356512   0.103188761053094   -0.128034805345607   0.00685655153846683   0
0.139800854830183   0.134183955859233   0.102229227694532   0.0309951948061388   0
0.118308571845262   0.131010384844542   -0.021492282984921   -0.00317357101469065   0
0.0229550846927211   0.122632036238792   -0.0953534871525412   -0.00837834860574957   0
0.145516005797026   0.0987658722377573   0.122560921104305   -0.0238661640010351   0
0.0334308201950072   0.0952126359877984   -0.112085185602018   -0.00355323624995894   0
0.129811183659648   0.124667152261181   0.096380363464641   0.0294545162733827   0
0.131823990129299   0.13604810560368   0.00201280646965118   0.0113809533424987   0
0.0938497177331056   0.162401574874168   -0.0379742723961937   0.0263534692704883   0
0.0717338419558133   0.121399412136283   -0.0221158757772923   -0.0410021627378854   0
0.0933932683197911   0.0992264036319089   0.0216594263639778   -0.0221730085043737   0
0.0895808381425961   0.124566934937577   -0.00381243017719503   0.025340531305668   0
0.13024589329714   0.140699264470865   0.040665055154544   0.0161323295332885   0
0.127564804702865   0.140911788837024   -0.00268108859427546   0.000212524366158567   0
0.058782937743244   0.129207482884323   -0.0687818669596206   -0.0117043059527013   0
0.116719992848699   0.0995849480446844   0.0579370551054552   -0.0296225348396381   0
0.0540265336303376   0.13015783778728   -0.0626934592183616   0.030572889742596   0
0.123678779085703   0.124919419168008   0.0696522454553649   -0.00523841861927234   0
0.137443590517201   0.132663092735169   0.0137648114314984   0.00774367356716076   0
0.105818109548272   0.131445385807424   -0.0316254809689294   -0.001217706927745   0
0.0806403564603977   0.111775513904768   -0.0251777530878739   -0.0196698719026558   0
0.0803024791829617   0.0929472203621496   -0.00033787727743595   -0.0188282935426184   0
0.115085080962651   0.136428163425161   0.0347826017796895   0.0434809430630116   0
0.12837005572878   0.124719716695286   0.0132849747661284   -0.0117084467298748   0
0.13785181984555   0.123609829475592   0.00948176411677043   -0.00110988721969416   0
0.0831486837867564   0.110445302111283   -0.0547031360587938   -0.0131645273643096   0
0.156714545697743   0.0843170299771197   0.0735658619109867   -0.026128272134163   0
0.0705257788694318   0.0983492599141575   -0.0861887668283112   0.0140322299370378   0
0.179150487355547   0.127096785304055   0.108624708486115   0.0287475253898973   0
0.146323735141945   0.128874869018013   -0.0328267522136022   0.00177808371395824   0
0.0527246054623693   0.119073153529721   -0.0935991296795755   -0.00980171548829203   0
0.143926407237331   0.0925477634605099   0.0912018017749619   -0.026525390069211   0
0.0599476174277177   0.115009083331937   -0.0839787898096135   0.0224613198714274   0
0.115004437365216   0.111000394109402   0.0550568199374988   -0.00400868922253558   0
0.141715357136409   0.11153069139878   0.0267109197711927   0.000530297289378742   0
0.0878574788694167   0.109027335391188   -0.0538578782669925   -0.00250335600759288   0
0.166962862095737   0.0959922439456699   0.07910538322632   -0.0130350914455177   0
0.0709968390709932   0.0998493941456332   -0.0959660230247436   0.00385715019996327   0
0.192499950228461   0.120128752255372   0.121503111157468   0.0202793581097387   0
0.149391971769202   0.110478758742586   -0.0431079784592592   -0.00964999351278593   0
0.13243419330207   0.0936597463200707   -0.016957778467132   -0.0168190124225152   0
0.11486037634986   0.0815783127572212   -0.0175738169522097   -0.0120814335628495   0
0.0982555726827746   0.106063595026298   -0.0166048036670856   0.0244852822690766   0
0.137873062848876   0.118441471884271   0.039617490166101   0.012377876857973   0
0.0686545151904811   0.10423176226205   -0.0692185476583945   -0.0142097096222208   0
0.189006057875138   0.0996635850399357   0.120351542684657   -0.00456817722211422   0
0.109803621297888   0.0894527005814805   -0.07920243657725   -0.0102108844584552   0
0.0684690298044306   0.101770704369799   -0.0413345914934574   0.0123180037883184   0
0.0917932833666494   0.111350660721266   0.0233242535622189   0.00957995635146716   0
0.0770430900453766   0.126078908592754   -0.0147501933212729   0.0147282478714879   0
0.0920864921622059   0.0948554440013329   0.0150434021168293   -0.031223464591421   0
0.184233773565679   0.0792408583041602   0.0921472814034735   -0.0156145856971726   0
0.0348386433332298   0.0681345359041397   -0.149395130232449   -0.0111063224000205   0
0.0873953223888905   0.0762131909508124   0.0525566790556606   0.00807865504667275   0
0.0568489796892609   0.0891431390153078   -0.0305463426996295   0.0129299480644954   0
0.039391943147183   0.0775679839002536   -0.0174570365420779   -0.0115751551150542   0
0.153307158755878   0.0656284167721003   0.113915215608695   -0.0119395671281533   0
0.0732818739144272   0.0627212216604157   -0.0800252848414509   -0.00290719511168462   0
0.0725018362664698   0.0849346648308716   -0.000780037647957324   0.0222134431704559   0
0.100324038845383   0.0890152956337113   0.0278222025789136   0.00408063080283971   0
0.0975263568211691   0.103422828085975   -0.00279768202421429   0.0144075324522641   0
0.150715054582381   0.0441179615610241   0.0531886977612116   -0.0593048665249513   0
0.121551740112596   0.0436965171973568   -0.029163314469785   -0.000421444363667277   0
0.0649664042868628   0.0538920418198735   -0.0565853358257329   0.0101955246225167   0
0.0699926730485413   0.0609033809099503   0.00502626876167853   0.00701133909007677   0
0.0535529996516059   0.0601120086543446   -0.0164396733969354   -0.000791372255605716   0
0.110633115911331   0.0536132265730435   0.0570801162597251   -0.00649878208130108   0
0.140621121652083   0.0601836346208834   0.0299880057407522   0.00657040804783991   0
0.0441818221133802   0.0691427505614472   -0.0964392995387031   0.00895911594056372   0
0.0836344884808295   0.0690523268779554   0.0394526663674493   -9.04236834917554e-05   0
0.0578010472479522   0.0618390765693708   -0.0258334412328773   -0.00721325030858464   0
0.172652832433297   0.163048990128588   0.114851785185344   0.101209913559218   0
0.345018051500222   0.369941439572198   0.172365219066926   0.206892449443609   0
0.208141370502454   0.241164402545753   -0.136876680997768   -0.128777037026445   0
0.149208457698517   0.231594207710216   -0.0589329128039379   -0.00957019483553737   0
0.164199616829151   0.226953412001362   0.0149911591306344   -0.00464079570885356   0
0.256134733052743   0.131413101290377   0.0919351162235922   -0.0955403107109846   0
0.271473186178672   0.101143526242773   0.015338453125929   -0.0302695750476045   0
0.104939078003811   0.0775313525072599   -0.166534108174861   -0.023612173735513   0
0.0943379781331464   0.0647715497554482   -0.010601099870665   -0.0127598027518118   0
0.0696370213061587   0.0602011880639203   -0.0247009568269877   -0.00457036169152789   0
0.136576247787124   0.0604678220151222   0.0669392264809657   0.000266633951201918   0
0.283125582396311   0.0721792993918617   0.146549334609186   0.0117114773767394   0
0.177141809051392   0.0528156393082816   -0.105983773344918   -0.0193636600835801   0
0.0500567969748365   0.0209406324355904   -0.127085012076556   -0.0318750068726912   0
0.0411432603192795   0.0542916000879715   -0.00891353665555698   0.0333509676523811   0
0.27007311202667   0.214223814350097   0.22892985170739   0.159932214262126   0
0.20372093982539   0.0367774233605975   -0.0663521722012799   -0.1774463909895   0
0.163555487505056   0.0102880417256395   -0.040165452320334   -0.026489381634958   0
0.197976186923908   0.0139934300680462   0.034420699418852   0.00370538834240669   0
0.232369815899764   0.0260893270584927   0.0343936289758568   0.0120958969904465   0
0.060124378834047   0.00787949725296253   -0.172245437065717   -0.0182098298055302   0
0.0749969937480163   0.00752832495038737   0.0148726149139693   -0.000351172302575155   0
0.0922218893817514   0.0270163957832281   0.0172248956337351   0.0194880708328407   0
0.122425410788651   0.0138959336777095   0.0302035214068998   -0.0131204621055186   0
0.204199759007546   0.0055124940131192   0.0817743482188951   -0.00838343966459026   0
0.113653302424039   0.00787727659179871   -0.0905464565835076   0.00236478257867952   0
0.0630068964443576   0.0427972596824551   -0.0506464059796811   0.0349199830906564   0
0.107015290016879   0.0200756558521135   0.0440083935725215   -0.0227216038303416   0
0.0653711021420015   0.0208060937038287   -0.0416441878748775   0.000730437851715171   0
0.102802447738028   0.0210214600496112   0.0374313455960266   0.000215366345782515   0
0.227384020721161   0.0223650390785485   0.124581572983133   0.00134357902893726   0
0.125995839763224   0.0262195950268592   -0.101388180957937   0.00385455594831074   0
0.0935183045219004   0.0580400618235586   -0.0324775352413235   0.0318204667966994   0
0.119159817889072   0.0548208992770321   0.0256415133671713   -0.00321916254652643   0
0.139443970254794   0.0467482528080462   0.0202841523657227   -0.00807264646898592   0
0.131294877607468   0.041465373305838   -0.00814909264732644   -0.00528287950220824   0
0.185602493445886   0.0407889724171252   0.0543076158384176   -0.000676400888712771   0
0.0903626875175257   0.0238715573451   -0.0952398059283598   -0.0169174150720251   0
0.115132741342939   0.0335104451757901   0.0247700538254129   0.00963888783069003   0
0.099016685596974   0.0382343914601763   -0.0161160557459646   0.00472394628438619   0
0.129362488813721   0.067383503229931   0.0303458032167466   0.0291491117697548   0
0.120494049255822   0.0257403426573171   -0.00886843955789889   -0.0416431605726139   0
0.233119075063545   0.0215226231059001   0.112625025807723   -0.00421771955141703   0
0.0769326888804103   0.028039198110012   -0.156186386183134   0.00651657500411188   0
0.0974106951292824   0.0364106516945591   0.0204780062488721   0.00837145358454712   0
0.0985756932792765   0.0337736060543885   0.00116499814999411   -0.00263704564017064   0
0.0843212410502241   0.0304771475810241   -0.0142544522290524   -0.00329645847336433   0
0.114869459627795   0.024800652850278   0.0305482185775708   -0.00567649473074618   0
0.191835506244225   0.0118513211547279   0.0769660466164302   -0.0129493316955501   0
0.0968047978766549   0.0372245586748184   -0.0950307083675702   0.0253732375200906   0
0.0863353034838588   0.0305660315512917   -0.0104694943927961   -0.0066585271235267   0
0.0894014377677451   0.0356901383689122   0.00306613428388633   0.00512410681762049   0
0.100859888085105   0.0334103990859508   0.0114584503173603   -0.00227973928296145   0
0.155560755464739   0.0231378476666484   0.0547008673796338   -0.0102725514193024   0
0.0864209493732856   0.0303008499974159   -0.0691398060914536   0.00716300233076755   0
0.114635048281754   0.0425096651522748   0.028214098908468   0.0122088151548589   0
0.112721301096598   0.0339343106273356   -0.00191374718515526   -0.00857535452493922   0
0.126567889488804   0.0204149343976413   0.0138465883922052   -0.0135193762296942   0
0.183661589588007   0.0226648793884944   0.0570937000992037   0.00224994499085309   0
0.0930482353602689   0.0230970278352762   -0.0906133542277383   0.000432148446781796   0
0.146915109496539   0.0279422350547071   0.0538668741362699   0.00484520721943082   0
0.124814647635684   0.0207221045343041   -0.0221004618608547   -0.007220130520403   0
0.180091389651949   0.023636915880091   0.0552767420162645   0.00291481134578698   0
0.152659753113812   0.0327218592827868   -0.0274316365381368   0.00908494340269575   0
0.125212816214236   0.0283387963701707   -0.0274469368995761   -0.00438306291261609   0
0.141803174278187   0.0394652610375885   0.0165903580639516   0.0111264646674178   0
0.136882955169919   0.0312155461597663   -0.00492021910826868   -0.0082497148778222   0
0.235528766338276   0.0284516032216552   0.0986458111683576   -0.0027639429381111   0
0.118168257055692   0.0277309527813687   -0.117360509282585   -0.000720650440286498   0
0.114028350476625   0.0204846873617222   -0.00413990657906665   -0.00724626541964652   0
0.137067773265272   0.0436040038020019   0.0230394227886471   0.0231193164402798   0
0.169720526162424   0.0366613135414104   0.0326527528971519   -0.00694269026059156   0
0.231314085400998   0.0270359963670659   0.0615935592385737   -0.00962531717434449   0
0.11497616742408   0.017289316698904   -0.116337917976918   -0.00974667966816191   0
0.157463890571648   0.0469929664444851   0.0424877231475685   0.0297036497455811   0
0.156095039647517   0.0372894243279847   -0.00136885092413089   -0.00970354211650033   0
0.19319578800388   0.0303347061031585   0.0371007483563623   -0.00695471822482626   0
0.215741973758018   0.020660148398695   0.0225461857541386   -0.00967455770446346   0
0.124402104557046   0.0298145826153076   -0.0913398692009727   0.00915443421661255   0
0.162339924827166   0.0449307062713797   0.0379378202701207   0.0151161236560722   0
0.157616051025395   0.0360180815489248   -0.00472387380177103   -0.00891262472245487   0
0.191768155461875   0.0373043131599082   0.0341521044364801   0.00128623161098335   0
0.210347268307649   0.0228096311785313   0.0185791128457735   -0.0144946819813769   0
0.146174001696958   0.0418951529359901   -0.0641732666106904   0.0190855217574589   0
0.182565509134146   0.0389154243850045   0.0363915074371877   -0.00297972855098564   0
0.186669706236336   0.052362147715406   0.0041041971021899   0.0134467233304016   0
0.167474375883895   0.0423166774582138   -0.0191953303524415   -0.0100454702571922   0
0.237265852668457   0.0270171144352982   0.0697914767845626   -0.0152995630229156   0
0.190951036828816   0.0239820813713593   -0.0463148158396407   -0.00303503306393891   0
0.182223295772659   0.0413067657649749   -0.00872774105615728   0.0173246843936155   0
0.207907029767538   0.0425920803597922   0.0256837339948791   0.00128531459481737   0
0.228283800765013   0.0469202727387906   0.0203767709974747   0.0043281923789984   0
0.215695461287436   0.0756565724928773   -0.0125883394775764   0.0287362997540867   0
0.228352350192088   0.0378766733431673   0.0126568889046516   -0.03777989914971   0
0.184269027718279   0.0470816885180693   -0.0440833224738086   0.00920501517490201   0
0.24086056309668   0.0517889756751859   0.0565915353784011   0.00470728715711662   0
0.240420894080665   0.0503329308591552   -0.00043966901601572   -0.00145604481603071   0
0.219185585719043   0.0402082167496583   -0.0212353083616216   -0.0101247141094969   0
0.213830268355535   0.0435047100743701   -0.00535531736350842   0.00329649332471183   0
0.202122135549375   0.0416625371069442   -0.0117081328061595   -0.00184217296742594   0
0.221493792978246   0.052867170911351   0.0193716574288705   0.0112046338044069   0
0.202355258885061   0.0446384321827615   -0.0191385340931849   -0.0082287387285895   0
0.238185301347417   0.0404138877384371   0.0358300424623565   -0.00422454444432439   0
0.173583309557947   0.0361035908536242   -0.0646019917894705   -0.00431029688481289   0
0.217652833856144   0.0595498609808831   0.0440695242981967   0.0234462701272588   0
0.221146217054599   0.0539584546541365   0.00349338319845596   -0.00559140632674661   0
0.187743016462664   0.0468756911163451   -0.0334032005919358   -0.00708276353779132   0
0.222486525992227   0.0356418471352145   0.0347435095295636   -0.0112338439811306   0
0.177484080237327   0.0404475003583967   -0.0450024457549   0.00480565322318215   0
0.205702648684631   0.0663520592684394   0.0282185684473042   0.0259045589100428   0
0.210179405736171   0.0552731871680338   0.00447675705153966   -0.0110788721004056   0
0.347426354489696   0.0447839000438216   0.137246948753525   -0.0104892871242123   0
0.146579754544139   0.0388991636378036   -0.200846599945557   -0.00588473640601792   0
0.15588778516295   0.028713948826485   0.009308030618811   -0.0101852148113186   0
0.18593443026067   0.0423569155536023   0.0300466450977203   0.0136429667271173   0
0.185637432607323   0.053923205797087   -0.000296997653347092   0.0115662902434847   0
0.24824055450357   0.0531477471187161   0.0626031218962472   -0.000775458678370901   0
0.246821483421845   0.0324277153089468   -0.00141907108172543   -0.0207200318097694   0
0.200740381899507   0.019586110567607   -0.0460811015223375   -0.0128416047413398   0
0.233018320039627   0.0185902186356831   0.0322779381401197   -0.000995891931923835   0
0.224204413214816   0.0391007583207155   -0.00881390682481084   0.0205105396850323   0
0.257151622016059   0.0358676711692438   0.0329472088012427   -0.00323308715147171   0
0.209032806606906   0.040088073752489   -0.0481188154091532   0.00422040258324527   0
0.216547765423913   0.0337784726568195   0.00751495881700728   -0.00630960109566956   0
0.24897120883799   0.0387519104017018   0.032423443414077   0.00497343774488235   0
0.227634936233084   0.0320487420544863   -0.0213362726049064   -0.00670316834721549   0
0.224287280471185   0.0303665815445491   -0.00334765576189852   -0.00168216050993723   0
0.197012697926428   0.0325214171847569   -0.0272745825447569   0.00215483564020778   0
0.215913677376707   0.05496342583555   0.0189009794502794   0.0224420086507931   0
0.195070423853566   0.0528578633378942   -0.0208432535231411   -0.00210556249765576   0
0.228618131462577   0.0667173686712276   0.0335477076090105   0.0138595053333334   0
0.262118774881942   0.057514369053921   0.0335006434193649   -0.0092029996173066   0
0.162826442845903   0.0316278331538556   -0.099292332036039   -0.0258865359000654   0
0.174996317106389   0.055838202789123   0.0121698742604868   0.0242103696352674   0
0.190375917084305   0.0408197930329033   0.0153795999779151   -0.0150184097562197   0
0.213681323744028   0.0449821669663379   0.0233054066597232   0.00416237393343456   0
0.205548679167345   0.054284931703843   -0.00813264457668308   0.00930276473750512   0
0.140555028794882   0.0506274865347125   -0.0649936503724631   -0.00365744516913048   0
0.157184188420751   0.0542573075534762   0.0166291596258689   0.00362982101876361   0
0.16759964231   0.0538088757990027   0.0104154538892496   -0.000448431754473441   0
0.253518932976395   0.045929460424526   0.0859192906663951   -0.00787941537447672   0
0.199513101896492   0.0632087124794122   -0.0540058310799033   0.0172792520548862   0
0.137370048214054   0.0487872891883224   -0.0621430536824377   -0.0144214232910898   0
0.159570668437185   0.0433959896814786   0.0222006202231306   -0.00539129950684378   0
0.173649422187348   0.0443504800972887   0.0140787537501636   0.000954490415810069   0
0.269695661198414   0.0600360181472131   0.096046239011066   0.0156855380499244   0
0.185529618673381   0.0412938168758048   -0.084166042525034   -0.0187422012714083   0
0.288805027421771   0.157106774611059   0.103275408748391   0.115812957735254   0
0.543568222578362   0.363892311345486   0.254763195156591   0.206785536734427   0
0.384552313374969   0.165093709394422   -0.159015909203394   -0.198798601951063   0
0.30217322312818   0.0923674262814549   -0.0823790902467884   -0.0727262831129676   0
0.314236023856273   0.0850362814486264   0.0120628007280926   -0.0073311448328285   0
0.296542302062893   0.0717250265040035   -0.0176937217933799   -0.0133112549446229   0
0.200850208390158   0.0731064517919588   -0.0956920936727346   0.00138142528795535   0
0.236450771867801   0.0971563841587366   0.0356005634776428   0.0240499323667778   0
0.240249263884242   0.0903681763733783   0.0037984920164407   -0.00678820778535832   0
0.244570516416513   0.0861921826664837   0.00432125253227156   -0.00417599370689452   0
0.248649129342855   0.149489132685866   0.00407861292634201   0.0632969500193824   0
0.981920483778071   0.79627301552433   0.733271354435215   0.646783882838464   1
0.870558130551315   0.641103883894412   -0.111362353226756   -0.155169131629917   0
0.75584847163667   0.49993817079765   -0.114709658914644   -0.141165713096763   0
0.59608167968208   0.422450070194692   -0.15976679195459   -0.077488100602958   0
0.470913168609681   0.332495165114581   -0.125168511072399   -0.0899549050801108   0
0.425523426240213   0.30307559807588   -0.0453897423694681   -0.0294195670387007   0
0.470464364784454   0.325168136969076   0.0449409385442411   0.0220925388931961   0
0.484237048320355   0.30981546863567   0.013772683535901   -0.0153526683334061   0
0.468219761482981   0.297064737943706   -0.0160172868373739   -0.0127507306919646   0
0.379135917192516   0.261121731300384   -0.0890838442904658   -0.0359430066433215   0
0.343548178902188   0.253830144509946   -0.0355877382903272   -0.00729158679043829   0
0.346147043022889   0.256314512698877   0.00259886412070098   0.00248436818893066   0
0.383049313177155   0.283153499780614   0.0369022701542654   0.0268389870817372   0
0.373502164519364   0.27670824441207   -0.00954714865779077   -0.00644525536854346   0
0.359531516704892   0.258651583758562   -0.013970647814472   -0.0180566606535081   0
0.335966567652334   0.22866770194435   -0.0235649490525585   -0.0299838818142124   0
0.394913703869813   0.251114855148217   0.0589471362174791   0.0224471532038672   0
0.418851111795595   0.26516103605298   0.0239374079257825   0.0140461809047635   0
0.433657619201923   0.259839810936969   0.0148065074063278   -0.00532122511601113   0
0.361065085118791   0.231403868721355   -0.0725925340831316   -0.0284359422156146   0
0.342959467570965   0.203129792353165   -0.018105617547826   -0.0282740763681896   0
0.392865449942051   0.230112391295129   0.0499059823710854   0.0269825989419637   0
0.467792077837419   0.255550402470217   0.0749266278953686   0.0254380111750883   0
0.462396966816782   0.257982169430253   -0.00539511102063756   0.00243176696003627   0
0.381080262941037   0.210037503850955   -0.0813167038757446   -0.0479446655792984   0
0.411864367742064   0.220949421523485   0.0307841048010267   0.0109119176725296   0
0.47001971659156   0.232894861684028   0.0581553488494957   0.0119454401605433   0
0.493764112042623   0.235344153074965   0.0237443954510635   0.002449291390937   0
0.411742584815137   0.220296724784261   -0.0820215272274864   -0.0150474282907038   0
0.378755006328629   0.156664639616994   -0.0329875784865075   -0.0636320851672675   0
0.409793780879225   0.194081640729675   0.0310387745505954   0.037417001112681   0
0.474471477824537   0.222982419419833   0.0646776969453123   0.0289007786901588   0
0.442657261777789   0.237659088058552   -0.031814216046748   0.0146766686387184   0
0.376267204588707   0.187242759557139   -0.0663900571890818   -0.050416328501413   0
0.371292755660543   0.194178757592901   -0.00497444892816379   0.00693599803576186   0
0.418056411529461   0.224692878488777   0.0467636558689176   0.0305141208958767   0
0.453212189521641   0.240430055451315   0.0351557779921804   0.0157371769625378   0
0.406516069985726   0.220541256073716   -0.0466961195359149   -0.0198887993775989   0
0.360929451724295   0.185310750863442   -0.0455866182614317   -0.0352305052102748   0
0.363603765782493   0.206020833644495   0.00267431405819829   0.020710082781053   0
0.434221351291205   0.228001225590067   0.0706175855087119   0.0219803919455722   0
0.477624480486763   0.23699416098044   0.0434031291955578   0.0089929353903728   0
0.410018092812366   0.247711109060656   -0.0676063876743966   0.010716948080216   0
0.354893840342432   0.196581732348946   -0.0551242524699336   -0.0511293767117099   0
0.33829038035021   0.183501619461689   -0.0166034599922221   -0.0130801128872567   0
0.426346100460835   0.216042914117086   0.0880557201106242   0.0325412946553968   0
0.505718192112218   0.234244400118386   0.0793720916513833   0.0182014860013002   0
0.502568211508001   0.253455904369128   -0.00314998060421723   0.0192115042507419   0
0.380038093419594   0.19355859389555   -0.122530118088407   -0.0598973104735777   0
0.349649977035606   0.182384173822244   -0.0303881163839876   -0.0111744200733062   0
0.400217900178453   0.209345103794721   0.0505679231428464   0.026960929972477   0
0.471372525240451   0.231549012990209   0.0711546250619987   0.0222039091954881   0
0.461368693470851   0.237361434690853   -0.0100038317696005   0.00581242170064381   0
0.381800647540048   0.196876900123046   -0.0795680459308029   -0.0404845345678064   0
0.409345104496304   0.209874898345324   0.027544456956256   0.0129979982222774   0
0.503672790661755   0.234964972996344   0.094327686165451   0.0250900746510198   0
0.544205539414117   0.227793148105908   0.0405327487523619   -0.00717182489043597   0
0.439865181835025   0.235735263922419   -0.104340357579091   0.00794211581651119   0
0.434402667511377   0.190848395474844   -0.00546251432364847   -0.0448868684475748   0
0.516649737996624   0.243683607499335   0.0822470704852468   0.052835212024491   0
0.551199416551251   0.245477306416199   0.0345496785546276   0.00179369891686404   0
0.49223160239047   0.2442575383458   -0.0589678141607813   -0.001219768070399   0
0.396724556610755   0.193850455604707   -0.0955070457797153   -0.0504070827410931   0
0.378663750545798   0.19865144109571   -0.0180608060649573   0.00480098549100338   0
0.471455747218644   0.235812506610315   0.0927919966728465   0.0371610655146049   0
0.512220377157879   0.244363424073653   0.0407646299392351   0.00855091746333769   0
0.430768478460019   0.22345724469865   -0.08145189869786   -0.0209061793750027   0
0.427335259720047   0.218068088993146   -0.00343321873997215   -0.00538915570550466   0
0.472605730767719   0.233655029312665   0.0452704710476723   0.0155869403195197   0
0.537835853632909   0.235794558935231   0.0652301228651898   0.00213952962256542   0
0.477841677374724   0.24250285328742   -0.0599941762581849   0.00670829435218931   0
0.404384477192189   0.199253510706361   -0.0734572001825352   -0.0432493425810589   0
0.413946542578737   0.229588742372726   0.0095620653865478   0.0303352316663649   0
0.51475521450539   0.248298842961944   0.100808671926653   0.0187101005892177   0
0.532455888964607   0.249379661015589   0.0177006744592171   0.00108081805364504   0
0.463697260696028   0.245579058335605   -0.0687586282685792   -0.00380060267998378   0
0.416270185946592   0.217600988890727   -0.0474270747494361   -0.0279780694448775   0
0.490077866810122   0.241654747003344   0.0738076808635306   0.0240537581126161   0
0.510305675676295   0.25620135942013   0.0202278088661727   0.0145466124167862   0
0.440235686286335   0.236814147872335   -0.0700699893899605   -0.0193872115477951   0
0.444124373010534   0.228990018922883   0.00388868672419945   -0.00782412894945125   0
0.413440238962577   0.214394691962954   -0.0306841340479575   -0.0145953269599292   0
0.461298771472459   0.255555566218484   0.0478585325098826   0.0411608742555299   0
0.471142729852685   0.243357334849908   0.00984395838022573   -0.0121982313685766   0
0.383418949467811   0.221766330188444   -0.0877237803848736   -0.0215910046614635   0
0.368347119794631   0.193697832638236   -0.0150718296731806   -0.0280684975502083   0
0.402058711991038   0.259737510499201   0.0337115921964068   0.0660396778609652   0
0.44204514641861   0.258290353355966   0.039986434427572   -0.00144715714323451   0
0.412701543451209   0.262089948512433   -0.0293436029674008   0.00379959515646694   0
0.376755797966003   0.225101225801216   -0.0359457454852054   -0.0369887227112175   0
0.359922961932258   0.23427206629806   -0.0168328360337449   0.00917084049684383   0
0.378818542958354   0.25121357922891   0.0188955810260951   0.0169415129308506   0
0.405231500323506   0.252241185510223   0.0264129573651528   0.00102760628131227   0
0.404056124028581   0.281274625457848   -0.00117537629492548   0.0290334399476251   0
0.354870828895529   0.219025314009911   -0.0491852951330517   -0.0622493114479369   0
0.340614104277847   0.206877324719416   -0.0142567246176823   -0.0121479892904952   0
0.236343010796363   0.104841998581389   -0.104271093481483   -0.102035326138026   0
0.264171803708571   0.10140792625017   0.027828792912208   -0.00343407233121872   0
0.304871446176909   0.101434922145199   0.0406996424683376   2.69958950281923e-05   0
0.369661900441471   0.108233978946182   0.0647904542645619   0.00679905680098308   0
0.273307610961367   0.107929156754384   -0.0963542894801039   -0.000304822191797186   0
0.291702016083194   0.104497815115018   0.0183944051218269   -0.00343134163936641   0
0.57425180354692   0.361419866829222   0.282549787463726   0.256922051714204   0
0.808307531409921   0.435070617497895   0.234055727863001   0.0736507506686734   0
0.689814903328429   0.331304426122713   -0.118492628081492   -0.103766191375183   0
0.554240827923205   0.268273604584014   -0.135574075405224   -0.0630308215386984   0
0.574744443782626   0.260316120365221   0.0205036158594206   -0.00795748421879366   0
0.624538327321871   0.28727012462402   0.0497938835392447   0.0269540042587995   0
0.875831837116007   0.430194164593152   0.251293509794136   0.142924039969132   0
