0.0411706191396243   0.01211225   0   0   0
0.0344986794954532   0.0154393   -0.00667193964417117   0.00332705   0
0.034132721078654   0.0112997633950982   -0.000365958416799185   -0.00413953660490184   0
0.0451844697551253   0.0120034430783505   0.0110517486764713   0.000703679683252332   0
0.0506268907913463   0.0141098   0.00544242103622101   0.00210635692164951   0
0.0500258050710831   0.0237075077868278   -0.000601085720263232   0.00959770778682778   0
0.0610307379068941   0.0245316237015103   0.011004932835811   0.000824115914682476   0
0.0723961520231738   0.0188418781765838   0.0113654141162797   -0.00568974552492646   0
0.0728033691416132   0.0348704337611245   0.000407217118439385   0.0160285555845407   0
0.0477767121291325   0.0345917288432833   -0.0250266570124807   -0.000278704917841134   0
0.0622136796858215   0.0192970800158314   0.014436967556689   -0.0152946488274519   0
0.0570329364136978   0.0179334780944049   -0.00518074327212367   -0.00136360192142652   0
0.0624883339837125   0.0253336315547554   0.00545539757001468   0.00740015346035054   0
0.0447023892519181   0.0198134911152887   -0.0177859447317944   -0.00552014043946671   0
0.0603009473906505   0.0254517418221371   0.0155985581387324   0.00563825070684843   0
0.0556757075418795   0.0273094773992356   -0.00462523984877099   0.00185773557709841   0
0.0581710287473928   0.0377393166620846   0.00249532120551328   0.0104298392628491   0
0.0571415082808461   0.0260248794024583   -0.00102952046654674   -0.0117144372596263   0
0.0667610246690388   0.0265717687901088   0.00961951638819269   0.000546889387650469   0
0.0720869029042724   0.0346981359240032   0.00532587823523367   0.00812636713389438   0
0.0650021881182472   0.0329865526242675   -0.00708471478602521   -0.00171158329973566   0
0.0630854400786148   0.0243469070586189   -0.0019167480396324   -0.00863964556564866   0
0.0602620120547763   0.0254952676181659   -0.00282342802383855   0.00114836055954706   0
0.0538555264504025   0.0257353897287781   -0.0064064856043738   0.000240122110612223   0
0.0353020366307229   0.0187842849990524   -0.0185534898196796   -0.00695110472972575   0
0.058593143872798   0.0244258672127521   0.0232911072420751   0.00564158221369974   0
0.058657823845332   0.0294756984501216   6.46799725340652e-05   0.00504983123736944   0
0.0529614167028611   0.0193373714889718   -0.00569640714247087   -0.0101383269611498   0
0.0537685001537145   0.0208835583777047   0.000807083450853389   0.00154618688873288   0
0.0588676190034895   0.0278937661446962   0.00509911884977498   0.0070102077669915   0
0.0541191809038616   0.0134049622106601   -0.00474843809962791   -0.0144888039340361   0
0.0390879296096583   0.0192299733948074   -0.0150312512942033   0.0058250111841473   0
0.0637527545847236   0.0312447001837512   0.0246648249750653   0.0120147267889438   0
0.0534790588334359   0.0252725915034945   -0.0102736957512877   -0.00597210868025672   0
0.0529804669363163   0.0180919916465138   -0.000498591897119663   -0.00718059985698065   0
0.0352624354333673   0.0168496736513834   -0.0177180315029489   -0.00124231799513037   0
0.0631119188649815   0.0243585255213652   0.0278494834316141   0.00750885186998178   0
0.0494781979829864   0.0192423699763049   -0.013633720881995   -0.00511615554506031   0
0.0509405310862421   0.0162634480258954   0.00146233310325571   -0.00297892195040952   0
0.0439219597229495   0.0274166366436056   -0.00701857136329259   0.0111531886177103   0
0.0571631114399837   0.0391142827210854   0.0132411517170342   0.0116976460774797   0
0.0595240688586592   0.0176375996964581   0.00236095741867545   -0.0214766830246273   0
0.0482000803768095   0.0195006324928834   -0.0113239884818497   0.00186303279642528   0
0.061201609029885   0.0322865168979638   0.0130015286530754   0.0127858844050804   0
0.0607938696440891   0.0317702041344559   -0.000407739385795872   -0.000516312763507852   0
0.0522673575756695   0.024925880005559   -0.00852651206841964   -0.00684432412889694   0
0.0484274835558735   0.0415244052456191   -0.00383987401979596   0.0165985252400601   0
0.0721749496262554   0.044848934376025   0.0237474660703819   0.00332452913040591   0
0.0504088862365764   0.0449817011005864   -0.021766063389679   0.000132766724561417   0
0.0488371018621386   0.0399587167785394   -0.00157178437443779   -0.00502298432204706   0
0.0615124696134215   0.0583162151448731   0.0126753677512829   0.0183574983663337   0
0.0656346867084966   0.063901957227513   0.00412221709507513   0.00558574208263992   0
0.0476392375558166   0.0546958042557425   -0.01799544915268   -0.00920615297177049   0
0.0380156465766873   0.0468953275207405   -0.00962359097912928   -0.00780047673500199   0
0.0633894749632847   0.0599217035658608   0.0253738283865974   0.0130263760451203   0
0.0614601946240662   0.0665852906102579   -0.00192928033921851   0.00666358704439706   0
0.0488734125210221   0.0649058212241591   -0.0125867821030441   -0.00167946938609882   0
0.0529979842958202   0.0675078847898542   0.00412457177479805   0.0026020635656951   0
0.0924145754036862   0.0900775265317082   0.039416591107866   0.022569641741854   0
0.0579809793144623   0.0616600715697492   -0.0344335960892239   -0.028417454961959   0
0.0461539989449723   0.0715797872095379   -0.01182698036949   0.00991971563978865   0
0.0586321275727736   0.0900010243654494   0.0124781286278014   0.0184212371559116   0
0.055932754770934   0.104423735759704   -0.00269937280183961   0.0144227113942546   0
0.047649973630553   0.0768560944734523   -0.00828278114038096   -0.0275676412862518   0
0.0406615949517478   0.0859719450050435   -0.00698837867880527   0.00911585053159118   0
0.0544674894200394   0.102664128987688   0.0138058944682916   0.0166921839826445   0
0.0622983608104266   0.112124400865088   0.00783087139038727   0.0094602718774003   0
0.0550757927047528   0.0972092154680446   -0.00722256810567385   -0.0149151853970436   0
0.0500328282130053   0.0880889116479623   -0.00504296449174747   -0.00912030382008236   0
0.0489268138742796   0.0985648264058356   -0.0011060143387257   0.0104759147578733   0
0.0643304466483018   0.10406389432252   0.0154036327740221   0.00549906791668403   0
0.0626243937709747   0.105081498684356   -0.00170605287732702   0.00101760436183601   0
0.0574363910197438   0.126815859506887   -0.00518800275123099   0.0217343608225319   0
0.0444877657646125   0.117732905630924   -0.0129486252551313   -0.00908295387596372   0
0.0427178796402349   0.118809488426872   -0.00176988612437751   0.00107658279594813   0
0.0387318026973494   0.127931024510985   -0.00398607694288557   0.00912153608411304   0
0.0555627112527287   0.140688371564319   0.0168309085553793   0.0127573470533345   0
0.0490347821292193   0.136165031542032   -0.00652792912350941   -0.00452334002228769   0
0.0492525894999735   0.116111728965036   0.000217807370754254   -0.0200533025769957   0
0.0347663807435747   0.122129116196313   -0.0144862087563988   0.00601738723127682   0
0.0844065332461232   0.132540436668975   0.0496401525025485   0.0104113204726618   0
0.0891698820589267   0.127412104068158   0.00476334881280353   -0.00512833260081719   0
0.0647583116896202   0.129088128869583   -0.0244115703693065   0.0016760248014252   0
0.0542330457358574   0.116078785338936   -0.0105252659537628   -0.013009343530647   0
0.0526976120812025   0.122221236446945   -0.0015354336546549   0.00614245110800907   0
0.0419544861119331   0.121757884761532   -0.0107431259692694   -0.000463351685412866   0
0.0770575536476963   0.141779909598134   0.0351030675357633   0.0200220248366018   0
0.0630685320788751   0.144103601496883   -0.0139890215688212   0.00232369189874934   0
0.0470175383815155   0.138596288415681   -0.0160509936973596   -0.00550731308120261   0
0.0342031266219464   0.145349612505718   -0.0128144117595691   0.0067533240900379   0
0.0981358946345953   0.170618399226505   0.0639327680126489   0.0252687867207864   0
0.0609427767897919   0.175575555748295   -0.0371931178448034   0.00495715652178971   0
0.0304741771287643   0.172265391101702   -0.0304685996610276   -0.00331016464659217   0
0.0377579902004291   0.187667604681688   0.00728381307166481   0.015402213579986   0
0.0808622514162189   0.204125037469709   0.0431042612157898   0.0164574327880203   0
0.0459746616379457   0.204090011028572   -0.0348875897782732   -3.50264411371204e-05   0
0.0273271483573897   0.179954162110696   -0.0186475132805561   -0.0241358489178761   0
0.079638305986127   0.194293820923267   0.0523111576287374   0.0143396588125713   0
0.0437239096884714   0.200962162141639   -0.0359143962976557   0.00666834121837234   0
0.0357566224451509   0.174087291371843   -0.00796728724332042   -0.0268748707697961   0
0.0795193536363017   0.168011149187941   0.0437627311911508   -0.00607614218390232   0
0.0710084125794965   0.198891120172659   -0.00851094105680518   0.030879970984718   0
0.147814254231652   0.264019869025458   0.076805841652156   0.0651287488527993   0
0.0980878708831015   0.231010150080662   -0.0497263833485509   -0.033009718944796   0
0.0320945573060293   0.203825976710827   -0.0659933135770722   -0.0271841733698353   0
0.0418645441865357   0.213441945440704   0.00976998688050638   0.00961596872987727   0
0.0941988616558125   0.219474173622143   0.0523343174692768   0.00603222818143875   0
0.0296905219351631   0.207776151727045   -0.0645083397206494   -0.0116980218950979   0
0.0588893085798263   0.205021293145377   0.0291987866446632   -0.00275485858166821   0
0.0268530748678359   0.221021264732768   -0.0320362337119904   0.0159999715873917   0
0.0792524345053198   0.234236648020357   0.0523993596374839   0.0132153832875883   0
0.0414168117346084   0.230696456976158   -0.0378356227707113   -0.00354019104419834   0
0.0502038388910649   0.217064455572423   0.00878702715645645   -0.0136320014037351   0
0.063934779721998   0.236275453715938   0.0137309408309331   0.019210998143515   0
0.0891805463282598   0.240740810758687   0.0252457666062619   0.00446535704274889   0
0.0488401696399593   0.249789220662021   -0.0403403766883005   0.00904840990333416   0
0.0314302686427033   0.24031320198092   -0.017409900997256   -0.00947601868110126   0
0.0781797931890773   0.262283185878356   0.046749524546374   0.0219699838974355   0
0.0935195622048826   0.274625392182697   0.0153397690158052   0.0123422063043413   0
0.0344867311163656   0.269624951743621   -0.059032831088517   -0.00500044043907572   0
0.0196161057606637   0.260446924417433   -0.0148706253557019   -0.00917802732618822   0
0.061215102453745   0.25865990987685   0.0415989966930813   -0.00178701454058322   0
0.0524751875965203   0.271173375929515   -0.0087399148572247   0.0125134660526652   0
0.0281880382313137   0.249759739955722   -0.0242871493652067   -0.0214136359737926   0
0.0573560209055842   0.268524216906967   0.0291679826742705   0.018764476951245   0
0.0933736642821733   0.281109101109338   0.0360176433765891   0.0125848842023707   0
0.0643762578404492   0.288178085569496   -0.028997406441724   0.00706898446015841   0
0.0205678188337607   0.27733133275752   -0.0438084390066886   -0.010846752811976   0
0.0825600480350327   0.297067247791847   0.061992229201272   0.0197359150343264   0
0.0825743599977853   0.301120517450758   1.43119627526028e-05   0.00405326965891162   0
0.0296499559261072   0.289288071555846   -0.0529244040716781   -0.0118324458949129   0
0.0239978642454615   0.288754051234939   -0.0056520916806457   -0.000534020320906103   0
0.104231857221944   0.322602130901983   0.0802339929764823   0.0338480796670433   0
0.0534312426684052   0.311764003190314   -0.0508006145535387   -0.0108381277116689   0
0.0243176010315903   0.292286186508707   -0.0291136416368149   -0.019477816681607   0
0.0613556982841602   0.328334561039654   0.0370380972525699   0.0360483745309476   0
0.0909608675654185   0.368552307335065   0.0296051692812583   0.0402177462954104   0
0.0293492633844531   0.332652885831462   -0.0616116041809654   -0.0358994215036023   0
0.0378037369564174   0.340520398740898   0.00845447357196431   0.00786751290943527   0
0.0968657486665436   0.392661811585046   0.0590620117101262   0.0521414128441481   0
0.050295800578776   0.379619906370174   -0.0465699480877677   -0.0130419052148714   0
0.017530548659115   0.357738090260878   -0.0327652519196609   -0.0218818161092966   0
0.0599843857031653   0.390123360234298   0.0424538370440503   0.0323852699734204   0
0.0932299084471287   0.4295732941126   0.0332455227439634   0.0394499338783013   0
0.0307007910346558   0.393769319320652   -0.0625291174124729   -0.0358039747919471   0
0.0457893731971786   0.427245032188205   0.0150885821625229   0.0334757128675522   0
0.106018135425502   0.453758340223075   0.060228762228323   0.0265133080348705   0
0.0540601379345262   0.445371867765017   -0.0519579974909754   -0.00838647245805785   0
0.0142980744516386   0.431697718708357   -0.0397620634828876   -0.01367414905666   0
0.0935851367175899   0.451123890275443   0.0792870622659514   0.0194261715670858   0
0.0895795541904898   0.472197958291764   -0.00400558252710015   0.0210740680163204   0
0.0190843896329539   0.438613190347714   -0.0704951645575358   -0.0335847679440496   0
0.0151896067298663   0.438211328499447   -0.00389478290308763   -0.000401861848267238   0
0.0994040467083026   0.468456823969403   0.0842144399784363   0.0302454954699561   0
0.0728135459819119   0.443012590319113   -0.0265905007263907   -0.0254442336502901   0
0.0418384763575647   0.430549033993226   -0.0309750696243472   -0.0124635563258868   0
0.0777199553120207   0.445502024689844   0.035881478954456   0.0149529906966177   0
0.110317829368149   0.471715435383452   0.0325978740561281   0.0262134106936087   0
0.0605224023796148   0.459075805187989   -0.0497954269885341   -0.0126396301954638   0
0.032435668436499   0.426521650639507   -0.0280867339431157   -0.0325541545484812   0
0.0670540678258307   0.45172985016545   0.0346183993893317   0.0252081995259427   0
0.0933929727136897   0.466131677939024   0.026338904887859   0.0144018277735739   0
0.0422698855671505   0.455509761628113   -0.0511230871465392   -0.0106219163109114   0
0.0501773412835206   0.434818656578234   0.00790745571637007   -0.020691105049879   0
0.0714712569549753   0.471114862195251   0.0212939156714547   0.036296205617017   0
0.0915043840354111   0.473859759386941   0.0200331270804358   0.0027448971916908   0
0.0262376179488535   0.452674069129766   -0.0652667660865576   -0.0211856902571757   0
0.06269538550267   0.467091689278454   0.0364577675538165   0.0144176201486885   0
0.117511796627228   0.479181981684412   0.0548164111245576   0.0120902924059576   0
0.0517394983874023   0.476004827534606   -0.0657722982398253   -0.00317715414980591   0
0.0168317672497691   0.467825630243256   -0.0349077311376331   -0.00817919729134958   0
0.0882305184619494   0.490410283281764   0.0713987512121803   0.0225846530385077   0
0.0897353111802951   0.504294799788341   0.00150479271834572   0.0138845165065766   0
0.0226638499392954   0.478560195271713   -0.0670714612409997   -0.0257346045166277   0
0.0204675353121948   0.468999064964153   -0.0021963146271006   -0.00956113030755967   0
0.0915894751094251   0.500889812669663   0.0711219397972303   0.0318907477055097   0
0.0996594551559379   0.515450533081983   0.00806998004651284   0.0145607204123197   0
0.0282921178678797   0.480287310025208   -0.0713673372880582   -0.0351632230567749   0
0.0197658828502068   0.479921733445413   -0.00852623501767292   -0.000365576579794802   0
0.106059941914178   0.495143413648258   0.0862940590639716   0.0152216802028451   0
0.0928203065899375   0.495294112493769   -0.0132396353242409   0.000150698845510611   0
0.0221894389399693   0.481835532766368   -0.0706308676499683   -0.0134585797274003   0
0.0347810349389851   0.493215301071956   0.0125915959990158   0.0113797683055877   0
0.106891639806065   0.522157856848147   0.0721106048670802   0.0289425557761909   0
0.0605118748422985   0.5227429629732   -0.0463797649637668   0.000585106125052692   0
0.0190307589242494   0.515131169918158   -0.0414811159180491   -0.00761179305504178   0
0.078242240893996   0.526621935288732   0.0592114819697466   0.0114907653705746   0
0.101528404411808   0.542710253990332   0.0232861635178118   0.0160883187015991   0
0.0402111932801055   0.511223883138298   -0.0613172111317024   -0.0314863708520338   0
0.0276241922580933   0.510937036158077   -0.0125870010220122   -0.000286846980220856   0
0.0925610503178978   0.52591898762761   0.0649368580598045   0.014981951469533   0
0.0886565212583372   0.532868034388675   -0.00390452905956053   0.00694904676106489   0
0.0353988570432846   0.510256571099285   -0.0532576642150526   -0.0226114632893896   0
0.0603233209033256   0.513866620210196   0.024924463860041   0.00361004911091101   0
0.105962805156421   0.536989015364374   0.0456394842530952   0.0231223951541778   0
0.0689193180992093   0.533849637359856   -0.0370434870572115   -0.0031393780045178   0
0.0236306356986624   0.513862036285276   -0.0452886824005469   -0.0199876010745805   0
0.0771821114259081   0.533881230309233   0.0535514757272457   0.020019194023957   0
0.0788822966258471   0.563373631390616   0.00170018519993892   0.0294924010813835   0
0.0290179646329649   0.555824296095448   -0.0498643319928822   -0.00754933529516844   0
0.0585897108229559   0.553295581161869   0.0295717461899911   -0.0025287149335792   0
0.092935196428406   0.573941315304318   0.03434548560545   0.020645734142449   0
0.0592668104663985   0.567258977281982   -0.0336683859620075   -0.00668233802233575   0
0.0301291071767834   0.547233551741165   -0.0291377032896151   -0.0200254255408172   0
0.00714829987631017   0.528815911827547   -0.0229808073004732   -0.0184176399136174   0
0.103630426242162   0.555903450509394   0.0964821263658514   0.0270875386818465   0
0.124080734035113   0.580388966966982   0.0204503077929516   0.0244855164575878   0
0.105350293535471   0.591547476650226   -0.0187304404996417   0.0111585096832448   0
0.0601895903010645   0.596063593759089   -0.0451607032344069   0.00451611710886246   0
0.0139461624561203   0.597293320924485   -0.0462434278449442   0.00122972716539638   0
0.036058964403216   0.594791268465249   0.0221128019470957   -0.00250205245923607   0
0.0694357764241288   0.608455899841763   0.0333768120209128   0.0136646313765143   0
0.0710500874539926   0.622819376670516   0.00161431102986383   0.0143634768287525   0
0.0181887568739592   0.598010227654137   -0.0528613305800334   -0.0248091490163791   0
0.0193897093795033   0.583584557157958   0.00120095250554409   -0.0144256704961787   0
0.093583338723098   0.611199575810758   0.0741936293435947   0.0276150186527995   0
0.126013057354006   0.65458125150454   0.0324297186309084   0.0433816756937826   0
0.128351259763781   0.674610042873659   0.00233820240977464   0.0200287913691187   0
0.0627076029685819   0.626287623831894   -0.0656436567951992   -0.0483224190417648   0
0.0708608619491917   0.65706889958531   0.0081532589806098   0.0307812757534159   0
0.0984193642415678   0.664318930546353   0.0275585022923761   0.00725003096104315   0
0.0479510070026324   0.664456026530913   -0.0504683572389355   0.000137095984560243   0
0.009041270210612   0.652077742503338   -0.0389097367920204   -0.0123782840275749   0
0.0879477431491247   0.680332998535276   0.0789064729385126   0.0282552560319377   0
0.0996396706444597   0.68235604789307   0.011691927495335   0.00202304935779407   0
0.0360249304055631   0.65593611550459   -0.0636147402388966   -0.0264199323884807   0
0.0393075882877645   0.667293829748934   0.00328265788220142   0.011357714244345   0
0.13022375184273   0.704839223004438   0.0909161635549654   0.0375453932555038   0
0.102829031236301   0.71004259750877   -0.0273947206064292   0.00520337450433128   0
0.0329761577836548   0.681442496364146   -0.0698528734526458   -0.0286001011446231   0
0.0531079558081169   0.681081155863969   0.0201317980244621   -0.000361340500177332   0
0.125463660353269   0.744987602096847   0.0723557045451519   0.0639064462328778   0
0.0710610164916609   0.746808990553423   -0.054402643861608   0.00182138845657598   0
0.0218923284526852   0.703335000317845   -0.0491686880389757   -0.0434739902355782   0
0.0917727184343474   0.7572069106453   0.0698803899816622   0.0538719103274558   0
0.111778885257799   0.775402642805093   0.0200061668234516   0.0181957321597925   0
0.0606554199664993   0.757399626777674   -0.0511234652912996   -0.0180030160274189   0
0.0248427702912799   0.753348196637027   -0.0358126496752194   -0.00405143014064724   0
0.0909759402775492   0.792773172248483   0.0661331699862693   0.0394249756114559   0
0.143828353538259   0.82146428838369   0.0528524132607097   0.0286911161352076   0
0.104142101582129   0.807832820118897   -0.0396862519561298   -0.0136314682647933   0
0.0192383374614466   0.752266035012516   -0.0849037641206825   -0.0555667851063805   0
0.0930928594123824   0.796768305284681   0.0738545219509358   0.0445022702721646   0
0.133643051236277   0.781407866432481   0.0405501918238943   -0.0153604388521996   0
0.0711173895456104   0.796192807673602   -0.0625256616906663   0.0147849412411202   0
0.00766612828504722   0.764257648582042   -0.0634512612605632   -0.0319351590915594   0
0.0813419302173854   0.810056682078188   0.0736758019323382   0.0457990334961459   0
0.108269044804928   0.836179943609962   0.026927114587543   0.0261232615317742   0
0.0516078909988279   0.820369895716103   -0.0566611538061006   -0.015810047893859   0
0.0148904250221208   0.795693392490688   -0.0367174659767071   -0.0246765032254153   0
0.126972908637552   0.854571916614915   0.112082483615431   0.0588785241242273   0
0.140745124862107   0.867030249617474   0.0137722162245552   0.0124583330025591   0
0.0657609899620504   0.853730291523031   -0.0749841349000562   -0.0132999580944432   0
0.0617440896009982   0.856721827480573   -0.0040169003610522   0.00299153595754165   0
0.13916807658267   0.894873718703635   0.0774239869816721   0.0381518912230621   0
0.128826581367084   0.949675412781067   -0.010341495215586   0.0548016940774321   0
0.0584538165271524   0.924203677317296   -0.0703727648399319   -0.0254717354637711   0
0.071381464925077   0.936477787414891   0.0129276483979246   0.0122741100975953   0
0.124997566202107   0.92640268529525   0.0536161012770295   -0.010075102119641   0
0.112847372783923   0.947774670051232   -0.0121501934181839   0.0213719847559822   0
0.0405279275180708   0.925597520837075   -0.0723194452658518   -0.022177149214157   0
0.00644246487353008   0.913168016345262   -0.0340854626445407   -0.0124295044918137   0
0.125651661517802   0.937928176014033   0.119209196644272   0.0247601596687711   0
0.142821883703094   0.975500501020847   0.0171702221852912   0.0375723250068137   0
0.0923298363140025   0.995894103689103   -0.0504920473890911   0.0203936026682568   0
0.0664885918038245   0.991193517934994   -0.025841244510178   -0.00470058575410959   0
0.123122570286938   1.0327413966011   0.0566339784831139   0.0415478786661103   0
0.123368615248224   1.06557559752856   0.000246044961285843   0.0328342009274567   0
0.0320238237796566   1.03199224090088   -0.0913447914685677   -0.0335833566276857   0
0.0732752921353228   1.04877998879795   0.0412514683556662   0.0167877478970724   0
0.131441627866737   1.08332185566264   0.0581663357314139   0.034541866864694   0
0.0403522407026202   1.05212474394762   -0.0910893871641165   -0.0311971117150178   0
0.0613507407862366   1.02916732032222   0.0209985000836164   -0.022957423625408   0
0.0591386750738466   1.00942086971749   -0.00221206571239008   -0.0197464506047276   0
0.162266464008094   1.02967121412107   0.103127788934247   0.0202503444035826   0
0.162006667218701   1.07945230803679   -0.000259796789392863   0.0497810939157228   0
0.130216073358991   1.06736817775433   -0.03179059385971   -0.0120841302824619   0
0.0996095703604272   1.08846508434887   -0.0306065029985637   0.021096906594543   0
0.0694109428182826   1.10642700168806   -0.0301986275421446   0.0179619173391821   0
0.0216353006859738   1.05345900030701   -0.0477756421323088   -0.052968001381043   0
0.0322380247779559   1.0400965602976   0.0106027240919821   -0.0133624400094181   0
0.0538492741312267   1.0565771500824   0.0216112493532708   0.0164805897848062   0
0.140349620857521   1.08722543039266   0.0865003467262947   0.0306482803102563   0
0.199081205967339   1.11978006312144   0.0587315851098175   0.0325546327287791   0
0.21077810577726   1.1430378026006   0.0116968998099216   0.0232577394791591   0
0.164084060433608   1.13887020270936   -0.0466940453436523   -0.00416759989124005   0
0.117062400649611   1.12191214822708   -0.0470216597839974   -0.0169580544822769   0
0.0848058774861153   1.13040041848774   -0.0322565231634955   0.00848827026065724   0
0.0613478706480315   1.1238594915689   -0.0234580068380838   -0.00654092691883945   0
0.0488877610576768   1.14002486945   -0.0124601095903547   0.0161653778811073   0
0.0850113396392793   1.1732940682623   0.0361235785816025   0.0332691988122962   0
0.0629782146651987   1.15848840551611   -0.0220331249740806   -0.0148056627461943   0
0.0550960551329122   1.0838855807433   -0.00788215953228647   -0.0746028247728017   0
0.0915546862887968   1.07042117096099   0.0364586311558846   -0.0134644097823129   0
0.165773548299027   1.08199375668035   0.0742188620102307   0.0115725857193554   0
0.229751605035373   1.16634285161354   0.0639780567363455   0.0843490949331913   0
0.224876324965097   1.19715764481511   -0.00487528007027552   0.030814793201567   0
0.18223583216627   1.21128828941514   -0.0426404927988275   0.0141306446000322   0
0.115202698536851   1.2101970445883   -0.0670331336294192   -0.00109124482683987   0
0.0800103848304512   1.22965179645235   -0.0351923137063994   0.0194547518640555   0
0.056175489120968   1.17915475580233   -0.0238348957094832   -0.0504970406500242   0
0.0693818175211633   1.11788300064687   0.0132063284001952   -0.0612717551554589   0
0.0732825182217424   1.15014105478426   0.00390070070057907   0.0322580541373898   0
0.194925525186798   1.18670142246902   0.121643006965055   0.0365603676847623   0
0.223212970957626   1.23692629457135   0.0282874457708284   0.0502248721023237   0
0.205568572187239   1.24228222331783   -0.0176443987703873   0.00535592874648771   0
0.116137491937488   1.16748191305433   -0.0894310802497512   -0.0748003102635029   0
0.0889940141358957   1.14312093592421   -0.0271434778015919   -0.0243609771301172   0
0.0837413922964026   1.163917907472   -0.00525262183949309   0.0207969715477865   0
0.117890089429307   1.17923227301919   0.0341486971329044   0.0153143655471875   0
0.172931838299611   1.22759746967695   0.0550417488703043   0.0483651966577625   0
0.156256442318421   1.29848408016521   -0.0166753959811904   0.0708866104882633   0
0.141130263671687   1.29525237180424   -0.0151261786467335   -0.00323170836097675   0
0.128273456072112   1.30278858374776   -0.0128568075995751   0.00753621194352583   0
0.150301751746912   1.33785125955625   0.0220282956747999   0.0350626758084895   0
0.105041787152019   1.33421514749056   -0.0452599645948934   -0.0036361120656947   0
0.125811881883429   1.33896511785791   0.0207700947314107   0.00474997036735392   0
0.211600630239444   1.35987250164712   0.0857887483560148   0.0209073837892102   0
0.202823510356073   1.39697277255679   -0.00877711988337135   0.0371002709096668   0
0.122393145897881   1.34594915137608   -0.0804303644581918   -0.0510236211807042   0
0.10050288917469   1.30492396618692   -0.0218902567231912   -0.0410251851891648   0
0.0726605698310989   1.25529474790465   -0.027842319343591   -0.0496292182822688   0
0.0948584857973708   1.24165669379835   0.0221979159662719   -0.0136380541063004   0
0.226309349692075   1.24859023320904   0.131450863894704   0.00693353941068842   0
0.223087155976807   1.29461213607204   -0.00322219371526872   0.0460219028629978   0
0.21337049315463   1.32321954787934   -0.00971666282217654   0.0286074118073023   0
0.167994792941923   1.33151812820789   -0.0453757002127075   0.00829858032855424   0
0.11831120685083   1.33241675423458   -0.0496835860910921   0.000898626026682336   0
0.0976410754523935   1.34542583095139   -0.020670131398437   0.0130090767168192   0
0.0769147651466869   1.36112796804277   -0.0207263103057066   0.0157021370913797   0
0.0784291200974485   1.33436166005369   0.00151435495076162   -0.0267663079890801   0
0.197064357305272   1.40702872056268   0.118635237207824   0.0726670605089856   0
0.246839787114391   1.4342716567774   0.0497754298091192   0.0272429362147248   0
0.239053187920534   1.44022514609392   -0.00778659919385771   0.00595348931651474   0
0.182883685271431   1.42320973961834   -0.0561695026491023   -0.0170154064755803   0
0.22296625002132   1.44965131686942   0.040082564749889   0.0264415772510835   0
0.235035280770656   1.48955206684501   0.0120690307493358   0.0399007499755912   0
0.173967860359895   1.49212791061164   -0.061067420410761   0.00257584376662412   0
0.144749213256238   1.49212898344924   -0.0292186471036567   1.07283759853694e-06   0
0.192833305530295   1.50825433313284   0.0480840922740565   0.0161253496836078   0
0.183406963758797   1.50372506208033   -0.00942634177149845   -0.00452927105251177   0
0.171308539027722   1.4927873158538   -0.0120984247310747   -0.0109377462265297   0
0.135844593685211   1.47977476184933   -0.0354639453425111   -0.0130125540044699   0
0.131853559906739   1.4561329783004   -0.00399103377847174   -0.0236417835489304   0
0.230648732040152   1.46074800348392   0.0987951721334134   0.00461502518351486   0
0.25775039642501   1.47834157411912   0.027101664384858   0.0175935706352035   0
0.167054775604471   1.45209719326049   -0.0906956208205398   -0.0262443808586281   0
0.149705603211136   1.42500448636539   -0.0173491723933349   -0.0270927068950984   0
0.228501864963943   1.4534275590032   0.0787962617528072   0.0284230726378059   0
0.222049590333533   1.48363426703821   -0.00645227463040951   0.0302067080350079   0
0.123976595648534   1.45964702076504   -0.0980729946849998   -0.0239872462731701   0
0.0880491779000804   1.43688391705872   -0.0359274177484532   -0.0227631037063216   0
0.188403089860417   1.45349495629844   0.100353911960337   0.0166110392397227   0
0.183082071530366   1.4694269880917   -0.0053210183300515   0.0159320317932627   0
0.110406509521586   1.45010339237595   -0.0726755620087801   -0.0193235957157476   0
0.175458328695021   1.47541402502637   0.0650518191734352   0.0253106326504111   0
0.243137478545246   1.48773562993035   0.0676791498502251   0.0123216049039832   0
0.206559269803633   1.49670561683561   -0.0365782087416132   0.00896998690525685   0
0.162111850629743   1.48654253637568   -0.0444474191738902   -0.0101630804599218   0
0.244280174270795   1.49713505798993   0.0821683236410524   0.0105925216142431   0
0.224599792864219   1.51609632433967   -0.0196803814065762   0.0189612663497407   0
0.15612718096696   1.5071684467455   -0.0684726118972585   -0.00892787759416502   0
0.113162139906154   1.48441088283947   -0.0429650410608063   -0.0227575639060336   0
0.212768667717054   1.50500682498835   0.0996065278108996   0.0205959421488766   0
0.229249833941706   1.50608941822655   0.0164811662246528   0.00108259323820881   0
0.179616183750936   1.49787299291746   -0.0496336501907705   -0.00821642530909727   0
0.111567237974819   1.46004269256116   -0.0680489457761165   -0.0378303003562941   0
0.178245452978077   1.46972367405611   0.0666782150032579   0.00968098149495056   0
0.252728863487295   1.52531195908386   0.0744834105092179   0.0555882850277492   0
0.218395931014683   1.53242222701292   -0.0343329324726128   0.00711026792906155   0
0.128714623293121   1.50265003320575   -0.0896813077215618   -0.0297721938071711   0
0.158620980047061   1.52043842450007   0.0299063567539398   0.0177883912943158   0
0.248126123891883   1.57165690403066   0.0895051438448222   0.0512184795305948   0
0.212529522999912   1.58271654470439   -0.0355966008919711   0.0110596406737253   0
0.126732089325672   1.55550416136738   -0.0857974336742401   -0.0272123833370044   0
