0   0   0   0
0.00531867954588824   0.0332994548422398   0.00531867954588824   0
0.016308071582655   0.0176013956192904   0.0109893920367668   0
0.0157652808991982   -0.0205115907366494   -0.000542790683456772   0
0.0248121325588914   0.10857214784733   0.00904685165969318   0
0.0291093175925253   -0.121661705052693   0.00429718503363383   0
0.0220689476913715   0.0989376217732311   -0.00704036990115373   0
0.0164930238567705   -0.0496301595122987   -0.00557592383460105   0
0.042071975088769   0.0554521478500086   0.0255789512319985   0
0.0465934996648942   -0.0686840236261824   0.00452152457612522   0
0.0392870012709675   0.0565282139954463   -0.00730649839392675   0
0.037156916753984   -0.0525995527370224   -0.00213008451698343   0
0.050088779462695   0.0989430361388622   0.012931862708711   0
0.0416995354950148   -0.113988536559916   -0.00838924396768023   0
0.0547289664236636   0.0725125675464561   0.0130294309286488   0
0.0591921699674881   -0.0390965294742746   0.00446320354382447   0
0.0911660080108809   0.0437945522923282   0.0319738380433928   0
0.0656222001079284   -0.027846467634436   -0.0255438079029525   0
0.0583712953210309   -0.0188195451486789   -0.00725090478689754   0
0.0843636089322434   0.0259787996196397   0.0259923136112126   0
0.084494219272149   0.00045626807411446   0.000130610339905593   0
0.0687721899004241   -0.000152856166383983   -0.0157220293717249   0
0.0696655516808882   -0.0278808518579008   0.000893361780464036   0
0.0974650922238829   0.0797971348688597   0.0277995405429947   0
0.103819156932151   -0.0461030977717757   0.00635406470826763   0
0.0761657014821796   -0.0185327283036694   -0.0276534554499709   0
0.0856443126331807   -0.00753328998968159   0.00947861115100108   0
0.110005118788434   0.0720772011832601   0.0243608061552529   0
0.12022199822468   -0.088402751553249   0.0102168794362465   0
0.104899462211285   0.0196355863816902   -0.0153225360133956   0
0.100802259603406   -0.0308634886599498   -0.00409720260787839   0
0.108970526726175   -0.0139956782665768   0.0081682671227687   0
0.104809896749603   -0.0112816781303859   -0.00416062997657161   0
0.101570861343448   0.000810664795834228   -0.003239035406155   0
0.148190119461597   0.100827758020713   0.0466192581181491   0
0.180662120511135   0.0517830783835079   0.032472001049538   0
0.193932840026838   -0.0671642034547122   0.0132707195157022   0
0.160591320264772   0.054396193634408   -0.0333415197620658   0
0.154126390674221   -0.0485060232006269   -0.00646492959055114   0
0.154455327719198   -0.00337513330639727   0.000328937044977828   0
0.169481539605498   3.54659675889241e-05   0.0150262118862995   0
0.177275008972322   -0.0469202395776472   0.00779346936682362   0
0.156421294049553   -0.00596412248343201   -0.0208537149227686   0
0.15609907439381   0.0189872120961674   -0.000322219655743028   0
0.180965055389809   0.0939741169160546   0.0248659809959992   0
0.168482512064084   -0.137905039881741   -0.0124825433257252   0
0.163196545465779   0.0193643072704465   -0.0052859665983046   0
0.176536170101632   0.0273262366176573   0.013339624635853   0
0.198040116942881   0.0206490220325101   0.0215039468412486   0
0.195738967493062   -0.0190984433701945   -0.00230114944981902   0
0.176996551918787   -0.00677128990061085   -0.0187424155742746   0
0.190447581051985   0.0694096738029212   0.0134510291331979   0
0.213242969635373   -0.0844317846186703   0.0227953885833874   0
0.200353504012624   0.0119581073963596   -0.0128894656227483   0
0.195708412108771   -0.0129150627522149   -0.00464509190385298   0
0.222585401332245   0.0873184103132093   0.0268769892234738   0
0.224617850025074   -0.0814183118181004   0.00203244869282887   0
0.209457143922418   -0.00174791412585687   -0.0151607061026557   0
0.214932756378656   0.019355124050681   0.00547561245623762   0
0.249810409359567   0.0897212975555528   0.0348776529809105   0
0.251766271743044   -0.128281576546881   0.00195586238347784   0
0.226877421087363   0.0387092010954814   -0.0248888506556817   0
0.237480452134142   0.0199019506407306   0.0106030310467797   0
0.253776900414084   0.0755993349569522   0.0162964482799417   0
0.227808869288478   -0.0902391373227578   -0.0259680311256059   0
0.21925012647389   0.0235677631022265   -0.00855874281458835   0
0.24760931346416   0.0602598501421293   0.0283591869902698   0
0.249431724773835   -0.0579366674494932   0.00182241130967498   0
0.236688388595982   -0.0243663441839682   -0.0127433361778528   0
0.24063212551468   0.0212276841514551   0.00394373691869768   0
0.294307247460995   0.0935861041346047   0.0536751219463159   0
0.277482323663517   -0.0940157303924415   -0.016824923797478   0
0.257783388087344   0.0146618289335208   -0.0196989355761739   0
0.237781295464956   -0.00321686244713495   -0.0200020926223879   0
0.254625379609049   0.0458689542505888   0.0168440841440938   0
0.263045096709713   -0.0316576840466239   0.00841971710066408   0
0.259016126432885   -0.0395763722176663   -0.0040289702768288   0
0.260454046651194   0.0160829743462471   0.00143792021830963   0
0.272789758503328   0.0745531667348264   0.0123357118521338   0
0.286416514143864   0.0451432560833983   0.0136267556405363   0
0.256267428212102   -0.115089496765612   -0.0301490859317622   0
0.237173762769119   0.0115129620217026   -0.0190936654429829   0
0.276737641755545   0.078652714341484   0.0395638789864257   0
0.287267360848709   0.0149993553548317   0.0105297190931641   0
0.270046174746855   -0.0770044667178754   -0.0172211861018537   0
0.252563946972116   0.0292145933901402   -0.0174822277747397   0
0.275003775252168   0.0952018028502581   0.0224398282800523   0
0.264506856972504   -0.0748957495521446   -0.0104969182796645   0
0.249765767661168   -0.0168198320746993   -0.0147410893113357   0
0.257085311511242   0.0407831134931595   0.00731954385007441   0
0.295837631290291   0.0803622986505523   0.0387523197790484   0
0.278549400248111   -0.118091202779808   -0.0172882310421794   0
0.259336562690035   -0.0278169994536728   -0.0192128375580762   0
0.271034697208591   0.0407859778296895   0.0116981345185557   0
0.301973070572282   0.078485450224623   0.0309383733636914   0
0.306007585202736   -0.113402127663437   0.00403451463045429   0
0.286146232516698   0.00261152247830287   -0.0198613526860388   0
0.270150503811301   0.020108990291033   -0.0159957287053962   0
0.318656654966988   0.104862978732836   0.0485061511556865   0
0.308756468635918   -0.0753842987630955   -0.00990018633107009   0
0.281311015681043   -0.052107276085512   -0.0274454529548749   0
0.276143342129138   0.0279481000623343   -0.00516767355190523   0
0.312567864411075   0.0620336621769822   0.0364245222819371   0
0.292146258169175   -0.0771714516317247   -0.0204216062419002   0
0.280874733172548   0.00899386189435672   -0.0112715249966266   0
0.328167027212516   0.0869603418258354   0.0472922940399678   0
0.344464936875294   -0.0352196736253977   0.0162979096627779   0
0.309337964098735   -0.0668270460670135   -0.0351269727765591   0
0.307279585032101   0.0216790705108249   -0.00205837906663392   0
0.343952266290324   0.0851818110949825   0.0366726812582234   0
0.335201299761054   -0.078913889810818   -0.00875096652926999   0
0.308864124997547   -0.00746324982388416   -0.0263371747635076   0
0.31306813767014   0.021020293059557   0.00420401267259385   0
0.340796329618219   0.0608537733292178   0.027728191948079   0
0.344057025815489   -0.0317749016204985   0.00326069619726954   0
0.335606962046752   -0.0571982639714737   -0.00845006376873697   0
0.324539110037604   0.000547170625517845   -0.011067852009148   0
0.367665185633274   0.0726185090811296   0.0431260755956703   0
0.382212323487221   -0.0245140789707927   0.0145471378539466   0
0.347948154484256   -0.0415696681771797   -0.0342641690029644   0
0.319374337681505   0.0171392599031447   -0.0285738168027515   0
0.36011931891562   0.0864427636995611   0.040744981234115   0
0.38141517884354   -0.0196302821930603   0.0212958599279205   0
0.348405413429169   -0.0748518902052771   -0.0330097654143717   0
0.333645331724423   0.012927606681181   -0.0147600817047461   0
0.373296712494565   0.0867838323340284   0.0396513807701426   0
0.374261622126154   -0.071110321918955   0.000964909631588684   0
0.345629699645806   -0.0425622253978411   -0.028631922480348   0
0.332717541185463   -0.00294433467589056   -0.0129121584603434   0
0.363003078721342   0.0691354312093401   0.030285537535879   0
0.379517767527872   0.00653975050616878   0.0165146888065306   0
0.366273769747903   -0.0730407877410754   -0.0132439977799689   0
0.342317372923637   0.0109458518719131   -0.0239563968242667   0
0.378534265674192   0.0676150385741746   0.0362168927505558   0
0.375829037765179   -0.0374972686735198   -0.00270522790901384   0
0.344581422107591   -0.0787323268400817   -0.0312476156575872   0
0.337977321795505   0.0421338293390902   -0.00660410031208603   0
0.395100509550532   0.112381836435989   0.0571231877550266   0
0.367048600752121   -0.104669158703248   -0.0280519087984108   0
0.357109617685396   -0.0124164319792771   -0.00993898306672469   0
0.355369874253938   0.015014943705448   -0.001739743431458   0
0.39556379435099   0.0951088432783383   0.0401939200970518   0
0.375025661630854   -0.090868421071354   -0.0205381327201359   0
0.379711898638524   0.00412578990987036   0.00468623700766946   0
0.397830479873539   0.0498990398957421   0.0181185812350149   0
0.467421322327352   0.0957298755100773   0.0695908424538131   0
0.405341101112705   -0.110943917630329   -0.062080221214647   0
0.389110491486753   -0.00138343543852576   -0.0162306096259516   0
0.399217268333498   0.0360562458410548   0.0101067768467447   0
0.42211667587577   0.0575442779352522   0.0228994075422723   0
0.40309528249244   -0.0803482745383856   -0.0190213933833301   0
0.413961353927212   -0.0404864347301129   0.0108660714347715   0
0.396541733676006   0.0338118325805253   -0.0174196202512055   0
0.464102174630232   0.0843699754139723   0.0675604409542257   0
0.407605631411874   -0.0812138860712114   -0.0564965432183578   0
0.419989090857917   -0.00015808592085198   0.0123834594460436   0
0.428447338736655   0.0413176794093403   0.00845824787873795   0
0.443708644866958   0.0758579053179767   0.0152613061303029   0
0.450391009861198   -0.126609530347758   0.00668236499423991   0
0.416060638142774   0.00954688585703692   -0.0343303717184241   0
0.431857950672047   0.00840979551668081   0.0157973125292727   0
0.460035166411572   0.0704454711329977   0.0281772157395249   0
0.429326518256222   -0.0996606726118892   -0.0307086481553498   0
0.41950813984458   -0.0109252845930878   -0.00981837841164152   0
0.448116649182621   0.0972702802711849   0.0286085093380403   0
0.447567455004707   -0.0570637070659774   -0.000549194177914158   0
0.426393079203697   -0.0385026463259762   -0.0211743758010098   0
0.417404250664137   0.011515612230615   -0.00898882853955935   0
0.462918243517049   0.104045948438032   0.0455139928529117   0
0.436784859610152   -0.0439978411023282   -0.0261333839068973   0
0.426004609963245   -0.0534540151320758   -0.0107802496469072   0
0.429978275878831   0.000810489500910394   0.00397366591558662   0
0.457769907471939   0.0586023727118445   0.0277916315931079   0
0.480393526784935   0.0740948610954069   0.0226236193129954   0
0.473541101635718   -0.111747385439532   -0.00685242514921686   0
0.440581539747034   -0.0284006678048835   -0.0329595618886833   0
0.429836226859274   0.0249515142259965   -0.01074531288776   0
0.461459469294832   0.0824285458697943   0.0316232424355571   0
0.447315826029962   -0.0779983132789843   -0.0141436432648691   0
0.444526417792146   -0.0231934859910808   -0.00278940823781643   0
0.429701483707763   -0.00317602789987237   -0.0148249340843834   0
0.463159447964805   0.0920499916262565   0.0334579642570419   0
0.441485686510458   -0.087210324218043   -0.0216737614543469   0
0.398684767119365   -0.0231800132124687   -0.0428009193910923   0
0.397193326013822   0.0210081664608999   -0.00149144110554306   0
0.452371444032023   0.11198375260753   0.0551781180182007   0
0.43306406354459   -0.118904811717148   -0.0193073804874331   0
0.414133114227249   -0.0468333233114278   -0.0189309493173404   0
0.429071151261073   0.0605141049923688   0.0149380370338235   0
0.443358399958104   0.072042373254995   0.0142872486970309   0
0.386300515021689   -0.112757303620931   -0.0570578849364144   0
0.379077356905306   0.0608345790243319   -0.0072231581163838   0
0.424666739376717   0.0830700525178682   0.0455893824714114   0
0.361930290638007   -0.115479575013058   -0.0627364487387096   0
0.370474507002253   0.016730950615842   0.00854421636424574   0
0.433300148548973   0.119749011211993   0.0628256415467203   0
0.441663013519711   -0.0383821227780724   0.00836286497073768   0
0.417055931959024   -0.0572208601052274   -0.0246070815606872   0
0.423977923931589   0.00476364937696311   0.00692199197256471   0
0.476607091394211   0.0853599021538626   0.0526291674626226   0
0.459618592937546   -0.0414309240301666   -0.016988498456665   0
0.428645866089891   -0.0552612170523223   -0.0309727268476555   0
0.433234407666335   0.0636176534451313   0.00458854157644406   0
0.515430579976353   0.0599386181027676   0.0821961723100186   0
0.460283975277168   -0.119182318195515   -0.0551466046991854   0
0.479041639486851   0.0140129600720664   0.0187576642096829   0
0.524825598709943   0.110627229822777   0.045783959223092   0
0.497355003568628   -0.10119390376334   -0.0274705951413148   0
0.493440087217536   -0.0295766597380263   -0.00391491635109159   0
0.490587940455379   0.0234655653519334   -0.00285214676215795   0
0.545642099417054   0.0723874601358123   0.0550541589616753   0
0.503352196285066   -0.0929675610445828   -0.0422899031319873   0
0.481915369272679   -0.00801990699692579   -0.0214368270123875   0
0.472423407232561   0.0199998362750832   -0.00949196204011754   0
0.552421146414807   0.109283219377839   0.079997739182246   0
0.515513592056019   -0.10742244098031   -0.0369075543587879   0
0.493056049592995   -0.0327188297079781   -0.0224575424630243   0
0.50055454164856   0.0171314432765498   0.00749849205556496   0
0.532075511115904   0.0738698488220554   0.0315209694673435   0
0.514172499557541   -0.0739858369702939   -0.0179030115583622   0
0.527879889353156   -0.0204053119112187   0.0137073897956144   0
0.496932988444368   0.0389943565786532   -0.0309469009087882   0
0.555630786678528   0.0605965887761561   0.0586977982341605   0
0.529460434639832   -0.0990367733975786   -0.0261703520386959   0
0.508121342002331   -0.00849955048323706   -0.021339092637501   0
0.503284125808673   0.0313035443737487   -0.0048372161936584   0
0.532433838804879   0.0959661420128932   0.0291497129962064   0
0.505985294298411   -0.112789511679945   -0.0264485445064677   0
0.517869076182871   -0.0149021327318282   0.0118837818844594   0
0.499232730421644   0.0267377548187939   -0.0186363457612268   0
0.538310730218384   0.0911262959752543   0.0390779997967403   0
0.513642065479941   -0.15242292842382   -0.0246686647384432   0
0.508235010787578   0.00721673977131759   -0.00540705469236269   0
0.520200005614667   0.0517781627780145   0.011964994827089   0
0.559195871818632   0.034554570188251   0.0389958662039648   0
0.534562199749945   -0.0789924420364302   -0.0246336720686873   0
0.532353824837391   0.0108323835257537   -0.00220837491255343   0
0.520337384201347   0.00708127830714056   -0.0120164406360447   0
0.530714875404157   0.0532330638280645   0.0103774912028103   0
0.551980489000744   0.045458203188989   0.0212656135965865   0
0.523517041944673   -0.118544382227584   -0.0284634470560711   0
0.524571616490542   0.0454928062360386   0.00105457454586921   0
0.543900592408668   0.0516757388169654   0.0193289759181264   0
0.569188325909799   0.040267380170682   0.0252877335011312   0
0.539009815569485   -0.0923559415207517   -0.0301785103403146   0
0.526513161024727   0.00341551614402719   -0.0124966545447579   0
0.518580849902163   0.00593527419245482   -0.00793231112256365   0
0.586827921737923   0.106810022885277   0.0682470718357598   0
0.59222872691385   -0.04534030676652   0.00540080517592734   0
0.543329705624725   -0.0534141559029096   -0.0488990212891257   0
0.532437642385707   0.00299439933346907   -0.0108920632390176   0
0.566143481593889   0.0788290332704648   0.0337058392081816   0
0.564074575440606   -0.00678928953001895   -0.0020689061532827   0
0.544304915319989   -0.0813489305848413   -0.0197696601206173   0
0.527145541778786   0.0169645564388815   -0.0171593735412027   0
0.539675388469309   0.0259643376625157   0.0125298466905233   0
0.567755753347775   0.0325932632373168   0.0280803648784661   0
0.542687547672922   -0.0685556869749175   -0.0250682056748533   0
0.545905026964398   0.0108538977512102   0.00321747929147587   0
0.583537009177653   0.0767411563488697   0.0376319822132548   0
0.578558158430507   0.0171120723059519   -0.00497885074714555   0
0.545226862709689   -0.0935174686110175   -0.0333312957208183   0
0.519371025500316   0.020761574475762   -0.0258558372093729   0
0.581104105222119   0.0568641710947617   0.0617330797218034   0
0.559860743693912   -0.0290438530361651   -0.0212433615282076   0
0.544007397579298   0.00361919306665326   -0.0158533461146141   0
0.549379843095376   0.00525241528957737   0.00537244551607818   0
0.582042433013479   0.0593540668322773   0.0326625899181029   0
0.545756963462217   -0.0861821991673412   -0.0362854695512614   0
0.51304300771792   -0.0159993916077067   -0.032713955744297   0
0.50460412315101   0.0114390019486746   -0.00843888456691   0
0.498988884686573   0.00538356630483861   -0.0056152384644374   0
0.49932496339383   -0.0272161562120814   0.000336078707257326   0
0.517950495766246   0.0315287474694173   0.0186255323724157   0
0.532669890325613   0.0637220266677713   0.0147193945593665   0
0.490150554803318   -0.0699762001332471   -0.042519335522295   0
0.512831083591371   0.00430904463287651   0.0226805287880537   0
0.512873786641022   0.0408184458526211   4.27030496503722e-05   0
0.569109250290531   0.0620347485923853   0.0562354636495092   0
0.519820346141097   -0.0945569937129277   -0.0492889041494337   0
0.516036390999947   -0.00265089869132495   -0.00378395514115026   0
0.522225846989117   0.016460682377312   0.00618945598916987   0
0.543593746836045   0.0475989765876711   0.0213678998469281   0
0.488481843826616   -0.0996370870935136   -0.0551119030094292   0
0.512327080615743   0.00461132812465853   0.0238452367891275   0
0.498892352467193   0.0397134057314741   -0.01343472814855   0
0.527373707605906   0.00333347254454763   0.0284813551387133   0
0.539669670331074   -0.0622401921595562   0.0122959627251674   0
0.524209532293624   0.0178305360840422   -0.0154601380374498   0
0.564469250673808   0.063891688065514   0.0402597183801836   0
0.554177280467406   -0.036923668747727   -0.0102919702064016   0
0.532297717140981   -0.0234325143225998   -0.0218795633264249   0
0.519830256595603   0.0126118621309921   -0.0124674605453785   0
0.571288950140163   0.0684449600789535   0.0514586935445608   0
0.555869722524082   -0.023213163171002   -0.0154192276160812   0
0.514464122250279   -0.0538372873125018   -0.0414056002738032   0
0.51671155876901   -0.00168413940281864   0.00224743651873105   0
0.535701091478727   0.0845427571084161   0.0189895327097175   0
0.526856478162934   -0.0808641393974408   -0.00884461331579367   0
0.514322439036301   -0.0493801131671291   -0.0125340391266324   0
0.514368632193877   0.00533484454403432   4.61931575757024e-05   0
0.572978378546913   0.0967781879984032   0.0586097463530364   0
0.539215827086427   -0.107848372143149   -0.033762551460486   0
0.532079851872113   0.0381863297322687   -0.00713597521431431   0
0.560899210403705   0.0441161786536012   0.0288193585315921   0
0.58391792364531   0.0154359874050494   0.0230187132416045   0
0.551808350748926   -0.0609842276457045   -0.0321095728963835   0
0.522452111718146   0.0022544758049724   -0.0293562390307803   0
0.574837680478585   0.0735479185395357   0.0523855687604392   0
0.591960856659881   0.0082692552144964   0.0171231761812957   0
0.557917206343603   -0.0756932569629944   -0.0340436503162782   0
0.534666016184169   -0.00017112335349001   -0.0232511901594338   0
0.536282452568141   0.0276475472024735   0.0016164363839718   0
0.55262428456321   0.0140286499908435   0.0163418319950696   0
0.547141808471533   -0.0584001555930311   -0.00548247609167696   0
0.540870844981961   -0.00287905626442597   -0.00627096348957268   0
0.529764266041511   0.0437049685392175   -0.0111065789404501   0
0.557298443830817   0.0610970352465016   0.0275341777893062   0
0.548338291837712   -0.1251613970309   -0.00896015199310463   0
0.530297028866606   0.00782565054424522   -0.018041262971106   0
0.542141139155432   0.0568398510330306   0.0118441102888264   0
0.577952073774504   0.0245423472195999   0.0358109346190718   0
0.581296129109338   -0.0775642809501324   0.00334405533483362   0
0.565449018000739   0.0116559995076478   -0.0158471111085989   0
0.60335319888644   0.0892846858751022   0.037904180885701   0
0.587401335364076   -0.0794626958196067   -0.0159518635223638   0
0.579504226936482   -0.0270329994075204   -0.00789710842759395   0
0.579473343725361   0.0427238178676722   -3.08832111216573e-05   0
0.626583527892531   0.10337838372135   0.0471101841671703   0
0.590918735123959   -0.116170745205778   -0.0356647927685716   0
0.542932852039274   -0.00378506489324804   -0.0479858830846854   0
0.565414664667004   0.044596836616181   0.0224818126277296   0
0.588817858710357   0.0151571173511808   0.0234031940433537   0
0.552032516331013   -0.0777150272759552   -0.0367853423793443   0
0.566087320240659   0.0410255959880318   0.0140548039096456   0
0.609190700702375   0.0732683762055577   0.043103380461716   0
0.575708802724303   -0.0927163688926116   -0.033481897978072   0
0.562383143582291   -0.012006727598628   -0.0133256591420113   0
0.557843043286147   0.0515967127605642   -0.00454010029614427   0
0.568478190831671   0.0192221455855088   0.0106351475455243   0
0.577041634338676   -0.0756544219281696   0.00856344350700455   0
0.563529988347781   0.0246718539537398   -0.013511645990895   0
0.625806313361011   0.0561983608516643   0.0622763250132302   0
0.599188304091043   -0.0820792578204986   -0.0266180092699682   0
0.58209196403833   0.0127725459689503   -0.0170963400527133   0
0.575351919544247   0.0264075948734033   -0.00674004449408228   0
0.598353614718964   0.0721234500146362   0.0230016951747165   0
0.567837156537198   -0.119934509605126   -0.0305164581817661   0
0.550302642159294   0.0211814741897648   -0.0175345143779037   0
0.555885798722184   0.0408992033552314   0.00558315656288966   0
0.547480080964139   -0.064363117288718   -0.00840571775804499   0
0.54685345545539   -0.00147321651966009   -0.000626625508748924   0
0.590043560514391   0.0540590125715385   0.0431901050590013   0
0.60462079909932   0.00086343133609873   0.0145772385849287   0
0.579929862494164   -0.0400591372389447   -0.0246909366051558   0
0.573977928408619   0.0156199029472388   -0.00595193408554473   0
0.590962229191934   0.0419375172526908   0.0169843007833148   0
0.577340324147508   -0.0338772641098918   -0.0136219050444257   0
0.559989297016247   0.00459401496407591   -0.0173510271312618   0
0.581567102927298   0.00988218150884873   0.0215778059110511   0
0.61157376543574   0.0425304316899662   0.0300066625084426   0
0.602185597161083   -0.0719528911213367   -0.00938816827465738   0
0.59654299922009   0.0130859991835856   -0.00564259794099309   0
0.630592550389909   0.0483414113943538   0.0340495511698193   0
0.650431118305582   0.0107031261704646   0.0198385679156728   0
0.62574383508749   -0.0449511156204512   -0.0246872832180918   0
0.597723679705347   0.00715169189483794   -0.0280201553821434   0
0.583756289302736   -0.0073080162040513   -0.0139673904026104   0
0.637167380682855   0.0238112611162118   0.0534110913801185   0
0.616419297537196   -0.0495910766373613   -0.0207480831456589   0
0.585175289065379   -0.000573238718329483   -0.0312440084718167   0
0.574691535611497   -0.00402441299319378   -0.0104837534538826   0
0.595535050389564   0.00760344984054323   0.020843514778067   0
0.587578866135219   0.00728005509463286   -0.0079561842543443   0
0.593235127072942   0.000913887545815562   0.00565626093772309   0
