0.0372567202792999   0.0107784954996419   0   0   0
0.0357699758079314   0.0127422   -0.00148674447136852   0.00196370450035813   0
0.0226821036879346   0.00643925813759628   -0.0130878721199968   -0.00630294186240372   0
0.0832206001041209   0.0292827671805945   0.0605384964161862   0.0228435090429982   0
0.101726645215745   0.0208323216652033   0.0185060451116239   -0.00845044551539113   0
0.041502075285942   0.0103228301526326   -0.0602245699298027   -0.0105094915125708   0
0.0258552305599022   0.009319072559005   -0.0156468447260398   -0.00100375759362756   0
0.0287167546185515   0.0212528599123394   0.00286152405864933   0.0119337873533344   0
0.0904902722467896   0.0223314129873795   0.0617735176282381   0.00107855307504002   0
0.116426436222406   0.0265863490414254   0.0259361639756165   0.00425493605404592   0
0.10062517511468   0.0241714919147536   -0.0158012611077262   -0.00241485712667175   0
0.0529844679405956   0.0261820015548438   -0.0476407071740843   0.00201050964009019   0
0.0570850358005458   0.0397103076163797   0.00410056785995025   0.0135283060615358   0
0.130547226935121   0.0440676768948909   0.0734621911345752   0.00435736927851123   0
0.0992501472242737   0.0428455267303659   -0.0312970797108474   -0.00122215016452499   0
0.0476906853810563   0.0430870449588388   -0.0515594618432174   0.000241518228472945   0
0.042250188936619   0.0405554109578488   -0.00544049644443736   -0.00253163400099008   0
0.0585239129896489   0.0326417731370181   0.01627372405303   -0.00791363782083067   0
0.115156883258362   0.0452457953880247   0.056632970268713   0.0126040222510066   0
0.109273618099933   0.0487956270340642   -0.00588326515842892   0.0035498316460395   0
0.0568296847417545   0.0539357209990281   -0.0524439333581785   0.00514009396496386   0
0.0489796257661285   0.0532241675104928   -0.00785005897562596   -0.000711553488535271   0
0.0484334493113644   0.0551126187917295   -0.000546176454764159   0.00188845128123671   0
0.116838715425753   0.0557286204656548   0.0684052661143883   0.000616001673925275   0
0.147242866257249   0.0571098543541743   0.030404150831496   0.00138123388851948   0
0.109175647063482   0.0623461571560349   -0.0380672191937665   0.0052363028018606   0
0.0727754630222989   0.0631149252476187   -0.0364001840411831   0.000768768091583827   0
0.0831363342246193   0.0545674180384687   0.0103608712023203   -0.00854750720915001   0
0.13647117587466   0.0625775804455158   0.0533348416500412   0.00801016240704708   0
0.143163126137843   0.069652673928626   0.00669195026318278   0.00707509348311025   0
0.0959100227599562   0.0721484168130181   -0.047253103377887   0.0024957428843921   0
0.0870080815124049   0.0666974239718634   -0.00890194124755124   -0.00545099284115472   0
0.128683869249354   0.0737801114653875   0.0416757877369494   0.00708268749352405   0
0.133703160849676   0.0706528873595942   0.00501929160032197   -0.0031272241057933   0
0.101190702381111   0.0716945991286129   -0.0325124584685657   0.00104171176901874   0
0.100782450095044   0.0742658704008443   -0.000408252286066724   0.00257127127223139   0
0.0978674664985336   0.076285509924133   -0.00291498359651023   0.00201963952328875   0
0.133750535034676   0.07759704080946   0.0358830685361424   0.00131153088532697   0
0.150664938969815   0.0708718818368928   0.016914403935139   -0.00672515897256716   0
0.12148902340052   0.0608942881103187   -0.029175915569295   -0.00997759372657415   0
0.109311695963058   0.0732363742434216   -0.0121773274374622   0.0123420861331029   0
0.0842127242113684   0.0765060710263244   -0.0250989717516894   0.00326969678290284   0
0.0895044749272817   0.0700123324697335   0.00529175071591323   -0.00649373855659094   0
0.130808477560325   0.0646349210456314   0.0413040026330432   -0.00537741142410214   0
0.10490329170293   0.0670960724193674   -0.0259051858573949   0.00246115137373608   0
0.0754673707769285   0.0650840848301257   -0.0294359209260014   -0.00201198758924172   0
0.0642988602742166   0.0675913528617012   -0.0111685105027119   0.00250726803157546   0
0.104626554793632   0.0624229031276582   0.0403276945194155   -0.00516844973404296   0
0.15755033036769   0.0736150848226435   0.0529237755740583   0.0111921816949853   0
0.117018731514061   0.0696730765807353   -0.040531598853629   -0.00394200824190827   0
0.106510973963484   0.0646968235340422   -0.0105077575505773   -0.00497625304669304   0
0.107033692046647   0.067593268587153   0.000522718083162538   0.00289644505311074   0
0.135888276440545   0.0732078937282893   0.0288545843938983   0.00561462514113634   0
0.10635430970436   0.0637547605642708   -0.0295339667361851   -0.0094531331640185   0
0.0437919957183433   0.0752177798250686   -0.0625623139860166   0.0114630192607978   0
0.0330829579305176   0.0711670077028324   -0.0107090377878257   -0.00405077212223627   0
0.0986458513485108   0.0717332878445565   0.0655628934179932   0.000566280141724149   0
0.145113740114716   0.0692734093401826   0.0464678887662055   -0.00245987850437387   0
0.112038939189068   0.0594447496998053   -0.0330748009256487   -0.00982865964037734   0
0.0730935297863019   0.0660587704293306   -0.0389454094027658   0.00661402072952529   0
0.0602897294451352   0.0707295071828759   -0.0128038003411667   0.00467073675354537   0
0.131283065318533   0.0790133096384717   0.0709933358733978   0.00828380245559571   0
0.128426348962866   0.0633037788524113   -0.00285671635566723   -0.0157095307860603   0
0.107516768568999   0.0832826465408611   -0.0209095803938672   0.0199788676884498   0
0.0674419577126139   0.0816064108768116   -0.0400748108563847   -0.00167623566404951   0
0.131497368896149   0.0684940785321074   0.0640554111835355   -0.0131123323447042   0
0.132612306676454   0.0720774140583061   0.00111493778030508   0.00358333552619866   0
0.0734954769995406   0.0819963782074245   -0.0591168296769139   0.00991896414911843   0
0.0754365497731842   0.082489930656308   0.00194107277364364   0.000493552448883466   0
0.0791861574509712   0.0850479441358373   0.00374960767778695   0.0025580134795293   0
0.135661652085105   0.0729674738716676   0.0564754946341335   -0.0120804702641696   0
0.104211768903373   0.0717673933665213   -0.0314498831817318   -0.00120008050514639   0
0.0628591537279973   0.0792230112280674   -0.0413526151753756   0.00745561786154619   0
0.0851806561017166   0.0689089681295185   0.0223215023737192   -0.0103140430985489   0
0.0909996516250474   0.0626058546336123   0.00581899552333089   -0.00630311349590618   0
0.129328689911597   0.0702758001255233   0.0383290382865495   0.00766994549191094   0
0.135854716389347   0.0617877496706669   0.00652602647775041   -0.00848805045485636   0
0.0977165698086563   0.0794991981534091   -0.0381381465806911   0.0177114484827422   0
0.0872747103633693   0.0733076335016347   -0.010441859445287   -0.00619156465177434   0
0.0867504948242372   0.0857539450209289   -0.000524215539132122   0.0124463115192942   0
0.133025658236297   0.0917187088698511   0.0462751634120595   0.00596476384892215   0
0.109888455463029   0.0897294329669061   -0.0231372027732682   -0.00198927590294497   0
0.0978467696529267   0.106219297984182   -0.0120416858101018   0.0164898650172761   0
0.0934341540992484   0.10681819107246   -0.00441261555367829   0.000598893088277444   0
0.134209874441563   0.111520548859851   0.0407757203423142   0.00470235778739173   0
0.142389973247838   0.11472151044377   0.00818009880627529   0.00320096158391849   0
0.113794302469763   0.110336026747409   -0.0285956707780745   -0.00438548369636069   0
0.101273978821857   0.135803164548189   -0.0125203236479061   0.0254671378007798   0
0.168079333305436   0.131763684071949   0.0668053544835792   -0.00403948047623956   0
0.147964720778333   0.134332507255178   -0.0201146125271036   0.00256882318322876   0
0.124462386830239   0.138434492404819   -0.0235023339480941   0.00410198514964119   0
0.104312750494558   0.147505851752778   -0.0201496363356803   0.00907135934795855   0
0.112063308539147   0.147314930850652   0.0077505580445883   -0.000190920902125552   0
0.17307290875839   0.135056617549456   0.0610096002192432   -0.0122583133011965   0
0.142859856550677   0.128279955559511   -0.030213052207713   -0.00677666198994539   0
0.11284016933814   0.131376935820115   -0.0300196872125374   0.00309698026060404   0
0.114347324770193   0.132717795982462   0.00150715543205351   0.0013408601623478   0
0.126148892247257   0.125624846960554   0.0118015674770637   -0.0070929490219088   0
0.168629169783315   0.121700619521266   0.042480277536058   -0.00392422743928736   0
0.125137487429387   0.129333054915884   -0.0434916823539277   0.00763243539461755   0
0.0974025113578187   0.142202572148617   -0.0277349760715683   0.0128695172327328   0
0.0943980917409881   0.143475399574256   -0.00300441961683062   0.00127282742563969   0
0.154306457500164   0.139727804631362   0.0599083657591762   -0.00374759494289453   0
0.144844759032283   0.136196113709138   -0.0094616984678817   -0.00353169092222355   0
0.10176596071983   0.151688163100537   -0.0430787983124525   0.0154920493913984   0
0.0966533882865986   0.154623159687585   -0.00511257243323145   0.00293499658704865   0
0.127971404106464   0.147280453617283   0.0313180158198657   -0.00734270607030277   0
0.153887864306774   0.141217490831518   0.0259164602003094   -0.00606296278576401   0
0.103385075118655   0.147349616111648   -0.0505027891881184   0.00613212528012941   0
0.0921757944793534   0.150271721650324   -0.0112092806393019   0.00292210553867625   0
0.108197490624321   0.150830223542167   0.0160216961449675   0.000558501891842589   0
0.165281010095715   0.153038180364084   0.0570835194713946   0.00220795682191757   0
0.1395245469444   0.145826640971403   -0.0257564631513157   -0.00721153939268121   0
0.111976185918703   0.147956345348569   -0.0275483610256965   0.00212970437716584   0
0.0950711212331589   0.148734264342728   -0.0169050646855444   0.000777918994159077   0
0.1374824245187   0.152490948105945   0.0424113032855409   0.00375668376321692   0
0.175016201446866   0.136963033534436   0.0375337769281663   -0.0155279145715091   0
0.12573067286967   0.144326587946062   -0.049285528577196   0.00736355441162659   0
0.113065661138031   0.154729649964947   -0.0126650117316394   0.0104030620188845   0
0.140203903788732   0.152612159782404   0.0271382426507012   -0.00211749018254295   0
0.180291674199448   0.162788057476746   0.0400877704107163   0.0101758976943425   0
0.128467307876985   0.166382103728353   -0.0518243663224635   0.00359404625160681   0
0.107623044875854   0.165552911310856   -0.0208442630011312   -0.000829192417497709   0
0.15200569493246   0.16972230355572   0.0443826500566061   0.00416939224486459   0
0.199988748895257   0.151681374780994   0.0479830539627969   -0.0180409287747257   0
0.140591214209993   0.162481326464836   -0.0593975346852641   0.0107999516838412   0
0.129163933484003   0.17642129871702   -0.0114272807259893   0.0139399722521843   0
0.154723069256818   0.164106127286773   0.0255591357728145   -0.0123151714302471   0
0.200299044231968   0.155724291440233   0.0455759749751506   -0.00838183584654026   0
0.142926426148736   0.168492667592421   -0.0573726180832326   0.0127683761521881   0
0.124640810233487   0.170981698726677   -0.0182856159152491   0.00248903113425583   0
0.152259130247089   0.176447901502745   0.0276183200136024   0.00546620277606866   0
0.196608812158484   0.177268298658481   0.0443496819113949   0.00082039715573598   0
0.153448002360767   0.175141313141168   -0.0431608097977167   -0.00212698551731372   0
0.132620112171307   0.175845875498988   -0.0208278901894604   0.000704562357820515   0
0.160474376101451   0.172621193865861   0.0278542639301444   -0.0032246816331275   0
0.187432006061425   0.176071792583033   0.0269576299599737   0.00345059871717221   0
0.149348360650025   0.176247139927149   -0.0380836454113997   0.000175347344116172   0
0.138994799561063   0.177739934199479   -0.0103535610889625   0.00149279427232971   0
0.176078979316698   0.163908021149485   0.0370841797556348   -0.0138319130499937   0
0.196354470227724   0.146935683817938   0.0202754909110261   -0.0169723373315471   0
0.149257568852136   0.149701264493065   -0.047096901375588   0.00276558067512683   0
0.125918745959845   0.153526971112937   -0.0233388228922906   0.00382570661987203   0
0.141805416685929   0.151216566719193   0.0158866707260841   -0.00231040439374419   0
0.193765853271416   0.160590772135489   0.051960436585487   0.00937420541629633   0
0.143560060454849   0.159531263820207   -0.0502057928165669   -0.00105950831528182   0
0.127719674594363   0.161313536106281   -0.0158403858604862   0.00178227228607419   0
0.146070702257263   0.174706088772057   0.0183510276629   0.0133925526657762   0
0.198063104064942   0.165899864893134   0.0519924018076788   -0.00880622387892377   0
0.161193221143757   0.16046082402758   -0.0368698829211853   -0.00543904086555363   0
0.107711902605562   0.166095692100247   -0.0534813185381949   0.00563486807266686   0
0.119617654037103   0.158228109030294   0.0119057514315411   -0.00786758306995317   0
0.167773564800775   0.151756151005462   0.0481559107636727   -0.00647195802483197   0
0.176094383335017   0.15516612500865   0.00832081853424174   0.00340997400318835   0
0.130150106661116   0.155505703755711   -0.0459442766739007   0.000339578747060754   0
0.130333746084849   0.145977780346128   0.000183639423732923   -0.00952792340958242   0
0.133570005420416   0.145219653793392   0.00323625933556673   -0.000758126552736882   0
0.194802531803773   0.146364116066311   0.0612325263833569   0.00114446227291931   0
0.150603995695367   0.144594000799869   -0.0441985361084064   -0.00177011526644191   0
0.126223866742665   0.14885502712113   -0.0243801289527018   0.00426102632126155   0
0.129195835798024   0.148064577618095   0.00297196905535929   -0.000790449503035029   0
0.183351719901832   0.14306972738187   0.0541558841038083   -0.00499485023622581   0
0.170216599293371   0.147172130865196   -0.0131351206084615   0.00410240348332677   0
0.127063330586326   0.146128639892433   -0.0431532687070448   -0.00104349097276291   0
0.122851176539177   0.14478541777636   -0.00421215404714929   -0.00134322211607382   0
0.182739350715055   0.14441925490692   0.0598881741758785   -0.000366162869439357   0
0.167557881226578   0.14462139084679   -0.0151814694884774   0.000202135939869702   0
0.116442472689908   0.136484950552955   -0.0511154085366698   -0.00813644029383528   0
0.130897555544212   0.13900653725685   0.0144550828543036   0.00252158670389516   0
0.178242494562015   0.133264438485704   0.0473449390178034   -0.00574209877114584   0
0.135906307505649   0.137485649707251   -0.0423361870563663   0.0042212112215472   0
0.111905150159678   0.139407061957151   -0.0240011573459712   0.0019214122499   0
0.118581956427148   0.149458781684993   0.00667680626747022   0.0100517197278421   0
0.193476121216676   0.137016940289486   0.0748941647895284   -0.0124418413955076   0
0.16628123929211   0.142130466536918   -0.0271948819245661   0.00511352624743272   0
0.10923332674349   0.145114362169368   -0.0570479125486204   0.00298389563244952   0
0.105970653228571   0.148744807104794   -0.003262673514919   0.00363044493542641   0
0.177027434205012   0.125969782086023   0.0710567809764416   -0.0227750250187719   0
0.178471214501079   0.128500479664046   0.00144378029606618   0.00253069757802385   0
0.130307070806231   0.137109393121824   -0.0481641436948479   0.00860891345777809   0
0.115937945268579   0.142018795776527   -0.0143691255376517   0.00490940265470294   0
0.158058742186094   0.137894402811753   0.0421207969175147   -0.00412439296477438   0
0.202856837456099   0.137231000430618   0.044798095270005   -0.000663402381134548   0
0.152269243420922   0.144972550122873   -0.0505875940351766   0.0077415496922548   0
0.134193888327301   0.144330365890154   -0.0180753550936215   -0.000642184232719639   0
0.142932044930904   0.138923209633146   0.00873815660360364   -0.00540715625700772   0
0.18873589183894   0.137407682953729   0.0458038469080357   -0.00151552667941696   0
0.161275542318388   0.13469877605732   -0.0274603495205523   -0.00270890689640912   0
0.131509300985634   0.138092877115051   -0.0297662413327538   0.00339410105773091   0
0.137429472379545   0.138815441776682   0.00592017139391079   0.00072256466163173   0
0.17121734822269   0.130877275042738   0.0337878758431458   -0.00793816673394443   0
0.199797401237378   0.122603916992077   0.0285800530146882   -0.00827335805066151   0
0.152169683625386   0.132288516728645   -0.0476277176119927   0.00968459973656852   0
0.133542360351538   0.151182115389458   -0.0186273232738479   0.0188935986608134   0
0.195586476771785   0.140953078450206   0.0620441164202471   -0.0102290369392522   0
0.217188616987838   0.146282406067596   0.0216021402160535   0.00532932761738958   0
0.157986108060962   0.139864165946652   -0.0592025089268764   -0.00641824012094425   0
0.133656505001029   0.143869207350872   -0.0243296030599335   0.00400504140422012   0
0.139048306889584   0.154219904732374   0.00539180188855559   0.0103506973815022   0
0.218622082165206   0.143712136118788   0.0795737752756215   -0.0105077686135861   0
0.167849939978542   0.148543671607617   -0.0507721421866643   0.00483153548882906   0
0.139918666151947   0.137227731228294   -0.0279312738265945   -0.0113159403793225   0
0.161088683096051   0.119407516651518   0.0211700169441041   -0.0178202145767766   0
0.208387001470557   0.114981155168195   0.047298318374506   -0.00442636148332293   0
0.168580731806604   0.120665732019513   -0.0398062696639536   0.00568457685131846   0
0.139080706917998   0.119596010378702   -0.0295000248886058   -0.00106972164081173   0
0.148949142150366   0.121624609115543   0.00986843523236841   0.00202859873684182   0
0.208464729513748   0.126049719080102   0.0595155873633816   0.00442510996455811   0
0.187542038812662   0.122848468680114   -0.0209226907010858   -0.00320125039998771   0
0.152117644380953   0.132776832371097   -0.0354243944317092   0.00992836369098361   0
0.146793575679319   0.13345784375184   -0.00532406870163354   0.000681011380742835   0
0.176362805415428   0.138497179750979   0.0295692297361085   0.00503933599913881   0
0.219724487769775   0.135465087649143   0.0433616823543473   -0.00303209210183605   0
0.177053656247958   0.135110611720138   -0.0426708315218172   -0.000354475929004616   0
0.161154771037038   0.148968919697348   -0.0158988852109203   0.0138583079772099   0
0.198994996943039   0.13196641291933   0.0378402259060012   -0.0170025067780187   0
0.230454319645109   0.130763498724254   0.0314593227020701   -0.00120291419507515   0
0.191022021658473   0.143895819448968   -0.0394322979866362   0.0131323207247136   0
0.180923108633723   0.146241375076319   -0.0100989130247495   0.00234555562735062   0
0.239941812731754   0.138256601004048   0.0590187040980306   -0.00798477407227074   0
0.248827984011043   0.130398591736002   0.00888617127928948   -0.00785800926804597   0
0.202912748256486   0.138545368116709   -0.0459152357545574   0.00814677638070752   0
0.186666205871577   0.143423041902034   -0.0162465423849088   0.00487767378532422   0
0.215822994373653   0.135943884342152   0.0291567885020763   -0.00747915755988127   0
0.263115975926985   0.128701515244515   0.0472929815533321   -0.00724236909763701   0
0.207911334206892   0.138696131087974   -0.0552046417200933   0.00999461584345873   0
0.176371236724586   0.141029680533354   -0.0315400974823061   0.00233354944538028   0
0.195531518843613   0.147236647967811   0.0191602821190264   0.00620696743445706   0
0.259462728712796   0.136968828996783   0.0639312098691836   -0.0102678189710284   0
0.214204439932253   0.122062330352406   -0.0452582887805435   -0.0149064986443766   0
0.181106021885083   0.138521031033197   -0.03309841804717   0.0164587006807908   0
0.202014634828767   0.149277086301817   0.0209086129436842   0.0107560552686193   0
0.262425439695087   0.128519311344638   0.0604108048663207   -0.0207577749571786   0
0.227210499734145   0.127157434383798   -0.0352149399609423   -0.00136187696083959   0
0.182309256680976   0.137553955166927   -0.0449012430531692   0.0103965207831287   0
0.200270395692324   0.141713605253104   0.0179611390113479   0.00415965008617655   0
0.268356352197018   0.135329574343868   0.0680859565046941   -0.0063840309092357   0
0.253091404661162   0.129047510299473   -0.0152649475358561   -0.00628206404439535   0
0.226812725428381   0.135972506295408   -0.0262786792327813   0.00692499599593521   0
0.213352396609459   0.141137775416034   -0.0134603288189214   0.00516526912062662   0
0.260066294750704   0.142825410773827   0.0467138981412446   0.00168763535779282   0
0.251277632659594   0.135389224286869   -0.00878866209110957   -0.00743618648695873   0
0.198873207850354   0.139426422349218   -0.0524044248092406   0.00403719806234937   0
0.194263448274991   0.141395389965904   -0.004609759575363   0.00196896761668583   0
0.222904654213971   0.138301203086099   0.0286412059389803   -0.00309418687980437   0
0.276707725190769   0.12963711377422   0.0538030709767977   -0.00866408931187962   0
0.219856583933459   0.130862909555917   -0.05685114125731   0.00122579578169682   0
0.188979048261864   0.138271119386416   -0.0308775356715945   0.00740820983049939   0
0.176688746953534   0.150042546041456   -0.0122903013083301   0.0117714266550402   0
0.258101749588975   0.138382385834361   0.081413002635441   -0.011660160207095   0
0.267709537347925   0.13101546464331   0.00960778775894983   -0.00736692119105084   0
0.223034922431018   0.142615120994488   -0.0446746149169074   0.0115996563511778   0
0.207852835817653   0.145110158826226   -0.015182086613365   0.00249503783173771   0
0.286002970977733   0.143169189086584   0.0781501351600806   -0.00194096973964206   0
0.298026615350727   0.137413300416117   0.0120236443729936   -0.00575588867046689   0
0.242289977344999   0.131744733236485   -0.055736638005728   -0.00566856717963229   0
0.207075351519417   0.133364029237047   -0.035214625825582   0.00161929600056263   0
0.242471531952124   0.144084146819662   0.0353961804327075   0.010720117582615   0
0.307404748931779   0.140582461100238   0.0649332169796547   -0.00350168571942405   0
0.259167675538231   0.134649923611016   -0.0482370733935474   -0.00593253748922201   0
0.224872894427052   0.139209546358502   -0.0342947811111796   0.00455962274748609   0
0.222255254449136   0.142081243509383   -0.00261763997791628   0.00287169715088037   0
0.283373020701848   0.129632630302906   0.0611177662527125   -0.0124486132064763   0
0.248992095340896   0.123964067601513   -0.0343809253609517   -0.00566856270139335   0
0.200379870675275   0.127918380540572   -0.0486122246656211   0.00395431293905862   0
0.20556628992527   0.126844856853372   0.00518641924999447   -0.0010735236871994   0
0.232437546299237   0.127873537469095   0.0268712563739675   0.00102868061572256   0
0.29593123037667   0.122413436869692   0.0634936840774333   -0.00546010059940311   0
0.250441115549364   0.128108490968749   -0.0454901148273062   0.0056950540990571   0
0.198718820782255   0.138003855701607   -0.0517222947671092   0.00989536473285829   0
0.197301698469628   0.138720009689626   -0.00141712231262706   0.000716153988019136   0
0.214841849793656   0.136261917956889   0.0175401513240283   -0.00245809173273706   0
0.283044457362108   0.140562821315773   0.0682026075684513   0.00430090335888406   0
0.242223217069896   0.139209748961773   -0.0408212402922115   -0.00135307235399976   0
0.178326539201236   0.146165850989689   -0.06389667786866   0.00695610202791563   0
0.18210303254051   0.142670497984026   0.00377649333927377   -0.003495353005663   0
0.250491414762343   0.128969897036091   0.0683883822218328   -0.0137006009479348   0
0.289574138307636   0.124654510251334   0.0390827235452935   -0.00431538678475707   0
0.239519505031657   0.118005258860951   -0.0500546332759791   -0.00664925139038348   0
0.198837497236537   0.133532441981612   -0.0406820077951197   0.015527183120661   0
0.252080508739272   0.131441281499611   0.0532430115027342   -0.00209116048200067   0
0.285155042975642   0.129570723021252   0.0330745342363699   -0.0018705584783591   0
0.235462513876073   0.142141368169193   -0.0496925290995683   0.0125706451479408   0
0.224728639791839   0.141267408465966   -0.0107338740842346   -0.000873959703227012   0
0.256196058041669   0.14068498375214   0.0314674182498298   -0.000582424713825358   0
0.308222335924897   0.127392002773918   0.0520262778832284   -0.0132929809782221   0
0.270380255806817   0.145240410788458   -0.0378420801180795   0.0178484080145396   0
0.234019545479518   0.142185413125292   -0.0363607103272998   -0.00305499766316578   0
0.268346382855368   0.154844893057569   0.0343268373758508   0.0126594799322769   0
0.317358838802215   0.160397088898926   0.0490124559468461   0.00555219584135702   0
0.2869288189604   0.15405791139049   -0.0304300198418145   -0.00633917750843632   0
0.304337002469121   0.152699079110034   0.0174081835087214   -0.0013588322804555   0
0.308948368859588   0.162120960350759   0.00461136639046655   0.00942188124072513   0
0.327979045478046   0.162049938636983   0.0190306766184578   -7.10217137762648e-05   0
0.301086525035396   0.150881139282715   -0.02689252044265   -0.0111687993542683   0
0.238910754357019   0.161174142036153   -0.0621757706783765   0.0102930027534381   0
0.229173442312935   0.160726385406348   -0.0097373120440846   -0.000447756629804646   0
0.251752649362425   0.162844288775819   0.0225792070494901   0.00211790336947121   0
0.316302727178015   0.169568879965488   0.0645500778155906   0.00672459118966826   0
0.276091063606938   0.160958364446369   -0.0402116635710778   -0.00861051551911921   0
0.246879583819319   0.157044056578083   -0.0292114797876188   -0.00391430786828598   0
0.237211272192027   0.15653277342857   -0.00966831162729156   -0.000511283149512654   0
0.278507410263372   0.157045889855235   0.0412961380713445   0.000513116426664739   0
0.313105498629855   0.161054762777293   0.0345980883664832   0.00400887292205795   0
0.286269820344531   0.157080576261071   -0.0268356782853239   -0.00397418651622208   0
0.251083782538518   0.153232409285903   -0.0351860378060125   -0.00384816697516749   0
0.239392064082417   0.170605102359953   -0.0116917184561015   0.0173726930740498   0
0.311851159317213   0.157834342134119   0.0724590952347965   -0.0127707602258343   0
0.326867430385715   0.15570201812247   0.0150162710685012   -0.00213232401164851   0
0.287618157480991   0.154588726999457   -0.0392492729047239   -0.00111329112301353   0
0.287265884469841   0.156110956682491   -0.000352273011149762   0.00152222968303423   0
0.264039560837406   0.159349037307486   -0.0232263236324354   0.00323808062499503   0
0.313160777052699   0.155067730314047   0.0491212162152931   -0.00428130699343879   0
0.29526570800457   0.15441561290718   -0.0178950690481286   -0.000652117406867159   0
0.239043867400965   0.155745190430556   -0.0562218406036053   0.00132957752337567   0
0.210986083120949   0.163943457035467   -0.0280577842800157   0.00819826660491144   0
0.282827696968826   0.167544557466812   0.0718416138478769   0.00360110043134546   0
0.302749538626833   0.155318526037624   0.0199218416580067   -0.0122260314291887   0
0.258856750548271   0.159415187292687   -0.0438927880785612   0.00409666125506339   0
0.241690773318408   0.172070091224477   -0.0171659772298635   0.0126549039317904   0
0.267887475181073   0.16815519625326   0.0261967018626652   -0.00391489497121714   0
0.319039935486139   0.164132985861839   0.0511524603050663   -0.00402221039142175   0
0.281574439333349   0.166509732432522   -0.0374654961527902   0.00237674657068321   0
0.249857721318934   0.178686210882373   -0.0317167180144154   0.0121764784498516   0
0.247270978825842   0.192516093719259   -0.00258674249309185   0.0138298828368856   0
0.32321470660366   0.177909411246286   0.0759437277778179   -0.0146066824729733   0
0.292065112996332   0.175775137986406   -0.0311495936073282   -0.00213427325987986   0
0.276849949083904   0.181127532615144   -0.0152151639124282   0.00535239462873802   0
0.270215318449584   0.177396801494559   -0.00663463063431974   -0.00373073112058481   0
0.301888921897194   0.180276173282134   0.03167360344761   0.00287937178757494   0
0.360182083729549   0.193990662836359   0.0582931618323553   0.0137144895542252   0
0.314871512846494   0.186173958638749   -0.0453105708830549   -0.00781670419761055   0
0.293835633759437   0.188371241282215   -0.0210358790870573   0.00219728264346644   0
0.321285255037467   0.186449331076167   0.0274496212780296   -0.00192191020604845   0
0.355159458165273   0.196914188287443   0.0338742031278059   0.0104648572112762   0
0.312348921729146   0.195575358991899   -0.0428105364361269   -0.00133882929554432   0
0.298641867934237   0.195588149120467   -0.0137070537949091   1.27901285683352e-05   0
0.329820175194742   0.217843387334365   0.031178307260505   0.0222552382138977   0
0.359100348856082   0.228999093563059   0.0292801736613408   0.0111557062286941   0
0.311779458137756   0.221350901211741   -0.0473208907183261   -0.00764819235131747   0
0.271648282530573   0.230230103957432   -0.0401311756071833   0.00887920274569093   0
0.311794137855156   0.225557155667915   0.040145855324583   -0.00467294828951723   0
0.383191449429707   0.243744181759406   0.0713973115745515   0.0181870260914914   0
0.346224771152813   0.237055460141693   -0.0369666782768946   -0.00668872161771292   0
0.336785026588861   0.242142336624562   -0.00943974456395213   0.00508687648286821   0
0.362482683220637   0.242073963891225   0.0256976566317766   -6.83727333368189e-05   0
0.345393244479334   0.24164871630959   -0.0170894387413034   -0.00042524758163523   0
0.318117602981742   0.23735961965446   -0.0272756414975924   -0.00428909665512939   0
0.318487239689633   0.220618070237464   0.000369636707891252   -0.0167415494169964   0
0.364770493491029   0.225393962567412   0.0462832538013963   0.00477589232994841   0
0.361768735484695   0.217513100571259   -0.00300175800633362   -0.00788086199615348   0
0.315963425479659   0.213727256305297   -0.0458053100050365   -0.00378584426596199   0
0.30948076918324   0.212434324026098   -0.00648265629641881   -0.00129293227919922   0
0.323395119298746   0.216215507799053   0.0139143501155056   0.00378118377295586   0
0.352911476486441   0.22209960006434   0.0295163571876955   0.00588409226528711   0
0.300101659645011   0.219076218528826   -0.0528098168414303   -0.00302338153551429   0
0.279862930848818   0.207763868010808   -0.0202387287961934   -0.0113123505180181   0
0.29018175604755   0.210127950733535   0.0103188251987328   0.00236408272272709   0
0.323261104878471   0.225741615982277   0.033079348830921   0.0156136652487422   0
0.338635931440596   0.216565821127411   0.0153748265621247   -0.00917579485486594   0
0.299803331266165   0.214946092669616   -0.0388326001744307   -0.00161972845779584   0
0.306583210340831   0.209711373161698   0.00677987907466537   -0.00523471950791751   0
0.345482990459501   0.208367000258612   0.0388997801186708   -0.00134437290308592   0
0.362317776892385   0.206034285693092   0.0168347864328834   -0.00233271456552053   0
0.31788245038097   0.213489152366162   -0.0444353265114146   0.00745486667307074   0
0.278588008508909   0.225512277185634   -0.0392944418720612   0.0120231248194712   0
0.318134534665698   0.226924835988489   0.0395465261567886   0.00141255880285515   0
0.361075541955367   0.238031949991618   0.0429410072896688   0.0111071140031292   0
0.327264703927423   0.235223888106949   -0.033810838027943   -0.00280806188466853   0
0.308329560098796   0.224584445664654   -0.0189351438286274   -0.0106394424422952   0
0.2846272338039   0.236106088006493   -0.0237023262948958   0.0115216423418392   0
0.34370595893461   0.243844599554516   0.0590787251307099   0.0077385115480231   0
0.344355365907023   0.244238928496892   0.000649406972413225   0.000394328942375705   0
0.285534743205253   0.245246313016343   -0.0588206227017701   0.00100738451945062   0
0.281747421927868   0.254053616019951   -0.00378732127738546   0.00880730300360777   0
