0.200433049109018   0.185782864916951   0   0   0
0.574299493402014   0.112314404058529   0.373866444292996   -0.0734684608584219   0
0.269407794753344   0.127682592349437   -0.30489169864867   0.015368188290908   0
0.2715452744824   0.111395728070301   0.00213747972905615   -0.0162868642791358   0
0.309571487338256   0.0811567177856522   0.0380262128558557   -0.030239010284649   0
0.209592389585238   0.0895339535167804   -0.0999790977530184   0.0083772357311282   0
0.193275363108235   0.0635849568537127   -0.0163170264770028   -0.0259489966630677   0
0.359150638904193   0.0681356675844781   0.165875275795958   0.00455071073076542   0
0.300538228043705   0.057698490990753   -0.058612410860488   -0.0104371765937251   0
0.17480265669417   0.0578799566165395   -0.125735571349535   0.000181465625786595   0
0.151893568978578   0.0635278750402924   -0.0229090877155925   0.00564791842375282   0
0.168372913399543   0.057798245657935   0.016479344420965   -0.00572962938235738   0
0.227998218337447   0.0660702062099098   0.0596253049379037   0.00827196055197479   0
0.128322777223414   0.0567339558981436   -0.0996754411140324   -0.00933625031176619   0
0.0739923739793501   0.0905351396615425   -0.0543304032440642   0.0338011837633989   0
0.131547061659963   0.0545574929787147   0.0575546876806125   -0.0359776466828278   0
0.11637074283904   0.0389500739011815   -0.0151763188209225   -0.0156074190775332   0
0.137093475391245   0.0661381702434192   0.0207227325522053   0.0271880963422377   0
0.112876770102355   0.0353376454950666   -0.0242167052888899   -0.0308005247483526   0
0.115355502835452   0.0349342095684875   0.00247873273309668   -0.00040343592657914   0
0.0864301347905926   0.0225618975592701   -0.0289253680448595   -0.0123723120092173   0
0.126284405765003   0.0597016265985484   0.0398542709744107   0.0371397290392782   0
0.1122692703801   0.0544657634978617   -0.0140151353849033   -0.00523586310068672   0
0.109670658833573   0.0298927511252666   -0.00259861154652687   -0.0245730123725951   0
0.119974678064207   0.0370306639848369   0.0103040192306334   0.00713791285957039   0
0.157512649886117   0.0440557490997158   0.0375379718219103   0.00702508511487885   0
0.102146482163509   0.0643887778029495   -0.0553661677226081   0.0203330287032337   0
0.0726025940082033   0.0903579126960113   -0.0295438881553054   0.0259691348930618   0
0.152808471501844   0.0561515501843335   0.0802058774936411   -0.0342063625116778   0
0.147242201247125   0.0615708152956139   -0.00556627025471929   0.00541926511128036   0
0.111354234574507   0.105509495352184   -0.0358879666726179   0.04393868005657   0
0.185517035819598   0.055937591568593   0.0741628012450907   -0.0495719037835909   0
0.178348653903471   0.0726239841257866   -0.0071683819161272   0.0166863925571936   0
0.135425892416481   0.123713790496412   -0.0429227614869893   0.0510898063706249   0
0.237892692499132   0.0728255037449965   0.10246680008265   -0.050888286751415   0
0.207554781658151   0.0640572620789595   -0.0303379108409811   -0.00876824166603703   0
0.127676317895215   0.0760587159419616   -0.0798784637629355   0.0120014538630021   0
0.0708537634953853   0.119605067547293   -0.0568225543998297   0.0435463516053313   0
0.204094558168169   0.0487876238952052   0.133240794672783   -0.0708174436520877   0
0.124309034998587   0.055333693636721   -0.0797855231695814   0.00654606974151579   0
0.0948341597544371   0.125711452197602   -0.0294748752441502   0.0703777585608811   0
0.202126880448816   0.0603620528472077   0.107292720694379   -0.0653493993503944   0
0.117653596297138   0.111087816130933   -0.0844732841516778   0.0507257632837254   0
0.115931265776407   0.118624965968282   -0.00172233052073094   0.00753714983734904   0
0.250332800720361   0.0779452267092533   0.134401534943954   -0.0406797392590288   0
0.247713799483133   0.0669539665712943   -0.00261900123722775   -0.010991260137959   0
0.156886250335444   0.0865371196450402   -0.0908275491476895   0.0195831530737458   0
0.187109798313717   0.101392713421922   0.0302235479782736   0.0148555937768818   0
0.223414460228744   0.0809423686652423   0.0363046619150263   -0.0204503447566797   0
0.238336014698799   0.0775923268850729   0.0149215544700552   -0.00335004178016945   0
0.172265959975266   0.0810147958437377   -0.0660700547235328   0.00342246895866485   0
0.157529766883243   0.116505490410206   -0.0147361930920231   0.0354906945664678   0
0.334786633133314   0.0880106106448677   0.177256866250071   -0.0284948797653379   0
0.22465987914399   0.0921884891998589   -0.110126753989324   0.00417787855499122   0
0.14706764658986   0.100126906225612   -0.0775922325541296   0.00793841702575311   0
0.218849429696439   0.113853938613866   0.0717817831065784   0.0137270323882541   0
0.322407559035206   0.0983015030134967   0.103558129338768   -0.0155524356003695   0
0.282471780512643   0.0942232402197038   -0.0399357785225637   -0.00407826279379293   0
0.254849764702775   0.104650702737918   -0.0276220158098671   0.0104274625182139   0
0.25280111436648   0.123217037527578   -0.00204865033629537   0.0185663347896601   0
0.300263452918336   0.120537943188608   0.0474623385518557   -0.00267909433897012   0
0.268991913042699   0.0930603542890043   -0.0312715398756368   -0.0274775888996033   0
0.252520835942264   0.113365791407307   -0.0164710771004346   0.0203054371183025   0
0.250819928260336   0.121690358702374   -0.0017009076819286   0.00832456729506738   0
0.33319538136996   0.102168729295526   0.0823754531096246   -0.0195216294068481   0
0.245528457040889   0.117772288189794   -0.0876669243290712   0.0156035588942683   0
0.277280452501074   0.1338808150296   0.031751995460185   0.0161085268398057   0
0.300465363978762   0.155785690665655   0.023184911477688   0.0219048756360544   0
0.334209876797385   0.166090462259787   0.0337445128186233   0.0103047715941321   0
0.119674551233878   0.219929908178293   -0.214535325563507   0.0538394459185066   1
0.278147878779428   0.164472348311722   0.15847332754555   -0.0554575598665709   0
0.294906034257239   0.173110622730265   0.0167581554778116   0.00863827441854229   0
0.241352770086796   0.159278796593426   -0.053553264170443   -0.0138318261368385   0
0.241641537605293   0.167684548493593   0.000288767518496102   0.00840575190016649   0
0.22149301465184   0.186945087695558   -0.020148522953453   0.0192605392019658   0
0.306790989236402   0.151133373814323   0.0852979745845622   -0.0358117138812351   0
0.260006209201357   0.15488332268114   -0.0467847800350444   0.00374994886681626   0
0.215777330863555   0.152581865591885   -0.0442288783378026   -0.00230145708925478   0
0.268052289093471   0.140097152867216   0.0522749582299167   -0.0124847127246691   0
0.402355514650028   0.121605043694012   0.134303225556557   -0.018492109173204   0
0.306665195870431   0.120340862546601   -0.0956903187795967   -0.00126418114741036   0
0.351657919877513   0.127165317282268   0.0449927240070821   0.0068244547356671   0
0.384789029650236   0.130292395492792   0.0331311097727223   0.00312707821052308   0
0.479294606038772   0.124825027300227   0.0945055763885368   -0.0054673681925642   0
0.389467152228613   0.128412492409228   -0.0898274538101595   0.0035874651090005   0
0.356901891569336   0.126333757430467   -0.0325652606592772   -0.00207873497876115   0
0.40205847351339   0.128328369421964   0.0451565819440545   0.00199461199149706   0
0.447499733763797   0.115957727478821   0.0454412602504071   -0.0123706419431428   0
0.36747721733732   0.121061180747887   -0.0800225164264775   0.00510345326906581   0
0.328053003398612   0.13579344122048   -0.0394242139387083   0.0147322604725934   0
0.374278901680031   0.141511256631761   0.0462258982814189   0.00571781541128041   0
0.446253837284869   0.128219675849974   0.0719749356048384   -0.0132915807817862   0
0.446721182097066   0.148580532601221   0.000467344812197013   0.0203608567512467   0
0.408564194649566   0.170659852301296   -0.0381569874475001   0.0220793197000745   0
0.470681007234039   0.170235093213767   0.0621168125844729   -0.000424759087528342   0
0.502281088520483   0.147058801406954   0.0316000812864441   -0.023176291806813   0
0.447918124543732   0.152433410696277   -0.054362963976751   0.00537460928932329   0
0.329600375874679   0.150413078083324   -0.118317748669052   -0.00202033261295392   0
0.367624478021873   0.142110984140917   0.038024102147194   -0.00830209394240644   0
0.430536916913874   0.138038525204922   0.0629124388920008   -0.00407245893599473   0
0.44145939954553   0.13174431791566   0.0109224826316559   -0.00629420728926236   0
0.410913195257709   0.120442220764772   -0.0305462042878212   -0.0113020971508884   0
0.340493327559322   0.154960672472889   -0.0704198676983865   0.0345184517081174   0
0.543585356725666   0.150559388207777   0.203092029166344   -0.00440128426511238   0
0.515735812250701   0.162153078689552   -0.0278495444749657   0.0115936904817752   0
0.412236297339099   0.149931847582493   -0.103499514911602   -0.0122212311070586   0
0.312916773972521   0.166991461687417   -0.0993195233665776   0.0170596141049235   0
0.650926101106067   0.128567797979471   0.338009327133546   -0.0384236637079461   0
0.175402717468259   0.190380250642793   -0.475523383637808   0.0618124526633217   1
0.302930386563332   0.172561776186501   0.127527669095073   -0.0178184744562917   0
0.0960492547232179   0.216548398103634   -0.206881131840115   0.0439866219171333   0
0.173347698093957   0.206159668244446   0.0772984433707389   -0.0103887298591882   0
0.120700918685152   0.218465612030841   -0.0526467794088047   0.0123059437863952   0
0.1373257232376   0.229308580626631   0.0166248045524482   0.0108429685957896   0
0.278166894962074   0.210694105964168   0.140841171724474   -0.0186144746624628   0
0.275478274962007   0.209043159326633   -0.00268862000006764   -0.00165094663753504   0
0.229015914039833   0.225633660321881   -0.046462360922174   0.0165905009952482   0
0.38457611865996   0.202772253067549   0.155560204620128   -0.0228614072543324   0
0.387601633739191   0.194776293908095   0.0030255150792306   -0.00799595915945395   0
0.342854650090516   0.194355956409811   -0.0447469836486753   -0.000420337498283352   0
0.314620974734648   0.197531641664696   -0.0282336753558678   0.00317568525488496   0
0.380486370207659   0.19921298608148   0.0658653954730114   0.00168134441678383   0
0.370077134820278   0.18932420727815   -0.0104092353873815   -0.00988877880332989   0
0.426104212938504   0.186723046389405   0.0560270781182258   -0.00260116088874499   0
0.359745598838916   0.18610225978317   -0.066358614099588   -0.000620786606235268   0
0.310196800685611   0.202049450915487   -0.0495487981533043   0.0159471911323175   0
0.426874906750819   0.191595956944492   0.116678106065207   -0.0104534939709956   0
0.341419717821774   0.197218351548664   -0.0854551889290441   0.0056223946041723   0
0.338968611588566   0.215611283148656   -0.00245110623320854   0.018392931599992   0
0.255711319124711   0.229252739816283   -0.0832572924638544   0.0136414566676271   0
0.262402629152701   0.22359076186431   0.00669131002798973   -0.00566197795197348   0
0.261414305347125   0.214643339814126   -0.000988323805576008   -0.00894742205018351   0
0.203082752141904   0.232768338534395   -0.0583315532052212   0.0181249987202682   0
0.206342763599332   0.228099150497103   0.00326001145742849   -0.00466918803729166   0
0.190948194755279   0.242799019259907   -0.0153945688440533   0.0146998687628038   0
0.302168231533859   0.240668097888067   0.11122003677858   -0.00213092137184007   0
0.263340706952818   0.230661202157385   -0.0388275245810413   -0.0100068957306817   0
0.324696163521364   0.237113851270334   0.0613554565685455   0.00645264911294893   0
0.308610071330943   0.244497549175672   -0.0160860921904201   0.00738369790533783   0
0.34188982052562   0.265703857701017   0.0332797491946762   0.0212063085253457   0
0.354785657918788   0.255079053461868   0.0128958373931683   -0.0106248042391494   0
0.307572508243876   0.24101095924416   -0.0472131496749124   -0.0140680942177083   0
0.303650463987532   0.259541693635151   -0.0039220442563434   0.0185307343909912   0
0.380283645991906   0.243430828206392   0.0766331820043742   -0.0161108654287587   0
0.34054392716117   0.240866510077034   -0.039739718830736   -0.00256431812935801   0
0.313781875215983   0.252512326215355   -0.0267620519451871   0.0116458161383211   0
0.253807387576266   0.263136344813392   -0.0599744876397173   0.010624018598037   0
0.295798698800002   0.25947268430265   0.0419913112237357   -0.00366366051074263   0
0.459465666524725   0.248321780566647   0.163666967724724   -0.0111509037360027   0
0.37655738142473   0.25007451102136   -0.0829082850999949   0.00175273045471339   0
0.395808974485471   0.240743979005374   0.0192515930607402   -0.00933053201598633   0
0.441430241817201   0.235671468852108   0.0456212673317302   -0.00507251015326632   0
0.436646202091029   0.254614487232102   -0.00478403972617159   0.0189430183799946   0
0.440100513391986   0.252991436336707   0.00345431130095708   -0.00162305089539549   0
0.452063851471814   0.254705489472155   0.0119633380798272   0.00171405313544803   0
0.358847804466518   0.242921399105377   -0.093216047005296   -0.011784090366778   0
0.347772312491852   0.255274828494825   -0.0110754919746661   0.0123534293894486   0
0.40862382974395   0.252700250895186   0.0608515172520983   -0.0025745775996393   0
0.275029289084199   0.260470199633279   -0.133594540659751   0.00776994873809245   0
0.217156653611189   0.34602418780629   -0.05787263547301   0.0855539881730112   1
0.360001620342381   0.29286557177526   0.142844966731192   -0.0531586160310298   1
0.37454804566337   0.293398043579452   0.0145464253209889   0.00053247180419197   0
0.42967952763021   0.282903071908914   0.0551314819668394   -0.0104949716705383   0
0.450779596395452   0.310082178807893   0.021100068765242   0.0271791068989791   0
0.713121760864861   0.345719607502236   0.26234216446941   0.0356374286943431   0
0.426585738795474   0.334332364766335   -0.286536022069387   -0.0113872427359004   0
0.419967551687997   0.338819688612542   -0.00661818710747702   0.00448732384620665   0
0.586593500765368   0.355714644045617   0.166625949077372   0.0168949554330748   0
0.471210596769828   0.359972205762473   -0.115382903995541   0.00425756171685571   0
0.47272152319391   0.359604056049845   0.00151092642408207   -0.000368149712627774   0
0.623394068573964   0.357400163052915   0.150672545380054   -0.00220389299693025   0
0.71588435264358   0.396556891099499   0.0924902840696165   0.0391567280465844   0
0.516460353138165   0.363568931077038   -0.199423999505415   -0.0329879600224611   0
0.582948248123279   0.36753564001604   0.0664878949851139   0.00396670893900175   0
0.684477509363843   0.373538089441023   0.101529261240564   0.00600244942498362   0
0.667232870085325   0.405748563136704   -0.0172446392785184   0.0322104736956807   0
0.570039642242475   0.405678557408757   -0.0971932278428498   -7.00057279472976e-05   0
0.609470006149612   0.428455463985757   0.0394303639071369   0.0227769065769999   0
0.788522148042653   0.44668627773584   0.179052141893041   0.0182308137500833   0
0.743918931850944   0.448942141622949   -0.0446032161917097   0.00225586388710897   0
0.661021904997262   0.430123564498331   -0.0828970268536812   -0.0188185771246179   0
0.677792909241207   0.409102766713634   0.016771004243945   -0.0210207977846972   0
0.773374398573712   0.446402223624894   0.0955814893325047   0.0372994569112602   0
0.793320322818652   0.436213866851456   0.0199459242449398   -0.0101883567734379   0
0.754288467334297   0.432340823893025   -0.0390318554843552   -0.00387304295843088   0
