0.0749058193335638   0   0   0
0.0792540836924508   -0.0748798801490095   0.00434826435888704   0
0.0635741177652117   0.0363891861040419   -0.0156799659272392   0
0.0741773869507581   0.011908765536778   0.0106032691855465   0
0.0881736420745425   -0.0708549216861478   0.0139962551237843   0
0.0628462871076128   0.087903297826071   -0.0253273549669297   0
0.0641304522013702   -0.126583592175979   0.00128416509375737   0
0.0535340107552666   0.0520157440080768   -0.0105964414461036   0
0.0449069094684493   -0.0560041350893078   -0.00862710128681733   0
0.0438035750146552   0.0542770508888475   -0.00110333445379408   0
0.0659380862067609   -0.00694097930683787   0.0221345111921057   0
0.0653625885845451   -0.0356187204519593   -0.000575497622215801   0
0.0754372940040808   0.0183905581017808   0.0100747054195358   0
0.0396192415465642   -0.0418221272613806   -0.0358180524575166   0
0.0445662294196895   0.0382762631415192   0.00494698787312531   0
0.0595513325141848   -0.0395428892157201   0.0149851030944953   0
0.0296038229809412   0.0732687955066845   -0.0299475095332436   0
0.0346801375016738   -0.0524430050577346   0.00507631452073262   0
0.0393034836188184   -0.00150542214408261   0.00462334611714459   0
0.0329751806837209   -0.00721000211305181   -0.00632830293509743   0
0.0289656511457972   -0.0290892474167464   -0.0040095295379237   0
0.0338073878071421   0.0443430373330235   0.00484173666134485   0
0.059100509257713   -0.0225924183281661   0.025293121450571   0
0.0590079570964798   0.0301654610943158   -9.25521612332586e-05   0
0.0283131231982168   -0.0478419751926715   -0.030694833898263   0
0.0510776535431347   0.0039095228121126   0.0227645303449179   0
0.0505438344065327   -0.0213322125895548   -0.000533819136601985   0
0.0583844342934519   -0.0223308973543849   0.00784059988691917   0
0.0582194524460038   0.0377045486209939   -0.000164981847448058   0
0.0215950175966732   0.0254939481901496   -0.0366244348493306   0
0.043292479240919   -0.0174879579610039   0.0216974616442458   0
0.0180154732048238   0.039838621532542   -0.0252770060360951   0
0.0509226603578652   -0.0372913494952087   0.0329071871530414   0
0.0487828856651849   0.0275435109492969   -0.00213977469268037   0
0.0363467554893487   0.0439260348410554   -0.0124361301758362   0
0.0366429294866349   0.0390053012380831   0.000296173997286223   0
0.0422312924108711   0.0351909536848308   0.00558836292423617   0
0.0371318145342377   0.000918349363641768   -0.00509947787663342   0
0.0354827059994725   -0.0414305534359566   -0.00164910853476521   0
0.0236399649847356   0.0347913010617131   -0.0118427410147369   0
0.0420189085432678   -0.0568181809883583   0.0183789435585322   0
0.0697499226245881   0.0820608746877702   0.0277310140813203   0
0.0932315407147937   0.00817631859009865   0.0234816180902056   0
0.0927451496431405   -0.0963445002996833   -0.000486391071653158   0
0.074651807251944   0.0267305365248621   -0.0180933423911965   0
0.0723260711168284   0.0522643028295302   -0.00232573613511558   0
0.0592637809427689   -0.0126031077104929   -0.0130622901740595   0
0.0970895481056366   0.0551865283588547   0.0378257671628677   0
0.126811852708304   0.0378399923919192   0.0297223046026671   0
0.130213264071138   0.0693367773787489   0.00340141136283464   0
0.129538283426985   -0.05161084521295   -0.000674980644152917   0
0.124687250998498   -0.017008260831078   -0.00485103242848717   0
0.126260347600266   0.0348491747737136   0.0015730966017678   0
0.112973647361276   -0.105329874947101   -0.0132867002389898   0
0.10996573537216   0.0510759924310088   -0.0030079119891159   0
0.109791583751124   -0.0123898718069432   -0.000174151621036692   0
0.122320301542968   0.0392596147865231   0.0125287177918439   0
0.0865634568319825   0.0256546740819786   -0.035756844710985   0
0.103544339586189   -0.0915789378514625   0.0169808827542064   0
0.0741108899553399   0.0680795702820486   -0.029433449630849   0
0.113802015820909   -0.0415700088945728   0.0396911258655695   0
0.0856528160515024   0.099371980157998   -0.028149199769407   0
0.10658224313821   -0.0277749246265536   0.0209294270867076   0
0.0848450426430443   0.0345705494210445   -0.0217372004951657   0
0.120973365127411   -0.040115096449899   0.0361283224843671   0
0.110120996446   -0.0040911679028971   -0.0108523686814112   0
0.109688928708428   0.039487466916613   -0.000432067737572706   0
0.0934284289358036   0.0131961065648865   -0.0162604997726239   0
0.117735909779217   -0.0881162764887731   0.0243074808434137   0
0.0823442971065088   0.0604869253205967   -0.0353916126727085   0
0.113814997360234   -0.0885527844435137   0.0314707002537249   0
0.122361195900712   0.0153582544208337   0.00854619854047867   0
0.0980406218680298   0.0716003912433279   -0.0243205740326826   0
0.112334082476224   -0.084634360980908   0.0142934606081938   0
0.0928226779152058   0.0937004766253003   -0.0195114045610178   0
0.115985927600076   -0.104242418637428   0.0231632496848699   0
0.100316674844278   0.0783841016322741   -0.0156692527557982   0
0.0991583178563453   -0.0225663194671549   -0.00115835698793225   0
0.0975096118546397   0.0984118976433639   -0.00164870600170552   0
0.112723637672074   -0.0241858689411137   0.0152140258174342   0
0.0934763673882769   0.0356016005071909   -0.019247270283797   0
0.110501775449594   0.0269167269089868   0.0170254080613171   0
0.0896128738823837   -0.0186405505963287   -0.0208889015672104   0
0.135297953742804   -0.0613954669225189   0.0456850798604206   0
0.101614364563023   0.114817087480052   -0.0336835891797815   0
0.128875023757224   -0.0905389551435169   0.027260659194201   0
0.203001923635935   0.0767354246737083   0.0741268998787112   0
0.191280052270388   0.0130847379220827   -0.0117218713655466   0
0.186579603646413   -0.0648337227301119   -0.00470044862397559   0
0.193789365568579   0.116093785502009   0.0072097619221666   0
0.192942417590333   -0.0583335930345864   -0.000846947978246221   0
0.182927156561984   0.0978460626317909   -0.0100152610283495   0
0.173847776191558   -0.0976808205765061   -0.00907938037042583   0
0.161514119002798   -0.0306969012678677   -0.0123336571887599   0
0.137265204683534   0.106248164004176   -0.024248914319264   0
0.142004821595078   -0.0682604869732909   0.00473961691154418   0
0.154272036867096   0.0584488659066071   0.0122672152720173   0
0.153297026805194   -0.107058447585386   -0.000975010061901149   0
0.151632560109142   0.0797190458764044   -0.00166446669605264   0
0.14815298555392   -0.236678267448405   -0.00347957455522188   0
0.146421943834155   0.175187531261274   -0.00173104171976471   0
0.157281732217222   0.0111147731845871   0.0108597883830671   0
0.160078328776071   0.0293585932978567   0.00279659655884912   0
0.149517564885501   0.0371020161434296   -0.0105607638905704   0
0.185515629548429   -0.0211741950598562   0.0359980646629282   0
0.161488265015457   -0.0281381684086108   -0.0240273645329721   0
0.173652291451546   0.0659112241092775   0.0121640264360884   0
0.191910949214733   0.0307130315525225   0.018258657763188   0
0.178326012114049   0.0709078843482999   -0.0135849371006843   0
0.171741796099668   -0.171436845374233   -0.00658421601438094   0
0.189522347949391   0.0940001208371584   0.0177805518497227   0
0.183033339420036   -0.0893654098155986   -0.00648900852935522   0
0.18021979725463   0.0627479898867512   -0.00281354216540552   0
0.181053461916805   -0.0477988897500603   0.00083366466217491   0
0.17088217518969   0.128196598601376   -0.0101712867271148   0
0.191789249485601   -0.064699494585131   0.0209070742959105   0
0.187840427868237   0.0689336053343897   -0.00394882161736335   0
0.179728992333103   -0.0915013768777282   -0.00811143553513466   0
0.188196220620421   -0.0404689559567664   0.00846722828731777   0
0.184142405677199   0.0859597672959825   -0.00405381494322182   0
0.187534610785876   -0.113705499295057   0.00339220510867733   0
0.194995256307686   0.146800331838795   0.00746064552180958   0
0.185181229392884   -0.0772325527400327   -0.0098140269148014   0
0.195118814752864   0.103946595202202   0.00993758535997991   0
0.199726621307101   -0.0449650545319895   0.00460780655423657   0
0.204591692877546   0.0648713140379511   0.00486507157044508   0
0.215832006247938   -0.0643966862770211   0.0112403133703924   0
0.227583604601694   -0.0163614449580942   0.0117515983537554   0
0.22462888446836   0.0282244068962945   -0.00295472013333323   0
0.229853376948219   -0.0234606452952837   0.00522449247985854   0
0.21548051942113   -0.0419673031623314   -0.0143728575270889   0
0.226944017983511   0.060641139848159   0.0114634985623806   0
0.221463496103901   -0.0333870258971437   -0.00548052187960979   0
0.270833293790202   0.0672071713848958   0.0493697976863014   0
0.260408963949016   0.0369987482939445   -0.0104243298411861   0
0.274854790478081   -0.0547114042341541   0.0144458265290652   0
0.270792458691615   -0.0757240008736365   -0.00406233178646642   0
0.268283057453783   0.0894445211353135   -0.00250940123783167   0
0.266398292555057   -0.0576402938321555   -0.00188476489872585   0
0.280731230802702   0.0628043320888964   0.0143329382476446   0
0.278193328269209   -0.039830571393637   -0.0025379025334929   0
0.253008632553812   -0.204895268985054   -0.0251846957153969   0
0.270727926554041   0.200399206162584   0.0177192940002283   0
0.256978237382565   -0.165575236344801   -0.0137496891714753   0
0.233441805207422   0.132107535819732   -0.0235364321751431   0
0.227265979161532   -0.093046842449054   -0.00617582604588987   0
0.239390945079383   0.158165126124766   0.0121249659178504   0
0.223350836977389   -0.190310693074773   -0.0160401081019941   0
0.219453364670606   0.140070426782663   -0.0038974723067825   0
0.207350056738598   -0.0854553603541155   -0.0121033079320076   0
0.216884150168932   0.118020390388138   0.0095340934303339   0
0.212925164927141   -0.0827249265811967   -0.00395898524179181   0
0.205658856711789   0.0936956696504253   -0.00726630821535199   0
0.217203487468549   -0.145872396491861   0.0115446307567601   0
0.213266926862207   0.111540932101055   -0.00393656060634157   0
0.23437990454015   -0.102531202335188   0.0211129776779432   0
0.223387209185083   0.178728054612986   -0.0109926953550674   0
0.242005436906384   -0.0737700806007029   0.0186182277213015   0
0.229162911454384   0.0794018465159475   -0.0128425254520001   0
0.237925597538916   -0.108514432715224   0.00876268608453118   0
0.225286396445724   0.127762805915037   -0.0126392010931914   0
0.227486954206719   -0.122714949147517   0.00220055776099515   0
0.219034699501015   0.00811557167893984   -0.00845225470570413   0
0.23863774687484   0.0356501763495559   0.0196030473738244   0
0.237107120021205   0.00673444828985226   -0.00153062685363484   0
0.232020124279124   0.0380191501645054   -0.00508699574208105   0
0.220510894145845   -0.0953238100050198   -0.0115092301332788   0
0.227793718459267   0.0585958226590355   0.00728282431342259   0
0.233024319794094   -0.0750441772311142   0.00523060133482614   0
0.220453107089694   0.0589183736215688   -0.0125712127043998   0
0.205232165954194   -0.110168791017954   -0.0152209411354994   0
0.228096530262957   0.0891848344965173   0.0228643643087625   0
0.210134577479529   -0.0990327714477989   -0.0179619527834283   0
0.217384657280591   0.0757541425300862   0.00725007980106243   0
0.200490413347497   -0.14673570395261   -0.0168942439330945   0
0.215393205492304   0.126090531610514   0.0149027921448077   0
0.197522685434484   -0.0575627562111574   -0.0178705200578205   0
0.190423003727228   0.0452691925044711   -0.00709968170725539   0
0.226415315514432   -0.0241431303181669   0.0359923117872042   0
0.206157318043163   0.0711307644071383   -0.0202579974712691   0
0.202315214763374   -0.132727763847685   -0.00384210327978968   0
0.191642874259709   0.0230828858774492   -0.010672340503665   0
0.196057099027688   -0.114167261045103   0.00441422476797892   0
0.200538290229796   0.05665472218277   0.00448119120210869   0
0.196259792230789   -0.084389643489583   -0.0042784979990072   0
