0.544825700450383   0.428694302754597   0   0   0
0.407077237837539   0.309770104719064   -0.137748462612844   -0.118924198035533   0
0.315135696855751   0.245089810419058   -0.0919415409817873   -0.0646802943000058   0
0.359473269913425   0.175667832289381   0.0443375730576735   -0.0694219781296777   1
0.127208999728046   0.0883349756411496   -0.232264270185379   -0.0873328566482311   0
0.107401937955095   0.102154195813241   -0.0198070617729513   0.0138192201720914   0
0.185269268386881   0.101173481452219   0.0778673304317859   -0.000980714361022095   0
0.12560908150942   0.0646437769933008   -0.0596601868774611   -0.0365297044589182   0
0.127552968422299   0.0852476764174983   0.00194388691287944   0.0206038994241976   0
0.136740178368357   0.0633391158606394   0.00918720994605773   -0.0219085605568589   0
0.131278790840638   0.0616112101893803   -0.00546138752771863   -0.00172790567125907   0
0.116497211306494   0.0442351114531771   -0.0147815795341437   -0.0173760987362032   0
0.132660597123863   0.18897131010619   0.016163385817369   0.144736198653013   0
0.14521611737414   0.0908502617799888   0.0125555202502766   -0.0981210483262016   0
0.125067708057876   0.0414029188713489   -0.0201484093162644   -0.0494473429086399   0
0.110866810796063   0.0823782929933608   -0.0142008972618128   0.0409753741220119   0
0.127315938131013   0.0709924333791989   0.0164491273349504   -0.0113858596141619   0
0.102272505423012   0.0856934852733421   -0.0250434327080014   0.0147010518941431   0
0.113861236076068   0.0609583023855447   0.0115887306530557   -0.0247351828877974   0
0.118482933229052   0.0570756894247236   0.00462169715298444   -0.0038826129608211   0
0.0805199239686675   0.072504808356998   -0.0379630092603845   0.0154291189322744   0
0.129964568411125   0.0622643501346276   0.0494446444424575   -0.0102404582223704   0
0.12803050721578   0.0506439738880155   -0.00193406119534462   -0.011620376246612   0
0.141824112979881   0.0341383448403628   0.0137936057641004   -0.0165056290476528   0
0.157111627084694   0.0906684727284518   0.0152875141048134   0.056530127888089   0
0.150613572055043   0.0784342792450151   -0.00649805502965126   -0.0122341934834367   0
0.161738568437618   0.0941528703600427   0.011124996382575   0.0157185911150276   0
0.171122017737666   0.080482788045799   0.00938344930004789   -0.0136700823142437   0
0.141122836717237   0.106502158259821   -0.0299991810204286   0.0260193702140223   0
0.176247431146357   0.0986391817351757   0.0351245944291202   -0.00786297652464549   0
0.132792797626415   0.0890095050039742   -0.0434546335199425   -0.00962967673120158   0
0.176949346646124   0.108801857151317   0.0441565490197086   0.0197923521473429   0
0.172543062944443   0.11397915612839   -0.00440628370168061   0.00517729897707338   0
0.209274278962619   0.123954204791134   0.0367312160181761   0.00997504866274403   0
0.180816984537543   0.103699058850995   -0.0284572944250762   -0.0202551459401399   0
0.215975521544549   0.121414939016416   0.0351585370070063   0.0177158801654214   0
0.192934066647132   0.114802534641891   -0.023041454897417   -0.00661240437452529   0
0.23234288986958   0.128301770399525   0.0394088232224475   0.0134992357576346   0
0.189817081100306   0.116071225624883   -0.042525808769274   -0.0122305447746422   0
0.270512006804227   0.135925845444501   0.0806949257039211   0.0198546198196184   0
0.226475431803739   0.136678343350364   -0.0440365750004878   0.000752497905862543   0
0.295865043127116   0.150514960938348   0.0693896113233767   0.0138366175879842   0
0.250167946863382   0.136909269111993   -0.0456970962637335   -0.0136056918263556   0
0.274416326049016   0.150816382382527   0.0242483791856342   0.013907113270534   0
0.25546739170354   0.139669786320995   -0.0189489343454762   -0.0111465960615313   0
0.280008415448536   0.152682908997119   0.024541023744996   0.0130131226761236   0
0.345818193883087   0.15845881440693   0.0658097784345504   0.00577590540981143   0
0.269859625197046   0.132678321940031   -0.0759585686860408   -0.0257804924668994   0
0.338081131368792   0.156363595191624   0.0682215061717464   0.0236852732515929   0
0.340517235132688   0.146153041447005   0.00243610376389536   -0.0102105537446187   0
0.268986286268836   0.13632669990024   -0.0715309488638519   -0.00982634154676548   0
0.286311584015981   0.132674294633522   0.0173252977471451   -0.00365240526671806   0
0.286007252548891   0.14412560912507   -0.000304331467090135   0.0114513144915485   0
0.280743862089646   0.147420910348812   -0.00526339045924495   0.00329530122374197   0
0.332298126440114   0.149780198766392   0.0515542643504684   0.00235928841758024   0
0.306684813044109   0.128334432224131   -0.0256133133960052   -0.0214457665422616   0
0.3287912003482   0.139568997846952   0.0221063873040909   0.0112345656228213   0
0.315926222684933   0.146774831146633   -0.0128649776632665   0.00720583329968053   0
0.32763546178442   0.161282765679291   0.0117092390994866   0.0145079345326583   0
0.341630471089875   0.16811788519753   0.0139950093054554   0.00683511951823956   0
0.298943811950423   0.135407093951905   -0.0426866591394519   -0.0327107912456255   0
0.338092449654861   0.163126501159959   0.0391486377044373   0.0277194072080538   0
0.28858410902917   0.146761216945724   -0.0495083406256903   -0.0163652842142342   0
0.312094736568898   0.171477355667046   0.023510627539728   0.0247161387213213   0
0.283122852235562   0.179083272532815   -0.028971884333336   0.00760591686576928   0
0.340114359987838   0.181012892991409   0.0569915077522761   0.00192962045859379   0
0.30927265398997   0.20257397448552   -0.0308417059978679   0.0215610814941109   0
0.344794498184295   0.200198761519177   0.0355218441943248   -0.00237521296634224   0
0.303776103724585   0.181990708191957   -0.04101839445971   -0.0182080533272206   0
0.319471796541792   0.208773324708378   0.0156956928172065   0.0267826165164215   0
0.327561079267302   0.226571151631916   0.00808928272551068   0.0177978269235373   0
0.309264323808227   0.22513565413524   -0.0182967554590752   -0.00143549749667549   0
0.323794811979068   0.280449763565728   0.0145304881708408   0.0553141094304874   0
0.313671397857073   0.273986870076064   -0.0101234141219953   -0.0064628934896635   0
0.396330454965809   0.339973210403868   0.0826590571087359   0.0659863403278036   0
0.366052218044216   0.338726181216558   -0.030278236921593   -0.00124702918730962   0
0.411930702771279   0.353144216933114   0.0458784847270635   0.0144180357165562   0
0.391286348990097   0.356233887561599   -0.0206443537811822   0.00308967062848486   0
0.419041921254316   0.347953442099672   0.0277555722642187   -0.0082804454619268   0
0.379406502941107   0.363672664679039   -0.0396354183132089   0.0157192225793663   0
0.409070027260759   0.362776764671127   0.0296635243196526   -0.000895900007912009   0
0.38172836561356   0.363784354060634   -0.027341661647199   0.00100758938950707   0
0.446806344754495   0.365216713663508   0.065077979140935   0.00143235960287386   0
0.406302966996304   0.377616146769454   -0.040503377758191   0.0123994331059467   0
0.443687227070873   0.381504964310669   0.0373842600745682   0.00388881754121484   0
0.421305785735551   0.390679434947659   -0.0223814413353215   0.00917447063699034   0
0.462513833130254   0.433297904173579   0.0412080473947025   0.0426184692259196   0
0.443207051153702   0.414340890103514   -0.0193067819765517   -0.0189570140700648   0
0.461776525820402   0.436670967264773   0.0185694746666998   0.0223300771612588   0
0.48265820607031   0.431606230048976   0.0208816802499086   -0.0050647372157967   0
0.478063126819043   0.448106877152932   -0.00459507925126751   0.0165006471039552   0
0.508932854814945   0.479548927655252   0.0308697279959025   0.0314420505023209   0
0.533539747139798   0.531897206511973   0.0246068923248532   0.0523482788567202   0
0.582656931815155   0.527110768165063   0.0491171846753565   -0.00478643834690995   0
0.582376461152921   0.588410119002894   -0.000280470662233578   0.0612993508378314   0
0.624577647022882   0.583180777086919   0.0422011858699608   -0.00522934191597524   0
0.516621310389922   0.528590599140062   -0.10795633663296   -0.0545901779468566   0
0.514229149263789   0.484128216544553   -0.00239216112613305   -0.0444623825955089   0
0.501359839286116   0.549343531321022   -0.0128693099776729   0.0652153147764682   0
0.584905119099235   0.568312035249785   0.0835452798131189   0.018968503928763   0
0.572078155055758   0.586125157750032   -0.0128269640434767   0.0178131225002476   0
0.54830268085634   0.560535795747729   -0.0237754741994176   -0.0255893620023029   0
0.557614578648191   0.607798800895082   0.00931189779185093   0.0472630051473532   0
0.553338796614371   0.566055364447242   -0.00427578203382073   -0.0417434364478404   0
0.53259992177337   0.568586005529726   -0.0207388748410005   0.00253064108248435   0
0.526957544629783   0.568297878136546   -0.00564237714358695   -0.000288127393180848   0
0.510479544542394   0.530991438421798   -0.0164780000873893   -0.0373064397147477   0
0.520369251470569   0.538653284705013   0.00988970692817481   0.00766184628321531   0
0.541282079627628   0.545286823042011   0.0209128281570594   0.00663353833699831   0
0.515955824327665   0.540599648433339   -0.0253262552999635   -0.0046871746086723   0
0.549819235051339   0.540947931105213   0.0338634107236747   0.000348282671873812   0
0.533899217781558   0.535586624000098   -0.015920017269781   -0.00536130710511484   0
0.579636233389779   0.547311709132502   0.0457370156082203   0.0117250851324034   0
0.530317430738421   0.553296201194487   -0.0493188026513577   0.00598449206198526   0
0.554820172498225   0.509570478603117   0.0245027417598038   -0.0437257225913695   0
0.526774378819395   0.528734237710033   -0.0280457936788294   0.019163759106916   0
0.588825463098268   0.534525209017545   0.0620510842788727   0.00579097130751138   0
0.554639454521304   0.612048230669161   -0.0341860085769639   0.0775230216516158   0
0.575027638929643   0.672391146366377   0.0203881844083388   0.0603429156972159   0
0.537737429660648   0.600679813413444   -0.0372902092689954   -0.0717113329529325   0
0.54452550992218   0.641301940846034   0.0067880802615321   0.0406221274325899   0
0.563824201193564   0.642296004965096   0.0192986912713837   0.00099406411906211   0
0.559415325121214   0.688404263479645   -0.00440887607234952   0.046108258514549   0
0.583721991784172   0.703584370733889   0.0243066666629579   0.0151801072542442   0
0.588888419685122   0.697027773263952   0.00516642790094979   -0.00655659746993753   0
0.535744910964948   0.662114501472459   -0.0531435087201737   -0.034913271791493   0
0.373566250387478   0.54998415143643   -0.16217866057747   -0.112130350036029   0
0.352911716969343   0.54775232681409   -0.0206545334181346   -0.00223182462233973   0
0.407067888842586   0.557491381566865   0.0541561718732426   0.00973905475277448   0
0.367386087753742   0.580977259518391   -0.0396818010888443   0.0234858779515265   0
0.400550175215802   0.581577247508895   0.0331640874620606   0.000599987990503759   0
0.385572705961522   0.582543222683144   -0.0149774692542807   0.000965975174248568   0
0.437915857179807   0.615217274023221   0.0523431512182851   0.0326740513400771   0
0.426340062149465   0.609747654475089   -0.0115757950303414   -0.00546961954813152   0
0.434951201172327   0.621043516772023   0.00861113902286165   0.0112958622969344   0
0.477972938905541   0.625480680122498   0.043021737733214   0.0044371633504745   0
0.457899280929649   0.651039446702241   -0.0200736579758916   0.0255587665797431   0
0.553692232284877   0.662170404557996   0.0957929513552274   0.0111309578557549   0
0.492424083549221   0.672155026395929   -0.061268148735656   0.00998462183793347   0
0.501512947273637   0.661058088768559   0.00908886372441642   -0.0110969376273704   0
0.486232296117237   0.65545774919003   -0.0152806511564007   -0.00560033957852901   0
0.498427419231727   0.671159469709601   0.0121951231144907   0.0157017205195707   0
0.455220366257102   0.630130877395341   -0.0432070529746254   -0.0410285923142596   0
0.481907455077176   0.645062386774527   0.0266870888200737   0.0149315093791863   0
0.570534957560718   0.685135989410314   0.0886275024835421   0.0400736026357867   0
0.55787186000493   0.698165531472881   -0.0126630975557879   0.0130295420625666   0
0.596982851679544   0.710556972331862   0.0391109916746137   0.0123914408589813   0
0.557240627900515   0.704448990847783   -0.0397422237790288   -0.00610798148407887   0
0.644325380188457   0.717614136653536   0.0870847522879425   0.0131651458057531   0
0.569939289446034   0.71645653550124   -0.0743860907424234   -0.00115760115229591   0
0.666444582119924   0.733473429801141   0.09650529267389   0.0170168942999012   0
0.59629319087376   0.726556643864332   -0.0701513912461642   -0.006916785936809   0
0.683161361158548   0.754095812301063   0.0868681702847882   0.0275391684367304   0
0.616923076461734   0.725615817239047   -0.0662382846968143   -0.0284799950620159   0
0.695635337806562   0.747352091626497   0.0787122613448287   0.0217362743874501   0
0.678297039888248   0.7297765173882   -0.0173382979183139   -0.017575574238297   0
0.673224356248502   0.727429568394426   -0.00507268363974644   -0.00234694899377452   0
0.660493740429658   0.742566889276818   -0.0127306158188444   0.0151373208823925   0
0.647553796017451   0.739277580069388   -0.0129399444122069   -0.00328930920743031   0
0.659742989949791   0.72752015528867   0.0121891939323403   -0.0117574247807182   0
0.661458428682831   0.781915781951611   0.00171543873304014   0.0543956266629418   0
0.701276070037642   0.795377747653591   0.039817641354811   0.01346196570198   0
0.647013648355003   0.793155248559984   -0.0542624216826391   -0.00222249909360728   0
0.759036153205498   0.826407608444072   0.112022504850495   0.0332523598840876   0
0.62848611928195   0.767615370176529   -0.130550033923548   -0.0587922382675423   0
0.657656943601214   0.755161605048548   0.0291708243192642   -0.012453765127981   0
0.603768571084286   0.776975421919509   -0.0538883725169281   0.0218138168709611   0
0.647806189240648   0.786564156943507   0.0440376181563622   0.0095887350239976   0
0.627006136624547   0.805280037576525   -0.0208000526161009   0.0187158806330183   0
0.678604895666573   0.828148373367508   0.0515987590420257   0.022868335790983   0
0.637053658357512   0.806332924020376   -0.0415512373090603   -0.021815449347132   0
0.658833721299001   0.828185625875172   0.0217800629414888   0.0218527018547956   0
0.655827902645054   0.832524717964099   -0.00300581865394745   0.00433909208892702   0
0.684779689247724   0.856836087057042   0.0289517866026706   0.0243113690929426   0
0.718752293668688   0.865725732342669   0.0339726044209637   0.00888964528562708   0
0.665720116668777   0.865893880132115   -0.053032176999911   0.000168147789446627   0
0.70323784169369   0.866707127947498   0.0375177250249134   0.000813247815382279   0
0.695088357429748   0.866929882999917   -0.00814948426394257   0.000222755052419421   0
0.701733667050399   0.871096919459597   0.00664530962065102   0.0041670364596802   0
0.706726783771522   0.899710622366575   0.00499311672112324   0.028613702906978   0
0.735375880253962   0.884726613393228   0.0286490964824403   -0.0149840089733473   0
0.704355739992662   0.893804554053905   -0.0310201402613006   0.00907794066067724   0
0.761376139647809   0.877604499472428   0.0570203996551472   -0.0162000545814776   0
0.711654157693195   0.852996509696992   -0.0497219819546144   -0.0246079897754359   0
0.767181308725649   0.883168129750644   0.0555271510324548   0.0301716200536521   0
