0.245158681806295   0.255167156908331   0   0   0
0.297045213788781   0.214039698706221   0.0518865319824867   -0.0411274582021094   0
0.234304462583473   0.211678539329097   -0.0627407512053085   -0.00236115937712447   0
0.345937579528966   0.168040737277639   0.111633116945494   -0.0436378020514579   0
0.129136476683246   0.193755790747012   -0.216801102845721   0.0257150534693733   0
0.184527210798733   0.19652888176686   0.0553907341154871   0.00277309101984766   0
0.224209920219958   0.165398326964029   0.0396827094212253   -0.0311305548028304   0
0.126230293963295   0.196274125465228   -0.0979796262566627   0.0308757985011984   0
0.326685492328876   0.28024194524464   0.20045519836558   0.0839678197794125   0
0.427389807842957   0.448101048232025   0.100704315514081   0.167859102987385   0
0.471839368784717   0.32115104092117   0.0444495609417595   -0.126950007310856   0
0.26152822285004   0.211724272132413   -0.210311145934677   -0.109426768788757   0
0.335338228743175   0.189714006101032   0.0738100058931355   -0.0220102660313805   0
0.33089283198433   0.172762745839497   -0.00444539675884509   -0.0169512602615356   0
0.145479775698961   0.164830088237099   -0.185413056285369   -0.00793265760239714   0
0.409751987308128   0.107406989021246   0.264272211609167   -0.0574230992158538   0
0.168074303274831   0.0928436282599538   -0.241677684033296   -0.0145633607612919   0
0.260310733914483   0.0745992610656433   0.0922364306396518   -0.0182443671943106   0
0.167844062520662   0.0752287496193443   -0.0924666713938209   0.000629488553701055   0
0.280865487188868   0.0713098947991013   0.113021424668205   -0.003918854820243   0
0.0845949622454553   0.059452946187258   -0.196270524943412   -0.0118569486118433   0
0.199428751013792   0.047221402199882   0.114833788768336   -0.012231543987376   0
0.139072455242043   0.0667295576287038   -0.0603562957717488   0.0195081554288217   0
0.209596452191276   0.0292641911835523   0.0705239969492336   -0.0374653664451515   0
0.178136641573316   0.0926929276478254   -0.0314598106179605   0.0634287364642731   0
0.148605841018178   0.152979823354748   -0.0295308005551378   0.0602868957069229   0
0.18680757756657   0.227412682168084   0.0382017365483918   0.0744328588133359   0
0.188172768221387   0.232527565253949   0.00136519065481761   0.00511488308586436   0
0.201270199341706   0.229511556178512   0.0130974311203184   -0.00301600907543612   0
0.195691450785771   0.235209082360912   -0.00557874855593435   0.00569752618239994   0
0.229538077252222   0.268188653963276   0.0338466264664503   0.032979571602364   0
0.189628890433631   0.205144315107176   -0.0399091868185908   -0.0630443388561   0
0.0751848929520419   0.198651312031471   -0.114443997481589   -0.00649300307570505   0
0.0487860391033132   0.210767495092246   -0.0263988538487287   0.0121161830607748   0
0.126558826448573   0.231184907328295   0.0777727873452598   0.0204174122360492   0
0.188509684354438   0.129373985126271   0.0619508579058655   -0.101810922202025   0
0.251040205784054   0.12113327002785   0.0625305214296153   -0.00824071509842075   0
0.106694012986531   0.177903484232526   -0.144346192797523   0.0567702142046757   0
0.129841822714923   0.191075707080603   0.0231478097283926   0.0131722228480776   0
0.100588202406992   0.192151616129848   -0.0292536203079314   0.00107590904924479   0
0.0837597726347201   0.198252182610489   -0.016828429772272   0.0061005664806405   0
0.102524197425486   0.210615262976861   0.0187644247907658   0.0123630803663729   0
0.128357732394703   0.193622350964765   0.0258335349692168   -0.0169929120120968   0
0.169298548431225   0.187538633695833   0.0409408160365228   -0.00608371726893117   0
0.0776137623173236   0.208847000857859   -0.0916847861139019   0.0213083671620254   0
0.04754879356724   0.21427474490686   -0.0300649687500837   0.00542774404900132   0
0.345596934059158   0.295087199120429   0.298048140491918   0.0808124542135693   1
0.176712816824813   0.0492677305801688   -0.168884117234345   -0.245819468540261   0
0.113872330194389   0.174134684463843   -0.0628404866304241   0.124866953883674   0
0.122959524672369   0.210564501424243   0.00908719447797973   0.0364298169604001   0
0.1690614991297   0.200909876933191   0.0461019744573312   -0.00965462449105184   0
0.209191026345324   0.212264662570693   0.0401295272156238   0.0113547856375015   0
0.204669834124768   0.222447908843222   -0.00452119222055605   0.0101832462725296   0
0.223584438340887   0.198271231271761   0.0189146042161193   -0.0241766775714616   0
0.162211635898908   0.224099510361541   -0.0613728024419789   0.0258282790897805   0
0.171061506213789   0.206005718277615   0.00884987031488021   -0.0180937920839259   0
0.155172825637174   0.219318606365312   -0.0158886805766142   0.0133128880876962   0
0.0757434231084125   0.246960626987932   -0.0794294025287618   0.0276420206226205   0
0.124946276858536   0.230194095357396   0.0492028537501238   -0.0167665316305358   0
0.181622327502568   0.236711953838753   0.0566760506440315   0.00651785848135694   0
0.258794050690602   0.198800725600411   0.0771717231880344   -0.0379112282383419   0
0.217985746265576   0.24676152769932   -0.0408083044250264   0.0479608020989092   0
0.260340255155998   0.208275516626799   0.0423545088904219   -0.0384860110725215   0
0.245406939510866   0.20730559331856   -0.0149333156451314   -0.000969923308239418   0
0.351612856634694   0.181608953174183   0.106205917123828   -0.0256966401443768   1
0.409853618161521   0.0626350188174356   0.058240761526827   -0.118973934356747   1
0.34443757715367   0.131774807025935   -0.0654160410078516   0.0691397882084998   0
0.405623527936169   0.167509055177443   0.0611859507824999   0.0357342481515075   0
0.293052922778532   0.143731359070279   -0.112570605157638   -0.0237776961071635   0
0.304837607783702   0.163054045971734   0.0117846850051702   0.0193226869014551   0
0.292084501703137   0.177219129346805   -0.0127531060805645   0.0141650833750705   0
0.35846806270509   0.165131249519707   0.0663835610019523   -0.0120878798270984   0
0.34395099835587   0.164855892703473   -0.0145170643492192   -0.00027535681623353   0
0.349006300680948   0.171873122762839   0.00505530232507717   0.00701723005936616   0
0.383704300253059   0.17747281855611   0.0346979995721119   0.00559969579327094   0
0.36583032380873   0.172578966138693   -0.0178739764443298   -0.00489385241741758   0
0.397130479899718   0.219333513659655   0.031300156090988   0.0467545475209623   0
0.335979746999726   0.117410850456847   -0.0611507328999915   -0.101922663202808   0
0.282665752145533   0.116146194643906   -0.053313994854193   -0.00126465581294104   0
0.39486661862905   0.124915369081641   0.112200866483517   0.00876917443773505   0
0.29158184904757   0.119622713652132   -0.10328476958148   -0.00529265542950851   0
0.494839515772467   0.150873098345099   0.203257666724897   0.0312503846929671   0
0.397752706857967   0.1588058060787   -0.0970868089145001   0.00793270773360061   0
0.421534048201447   0.192572773504815   0.0237813413434799   0.0337669674261154   0
0.449623437896035   0.218173566516086   0.0280893896945883   0.0256007930112712   0
0.459399903684589   0.220891318401861   0.00977646578855401   0.00271775188577464   0
0.490577597836102   0.249640304320041   0.0311776941515123   0.0287489859181795   0
0.458080899878133   0.248310828823579   -0.0324966979579689   -0.00132947549646209   0
0.495512561393564   0.29469744294456   0.0374316615154307   0.0463866141209819   0
0.462965810989764   0.260133831589357   -0.0325467504037995   -0.0345636113552034   0
0.834238562446474   0.207743940158558   0.37127275145671   -0.0523898914307991   1
0.917533836177369   0.0722415706653205   0.0832952737308954   -0.135502369493237   0
0.51223703079452   0.0945090540742256   -0.40529680538285   0.0222674834089051   0
0.371678309241002   0.343032456828417   -0.140558721553518   0.248523402754192   1
0.288932534702152   0.257507658667781   -0.0827457745388506   -0.0855247981606361   0
0.386794469805891   0.131109769586404   0.0978619351037391   -0.126397889081377   0
0.252142863682972   0.0639712036109608   -0.134651606122918   -0.0671385659754434   0
0.359590166849651   0.0553338141590655   0.107447303166679   -0.00863738945189524   0
0.560877847789422   0.064427967037421   0.201287680939771   0.00909415287835544   0
0.407636707324365   0.108610824915659   -0.153241140465057   0.0441828578782383   0
0.566552418681314   0.0967490376407828   0.158915711356949   -0.0118617872748765   0
0.443624076420972   0.0691973874532485   -0.122928342260343   -0.0275516501875342   0
0.482447358227703   0.101830100080968   0.0388232818067318   0.0326327126277197   0
0.4936054023614   0.108176187252845   0.011158044133697   0.00634608717187639   0
0.417919849361681   0.0708218114503752   -0.0756855529997195   -0.0373543758024694   0
0.384491924013509   0.121050864796828   -0.0334279253481718   0.050229053346453   0
0.594679966661632   0.0994759577803225   0.210188042648123   -0.0215749070165058   0
0.524879852896985   0.0890965785877887   -0.0698001137646476   -0.0103793791925338   0
0.692699022380072   0.134613760300768   0.167819169483087   0.0455171817129789   0
0.584052012987508   0.128400594279437   -0.108647009392564   -0.00621316602133087   0
0.658211353228224   0.188687445563927   0.0741593402407161   0.0602868512844905   0
0.471111618788117   0.124346509236297   -0.187099734440107   -0.0643409363276302   1
0.467932241389979   0.174500917097024   -0.00317937739813745   0.0501544078607272   0
0.439147687256167   0.12520833923826   -0.0287845541338128   -0.0492925778587645   0
0.400991260249198   0.110746802631566   -0.0381564270069688   -0.0144615366066938   0
0.4760453317295   0.129986432733699   0.0750540714803024   0.0192396301021333   0
0.452454855032334   0.168818305850736   -0.0235904766971667   0.0388318731170364   0
0.403158761948392   0.140550574493703   -0.0492960930839418   -0.0282677313570324   0
0.558119285730255   0.164619898142539   0.154960523781863   0.0240693236488361   0
0.405217210054373   0.131658442776271   -0.152902075675882   -0.0329614553662688   0
0.439461983559545   0.129343740868238   0.034244773505172   -0.00231470190803212   0
0.475986482823998   0.196197693665191   0.0365244992644527   0.0668539527969523   0
0.410151867170491   0.137490922696886   -0.065834615653507   -0.0587067709683049   0
0.515723757380344   0.17676024041911   0.105571890209853   0.0392693177222243   0
0.554696712190058   0.204827400809413   0.0389729548097137   0.0280671603903031   0
0.451977573933752   0.156226885162256   -0.102719138256306   -0.0486005156471575   0
0.486934384746027   0.165551817060067   0.0349568108122756   0.00932493189781164   0
0.420389138762373   0.163034196921845   -0.066545245983654   -0.00251762013822204   0
0.413077640394442   0.205496729272079   -0.00731149836793127   0.0424625323502335   0
0.584481381928516   0.255587766826757   0.171403741534074   0.0500910375546786   0
0.470060250589855   0.239001289279664   -0.114421131338662   -0.0165864775470939   0
0.44182781278712   0.153346523441115   -0.028232437802735   -0.0856547658385486   0
0.518120073919869   0.219342030975028   0.076292261132749   0.0659955075339127   0
0.39959386418026   0.177645956927001   -0.118526209739609   -0.0416960740480264   0
0.492196772530073   0.192371815032693   0.0926029083498125   0.0147258581056913   0
0.559782229440774   0.227684460922836   0.0675854569107017   0.0353126458901435   0
0.446888789282356   0.144796863727637   -0.112893440158418   -0.0828875971951987   0
0.511165060827157   0.171560896330581   0.0642762715448008   0.026764032602944   0
0.435019449384094   0.182302246592719   -0.0761456114430632   0.0107413502621375   0
0.539479743575836   0.247357653362272   0.104460294191743   0.0650554067695533   0
0.433662504247762   0.205599120630269   -0.105817239328074   -0.041758532732003   0
0.526965669277772   0.241698121353937   0.09330316503001   0.0360990007236679   0
0.461629920676737   0.132240678810276   -0.0653357486010352   -0.109457442543661   0
0.423535898693948   0.228968301469701   -0.0380940219827888   0.0967276226594256   0
0.506616549793826   0.091165894967197   0.0830806510998781   -0.137802406502504   0
0.5042711651045   0.0709099474845025   -0.00234538468932588   -0.0202559474826945   0
0.465713985904665   0.0584666004249435   -0.0385571791998355   -0.012443347059559   0
0.543161543109638   0.102533564066127   0.0774475572049733   0.0440669636411832   0
0.433561258889779   0.102589435202376   -0.109600284219859   5.58711362493164e-05   0
0.538164520177185   0.127169653001817   0.104603261287406   0.0245802177994409   0
0.527336719388874   0.150201611308676   -0.0108278007883112   0.0230319583068589   0
0.46051698445813   0.125186060108185   -0.0668197349307436   -0.0250155512004911   0
0.667437255339414   0.180620029483229   0.206920270881284   0.0554339693750444   0
0.546362397144386   0.167102922012633   -0.121074858195028   -0.0135171074705963   0
0.586677320613845   0.192616187980275   0.0403149234694586   0.0255132659676419   0
0.478233922393676   0.164550318219565   -0.108443398220169   -0.0280658697607099   0
0.60102736488061   0.167825662857055   0.122793442486935   0.0032753446374906   0
0.547428069426678   0.181529443867065   -0.0535992954539318   0.01370378101001   0
0.464754393693325   0.0873623331880508   -0.0826736757333534   -0.0941671106790146   0
0.372147762695962   0.305207685370962   -0.0926066309973629   0.217845352182911   0
0.58040047273699   0.127671596301801   0.208252710041028   -0.177536089069161   1
0.487969637282034   0.0814401711230551   -0.0924308354549559   -0.0462314251787457   0
0.637016287968597   0.0758622502096728   0.149046650686562   -0.00557792091338233   0
0.583585815844542   0.083884701486758   -0.0534304721240543   0.0080224512770852   0
0.53266767607483   0.073125592673376   -0.0509181397697124   -0.010759108813382   0
0.65716090308496   0.161255106592908   0.12449322701013   0.0881295139195316   0
0.52087578020123   0.126282141305135   -0.13628512288373   -0.0349729652877729   0
0.770914691747018   0.138130072202625   0.250038911545788   0.0118479308974907   0
0.600382140023843   0.15137305518285   -0.170532551723175   0.0132429829802241   0
0.528397668997546   0.135189592704662   -0.0719844710262977   -0.0161834624781872   0
0.620652324562375   0.181781041402947   0.0922546555648294   0.0465914486982848   0
0.500955244147269   0.198012637986348   -0.119697080415106   0.0162315965834008   0
0.647144501386615   0.18945092618291   0.146189257239345   -0.00856171180343779   0
0.539204407214379   0.219283823332479   -0.107940094172235   0.0298328971495691   0
0.519149334781198   0.188210909601808   -0.0200550724331815   -0.0310729137306712   0
0.737371387823293   0.227918162347563   0.218222053042096   0.0397072527457547   0
0.57445860841078   0.195119695628735   -0.162912779412513   -0.0327984667188283   0
0.676646278968886   0.0859076105648533   0.102187670558106   -0.109212085063881   0
0.470236519016686   0.189437812794199   -0.2064097599522   0.103530202229346   1
0.51318029882209   0.176177351184112   0.0429437798054044   -0.0132604616100868   0
0.444999953941076   0.165881182342965   -0.0681803448810141   -0.0102961688411472   0
0.375515541257616   0.142338739087432   -0.0694844126834607   -0.0235424432555332   0
0.539240669496914   0.188372187221867   0.163725128239298   0.0460334481344349   0
0.441804572493722   0.262288696243281   -0.0974360970031924   0.0739165090214141   0
0.290723011943138   0.231149407347823   -0.151081560550583   -0.0311392888954574   0
