0   0   0   0   0
0.0581267410110871   0.00622404786032571   0.0581267410110871   0.00622404786032571   0
0.083415642207622   0.0202815   0.0252889011965348   0.0140574521396743   0
0.0920934745601446   0.0269443608815463   0.00867783235252263   0.00666286088154626   0
0.171931709128247   0.0309168375553678   0.0798382345681023   0.00397247667382154   0
0.0282122459846943   0.0306573845316671   -0.143719463143553   -0.000259453023700708   0
0.0814717537373536   0.0334034365198403   0.0532595077526593   0.00274605198817321   0
0.114715861051731   0.020632886459216   0.0332441073143771   -0.0127705500606243   0
0.0588820511934027   0.0275498141310427   -0.055833809858328   0.00691692767182668   0
0.183575320799386   0.0384407583334408   0.124693269605984   0.0108909442023981   0
0.349833542599906   0.396736817848646   0.166258221800519   0.358296059515205   0
0.342123709634161   0.330746933878834   -0.00770983296574418   -0.0659898839698115   0
0.43507944640031   0.167393786429701   0.0929557367661483   -0.163353147449133   0
0.425036801017277   0.115041500153434   -0.0100426453830331   -0.0523522862762677   0
0.447955225863032   0.0966514511300917   0.0229184248457553   -0.0183900490233421   0
0.396459631657499   0.0999840157535443   -0.0514955942055327   0.00333256462345266   0
0.33204165310938   0.117777818183222   -0.064417978548119   0.0177938024296773   0
0.282974336380104   0.127663030644153   -0.0490673167292767   0.00988521246093162   0
0.37573514247938   0.133406290504796   0.0927608060992764   0.00574325986064272   0
0.308059444953405   0.15425508377603   -0.0676756975259749   0.020848793271234   0
0.244349861122142   0.167607802515277   -0.0637095838312633   0.0133527187392468   0
0.222824722823319   0.158047322876694   -0.0215251382988229   -0.00956047963858261   0
0.203585805015109   0.139969263410972   -0.0192389178082099   -0.0180780594657224   0
0.221089677215921   0.124112806167504   0.0175038722008116   -0.0158564572434674   0
0.283455117720601   0.120275888061874   0.0623654405046807   -0.00383691810563011   0
0.293983109421273   0.119224445934181   0.0105279917006713   -0.00105144212769299   0
0.316508915823867   0.144155487745871   0.0225258064025947   0.0249310418116899   0
0.24580723247757   0.1583316111023   -0.0707016833462972   0.014176123356429   0
0.276527494887941   0.164492108860881   0.0307202624103703   0.0061604977585811   0
0.262681413762037   0.17651571543682   -0.0138460811259037   0.012023606575939   0
0.30882861863409   0.198511441576021   0.0461472048720528   0.0219957261392008   0
0.280036794875531   0.234037383088685   -0.0287918237585591   0.0355259415126642   0
0.284781302130249   0.223399366566296   0.00474450725471814   -0.0106380165223887   0
0.293643596078648   0.229491383723333   0.00886229394839894   0.00609201715703636   0
0.283473737022127   0.230019693048247   -0.0101698590565206   0.000528309324914628   0
0.290808364771373   0.251385499017943   0.00733462774924604   0.0213658059696951   0
0.32432771676192   0.268718781696726   0.0335193519905466   0.017333282678783   0
0.271910394541217   0.283053196680593   -0.0524173222207032   0.0143344149838674   0
0.288020121607779   0.284548959227674   0.0161097270665628   0.00149576254708095   0
0.30246215404346   0.282779313903267   0.0144420324356811   -0.00176964532440688   0
0.317721168731704   0.298464422656202   0.0152590146882437   0.0156851087529348   0
0.302884727739403   0.310227384812902   -0.0148364409923015   0.0117629621567002   0
0.325641354305623   0.291464009290774   0.0227566265662199   -0.018763375522128   0
0.293897781403399   0.295819255099888   -0.0317435729022237   0.00435524580911373   0
0.337136212979264   0.298740819328565   0.0432384315758656   0.00292156422867745   0
0.326108998544965   0.28645215891281   -0.0110272144342994   -0.0122886604157549   0
0.258841700526113   0.275219412821461   -0.067267298018852   -0.0112327460913491   0
0.279594541637726   0.294604609332445   0.0207528411116127   0.0193851965109836   0
0.266443693833444   0.308454345958705   -0.0131508478042818   0.01384973662626   0
0.281492302743237   0.299570360730998   0.0150486089097927   -0.00888398522770745   0
0.298972001321194   0.317058192209809   0.0174796985779573   0.0174878314788119   0
0.281863956788306   0.29826811629093   -0.017108044532888   -0.018790075918879   0
0.263549752506069   0.288776495025482   -0.0183142042822373   -0.00949162126544795   0
0.308157688760154   0.304885659998831   0.0446079362540855   0.0161091649733481   0
0.284333248250024   0.362274379947441   -0.0238244405101297   0.0573887199486099   0
0.292887048914765   0.323360686603505   0.00855380066474071   -0.0389136933439358   0
0.313965407102439   0.335929158871409   0.0210783581876736   0.0125684722679044   0
0.263226380931243   0.325326466200204   -0.0507390261711954   -0.0106026926712051   0
0.300055890001446   0.342565411684031   0.0368295090702029   0.0172389454838274   0
0.317284510834974   0.328741445227096   0.0172286208335281   -0.0138239664569351   0
0.329708583905545   0.322128603417211   0.0124240730705711   -0.00661284180988581   0
0.298677078335047   0.311253320880039   -0.0310315055704979   -0.0108752825371716   0
0.291374094431883   0.315406911557598   -0.00730298390316414   0.0041535906775591   0
0.347375123194926   0.34241377703599   0.0560010287630427   0.0270068654783917   0
0.345507983226148   0.352977380414627   -0.00186713996877819   0.0105636033786376   0
0.318771383428955   0.332568127586247   -0.0267365997971925   -0.02040925282838   0
0.288911082899982   0.313694536235814   -0.0298603005289737   -0.0188735913504332   0
0.291159230075826   0.320035705451474   0.0022481471758441   0.00634116921565969   0
0.314330611966127   0.335415484682017   0.0231713818903015   0.0153797792305434   0
0.265939392299961   0.299992452454762   -0.0483912196661666   -0.0354230322272555   0
0.292431920742247   0.302768761176479   0.0264925284422866   0.00277630872171764   0
0.30345678527133   0.321908413946533   0.0110248645290826   0.0191396527700537   0
0.312959473037644   0.308176975385609   0.00950268776631435   -0.0137314385609237   0
0.263689150772287   0.275293801107694   -0.0492703222653571   -0.0328831742779156   0
0.275278827929719   0.273762228432489   0.0115896771574321   -0.00153157267520454   0
0.268380850981287   0.264923617552914   -0.00689797694843186   -0.0088386108795756   0
0.29541315194148   0.283402465967257   0.0270323009601927   0.0184788484143437   0
0.255058567919213   0.291637884576764   -0.0403545840222667   0.00823541860950672   0
0.263428841523019   0.279510213683369   0.00837027360380582   -0.0121276708933952   0
0.271245262163231   0.269908089531552   0.00781642064021199   -0.00960212415181649   0
0.244773144032739   0.264375327299225   -0.0264721181304919   -0.00553276223232713   0
0.317004649868105   0.273431235288825   0.072231505835366   0.00905590798959927   0
0.337068598313459   0.282362481961702   0.0200639484453538   0.00893124667287754   0
0.260323777410055   0.270127574180372   -0.0767448209034038   -0.0122349077813299   0
0.289595104604688   0.292340290155706   0.0292713271946324   0.022212715975334   0
0.286650049541684   0.307911817922473   -0.00294505506300347   0.0155715277667672   0
0.269816794381095   0.286734691765908   -0.0168332551605894   -0.0211771261565659   0
0.273940824941829   0.282354021343016   0.00412403056073452   -0.00438067042289125   0
0.282797216795003   0.287729948045107   0.00885639185317377   0.00537592670209075   0
0.289408481701625   0.31014752941354   0.00661126490662223   0.0224175813684327   0
0.308247239092259   0.310356716325461   0.0188387573906332   0.000209186911920956   0
0.323531100180493   0.308384951725347   0.0152838610882341   -0.00197176460011411   0
0.289132009549271   0.329787897281453   -0.0343990906312212   0.0214029455561068   0
0.290853478025895   0.339306590316745   0.00172146847662386   0.00951869303529118   0
0.313583806299432   0.350301274549541   0.0227303282735372   0.0109946842327964   0
0.34329721709912   0.316811572744006   0.029713410799687   -0.0334897018055346   0
0.341594526641763   0.334582322207218   -0.00170269045735671   0.0177707494632119   0
0.386610275132478   0.370805646376238   0.0450157484907147   0.0362233241690201   0
0.413155143058585   0.39654364124835   0.0265448679261077   0.0257379948721114   0
0.452107115294595   0.380859133779801   0.0389519722360095   -0.0156845074685493   0
0.413372475606444   0.371133736373497   -0.0387346396881509   -0.00972539740630335   0
0.344267774942355   0.341330937856097   -0.0691047006640888   -0.0298027985174006   0
0.354127068356388   0.353214566943027   0.00985929341403308   0.0118836290869303   0
0.362491094890619   0.359082210869256   0.00836402653423129   0.00586764392622863   0
0.390286136346143   0.379211141370424   0.0277950414555235   0.0201289305011689   0
0.368301312968186   0.388324364373152   -0.0219848233779564   0.00911322300272754   0
0.39296754556075   0.416733493971135   0.0246662325925634   0.028409129597983   0
0.402950706010251   0.429108942078687   0.00998316044950148   0.0123754481075521   0
0.388358957092533   0.406763910812718   -0.0145917489177182   -0.0223450312659689   0
0.384061159380899   0.41013450490278   -0.00429779771163458   0.0033705940900623   0
0.313212620509665   0.352724167648834   -0.0708485388712333   -0.0574103372539468   0
0.328353204419936   0.363591283256732   0.0151405839102703   0.0108671156078981   0
0.323847025945646   0.357580168395159   -0.00450617847428952   -0.00601111486157302   0
0.351512274546708   0.342627258222551   0.0276652486010617   -0.014952910172608   0
0.31732486002518   0.308137776230455   -0.0341874145215278   -0.0344894819920957   0
0.289036850894501   0.302306047768437   -0.0282880091306789   -0.00583172846201807   0
0.295011752820544   0.300980180330379   0.00597490192604344   -0.00132586743805774   0
0.324787209866706   0.325449774978732   0.029775457046162   0.0244695946483532   0
0.332315873260667   0.341886427665252   0.00752866339396102   0.0164366526865196   0
0.285094568514888   0.324676439569778   -0.0472213047457797   -0.0172099880954742   0
0.311191707966713   0.294321603023924   0.0260971394518253   -0.0303548365458535   0
0.317585320243528   0.315323045629335   0.00639361227681473   0.0210014426054112   0
0.35428877851267   0.334080013328847   0.0367034582691426   0.0187569676995114   0
0.385751251536531   0.381803666355003   0.0314624730238606   0.0477236530261562   0
0.313801737198569   0.348286115089451   -0.0719495143379617   -0.0335175512655518   0
0.324404529987252   0.35153296417791   0.0106027927886828   0.00324684908845851   0
0.331716004941948   0.374698021247443   0.00731147495469558   0.0231650570695328   0
0.353027630575852   0.35930834277951   0.0213116256339039   -0.0153896784679329   0
0.348772753227657   0.339998311681253   -0.0042548773481948   -0.0193100310982566   0
0.28856738786462   0.318492106269936   -0.0602053653630369   -0.0215062054113174   0
0.311275098101037   0.326851203380005   0.0227077102364167   0.0083590971100696   0
0.370361001903548   0.358991639206406   0.0590859038025115   0.0321404358264009   0
0.38415310588488   0.362643644332432   0.0137921039813321   0.00365200512602609   0
0.298872703752367   0.31675496577939   -0.0852804021325135   -0.0458886785530423   0
0.31055701652637   0.345378169776294   0.0116843127740032   0.028623203996904   0
0.364886119616792   0.354053192250119   0.0543291030904223   0.00867502247382546   0
0.361707596953672   0.366536234671963   -0.0031785226631203   0.0124830424218432   0
0.314934747938426   0.358933399208973   -0.0467728490152458   -0.00760283546299001   0
0.325881846106837   0.366553028605286   0.0109470981684106   0.0076196293963135   0
0.318963324733424   0.338625042869783   -0.0069185213734122   -0.0279279857355029   0
0.352266093364093   0.339789724166009   0.0333027686306687   0.00116468129622582   0
0.334836535829052   0.339723569422512   -0.0174295575350412   -6.61547434966936e-05   0
0.318637166490995   0.333925020473687   -0.016199369338057   -0.00579854894882498   0
0.326961128787751   0.316209411506837   0.00832396229675564   -0.0177156089668506   0
0.370164607920584   0.326911720626012   0.0432034791328339   0.0107023091191757   0
0.364828406654416   0.342310619372263   -0.00533620126616829   0.0153988987462508   0
0.335544729518495   0.322433764454194   -0.0292836771359211   -0.0198768549180695   0
0.347255372122362   0.321537151903637   0.0117106426038668   -0.000896612550556786   0
0.391157464290278   0.342391135154665   0.043902092167916   0.0208539832510279   0
0.349191161514091   0.34500393959196   -0.0419663027761868   0.00261280443729467   0
0.332544671518114   0.305706068679475   -0.0166464899959776   -0.0392978709124843   0
0.331938782035558   0.30923959166318   -0.000605889482555022   0.00353352298370435   0
0.378430168044251   0.327515883917864   0.0464913860086925   0.0182762922546848   0
0.444168438201095   0.34715610841342   0.0657382701568441   0.0196402244955553   0
0.433518446269591   0.340986341146167   -0.0106499919315043   -0.00616976726725293   0
0.400546953116723   0.31941982000261   -0.0329714931528681   -0.0215665211435564   0
0.381079529513775   0.32698014391827   -0.0194674236029478   0.00756032391565953   0
0.403799602787187   0.367961069045354   0.0227200732734122   0.0409809251270845   0
0.433097812788289   0.385696833051556   0.0292982100011022   0.0177357640062019   0
0.448192643114543   0.383492519343272   0.0150948303262537   -0.00220431370828394   0
0.382827909118915   0.359376141331753   -0.0653647339956282   -0.0241163780115194   0
0.387459879755311   0.36228713049907   0.0046319706363962   0.00291098916731691   0
0.410197556063466   0.383098172255168   0.0227376763081548   0.0208110417560978   0
0.411501811143037   0.351802637534883   0.00130425507957171   -0.0312955347202848   0
0.408611257756073   0.346031777484381   -0.0028905533869642   -0.00577086005050192   0
0.375735210417294   0.328733255996788   -0.0328760473387789   -0.0172985214875923   0
0.385323488134113   0.328724634405455   0.00958827771681892   -8.62159133352414e-06   0
0.388900967492767   0.345264839269075   0.00357747935865355   0.0165402048636198   0
0.433953376430003   0.344929132655173   0.0450524089372365   -0.000335706613901698   0
0.407491245201661   0.323434102378676   -0.0264621312283425   -0.0214950302764969   0
0.378006625435653   0.325972939853525   -0.0294846197660079   0.00253883747484912   0
0.375679672012444   0.339711012452496   -0.00232695342320893   0.0137380725989709   0
0.386314888924825   0.335712943404034   0.0106352169123812   -0.00399806904846245   0
0.410411334973828   0.312963232384013   0.0240964460490032   -0.0227497110200203   0
0.425306816339687   0.319243992492028   0.0148954813658583   0.00628076010801448   0
0.379710855264055   0.292985991226117   -0.0455959610756319   -0.0262580012659114   0
0.389538489459001   0.276842340066332   0.00982763419494581   -0.0161436511597847   0
0.383146158134717   0.267736489722899   -0.00639233132428368   -0.00910585034343286   0
0.430236905039537   0.273138405696585   0.0470907469048204   0.0054019159736865   0
0.480642257307865   0.297251098786026   0.0504053522683277   0.0241126930894409   0
0.387278255884577   0.293009476688468   -0.093364001423288   -0.00424162209755813   0
0.393125907740815   0.312574095125764   0.0058476518562382   0.0195646184372955   0
0.396121149739837   0.301597404903971   0.00299524199902124   -0.0109766902217924   0
0.407286232437336   0.295737835079061   0.0111650826974999   -0.00585956982491015   0
0.382311862262264   0.280108955019565   -0.0249743701750728   -0.0156288800594965   0
0.382702604573055   0.28840046723759   0.00039074231079117   0.00829151221802504   0
0.382631799730969   0.299911621945432   -7.08048420862695e-05   0.0115111547078428   0
0.397938105821747   0.29157703065672   0.0153063060907786   -0.00833459128871211   0
0.409134472784927   0.275536323290306   0.0111963669631797   -0.0160407073664144   0
0.378094108903643   0.280284559486038   -0.0310403638812837   0.00474823619573228   0
0.347033754978172   0.264310751299659   -0.031060353925471   -0.0159738081863796   0
0.393664010416294   0.290622872964707   0.0466302554381218   0.026312121665048   0
0.460190360147841   0.316477338929204   0.0665263497315475   0.0258544659644969   0
0.371830663051072   0.283250325213829   -0.0883596970967692   -0.0332270137153744   0
0.375554046317757   0.28767889577051   0.00372338326668492   0.00442857055668089   0
0.369808544413187   0.275190524071942   -0.00574550190457029   -0.0124883716985681   0
0.376808722624623   0.244526852896957   0.00700017821143606   -0.0306636711749849   0
0.355370904435577   0.281179806564927   -0.0214378181890459   0.0366529536679705   0
0.354727353742054   0.267284578568873   -0.000643550693523454   -0.0138952279960545   0
0.369526315793612   0.271471243165349   0.0147989620515581   0.00418666459647588   0
0.418302646777426   0.279592246875678   0.0487763309838143   0.00812100371032903   0
0.392780634436068   0.278262774311369   -0.0255220123413581   -0.0013294725643086   0
0.372567990986826   0.278519978910311   -0.0202126434492415   0.000257204598941629   0
0.381456626261348   0.268714777097767   0.00888863527452188   -0.00980520181254407   0
0.41818322413985   0.270064685249039   0.0367265978785017   0.00134990815127217   0
0.4294449037071   0.308260819165751   0.0112616795672496   0.0381961339167123   0
0.356527469214982   0.270020885504159   -0.0729174344921175   -0.0382399336615926   0
0.364673217467859   0.272752067859696   0.00814574825287639   0.00273118235553693   0
0.376806819811279   0.275857640549868   0.0121336023434209   0.00310557269017203   0
0.426794567029619   0.254501857346837   0.0499877472183396   -0.0213557832030302   0
0.389615593703589   0.267410420693538   -0.0371789733260302   0.0129085633467006   0
0.343215628996539   0.246698472614977   -0.0463999647070497   -0.0207119480785611   0
0.366708723038108   0.270646792498526   0.0234930940415692   0.0239483198835487   0
0.410540589658319   0.266082668445335   0.0438318666202103   -0.00456412405319079   0
0.378210950862082   0.28803170805788   -0.0323296387962369   0.0219490396125455   0
0.343601372967877   0.261645841065724   -0.0346095778942049   -0.0263858669921566   0
0.409691422214769   0.272976137616738   0.066090049246892   0.0113302965510147   0
0.478103222101671   0.290233973361274   0.0684117998869024   0.0172578357445352   0
0.413906240387228   0.274928439430886   -0.064196981714443   -0.0153055339303874   0
0.37643907567293   0.256626512276596   -0.0374671647142982   -0.01830192715429   0
0.370724507708946   0.250290567567557   -0.00571456796398456   -0.00633594470903887   0
0.412126433234996   0.269561376557436   0.0414019255260509   0.0192708089898789   0
0.440430179712971   0.294272269480646   0.0283037464779746   0.0247108929232097   0
0.457404112449812   0.29072643679289   0.0169739327368406   -0.00354583268775649   0
0.382356278923585   0.255439544208684   -0.0750478335262271   -0.035286892584206   0
0.407686996156672   0.267342717168506   0.0253307172330871   0.0119031729598228   0
0.418533631438383   0.227611783164943   0.0108466352817111   -0.0397309340035634   0
0.450993556000526   0.122486688228109   0.0324599245621437   -0.105125094936834   0
0.37945548855174   0.15718677146733   -0.0715380674487861   0.0347000832392205   0
0.369399848181561   0.178196963263168   -0.0100556403701799   0.0210101917958389   0
0.397135138590077   0.106899354577299   0.0277352904085169   -0.0712976086858693   0
0.425053640447885   0.173459144987321   0.0279185018578077   0.066559790410022   0
0.431129813551557   0.179255774322893   0.00607617310367153   0.00579662933557196   0
0.371436402418032   0.17582777891429   -0.0596934111335249   -0.003427995408603   0
0.387426497175413   0.192002062263169   0.0159900947573809   0.0161742833488793   0
0.447730685150125   0.198938179582176   0.0603041879747119   0.00693611731900623   0
0.475791085449276   0.243971440496531   0.0280604002991511   0.0450332609143556   0
0.407758045961193   0.244468714941319   -0.0680330394880831   0.000497274444788004   0
0.407608044358842   0.242658573515227   -0.00015000160235018   -0.00181014142609193   0
0.453567877452758   0.242331041722666   0.0459598330939155   -0.000327531792561342   0
0.480809125629911   0.23590662172606   0.0272412481771536   -0.00642441999660573   0
0.419886698853393   0.243605440273427   -0.0609224267765184   0.00769881854736626   0
0.397528309898883   0.234135731828997   -0.0223583889545099   -0.00946970844442957   0
0.439119969558434   0.233249558512037   0.0415916596595508   -0.000886173316960337   0
0.466728570564306   0.228221728058965   0.0276086010058716   -0.00502783045307204   0
0.419584241881175   0.216332456002838   -0.047144328683131   -0.0118892720561262   0
0.415211499125052   0.241830900681783   -0.00437274275612276   0.0254984446789448   0
0.458784919176731   0.242493010447105   0.0435734200516796   0.000662109765322244   0
0.477227083825929   0.272460173308779   0.0184421646491973   0.0299671628616738   0
0.436329318479746   0.279938458717488   -0.0408977653461823   0.00747828540870837   0
0.439186142649344   0.265373270467732   0.00285682416959759   -0.0145651882497556   0
0.500211599247758   0.0725032820446944   0.0610254565984142   -0.192869988423038   0
0.440173823639026   0.241095868481943   -0.0600377756087327   0.168592586437249   0
0.371662625068435   0.404873255295407   -0.0685111985705907   0.163777386813464   0
0.412523901918374   0.376577287713293   0.0408612768499388   -0.0282959675821146   0
0.498074797508366   0.337159009121067   0.0855508955899925   -0.0394182785922253   0
0.493945695604284   0.326594659565186   -0.00412910190408222   -0.010564349555881   0
0.400390058013745   0.288283512106503   -0.0935556375905391   -0.0383111474586839   0
0.401654274932214   0.304103617658521   0.00126421691846912   0.0158201055520185   0
0.454373456008381   0.245015001901414   0.0527191810761669   -0.0590886157571069   0
0.488067041247409   0.303391532681369   0.0336935852390282   0.0583765307799545   0
0.413655802945444   0.283076659508515   -0.074411238301965   -0.0203148731728532   0
0.403076724928704   0.286604596294704   -0.0105790780167401   0.00352793678618812   0
0.48087878100931   0.226924319103859   0.0778020560806062   -0.0596802771908446   0
0.539360684668432   0.338520631365726   0.0584819036591221   0.111596312261867   0
0.456880835126623   0.323339684426069   -0.0824798495418097   -0.0151809469396571   0
0.44425285900775   0.321654991367303   -0.0126279761188722   -0.00168469305876584   0
0.484355087564898   0.344609606867322   0.0401022285571477   0.0229546155000183   0
0.519740586260107   0.363470809792891   0.0353854986952093   0.0188612029255694   0
0.513524022840217   0.36970060520812   -0.00621656341988996   0.00622979541522867   0
0.437355446846715   0.343064770208921   -0.0761685759935021   -0.0266358349991984   0
0.415732249848385   0.310769187760386   -0.0216231969983303   -0.0322955824485354   0
0.474588581533522   0.357053440368175   0.0588563316851365   0.0462842526077892   0
0.4807883833892   0.349734754400388   0.00619980185567809   -0.00731868596778673   0
0.501996656708987   0.341811622743435   0.0212082733197869   -0.00792313165695385   0
0.476057230675052   0.172381196110539   -0.0259394260339342   -0.169430426632896   0
0.435603845279846   0.298291376621082   -0.0404533853952063   0.125910180510543   0
0.545248103332428   0.4868904727058   0.109644258052582   0.188599096084718   0
0.579339281824563   0.377873940733163   0.0340911784921346   -0.109016531972637   0
0.549222283919726   0.166440169443294   -0.0301169979048367   -0.211433771289869   0
0.441761557723123   0.246932251536611   -0.107460726196603   0.0804920820933165   0
0.423905755523041   0.315693374353486   -0.0178558022000821   0.0687611228168749   0
0.490675119129756   0.319472272447078   0.0667693636067151   0.00377889809359244   0
0.592072027652886   0.167018794619543   0.101396908523131   -0.152453477827535   0
0.482288125267459   0.166949183307564   -0.109783902385428   -6.96113119790509e-05   0
0.438032975346032   0.190745501114679   -0.0442551499214266   0.0237963178071153   0
0.441519126855723   0.196920910488196   0.00348615150969078   0.00617540937351674   0
0.480344007463401   0.169224911900176   0.0388248806076782   -0.0276959985880192   0
0.537842908547654   0.235775839477352   0.0574989010842528   0.0665509275771754   0
0.50025219916758   0.241628050090423   -0.037590709380074   0.0058522106130712   0
0.416716121889818   0.227021763359931   -0.0835360772777615   -0.0146062867304921   0
0.417309992802713   0.248207692038245   0.00059387091289409   0.0211859286783145   0
0.465878480020273   0.230346313518363   0.0485684872175606   -0.0178613785198824   0
0.449458360655356   0.211995279573485   -0.0164201193649172   -0.0183510339448782   0
0.375333558153131   0.193163608106088   -0.0741248025022246   -0.0188316714673964   0
0.397358352217944   0.091688578581795   0.0220247940648131   -0.101475029524293   0
0.479677324478654   0.150811642557861   0.0823189722607097   0.0591230639760658   0
0.430483836305151   0.148794029475547   -0.0491934881735032   -0.00201761308231369   0
0.401808107573118   0.148939473505221   -0.0286757287320334   0.000145444029674063   0
0.443512935886215   0.170751765957259   0.0417048283130976   0.0218122924520376   0
0.492689322783638   0.191135862491586   0.0491763868974229   0.0203840965343272   0
0.493835741264239   0.227298266073919   0.00114641848060049   0.0361624035823328   0
0.42352270108965   0.203034069821422   -0.0703130401745887   -0.024264196252497   0
0.4381508338804   0.221258199570824   0.0146281327907502   0.0182241297494019   0
0.488278697013294   0.299002512429783   0.0501278631328937   0.0777443128589591   0
0.458506306614206   0.327334813471238   -0.0297723903990881   0.0283323010414549   0
0.438295358209062   0.253951034724216   -0.0202109484051437   -0.0733837787470217   0
0.41088029115134   0.222083603641737   -0.0274150670577218   -0.0318674310824794   0
0.458353548733944   0.217098413102215   0.0474732575826039   -0.00498519053952168   0
0.530949373309735   0.269762332191524   0.0725958245757906   0.0526639190893087   0
0.445575202363193   0.25311176335218   -0.0853741709465421   -0.0166505688393436   0
0.403854536828992   0.209385631093259   -0.0417206655342001   -0.0437261322589207   0
0.468524057494383   0.240904166160535   0.0646695206653907   0.0315185350672753   0
0.491256731496882   0.239708167563415   0.0227326740024992   -0.00119599859712013   0
0.422905633027618   0.201614296153454   -0.0683510984692647   -0.0380938714099609   0
0.436011641191849   0.0572333631414842   0.0131060081642317   -0.144380933011969   0
0.42721019206915   0.156957337421296   -0.00880144912269931   0.0997239742798116   0
0.51322303356533   0.209940496549409   0.0860128414961802   0.0529831591281135   0
0.545172427553889   0.19689764865724   0.0319493939885584   -0.0130428478921691   0
0.51526157646904   0.123191895646873   -0.029910851084849   -0.0737057530103674   0
0.453133015827582   0.0927389562935663   -0.0621285606414572   -0.0304529393533065   0
0.508551095069119   0.239601424335687   0.0554180792415365   0.146862468042121   0
0.535555960091007   0.11709516172458   0.0270048650218878   -0.122506262611107   0
0.53971481181361   0.175403231088947   0.00415885172260289   0.0583080693643666   0
0.440523924739406   0.0733474326330684   -0.0991908870742034   -0.102055798455879   0
0.452559556966815   0.103803557313767   0.012035632227409   0.0304561246806986   0
0.483704100346482   0.096362590808791   0.0311445433796673   -0.00744096650497589   0
0.505034535972541   0.0807819854579596   0.0213304356260586   -0.0155806053508315   0
0.424498298271993   0.026986289303135   -0.0805362377005485   -0.0537956961548246   0
0.44182353572698   0.0531919664769973   0.0173252374549873   0.0262056771738622   0
0.489885708960774   0.059213885168261   0.0480621732337939   0.00602191869126373   0
0.498952985274164   0.0473221666828559   0.00906727631339005   -0.0118917184854051   0
0.423211950736519   0.0577084043519659   -0.0757410345376446   0.01038623766911   0
0.435380024306352   0.0835370556508458   0.0121680735698331   0.0258286512988798   0
0.494788066251602   0.0845077824049507   0.05940804194525   0.000970726754104978   0
0.511426764479529   0.0339551714957015   0.0166386982279271   -0.0505526109092492   0
0.456446389130202   0.0504310108892584   -0.0549803753493271   0.0164758393935569   0
0.419945492634398   0.144391496885862   -0.0365008964958038   0.093960485996604   0
0.436177057359692   0.136451503684239   0.0162315647252936   -0.00793999320162297   0
0.502482008494831   0.0630832936100359   0.0663049511351395   -0.0733682100742035   0
0.515202037048574   0.0597897621562421   0.0127200285537423   -0.00329353145379385   0
0.463658658080489   0.102111504864486   -0.0515433789680846   0.0423217427082442   0
0.435103132158946   0.0946075006247455   -0.0285555259215436   -0.00750400423974076   0
0.462740399628128   0.0879679521526021   0.0276372674691829   -0.00663954847214339   0
0.492650376056895   0.104352901238729   0.0299099764287665   0.0163849490861272   0
0.476104712303922   0.15564441276734   -0.0165456637529734   0.0512915115286103   0
0.424141777192768   0.160715069634874   -0.0519629351111531   0.00507065686753469   0
0.431121582976415   0.135975162262058   0.00697980578364665   -0.0247399073728167   0
0.480091252423953   0.13230215683651   0.0489696694475381   -0.0036730054255476   0
0.508995178737481   0.137350771984179   0.0289039263135276   0.00504861514766922   0
0.459382864298398   0.138576336626929   -0.0496123144390831   0.00122556464274995   0
0.431512209966485   0.143910314507865   -0.0278706543319124   0.0053339778809354   0
0.46407092046475   0.124516891635001   0.0325587104982645   -0.0193934228728639   0
0.515031306175654   0.164938017507525   0.050960385710904   0.040421125872524   0
0.475247169047854   0.187178712189641   -0.0397841371277993   0.0222406946821165   0
0.409988734591219   0.113693673777183   -0.0652584344566356   -0.0734850384124582   0
0.440761138643143   0.164390449306712   0.0307724040519243   0.0506967755295286   0
0.51305134097671   0.259803395327067   0.0722902023335665   0.0954129460203559   0
0.42485345859602   0.232392208975909   -0.0881978823806898   -0.0274111863511586   0
0.408207491584415   0.168894159731768   -0.0166459670116053   -0.0634980492441407   0
0.445626587542754   0.15962301947527   0.0374190959583395   -0.00927114025649786   0
0.493139549859875   0.21740153658165   0.0475129623171207   0.0577785171063798   0
0.479466086188585   0.187476858985156   -0.0136734636712895   -0.0299246775964942   0
0.436748801988386   0.185739019586953   -0.0427172842001998   -0.00173783939820285   0
0.440962493035281   0.200259586013352   0.00421369104689512   0.0145205664263988   0
0.48716686410305   0.236544543732909   0.0462043710677698   0.0362849577195571   0
0.586463755204872   0.317254073121308   0.0992968911018215   0.0807095293883988   0
0.577859888551715   0.333231310968912   -0.00860386665315727   0.0159772378476048   0
0.476469668053749   0.307224122649594   -0.101390220497965   -0.0260071883193188   0
0.439851260115064   0.292502603633408   -0.0366184079386848   -0.0147215190161857   0
0.462145935144041   0.29300881396798   0.0222946750289764   0.000506210334572488   0
0.493878742232342   0.281250127097167   0.031732807088301   -0.0117586868708135   0
0.566884060127818   0.325726226888333   0.0730053178954766   0.0444760997911665   0
0.540752860793172   0.316955709312027   -0.0261311993346462   -0.00877051757630659   0
0.457520987659189   0.301584894023428   -0.0832318731339829   -0.0153708152885983   0
