0.0432292947925651   0   0   0
0.0427463657859136   0.0932899619982636   -0.000482929006651547   0
0.0206440265569728   -0.121811014219048   -0.0221023392289408   0
0.033356086209641   0.120229788873675   0.0127120596526681   0
0.0187071080271811   -0.0802043037810055   -0.0146489781824598   0
0.0279841720420669   0.0713966504011453   0.00927706401488578   0
0.0290612268084556   0.00231132908540761   0.00107705476638871   0
0.0189552462682472   -0.0527210824384883   -0.0101059805402084   0
0.0211072630285792   -0.0227373194675273   0.00215201676033195   0
0.0150938251387786   0.0618842046804709   -0.00601343788980056   0
0.0343032046550319   0.077239989930732   0.0192093795162533   0
0.034365221864481   -0.111898821242027   6.20172094490945e-05   0
0.0309455712079693   0.00206586182169173   -0.00341965065651163   0
0.0303611977353496   -0.0262673242135884   -0.000584373472619686   0
0.0179220666277637   0.0395141535131675   -0.012439131107586   0
0.0475219206889042   0.0765700215221451   0.0295998540611405   0
0.0281576267678177   -0.0693412698645326   -0.0193642939210865   0
0.0384824754861534   -0.0109004028156289   0.0103248487183357   0
0.0409711581861253   -0.0323604146213293   0.00248868269997184   0
0.0269382185669821   0.052291153645302   -0.0140329396191432   0
0.0606718911476723   0.100828521199918   0.0337336725806902   0
0.0417201046614819   -0.0954723802994772   -0.0189517864861905   0
0.0474813988933824   -0.0196092136849337   0.00576129423190058   0
0.0659232924039705   -0.0321392259280605   0.0184418935105881   0
0.0335499358149162   0.0954985872240216   -0.0323733565890543   0
0.0436418089445671   0.0623830716312826   0.0100918731296509   0
0.0333541246986846   -0.125688570261765   -0.0102876842458826   0
0.0637891905635469   0.00874780329513358   0.0304350658648623   0
0.0470392461003841   -0.038980710354594   -0.0167499444631628   0
0.041048391549548   0.135561087401581   -0.00599085455083614   0
0.0411429711793521   -0.000528242509621801   9.45796298041784e-05   0
0.0536578297982224   -0.0872075776332991   0.0125148586188702   0
0.0576935642111406   -0.0325815434782437   0.0040357344129182   0
0.0519785618699912   0.0100353226631673   -0.0057150023411494   0
0.0500317714209181   0.125358995951016   -0.00194679044907305   0
0.055499808429264   -0.025244767453761   0.00546803700834584   0
0.052254662494078   -0.0853012850456215   -0.00324514593518598   0
0.0676470910166136   -0.0275013544949687   0.0153924285225356   0
0.0574676065451007   0.0313271023196872   -0.0101794844715129   0
0.0549915970626443   0.139107712911616   -0.00247600948245642   0
0.0682265130363739   -0.0297759822043301   0.0132349159737297   0
0.0578649971694029   -0.0985366926271655   -0.0103615158669711   0
0.0690869072754201   -0.0305391700916615   0.0112219101060173   0
0.0555729530057788   0.0239723585862142   -0.0135139542696413   0
0.0535282408041073   0.125947887746354   -0.00204471220167149   0
0.0518224740044317   -0.0464384863844242   -0.00170576679967561   0
0.0527534235568887   -0.0852012792988085   0.000930949552456983   0
0.0446673530523692   -0.0171656132160318   -0.00808607050451945   0
0.0408502480778575   0.079466398112636   -0.00381710497451174   0
0.0667145209490408   0.0887167604822583   0.0258642728711833   0
0.0590194191731416   -0.0910628533120581   -0.00769510177589913   0
0.0609981420610907   -0.0565001259710246   0.00197872288794903   0
0.0574306591678173   -0.0181274062174104   -0.00356748289327335   0
0.0501302392873304   0.0988516618497685   -0.00730041988048696   0
0.0710393228363348   0.0691369772794761   0.0209090835490044   0
0.0505716609626874   -0.108678455344646   -0.0204676618736474   0
0.0635319267295586   -0.0270988363232661   0.0129602657668712   0
0.0718440144971382   0.00390544165151427   0.00831208776757958   0
0.0611580753369904   0.0678620255475818   -0.0106859391601477   0
0.0657473745848836   0.0722616173373958   0.00458929924789318   0
0.059744228404194   -0.107157145194166   -0.00600314618068963   0
0.0732811436295518   -0.0291859700468149   0.0135369152253578   0
0.0638379625377408   -0.0181821666868068   -0.00944318109181098   0
0.0586989727161609   0.0769231418328014   -0.00513898982157992   0
0.0638571840524815   0.0558257025733065   0.00515821133632064   0
0.0647625014203049   -0.093724614620103   0.000905317367823413   0
0.0750589971212812   -0.0422854455227334   0.0102964957009763   0
0.067830108006364   0.0044067132975593   -0.00722888911491724   0
0.067620156701534   0.120179536046599   -0.000209951304829994   0
0.0631180185614417   -0.0218406409320522   -0.00450213814009225   0
0.0804511433918903   -0.0721762451606309   0.0173331248304486   0
0.0853946338929736   -0.0180469170901636   0.00494349050108329   0
0.0694325445783532   0.0595189810146833   -0.0159620893146205   0
0.064720640791501   0.070869671128373   -0.0047119037868522   0
0.0672794792614033   -0.080077006824857   0.00255883846990235   0
0.0777395046908102   -0.0330190653271205   0.0104600254294069   0
0.0853417962531256   -0.016374240516968   0.0076022915623154   0
0.0749814121841207   0.0482964659661482   -0.0103603840690049   0
0.0789842316322695   0.0995258074942549   0.00400281944814879   0
0.0783387965462371   -0.0604129171417739   -0.000645435086032403   0
0.0900585312593566   -0.0470589651589113   0.0117197347131195   0
0.100988152149349   -0.036912576651989   0.0109296208899921   0
0.0998747191025462   -0.0157967614508679   -0.00111343304680252   0
0.0929089077896415   0.116956324169027   -0.0069658113129047   0
0.0881054691098685   0.029434808049507   -0.00480343867977293   0
0.105304211452866   -0.101685268144461   0.0171987423429979   0
0.107436918112444   -0.0314732099137996   0.00213270665957763   0
0.110932695893726   0.00193288108585929   0.00349577778128246   0
0.119929237178732   0.11897968614748   0.00899654128500531   0
0.114413763718674   0.0145975750192976   -0.00551547346005807   0
0.122452373077903   -0.118339251123525   0.0080386093592295   0
0.14214619592694   -0.00360696455929352   0.0196938228490367   0
0.139086690419366   0.0003372369742774   -0.00305950550757417   0
0.133988496619383   0.114797365621771   -0.00509819379998244   0
0.129526336737901   0.0105309070187311   -0.0044621598814828   0
0.149947626933615   -0.0932422462947868   0.0204212901957142   0
0.150571511565933   -0.0221883677267782   0.000623884632318605   0
0.153103714497363   0.00611653798949974   0.0025322029314295   0
0.142385523119066   0.115906445493158   -0.0107181913782971   0
0.145617069175363   -0.00462452534470831   0.00323154605629744   0
0.143923109746359   -0.0908994246007959   -0.00169395942900416   0
0.155149684406704   -0.0191189779580957   0.0112265746603455   0
0.141941156470736   0.0254325113514655   -0.0132085279359683   0
0.146490581528515   0.110210036077577   0.00454942505777886   0
0.152612512616307   -0.0154212048718438   0.0061219310877921   0
0.139195680688519   -0.101787605664146   -0.0134168319277886   0
0.133242597913017   -0.026879920577697   -0.00595308277550124   0
0.12249717175229   0.0421816196053986   -0.0107454261607274   0
0.139602795003753   0.123484304709841   0.0171056232514636   0
0.131948405687498   -0.0547821833392922   -0.00765438931625562   0
0.141375909845534   -0.0986648951748284   0.00942750415803598   0
0.134655083966639   -0.0230361903780101   -0.00672082587889516   0
0.130670466130033   0.0815593688023502   -0.003984617836606   0
0.131759542639234   0.0888244976983745   0.0010890765092009   0
0.144823278136881   -0.105118044835604   0.0130637354976478   0
0.146266878135482   -0.0489682059217009   0.00144359999860086   0
0.146522059977747   -0.00657909633193865   0.000255181842264834   0
0.14792448659642   0.142449859040958   0.00140242661867282   0
0.147789998887518   -0.00483404604977605   -0.000134487708902092   0
0.158893264004339   -0.108364009434425   0.011103265116821   0
0.16603885532459   -0.0332395555254237   0.0071455913202508   0
0.162123925621644   0.0650166008201148   -0.00391492970294516   0
0.167457470714276   0.105274116984915   0.00533354509263126   0
0.161745925829594   -0.0510183728893109   -0.00571154488468176   0
0.164206000722903   -0.08167527321098   0.00246007489330899   0
0.169881252304367   -0.0329631167175703   0.00567525158146406   0
0.163708475044844   0.112509460338102   -0.00617277725952325   0
0.171687845397315   0.0788015299486866   0.00797937035247173   0
0.172546891045804   -0.0857849657203045   0.000859045648488377   0
0.173723542125477   -0.0621684965225921   0.00117665107967349   0
0.173340441401451   -0.0196076833547368   -0.000383100724025948   0
0.176894187092425   0.0962748707257035   0.00355374569097403   0
0.182916089444211   0.0735240569935521   0.00602190235178535   0
0.180968003390523   -0.0804708456829284   -0.00194808605368732   0
0.183691458112707   -0.051020455283029   0.00272345472218388   0
0.182006949945572   -0.02309085420983   -0.00168450816713517   0
0.184202729782168   0.144003771496964   0.00219577983659613   0
0.186834487895704   0.0203685972360981   0.0026317581135358   0
0.185307703570474   -0.107129766668312   -0.00152678432523054   0
0.187501951095475   -0.0570807366223996   0.00219424752500175   0
0.182036221639403   0.0456713382515687   -0.0054657294560719   0
0.198958216906999   0.107187074636299   0.0169219952675957   0
0.198808826141   -0.0434223293377524   -0.000149390765998764   0
0.196022157401938   -0.0796236033186251   -0.00278666873906275   0
0.20220602520882   -0.00998590470550487   0.00618386780688251   0
0.19477503896511   0.0936824135635327   -0.00743098624371039   0
0.216251539463168   0.0618100375805542   0.021476500498058   0
0.19991090380242   -0.117576681176789   -0.0163406356607473   0
0.222523675687307   -0.0228094859771985   0.022612771884887   0
0.229187161268362   0.00944992658021312   0.00666348558105415   0
0.229163260565829   0.0751585869074799   -2.39007025326643e-05   0
0.223525099143832   0.018927674845413   -0.0056381614219968   0
0.239374728501052   -0.0801975607153147   0.0158496293572201   0
0.249583231633257   -0.0142758974686765   0.0102085031322047   0
0.254074194970687   0.0352051713490041   0.00449096333742965   0
0.254881770810663   0.0864528986312449   0.000807575839976149   0
0.257802473983055   -0.0570573484636164   0.0029207031723919   0
0.287244899530436   -0.0457765513972688   0.0294424255473808   0
0.27558702773761   -0.00180409168326856   -0.0116578717928259   0
0.282564683448953   0.074181183668738   0.00697765571134318   0
0.288547661745057   0.0276363497311728   0.00598297829610456   0
0.297035269684831   -0.0749246757597777   0.00848760793977316   0
0.300749420960328   -0.0249741884643496   0.00371415127549735   0
0.299960526012678   0.0112167251598794   -0.000788894947649776   0
0.307617573922756   0.104639033902949   0.00765704791007832   0
0.318634080867258   -0.0315343603926268   0.0110165069445019   0
0.331687216514957   -0.060401036887832   0.0130531356476987   0
0.326014281321003   -0.0101523755493005   -0.00567293519395407   0
0.314070671315406   0.0214523095723262   -0.0119436100055966   0
0.336384852286871   0.0828650882879279   0.0223141809714646   0
0.340170547007835   -0.0414578777288563   0.00378569472096457   0
0.327619825542259   -0.0597033086465713   -0.0125507214655768   0
0.331100033273651   -0.00793449927359718   0.0034802077313919   0
0.329598928250518   0.029316783123243   -0.00150110502313272   0
0.34119926761736   0.0997986521060572   0.0116003393668417   0
0.341819060713428   -0.024462272706078   0.000619793096068189   0
0.330675360439268   -0.081309970479153   -0.0111437002741594   0
0.330896968455927   -0.0159448566649411   0.000221608016658326   0
0.332285248366896   -0.00266380545406525   0.00138827991096968   0
0.330465989055228   0.0808365993433828   -0.00181925931166843   0
0.331299969972923   0.00608124384044173   0.000833980917695598   0
0.331715589603112   -0.0706978016036173   0.000415619630188158   0
0.343501735966865   -0.0114681894451104   0.0117861463637536   0
0.338448665059415   -0.0195245118601227   -0.00505307090745039   0
0.337233021247045   0.0369019669962094   -0.00121564381236972   0
0.346583333500289   0.0647230364422879   0.00935031225324379   0
0.347893715990301   -0.0628250485893112   0.00131038249001181   0
0.347324001431819   -0.0111732702415412   -0.000569714558481982   0
0.346465479962611   -0.0151425481583044   -0.000858521469207618   0
0.363396004795044   0.00172238449287321   0.0169305248324333   0
0.375155027308058   0.0659665732104191   0.0117590225130139   0
0.361568358698341   0.0298348292263459   -0.0135866686097169   0
0.36736839835894   -0.0709189484161358   0.00580003966059811   0
0.370345151944777   -0.0201225100136643   0.00297675358583749   0
0.376167101410932   0.00805065728920601   0.00582194946615505   0
0.373104088915577   0.0336187312383444   -0.00306301249535484   0
0.396678282752585   0.0728275672737037   0.023574193837008   0
0.396693617404175   -0.0262195979556942   1.53346515897601e-05   0
0.391451988051156   -0.0508169792349786   -0.00524162935301892   0
0.392083369755796   -0.0186898588135729   0.000631381704639555   0
0.397674689844589   -0.00517665441531323   0.00559132008879326   0
0.408181165698284   0.0714294594353035   0.010506475853695   0
0.407666073026675   0.0295653760195053   -0.000515092671609318   0
0.4035357663186   -0.0759644707824882   -0.00413030670807435   0
0.401153057131764   -0.0351954267167401   -0.0023827091868367   0
0.397602014379986   0.0142684140734713   -0.0035510427517777   0
0.418898298080754   0.111798519656561   0.0212962837007685   0
0.424996126674703   0.00160954490417753   0.00609782859394836   0
0.419315022974602   -0.0817917396171279   -0.00568110370010078   0
0.405897943925259   -0.0217800677865657   -0.0134170790493432   0
0.39481331495977   0.0105686722985987   -0.0110846289654888   0
0.427708442742615   0.098944294250813   0.0328951277828446   0
0.433255467254886   0.00379782890350883   0.00554702451227179   0
0.425554095475076   -0.0970700654094397   -0.00770137177981056   0
0.418572222267929   -0.0171936012695773   -0.00698187320714688   0
0.419427049600848   0.0232882821269976   0.000854827332919417   0
0.440209284249265   0.0941243688128536   0.0207822346484164   0
0.436493971193979   -0.00405148829405438   -0.00371531305528611   0
0.429795545256451   -0.0872605715636587   -0.00669842593752779   0
0.42956086899711   -0.0121376188456032   -0.00023467625934076   0
0.428213128155642   0.0338108059118849   -0.00134774084146849   0
0.451608222932015   0.108635388414639   0.0233950947763732   0
0.447099290748221   -0.0375246653818158   -0.00450893218379367   0
0.442538158553815   -0.0707614589576638   -0.00456113219440624   0
0.441459726914517   -0.0335452604551   -0.00107843163929794   0
0.442363000201105   0.020012544096631   0.000903273286587514   0
0.457444056285236   0.107054190830138   0.0150810560841312   0
0.475068154556007   0.0112055409362302   0.017624098270771   0
0.452091350226184   -0.0798481109865156   -0.022976804329823   0
0.453877938951653   -0.0456569829744669   0.00178658872546861   0
0.442166495399233   0.0198384511626744   -0.0117114435524194   0
0.468246842878809   0.10792435571623   0.0260803474795763   0
0.466691672182234   0.00703290154521885   -0.00155517069657513   0
0.452087375669002   -0.0873990943068466   -0.0146042965132324   0
0.438583489028854   -0.0133074911758137   -0.0135038866401483   0
0.435227557520776   -0.00960383965236239   -0.00335593150807795   0
0.446960625984057   0.0687372564596612   0.0117330684632814   0
0.472508030881616   0.0473472158574218   0.0255474048975594   0
0.460365082264829   -0.043341684224904   -0.0121429486167877   0
0.467469710610016   -0.0356554194666195   0.00710462834518771   0
0.452647485932221   -0.0142060692666496   -0.0148222246777957   0
0.46679109067645   0.0815968246041796   0.0141436047442296   0
0.469391396469407   0.0106828161550517   0.00260030579295667   0
0.451708007290177   -0.0745845995776214   -0.0176833891792301   0
0.438521899598766   -0.0274705240266315   -0.013186107691411   0
0.444068162294509   0.016053320682826   0.00554626269574332   0
0.460395930706702   0.0995930701558356   0.0163277684121925   0
0.467343564690368   0.0223224166184051   0.00694763398366627   0
0.450610497513607   -0.0820960233033083   -0.0167330671767613   0
0.447534695842579   -0.0368285606549693   -0.00307580167102722   0
0.429034143277155   -0.0187911368562893   -0.0185005525654242   0
0.450690935890853   0.0725027634189944   0.0216567926136974   0
0.455755169392965   0.0348243512101953   0.00506423350211221   0
0.442517751332689   -0.0389960228792218   -0.0132374180602753   0
0.440854036079411   -0.0336677217020552   -0.00166371525327863   0
0.443252199458604   -6.68045988505561e-05   0.00239816337919313   0
0.44579896733961   0.0595550611639266   0.00254676788100583   0
0.459999541886185   0.0337095601206686   0.0142005745465751   0
0.444392015763698   -0.0596281987839281   -0.0156075261224872   0
0.427776105038267   -0.0396281589905436   -0.0166159107254312   0
0.425653830457028   -0.00797938399433074   -0.00212227458123893   0
0.444504899210627   0.109036737529542   0.0188510687535998   0
0.45785954752877   0.0158595609906064   0.0133546483181425   0
0.445975034634507   -0.0498543197337132   -0.0118845128942627   0
0.441581325260707   -0.0579258656163855   -0.00439370937380007   0
0.42656293770997   -0.0224565788061981   -0.0150183875507369   0
0.430293206057254   0.0525863531272505   0.00373026834728385   0
0.449840930574631   0.0743057192594447   0.0195477245173767   0
0.445600893381297   -0.0304254410470801   -0.00424003719333393   0
0.434690722629543   -0.045697495915076   -0.0109101707517543   0
0.418196797709598   -0.0194145481712971   -0.0164939249199446   0
0.443116403858162   0.068428991877392   0.0249196061485643   0
0.449179341089458   0.0321392346995703   0.00606293723129608   0
0.437113570038511   -0.0629482253165867   -0.0120657710509471   0
0.422540089041587   -0.0440894725089054   -0.014573480996924   0
0.415208873485731   -0.0177548101261341   -0.00733121555585603   0
0.440798003670037   0.0922728166346986   0.0255891301843058   0
0.449841904552588   0.0633270677850434   0.0090439008825513   0
0.436897910325573   -0.0946198165361891   -0.0129439942270152   0
0.433653936169257   -0.0534196805970812   -0.00324397415631617   0
0.426229912372419   -0.0377812473948974   -0.00742402379683799   0
0.432852144263304   0.0847034232532048   0.00662223189088484   0
0.439250818391099   0.0719867440464074   0.00639867412779493   0
0.438788846481437   -0.072631644737303   -0.000461971909661796   0
0.422333958795335   -0.0359612646397415   -0.0164548876861016   0
0.421830201065381   0.013991150853451   -0.000503757729954091   0
0.445193382443506   0.0792583490504876   0.023363181378125   0
0.445644935647484   0.00582408005379997   0.00045155320397755   0
0.438483852836658   -0.0711019329830367   -0.0071610828108255   0
0.430134295577582   -0.0247452312263227   -0.00834955725907655   0
0.419705639341956   0.0112955212460715   -0.0104286562356258   0
0.44325037326352   0.104956845783442   0.0235447339215642   0
0.445117593942421   -0.02221471568991   0.00186722067890083   0
0.434795080266673   -0.0726469665151731   -0.0103225136757482   0
0.416409269335497   -0.070582299258042   -0.0183858109311758   0
0.416084577960867   0.0419094438626998   -0.000324691374630426   0
0.436092218502661   0.106881178169142   0.0200076405417943   0
0.429595783944806   -0.00959036417589554   -0.00649643455785476   0
0.430987397702346   -0.0783820861056737   0.00139161375753966   0
0.421564045864789   -0.0415441703843469   -0.00942335183755671   0
0.423823358315773   0.000767948186595924   0.00225931245098382   0
0.446653978193548   0.125589831864294   0.0228306198777752   0
0.449731368807895   0.00527853859281069   0.00307739061434653   0
0.442925196908804   -0.0675905746473229   -0.00680617189909094   0
0.446961608868748   -0.0219892855363299   0.0040364119599447   0
0.45126304295617   0.0161933156860565   0.00430143408742206   0
0.465564979169976   0.0836740553869027   0.0143019362138054   0
0.46544260493454   0.00461085853218357   -0.00012237423543604   0
0.453618619680864   -0.0732857584537079   -0.0118239852536756   0
0.449484419273463   -0.0305028770136895   -0.00413420040740092   0
0.447077975278712   0.0364714105086425   -0.00240644399475132   0
0.469798894918081   0.0688361150508299   0.022720919639369   0
0.464515151066736   -0.020813490129525   -0.00528374385134489   0
0.459656131797032   -0.0723847655108389   -0.00485901926970445   0
0.435270158667203   -0.0603909874882513   -0.024385973129828   0
0.429996124431224   -0.0169019650326314   -0.00527403423597966   0
0.467013584553033   0.139550253046422   0.0370174601218087   0
0.471623425362874   0.0271816844515886   0.00460984080984106   0
0.455260537315527   -0.0685634107405049   -0.0163628880473465   0
0.451815181919723   -0.0833526008293209   -0.00344535539580398   0
0.432568512385321   -0.0396267982730564   -0.0192466695344017   0
0.468943089624003   0.136878564365694   0.0363745772386816   0
0.465921327660314   0.0746372656887443   -0.0030217619636887   0
0.466734992866605   -0.0918561005812379   0.000813665206290837   0
0.447972499635033   -0.049279239732648   -0.0187624932315718   0
0.45561077408695   0.00672902164600048   0.00763827445191678   0
0.465947894213025   0.116710670010949   0.0103371201260749   0
0.4791346485963   0.0285372644424889   0.0131867543832749   0
0.474195403905384   -0.0812923721350844   -0.00493924469091639   0
0.462912732442415   -0.0504137216433408   -0.0112826714629691   0
0.465034470275591   0.017719957761452   0.00212173783317693   0
0.475065332602372   0.0795350436261672   0.0100308623267807   0
0.468649318970486   0.00782071780463867   -0.00641601363188649   0
0.462689519454242   -0.0702257545776448   -0.00595979951624415   0
0.456599069630636   -0.0210771313994532   -0.00609044982360529   0
0.455192230982365   -0.00228200570228188   -0.00140683864827151   0
0.457060301530072   0.0677290467706935   0.00186807054770699   0
0.467512125752413   0.0306592995050471   0.0104518242223413   0
0.46409051580233   -0.0680982834217595   -0.00342160995008317   0
0.446517621491302   -0.0295019221425876   -0.0175728943110274   0
0.454453581722669   0.00117949110951021   0.0079359602313665   0
0.450130392011037   0.0570979008489418   -0.00432318971163176   0
0.46642127872209   0.0551613050048425   0.0162908867110533   0
0.455014527014745   -0.0722710742636832   -0.0114067517073451   0
0.460696823229865   -0.0260286352524423   0.00568229621512006   0
0.453680433261167   -0.0151400037151026   -0.00701638996869874   0
0.460143702644079   0.0844115530525252   0.0064632693829122   0
0.47468299149856   0.0317929057692694   0.0145392888544815   0
0.467722674158056   -0.068802403291536   -0.00696031734050495   0
0.453407960072042   -0.0619476916426998   -0.014314714086014   0
0.437193106565051   -0.0452351054763053   -0.0162148535069906   0
0.457023954715516   0.086534284322013   0.019830848150465   0
0.473054780084519   0.122414325992805   0.0160308253690029   0
0.479780571923116   -0.0533915540833394   0.00672579183859734   0
0.471286021623082   -0.0479443093354743   -0.00849455030003382   0
0.457076854648398   -0.00335959179882722   -0.0142091669746847   0
0.469966654332102   0.0866793559566318   0.0128897996837047   0
0.468976375707242   0.0245008977819173   -0.000990278624860619   0
0.474662733614623   -0.0808697542379538   0.00568635790738098   0
0.460438293099097   -0.0389877759623025   -0.0142244405155258   0
0.445054725133   0.015833468349208   -0.0153835679660972   0
0.452040393861721   0.102468706633354   0.00698566872872142   0
0.451019301842296   -0.0172592568882997   -0.00102109201942474   0
0.449488497366732   -0.0769649020819604   -0.00153080447556453   0
0.447585128060655   -0.0149213540141874   -0.00190336930607737   0
0.445782370044229   0.0851050104051425   -0.00180275801642543   0
0.459395351566872   0.0819013758559348   0.013612981522643   0
0.45008423022288   -0.0603461897150719   -0.00931112134399198   0
0.449270181473242   -0.0608031531399664   -0.000814048749637919   0
0.451093408673481   -0.0195576446096797   0.00182322720023864   0
0.459509940375682   0.0555206342067253   0.00841653170220086   0
0.457407660832763   0.0786756666917631   -0.00210227954291858   0
0.453723837546376   -0.0297607725838552   -0.00368382328638728   0
0.452813358338789   -0.0793933637829926   -0.000910479207586856   0
0.438166004708649   -0.00302256916034227   -0.0146473536301397   0
