0.0245984274402344   0.0187368111499129   0   0   0
0.0692626023556546   0.00853688062614208   0.0446641749154203   -0.0101999305237708   0
0.0393344853008635   0.004837375   -0.0299281170547911   -0.00369950562614208   0
0.0241202149763464   0.00979269662251542   -0.0152142703245171   0.00495532162251542   0
0.153303093979138   0.02436055   0.129182879002791   0.0145678533774846   0
0.017730006299449   0.004837375   -0.135573087679689   -0.019523175   0
0.0950516102685273   0.0277101483668551   0.0773216039690783   0.0228727733668551   0
0.0921777904082106   0.0157737561975778   -0.00287381986031671   -0.0119363921692773   0
0.0535915987184344   0.0198426105497714   -0.0385861916897762   0.00406885435219359   0
0.0151697297591388   0.0218093995800836   -0.0384218689592956   0.00196678903031216   0
0.142840077227366   0.0474447752142688   0.127670347468228   0.0256353756341853   0
0.0392763432204425   0.0254967744025592   -0.103563734006924   -0.0219480008117096   0
0.0868094044648389   0.0222556138741195   0.0475330612443964   -0.00324116052843975   0
0.0583888789686015   0.0197306122050635   -0.0284205254962374   -0.00252500166905601   0
0.0526991820231292   0.0176113176218597   -0.00568969694547239   -0.00211929458320381   0
0.0709644361195099   0.0162826999810382   0.0182652540963807   -0.00132861764082151   0
0.168006686743296   0.0399237993672321   0.0970422506237861   0.0236410993861939   0
0.115990676322237   0.017577741879576   -0.0520160104210588   -0.0223460574876561   0
0.141212527003839   0.0207941271407939   0.0252218506816019   0.00321638526121787   0
0.110717858389738   0.0110565493814752   -0.0304946686141014   -0.00973757775931865   0
0.0727386913083402   0.0128428394563478   -0.0379791670813975   0.00178629007487262   0
0.122637978869884   0.0189163157937295   0.0498992875615434   0.00607347633738166   0
0.13092622048337   0.0193355196189448   0.00828824161348642   0.000419203825215323   0
0.116085360924925   0.0202244466101053   -0.0148408595584454   0.000888926991160485   0
0.107531007653188   0.0336158334559773   -0.00855435327173643   0.013391386845872   0
0.0790683718862353   0.022834090467356   -0.0284626357669528   -0.0107817429886212   0
0.0856449387367497   0.0360916626343952   0.00657656685051439   0.0132575721670392   0
0.154801925881883   0.0159603821970567   0.0691569871451334   -0.0201312804373385   0
0.132877485004044   0.0124905126188249   -0.0219244408778388   -0.00346986957823178   0
0.163243839930149   0.0361038146387473   0.0303663549261044   0.0236133020199224   0
0.145661191963886   0.0410661916692125   -0.0175826479662628   0.0049623770304652   0
0.133031671867341   0.0375443183381321   -0.0126295200965444   -0.00352187333108045   0
0.172521282142233   0.0339510197418649   0.0394896102748917   -0.00359329859626718   0
0.240247599224238   0.0473913828673789   0.0677263170820047   0.0134403631255141   0
0.232621320518993   0.0649997617757558   -0.00762627870524499   0.0176083789083768   0
0.204972106278513   0.0835036804548308   -0.0276492142404799   0.0185039186790751   0
0.170334736917665   0.0909048061075156   -0.0346373693608484   0.00740112565268476   0
0.176917026714379   0.0653187787489172   0.00658228979671471   -0.0255860273585984   0
0.235345715053408   0.0689167834944435   0.0584286883390289   0.0035980047455263   0
0.202139505509042   0.084567576777761   -0.0332062095443663   0.0156507932833175   0
0.227408753054934   0.0896472718896816   0.0252692475458922   0.00507969511192065   0
0.18378534924471   0.102601347170066   -0.0436234038102242   0.0129540752803848   0
0.154638628368852   0.0940079570598282   -0.0291467208758577   -0.00859339011023826   0
0.191529590390101   0.062730314479843   0.0368909620212491   -0.0312776425799852   0
0.152034845297649   0.0999235872452665   -0.0394947450924525   0.0371932727654235   0
0.19294151326047   0.125034379760768   0.0409066679628209   0.0251107925155017   0
0.156742407142547   0.115193528903045   -0.0361991061179226   -0.00984085085772357   0
0.129968935159137   0.116342125610262   -0.0267734719834099   0.00114859670721755   0
0.138352909311659   0.101206881386531   0.00838397415252135   -0.0151352442237311   0
0.171740017892453   0.102774284859492   0.0333871085807943   0.0015674034729609   0
0.212415291973624   0.147284114875451   0.0406752740811714   0.0445098300159589   0
0.189734298856691   0.151532986876662   -0.0226809931169335   0.00424887200121077   0
0.159589875878014   0.172645273884374   -0.0301444229786764   0.0211122870077126   0
0.131313487575534   0.167719993680804   -0.02827638830248   -0.00492528020356986   0
0.163496422271437   0.143129495253468   0.0321829346959026   -0.0245904984273364   0
0.152342263025892   0.166017433778753   -0.0111541592455451   0.0228879385252846   0
0.202663461681404   0.192062877392305   0.0503211986555124   0.0260454436135527   0
0.182366868062403   0.187998620555118   -0.0202965936190009   -0.00406425683718697   0
0.145229891261958   0.192326984176241   -0.0371369768004458   0.0043283636211231   0
0.160613074403985   0.175621655310919   0.0153831831420274   -0.0167053288653221   0
0.14958672621075   0.185212775642307   -0.0110263481932345   0.00959112033138718   0
0.216423309490822   0.209600522160971   0.0668365832800713   0.0243877465186642   0
0.191412052218445   0.22208088667136   -0.0250112572723762   0.0124803645103892   0
0.17179629595032   0.221245692694779   -0.0196157562681253   -0.000835193976581022   0
0.160827130531512   0.209074691579427   -0.0109691654188082   -0.0121710011153519   0
0.180415630328417   0.190473012204804   0.019588499796905   -0.0186016793746226   0
0.209701949457557   0.218708635793863   0.0292863191291395   0.0282356235890584   0
0.235863364533982   0.225603051809546   0.0261614150764253   0.00689441601568366   0
0.229383235260208   0.230941097118486   -0.0064801292737737   0.0053380453089393   0
0.226846816897681   0.244456375172918   -0.00253641836252716   0.0135152780544324   0
0.207291257408821   0.227772323727662   -0.0195555594888601   -0.0166840514452558   0
0.214215254765878   0.210804651855005   0.00692399735705715   -0.0169676718726577   0
0.249924092784446   0.260039428385889   0.0357088380185681   0.0492347765308846   0
0.245804615483294   0.292871865357975   -0.00411947730115211   0.032832436972086   0
0.230532210827663   0.288190692932733   -0.0152724046556311   -0.00468117242524185   0
0.206366356331767   0.269569464062721   -0.0241658544958955   -0.0186212288700127   0
0.195240017501843   0.240060775338049   -0.0111263388299243   -0.0295086887246722   0
0.214119128828813   0.251772029376304   0.0188791113269703   0.0117112540382555   0
0.244233272468945   0.301203624333378   0.0301141436401318   0.0494315949570736   0
0.221204845901373   0.305136127355534   -0.0230284265675726   0.00393250302215609   0
0.206801408360195   0.308608966319046   -0.0144034375411779   0.00347283896351214   0
0.17236208670906   0.270823916991502   -0.0344393216511344   -0.0377850493275439   0
0.172635338747488   0.288681464259593   0.000273252038427957   0.0178575472680907   0
0.253361850484322   0.327870818273055   0.0807265117368339   0.0391893540134621   0
0.205128667707758   0.327242845407065   -0.0482331827765637   -0.000627972865989423   0
0.195962291044093   0.321254034531603   -0.00916637666366499   -0.00598881087546216   0
0.194949478768859   0.309077547542482   -0.001012812275234   -0.0121764869891215   0
0.160194864461259   0.277568912229468   -0.0347546143076002   -0.0315086353130138   0
0.172262191725782   0.265523758294192   0.0120673272645225   -0.0120451539352758   0
0.248054014373906   0.34804960520479   0.0757918226481243   0.0825258469105977   0
0.237754336768459   0.340806207459698   -0.0102996776054466   -0.00724339774509203   0
0.237066377354529   0.326455467394808   -0.000687959413930295   -0.0143507400648898   0
0.195928289171472   0.290718299763345   -0.041138088183057   -0.0357371676314631   0
0.202838147625761   0.250803272031392   0.00690985845428885   -0.0399150277319527   0
0.200676816489639   0.279023279248793   -0.00216133113612235   0.028220007217401   0
0.258748350826455   0.340904184977979   0.0580715343368159   0.0618809057291857   0
0.217206473590476   0.30267946099174   -0.0415418772359789   -0.0382247239862392   0
0.217009889567757   0.318001794827859   -0.000196584022718854   0.0153223338361198   0
0.198474443486939   0.286639650691421   -0.0185354460808181   -0.0313621441364381   0
0.190247763943469   0.297325741733288   -0.00822667954346937   0.0106860910418669   0
0.24024765289274   0.325727299937386   0.0499998889492705   0.0284015582040981   0
0.233277993353188   0.361380407867527   -0.00696965953955189   0.0356531079301405   0
0.215136573980925   0.330766771215384   -0.018141419372263   -0.0306136366521431   0
0.191660174924396   0.314520477324212   -0.0234763990565291   -0.016246293891172   0
0.203356151889954   0.298138967294197   0.0116959769655581   -0.0163815100300151   0
0.231661891188516   0.324013920701719   0.0283057392985624   0.0258749534075227   0
0.290903630540923   0.383327941157764   0.0592417393524069   0.0593140204560445   0
0.247639188248246   0.378887971553928   -0.0432644422926777   -0.00443996960383602   0
0.234113312648299   0.380679027855817   -0.013525875599947   0.00179105630188936   0
0.194672869668529   0.326840584677378   -0.0394404429797698   -0.0538384431784396   0
0.199179166563624   0.322159565897864   0.00450629689509552   -0.00468101877951388   0
0.238919870473513   0.396693189593986   0.0397407039098884   0.0745336236961222   0
0.23597459658406   0.407030099866398   -0.00294527388945245   0.0103369102724122   0
0.21889284029351   0.390235862101691   -0.0170817562905504   -0.0167942377647071   0
0.199852534461112   0.381586019610585   -0.0190403058323977   -0.00864984249110567   0
0.191022832948106   0.333352105457578   -0.00882970151300616   -0.0482339141530077   0
0.190793691218814   0.33723823211233   -0.000229141729292337   0.00388612665475269   0
0.265651971462457   0.393966124993952   0.0748582802436433   0.0567278928816214   0
0.220450784078533   0.393437283024245   -0.0452011873839238   -0.000528841969706595   0
0.189747945354251   0.386268266789106   -0.0307028387242816   -0.00716901623513921   0
0.174722327648329   0.368069490295651   -0.0150256177059226   -0.0181987764934554   0
0.185758266108241   0.353022764775163   0.0110359384599119   -0.0150467255204876   0
0.180735475373929   0.339170425546656   -0.005022790734312   -0.0138523392285065   0
0.261757926723605   0.409264215918641   0.081022451349676   0.0700937903719845   0
0.247881549112555   0.420055269059112   -0.0138763776110498   0.0107910531404706   0
0.20655772597056   0.408755381474972   -0.0413238231419946   -0.0112998875841394   0
0.195583159767936   0.360277012517799   -0.0109745662026243   -0.0484783689571736   0
0.196964989120224   0.360466638154629   0.00138182935228803   0.00018962563683006   0
0.265616403004878   0.429097828687701   0.0686514138846543   0.0686311905330727   0
0.255056245635918   0.437818352983289   -0.0105601573689599   0.00872052429558789   0
0.221172331246564   0.429048088111639   -0.0338839143893541   -0.00877026487165061   0
0.186059243575671   0.387659013714643   -0.0351130876708933   -0.0413890743969954   0
0.200005660465423   0.381423584525856   0.0139464168897518   -0.00623542918878778   0
0.270192622194537   0.438208783349615   0.0701869617291146   0.0567851988237597   0
0.251651285480524   0.469423500277468   -0.0185413367140138   0.0312147169278527   0
0.213813013681675   0.447659463991604   -0.0378382717988489   -0.0217640362858641   0
0.202113120731123   0.442884489017452   -0.0116998929505515   -0.0047749749741513   0
0.220744962382655   0.365529092613447   0.0186318416515323   -0.0773553964040054   0
0.199515474478272   0.4330040885896   -0.0212294879043835   0.0674749959761528   0
0.247760773375629   0.448697005980929   0.0482452988973574   0.0156929173913293   0
0.23365969215269   0.445777746822116   -0.0141010812229392   -0.00291925915881319   0
0.198332077262958   0.44057718459773   -0.0353276148897321   -0.00520056222438564   0
0.18673462147363   0.386042588289816   -0.0115974557893278   -0.0545345963079148   0
0.17439522372568   0.391856089853788   -0.0123393977479503   0.00581350156397248   0
0.254836635821245   0.450030205577637   0.0804414120955653   0.0581741157238488   0
0.21045110524749   0.433651494401786   -0.0443855305737555   -0.0163787111758504   0
0.203226533066945   0.415224422374398   -0.00722457218054495   -0.0184270720273883   0
0.176706633279123   0.410956125604854   -0.0265198997878217   -0.0042682967695441   0
0.180286065840957   0.389591721074964   0.00357943256183424   -0.02136440452989   0
0.241100496748244   0.436855346525383   0.0608144309072866   0.0472636254504191   0
0.220365413140826   0.460999141967629   -0.0207350836074184   0.0241437954422457   0
0.195606279258336   0.446158213626234   -0.02475913388249   -0.0148409283413945   0
0.185852052711209   0.422998790868038   -0.00975422654712665   -0.0231594227581958   0
0.210231073691046   0.397571648237459   0.0243790209798369   -0.0254271426305793   0
0.200642456597526   0.439669602658064   -0.00958861709352021   0.0420979544206048   0
0.256502532791101   0.481436245890097   0.0558600761935756   0.0417666432320329   0
0.208989576106944   0.438122049669381   -0.0475129566841576   -0.0433141962207155   0
0.192505463618952   0.444494163579793   -0.0164841124879918   0.0063721139104117   0
0.174561747132784   0.435920615673313   -0.0179437164861679   -0.00857354790648035   0
0.199599305859314   0.382687412355371   0.0250375587265301   -0.0532332033179415   0
0.222554220595432   0.461172654528919   0.0229549147361175   0.078485242173548   0
0.258421888136067   0.481962158369306   0.0358676675406356   0.0207895038403866   0
0.226933222492455   0.466791152142744   -0.0314886656436123   -0.0151710062265624   0
0.202539262515321   0.463947240554893   -0.0243939599771341   -0.00284391158785025   0
0.171431530243185   0.424657972910874   -0.0311077322721359   -0.0392892676440195   0
0.156506234071905   0.442156644598894   -0.0149252961712796   0.0174986716880199   0
0.25232702598471   0.482573952475939   0.0958207919128045   0.0404173078770453   0
0.204764862987989   0.482510234704045   -0.0475621629967205   -6.37177718941229e-05   0
0.193142204652841   0.475961940929629   -0.0116226583351481   -0.00654829377441568   0
0.152309272089981   0.448597499100555   -0.0408329325628598   -0.0273644418290742   0
0.186761735103018   0.410309760472804   0.0344524630130369   -0.0382877386277509   0
0.2292732098117   0.476493823703582   0.0425114747086821   0.0661840632307775   0
0.231509963383523   0.489597168969401   0.00223675357182224   0.0131033452658197   0
0.195257051460095   0.484553241061805   -0.0362529119234281   -0.00504392790759606   0
0.188821068377869   0.480465031918932   -0.00643598308222521   -0.00408820914287372   0
0.170050312926241   0.439878008707951   -0.0187707554516283   -0.0405870232109802   0
0.176727057904668   0.466931491688623   0.0066767449784273   0.0270534829806716   0
0.260203937303589   0.514775835820807   0.0834768793989205   0.0478443441321838   0
0.239000184868652   0.486450445754714   -0.0212037524349365   -0.0283253900660926   0
0.227528243185522   0.485141378638818   -0.0114719416831305   -0.00130906711589646   0
0.171126958049791   0.43479228464683   -0.0564012851357309   -0.0503490939919878   0
0.168895706153785   0.430135569501303   -0.00223125189600623   -0.00465671514552723   0
0.2510714927952   0.487504509384528   0.082175786641415   0.0573689398832259   0
0.211277736066179   0.462774171808335   -0.0397937567290207   -0.0247303375761939   0
0.199457476285648   0.4430266161865   -0.0118202597805306   -0.0197475556218351   0
0.183673017368393   0.403867030798504   -0.0157844589172554   -0.0391595853879953   0
0.189825697161791   0.415581214376625   0.00615267979339801   0.0117141835781203   0
0.249593910903471   0.462622175403925   0.0597682137416804   0.0470409610273004   0
0.203015476383846   0.463588652870462   -0.0465784345196253   0.000966477466537441   0
0.184975752232259   0.482344169408743   -0.0180397241515873   0.0187555165382804   0
0.17029937490082   0.431483336644676   -0.014676377331439   -0.0508608327640673   0
0.198219162176138   0.418307317702025   0.0279197872753179   -0.0131760189426511   0
0.223193102756873   0.468532103060316   0.0249739405807351   0.0502247853582913   0
0.242066666575553   0.49009864683438   0.0188735638186803   0.0215665437740639   0
0.203294247356289   0.468153625737684   -0.0387724192192641   -0.0219450210966952   0
0.177807962537958   0.459881089574047   -0.0254862848183307   -0.00827253616363771   0
0.173331252934086   0.472159571492107   -0.00447670960387261   0.0122784819180601   0
0.236606306996327   0.416110879544731   0.063275054062241   -0.0560486919473754   0
0.220270325965256   0.444137741227879   -0.016335981031071   0.0280268616831476   0
0.257433059345532   0.477471935506237   0.0371627333802759   0.0333341942783582   0
0.213091139520159   0.464062926771006   -0.0443419198253723   -0.0134090087352308   0
0.181216394387373   0.464561543610545   -0.0318747451327861   0.000498616839538724   0
0.243901355187399   0.419623491012479   0.0626849608000263   -0.0449380525980662   0
0.259927625768713   0.416281323905964   0.0160262705813133   -0.00334216710651453   0
0.292508630958131   0.474933367299827   0.032581005189418   0.0586520433938626   0
0.250963486806348   0.456653856072707   -0.0415451441517829   -0.0182795112271202   0
0.206456487190134   0.461151374842968   -0.0445069996162139   0.00449751877026167   0
0.205137325548058   0.416782894497366   -0.00131916164207588   -0.0443684803456025   0
0.32049706068231   0.414447741800109   0.115359735134251   -0.00233515269725676   0
0.285515037993465   0.436303934482434   -0.0349820226888441   0.0218561926823252   0
0.293014002535715   0.480308999241957   0.00749896454224963   0.0440050647595222   0
0.237260317293053   0.479837263039054   -0.0557536852426625   -0.000471736202902973   0
0.226933585352631   0.449791402742216   -0.0103267319404213   -0.0300458602968381   0
0.316717470113744   0.417090271676061   0.0897838847611122   -0.032701131066155   0
0.341870812612016   0.400102880786245   0.0251533424982723   -0.0169873908898151   0
0.318328653741695   0.440481612693109   -0.0235421588703207   0.040378731906864   0
0.274170738850812   0.45898224176738   -0.0441579148908833   0.0185006290742709   0
0.256310905320082   0.439160779499402   -0.0178598335307298   -0.0198214622679783   0
0.247596392827117   0.4375921346972   -0.00871451249296504   -0.00156864480220198   0
0.33321994421877   0.405059592283842   0.0856235513916528   -0.0325325424133577   0
0.302467678369177   0.408104077410778   -0.0307522658495925   0.00304448512693595   0
0.322571731131232   0.436591537329885   0.020104052762055   0.0284874599191069   0
0.270236566816928   0.422646313199122   -0.0523351643143042   -0.0139452241307635   0
0.240509348261663   0.42011300019615   -0.0297272185552648   -0.00253331300297199   0
0.26267661944231   0.429283855047636   0.0221672711806465   0.00917085485148667   0
0.309098688872357   0.410589855175222   0.0464220694300471   -0.018693999872414   0
0.296660274641618   0.459309542286302   -0.0124384142307391   0.04871968711108   0
0.293284559419687   0.467516676572943   -0.00337571522193053   0.00820713428664099   0
0.269490305752341   0.479988327886972   -0.0237942536673466   0.0124716513140284   0
0.250724448556139   0.47186628515317   -0.0187658571962016   -0.00812204273380196   0
0.279095686789119   0.465561379012509   0.0283712382329799   -0.0063049061406607   0
0.380556260601504   0.437213254722825   0.101460573812385   -0.0283481242896837   0
0.332826666825241   0.453915485858501   -0.0477295937762632   0.0167022311356759   0
0.28505898143144   0.4544040599738   -0.0477676853938012   0.000488574115298457   0
0.284633375871155   0.480018993238989   -0.000425605560285314   0.0256149332651892   0
0.284641575547494   0.506481989761405   8.19967633985952e-06   0.0264629965224166   0
0.255738492700845   0.49669243139258   -0.0289030828466498   -0.00978955836882572   0
0.315241656946667   0.475992386257396   0.0595031642458222   -0.0207000451351838   0
0.326919671684682   0.478570835617404   0.0116780147380147   0.00257844936000767   0
0.303415696648509   0.511611723856503   -0.0235039750361726   0.0330408882390993   0
0.271007182683412   0.574900862912618   -0.0324085139650974   0.0632891390561149   0
0.276752424775665   0.544925293725592   0.00574524209225324   -0.029975569187026   0
0.297846142307568   0.50271785443554   0.0210937175319031   -0.042207439290052   0
0.301918780884462   0.476768259458065   0.00407263857689444   -0.025949594977475   0
0.27215986961536   0.529138603804478   -0.0297589112691019   0.0523703443464134   0
0.28702629973647   0.551001388899711   0.0148664301211097   0.0218627850952325   0
0.284101711721419   0.551479713642079   -0.00292458801505163   0.000478324742368863   0
0.285802905092863   0.578359298706167   0.00170119337144448   0.0268795850640879   0
0.411868653247914   0.534904036838936   0.126065748155051   -0.0434552618672314   0
0.360549595326038   0.533717647188904   -0.0513190579218753   -0.00118638965003159   0
0.341701038459879   0.580332106131285   -0.0188485568661588   0.0466144589423801   0
0.341953350989123   0.591888275837079   0.000252312529243126   0.0115561697057942   0
0.290196467160439   0.594182970667613   -0.0517568838286831   0.00229469483053468   0
0.280032972953472   0.588243002286802   -0.0101634942069674   -0.0059399683808119   0
0.382506511041629   0.579924070537808   0.102473538088157   -0.00831893174899401   0
0.35419015721756   0.580057068887312   -0.0283163538240691   0.000132998349504532   0
0.334079396413921   0.611904590550798   -0.0201107608036388   0.031847521663486   0
0.302849882876137   0.621307827551601   -0.0312295135377842   0.00940323700080292   0
0.275599645897468   0.621891007525636   -0.0272502369786687   0.000583179974034453   0
0.313935279695115   0.602212318302584   0.0383356337976463   -0.0196786892230517   0
0.392315988449821   0.573988535189208   0.0783807087547061   -0.0282237831133759   0
0.367690396339992   0.63848880466713   -0.0246255921098294   0.0645002694779216   0
0.363856554344758   0.635346880921605   -0.00383384199523329   -0.00314192374552424   0
0.347726860322136   0.647165388606197   -0.0161296940226226   0.0118185076845917   0
0.317255108020801   0.641785401967239   -0.0304717523013348   -0.00537998663895844   0
0.364232309207462   0.628647095099391   0.0469772011866609   -0.0131383068678474   0
0.447047594167288   0.605268380860086   0.082815284959826   -0.0233787142393052   0
0.379223645033653   0.619737349645888   -0.0678239491336348   0.0144689687858024   0
0.373180797285257   0.610441061715625   -0.00604284774839603   -0.00929628793026294   0
0.347783329313008   0.630561287169185   -0.0253974679722491   0.0201202254535601   0
0.337386827347749   0.627068811937964   -0.0103965019652585   -0.00349247523122131   0
0.483284626138883   0.659140757248801   0.145897798791134   0.0320719453108367   0
0.487002376818317   0.651039573515814   0.00371775067943397   -0.00810118373298718   0
0.437544698737226   0.659101699767881   -0.0494576780810909   0.00806212625206726   0
0.420880418117118   0.669111877368779   -0.0166642806201082   0.0100101776008985   0
0.41431098314177   0.686101151224666   -0.00656943497534795   0.016989273855887   0
0.400077129238151   0.67584899106941   -0.0142338539036192   -0.010252160155256   0
0.517694401520018   0.68464830915449   0.117617272281868   0.00879931808508005   0
0.634483326676288   0.670637979178215   0.11678892515627   -0.0140103299762755   0
0.542258786327359   0.6829631587961   -0.0922245403489298   0.0123251796178848   0
0.490104064760842   0.687697230822729   -0.0521547215665162   0.00473407202662923   0
0.499258269426937   0.674954088175673   0.00915420466609446   -0.0127431426470559   0
0.530095772258278   0.702537007406287   0.030837502831341   0.0275829192306134   0
0.64293506574431   0.685082097315534   0.112839293486032   -0.0174549100907528   0
0.578379616628716   0.702971987810816   -0.0645554491155943   0.0178898904952822   0
0.543300163065041   0.712742938494764   -0.0350794535636747   0.00977095068394807   0
0.496046681774861   0.704775286028534   -0.0472534812901801   -0.00796765246622977   0
0.485663790849308   0.698618351892369   -0.0103828909255533   -0.00615693413616514   0
0.621099393345252   0.68915611910116   0.135435602495944   -0.00946223279120895   0
0.5655412983785   0.689658516112097   -0.0555580949667516   0.000502397010937239   0
0.537558047887528   0.73134799613528   -0.0279832504909723   0.041689480023183   0
0.510059198913126   0.746278282507789   -0.027498848974402   0.0149302863725088   0
0.488237685977578   0.752083411352626   -0.0218215129355482   0.00580512884483642   0
0.458394243728865   0.746323586059628   -0.0298434422487132   -0.00575982529299779   0
0.545956504042117   0.725076993639255   0.0875622603132522   -0.021246592420373   0
0.62284260383458   0.69133610664242   0.0768860997924634   -0.0337408869968345   0
0.552689529518418   0.73718069755807   -0.0701530743161627   0.0458445909156495   0
0.535538231870421   0.751674034666871   -0.0171512976479971   0.0144933371088007   0
0.528150072206553   0.742167021366183   -0.00738815966386719   -0.00950701330068748   0
0.461675911247576   0.723849881018157   -0.0664741609589771   -0.018317140348026   0
0.47878102317546   0.708614782544453   0.0171051119278833   -0.0152350984737041   0
0.658512178861743   0.679218741997377   0.179731155686283   -0.0293960405470757   0
0.597715076268124   0.683838139580917   -0.0607971025936186   0.00461939758353991   0
0.53114065340242   0.713353370153033   -0.0665744228657039   0.0295152305721157   0
0.512321173850594   0.698745310007273   -0.0188194795518268   -0.01460806014576   0
0.464973647739062   0.698553805018738   -0.0473475261115312   -0.000191504988534819   0
0.506231358830449   0.710771465414589   0.0412577110913864   0.012217660395851   0
0.665769798665154   0.673980946300378   0.159538439834706   -0.0367905191142115   0
0.589436192255786   0.698002474932505   -0.076333606409368   0.0240215286321276   0
0.581619962925655   0.735985575075195   -0.00781622933013137   0.0379831001426895   0
0.537326084104624   0.750335407024762   -0.0442938788210303   0.0143498319495672   0
0.543111985166595   0.763474945060679   0.00578590106197086   0.0131395380359174   0
0.606634110252012   0.739578302561299   0.0635221250854164   -0.0238966424993802   0
0.558637779614268   0.718551422005031   -0.0479963306377433   -0.021026880556268   0
0.500359028566339   0.753214085413604   -0.0582787510479298   0.0346626634085733   0
0.488266164044284   0.779320780657877   -0.0120928645220543   0.0261066952442724   0
0.488429294189742   0.784693841261165   0.000163130145458046   0.00537306060328824   0
0.628819817850583   0.773717732128455   0.14039052366084   -0.0109761091327097   0
0.625976093858192   0.755752993950704   -0.00284372399239075   -0.0179647381777516   0
0.572544247889419   0.785283435344519   -0.0534318459687735   0.0295304413938158   0
0.547026819258307   0.787548281088525   -0.0255174286311119   0.00226484574400521   0
0.554340909932198   0.802879698544061   0.00731409067389155   0.0153314174555363   0
0.565093801716306   0.79573941038647   0.0107528917841081   -0.00714028815759116   0
0.60638844006559   0.770459472615147   0.041294638349284   -0.0252799377713232   0
0.701074339322774   0.753216687471276   0.0946858992571836   -0.0172427851438702   0
0.608667844963591   0.767515563857309   -0.0924064943591826   0.0142988763860323   0
0.589677140607854   0.794930541311132   -0.0189907043557374   0.0274149774538237   0
0.572791050405903   0.810150609292842   -0.0168860902019508   0.0152200679817092   0
0.550052273519207   0.821209664243395   -0.0227387768866965   0.0110590549505538   0
0.543800649232465   0.790760693815312   -0.0062516242867422   -0.0304489704280839   0
0.747284092235993   0.73989859288579   0.203483443003528   -0.0508621009295213   0
0.793634049428954   0.720145654069142   0.0463499571929614   -0.0197529388166482   0
0.746546746123865   0.772791136157798   -0.0470873033050896   0.0526454820886557   0
0.688261349861694   0.792675282608965   -0.0582853962621703   0.0198841464511672   0
0.636968693481124   0.791489205822924   -0.0512926563805706   -0.00118607678604132   0
0.686978470443705   0.792319911491061   0.0500097769625811   0.000830705668137144   0
0.750357597842449   0.763554768470475   0.0633791273987437   -0.0287651430205863   0
0.649274419027155   0.765367648533605   -0.101083178815293   0.00181288006313052   0
0.61547350497045   0.807408293433093   -0.0338009140567056   0.0420406448994882   0
0.605480639869666   0.829133888828945   -0.00999286510078368   0.0217255953958521   0
0.621002874113397   0.804235146908665   0.0155222342437313   -0.02489874192028   0
0.740226938734089   0.795741429843979   0.119224064620691   -0.00849371706468638   0
0.72561203669226   0.798169722108476   -0.0146149020418282   0.00242829226449737   0
0.696820810486785   0.836149903305795   -0.0287912262054753   0.0379801811973185   0
0.682906698683678   0.835022579866828   -0.0139141118031069   -0.00112732343896715   0
0.66040505700082   0.843536937558589   -0.0225016416828581   0.00851435769176112   0
0.662451831317931   0.835016401860371   0.00204677431711064   -0.0085205356982182   0
0.758672816651552   0.805213532103735   0.0962209853336217   -0.0298028697566357   0
0.74800573552416   0.797295457093368   -0.010667081127392   -0.00791807501036701   0
0.70112718041933   0.821017539260429   -0.0468785551048302   0.0237220821670611   0
0.613131670285233   0.8134213903978   -0.087995510134097   -0.00759614886262916   0
0.568371547768051   0.802773265941855   -0.044760122517182   -0.0106481244559448   0
0.554030343181332   0.800340071436942   -0.0143412045867195   -0.00243319450491275   0
0.628623912516299   0.815404174928184   0.0745935693349676   0.0150641034912415   0
0.730003587787409   0.813858317121876   0.10137967527111   -0.00154585780630756   0
0.671796652634746   0.826815905162092   -0.0582069351526632   0.012957588040216   0
0.638867450061818   0.837387682909011   -0.032929202572928   0.0105717777469188   0
0.604898547101289   0.84905349039206   -0.0339689029605297   0.0116658074830491   0
0.618816557867653   0.836572372969273   0.013918010766364   -0.0124811174227873   0
0.709044603652612   0.807949718981152   0.0902280457849595   -0.0286226539881207   0
0.654564329668498   0.812395626810607   -0.0544802739841141   0.00444590782945531   0
0.619274059058792   0.852619510011289   -0.0352902706097058   0.0402238832006813   0
0.588958063795861   0.848658841432916   -0.0303159952629308   -0.00396066857837218   0
0.553751577314458   0.865777411093781   -0.0352064864814036   0.0171185696608644   0
0.604565221504951   0.864121662375443   0.0508136441904927   -0.00165574871833774   0
0.727210300840197   0.805769294332125   0.122645079335247   -0.0583523680433186   0
0.653355879457099   0.829820730264375   -0.0738544213830976   0.02405143593225   0
0.629780709570053   0.87043846700876   -0.0235751698870469   0.0406177367443854   0
0.607790686311521   0.866006329389433   -0.0219900232585312   -0.0044321376193267   0
0.598511294482732   0.876150925063234   -0.00927939182878934   0.0101445956738002   0
0.68863851834893   0.852468160880399   0.090127223866198   -0.0236827641828343   0
0.70798935082006   0.829016068189158   0.0193508324711299   -0.0234520926912416   0
0.634370396121328   0.857740014711074   -0.0736189546987325   0.0287239465219159   0
0.611660610567462   0.870112127205454   -0.0227097855538658   0.0123721124943803   0
0.606233422734181   0.878590244542904   -0.00542718783328089   0.00847811733745008   0
