0.253577326219242   0   0   0
0.180396488277211   0.03886423597251   -0.073180837942031   0
0.297959863990874   -0.0431846567278665   0.117563375713663   0
0.214333657255044   -0.0165983881968775   -0.0836262067358302   0
0.169886029894382   0.00397606794104077   -0.0444476273606612   0
0.163103256936589   0.00945529692414171   -0.0067827729577932   0
0.166733029231088   -0.0191291897986368   0.00362977229449926   0
0.15403510450515   0.00148407312117674   -0.0126979247259384   0
0.132539488669704   -0.00538670075080461   -0.0214956158354456   0
0.121063800551214   -0.0141835474052452   -0.0114756881184901   0
0.105061094896765   0.0229102556280907   -0.0160027056544496   0
0.0929402678396404   -0.00845718565565549   -0.0121208270571244   0
0.0721155991888197   -0.0249559521151499   -0.0208246686508207   0
0.0650986618410279   0.0216256398483321   -0.00701693734779185   0
0.0541435968801309   -0.000208255508211276   -0.010955064960897   0
0.0240609508167799   0.0096016623476138   -0.0300826460633511   0
0.0476801814918421   -0.0209454732169629   0.0236192306750622   0
0.0476672689442399   0.0134247218883056   -1.29125476021411e-05   0
0.0218881833181291   0.00662569950816573   -0.0257790856261108   0
0.0233319990887751   -0.0103139423987968   0.00144381577064595   0
0.0253069057619654   -0.0155968224310336   0.00197490667319039   0
0.0388363916599496   0.00680634775628513   0.0135294858979841   0
0.0375923998318144   0.0115391041852299   -0.00124399182813515   0
0.0391942404047776   0.014228562307526   0.00160184057296317   0
0.0435257309292733   -0.00547076992635741   0.00433149052449572   0
0.0533865759964057   -0.0111009536338407   0.00986084506713238   0
0.0568590804237546   0.00539783579856734   0.00347250442734896   0
0.0631351632536893   0.00701271656983702   0.00627608282993466   0
0.0654699592866455   -0.0182452712279273   0.00233479603295624   0
0.0641963386892119   -0.000767292152250444   -0.00127362059743369   0
0.0611578445188759   0.022094947962219   -0.00303849417033595   0
0.0655043704355862   0.00194257227521942   0.00434652591671027   0
0.0615209188571863   -0.0143489739381612   -0.00398345157839989   0
0.0549277902044357   -0.00656750357559049   -0.00659312865275061   0
0.0557349167383876   0.00677932861410935   0.00080712653395193   0
0.062142899831457   0.00947618130630193   0.00640798309306941   0
0.0530764598298294   -0.0217682675969283   -0.00906644000162757   0
0.0646966180088457   0.0186131348523976   0.0116201581790163   0
0.0637006140036735   0.00141053168109179   -0.00099600400517226   0
0.0668969610575286   0.0027786361652853   0.00319634705385514   0
0.0749886005135614   -0.00588450007526958   0.00809163945603276   0
0.0741654730197617   -0.00858433129979227   -0.000823127493799689   0
0.0694423646513603   0.00729738999334627   -0.00472310836840134   0
0.0669796136776893   0.00307675593843865   -0.00246275097367106   0
0.0591867949341612   -0.00464333026517588   -0.00779281874352807   0
0.0572680719302868   -0.00187159783493542   -0.00191872300387445   0
0.0545550542771703   0.00294574537984315   -0.00271301765311644   0
0.0509949505901175   -0.0130689980238197   -0.00356010368705283   0
0.0453879158226614   0.00738606564499644   -0.00560703476745606   0
0.0446699274080843   0.00917921443014472   -0.000717988414577091   0
0.05767225711581   -0.00665063782942767   0.0130023297077257   0
0.0621678692404527   -0.026365546817842   0.00449561212464267   0
0.0521324068785674   0.0309068511836748   -0.0100354623618853   0
0.0548051408707771   -0.0067722787106921   0.00267273399220969   0
0.060290953051598   0.00381591185755546   0.00548581218082097   0
0.0470621639581363   0.00376272461411976   -0.0132287890934618   0
0.03617727550998   0.0239252839924405   -0.0108848884481562   0
0.0531241844136983   -0.00987187044753959   0.0169469089037183   0
0.0366764508620446   0.010922730326564   -0.0164477335516537   0
0.0580890127180046   0.0135111893453948   0.02141256185596   0
0.063135685036297   0.00561382602373432   0.00504667231829243   0
0.0478987720235342   -0.0142697854169285   -0.0152369130127629   0
0.0722926180720729   0.00964637772404872   0.0243938460485387   0
0.0489641203052871   0.000952940434645902   -0.0233284977667858   0
0.055210276362498   -0.00875018773838364   0.00624615605721089   0
0.0693113081580986   0.00250897450177044   0.0141010317956006   0
0.0613476680946798   0.00272645302442182   -0.00796364006341871   0
0.0564513330447342   -0.0083039474557684   -0.00489633504994563   0
0.0534808321753458   -0.00591075896218962   -0.00297050086938843   0
0.0577528957636974   0.0233373526589785   0.00427206358835164   0
0.0432894989330625   0.0058272708265706   -0.0144633968306349   0
0.0574690667811171   -0.0205653807456643   0.0141795678480546   0
0.0603688537294274   -0.00440322129495917   0.00289978694831027   0
0.0748540567325673   0.017358144755332   0.0144852030031399   0
0.0692970691606434   -0.00530865252678366   -0.00555698757192383   0
0.0725821882717275   0.0124908411619086   0.00328511911108408   0
0.0865424852358801   0.00321511777139992   0.0139602969641526   0
0.0853793159651419   -0.00478192857225211   -0.00116316927073824   0
0.0879170093557164   -0.000838982826151816   0.00253769339057455   0
0.0820705549507288   0.0059089996892874   -0.00584645440498757   0
0.0900009737611558   0.00999801723682098   0.00793041881042693   0
0.0829819937418655   -0.0149038007101316   -0.00701898001929029   0
0.084125887478177   0.00150646410600364   0.00114389373631155   0
0.100633815130095   0.00707933746052926   0.0165079276519179   0
0.0932901962185905   0.0022763598505247   -0.0073436189115044   0
0.090329569061019   -0.0204254116465929   -0.00296062715757155   0
0.0946721102922884   -0.00332835691816281   0.00434254123126944   0
0.0994833407914135   0.0279765739857389   0.0048112304991251   0
0.100514042526487   0.0241325464866074   0.00103070173507329   0
0.100153499505843   -0.0115944091234536   -0.000360543020643797   0
0.103118453884113   -0.00190268670363369   0.00296495437827025   0
0.110875959810307   -0.00488469558598828   0.00775750592619412   0
0.122304079493398   0.0301853868374732   0.0114281196830902   0
0.106140725467563   0.00144009173185347   -0.0161633540258345   0
0.101544017701367   0.0192021308114587   -0.00459670776619654   0
0.115009355778427   0.0048490405647173   0.0134653380770609   0
0.101234867830864   -0.0236496528926931   -0.0137744879475635   0
0.0958397196275114   0.0158721481050406   -0.00539514820335255   0
0.127666456324302   0.00420411943947235   0.0318267366967909   0
0.108878431045008   0.0031926315592494   -0.0187880252792947   0
0.116444396232945   0.00132575610985317   0.00756596518793688   0
0.127179896830474   -0.0147112724188027   0.0107355005975294   0
0.143019214984743   0.01791047181639   0.0158393181542686   0
0.134431324850332   -0.00717764695349424   -0.00858789013441011   0
0.133678983887946   0.0132612652804471   -0.000752340962386966   0
0.144973675810339   -0.0041571014906554   0.0112946919223933   0
0.135924743692974   -0.0080519934215865   -0.00904893211736502   0
0.131008162395167   -0.000248040459358473   -0.00491658129780667   0
0.12156658526936   -0.00283319411272023   -0.00944157712580743   0
0.150255203888445   0.0224546745203728   0.0286886186190855   0
0.136996709517295   -0.0106921420295986   -0.0132584943711498   0
0.128291202975977   -0.00743063272853561   -0.00870550654131882   0
0.144398376977706   -0.00399730999862918   0.0161071740017291   0
0.13994804024551   -0.000685431486536214   -0.00445033673219519   0
0.142317351167347   -0.0131000785064291   0.00236931092183662   0
0.157742376575548   0.0109120355549742   0.0154250254082012   0
0.141478373931103   -0.000348057885140668   -0.0162640026444457   0
0.134898902046084   -0.0184196560175437   -0.00657947188501887   0
0.135657902417156   0.0132342181083235   0.000759000371071794   0
0.146552295798471   -0.00327333067229027   0.0108943933813153   0
0.141432066165845   -0.00635171102354973   -0.00512022963262571   0
0.13936138135026   -0.00170289051215267   -0.00207068481558548   0
0.148460759015   0.0148257766444489   0.00909937766474064   0
0.158400132592976   0.00178857299029087   0.00993937357797606   0
0.173028404945467   -0.0113127287293207   0.0146282723524906   0
0.171135870200668   -0.00681224290149413   -0.00189253474479864   0
0.167710739596604   0.0145655218148906   -0.00342513060406407   0
0.168288350067592   -0.0062581850504943   0.000577610470988088   0
0.168816424986581   -0.00600236972311696   0.000528074918988847   0
0.164012315734406   0.00295697527505331   -0.00480410925217514   0
0.15094241257719   -0.00868939872615804   -0.0130699031572165   0
0.153376912624717   0.0143680527241506   0.00243450004752724   0
0.155555716614988   0.00975719885310863   0.00217880399027143   0
0.149096246109485   -0.0194866582346899   -0.00645947050550358   0
0.172797527584229   0.00356228311071352   0.0237012814747448   0
0.169215726497192   0.00837154154858089   -0.00358180108703735   0
0.167546041526867   -0.00873273565290045   -0.00166968497032546   0
0.191948228247391   0.018204827806849   0.0244021867205244   0
0.174103962756193   -0.0104280952195809   -0.0178442654911975   0
0.177726563945777   -0.0237305800685591   0.00362260118958396   0
0.197269679468513   0.0204744947820192   0.0195431155227359   0
0.182164213667126   -0.013923432579024   -0.0151054658013869   0
0.192843260252906   0.00316110241346176   0.0106790465857795   0
0.212069140089553   0.0124558349108433   0.0192258798366473   0
0.214963104291533   0.00397787321832208   0.0028939642019799   0
0.218055955904797   -0.00134404250065212   0.00309285161326445   0
0.220263456193799   -0.00536936016946526   0.00220750028900152   0
0.208371230159286   0.00157229446488213   -0.0118922260345128   0
0.204795360180553   -0.0180444010674935   -0.00357586997873305   0
0.216382465868714   0.0155299966533139   0.0115871056881604   0
0.205138330515051   0.00924445821367609   -0.0112441353536631   0
0.213616116358095   -0.0100357111983632   0.00847778584304404   0
0.235587780958662   0.0188549549287901   0.0219716646005675   0
0.228083853258483   -0.00600505050819264   -0.0075039277001786   0
0.236956628642722   0.0184617775955436   0.00887277538423886   0
0.250841088549509   0.00410435480204777   0.0138844599067865   0
0.23426871795522   -0.00119486008918168   -0.0165723705942887   0
0.229867068611752   -0.00454480678049543   -0.0044016493434679   0
0.259571811390875   0.0258278529541829   0.0297047427791227   0
0.350835505961344   0.0592812857706168   0.0912636945704694   0
0.330861084685964   -0.0173386453991913   -0.0199744212753806   0
0.338104198150008   0.0122714911624476   0.00724311346404444   0
0.359096854518958   0.0188751531780816   0.0209926563689503   0
0.339274597302557   -0.0112181014208076   -0.0198222572164011   0
0.362280200128989   0.00172621110532034   0.0230056028264312   0
0.348105027841455   -0.00551440879867071   -0.0141751722875339   0
0.332368728320129   -0.0156756847300372   -0.0157362995213252   0
0.342199300976069   -0.0201468078330043   0.00983057265593912   0
0.32531782137436   0.0235018827666334   -0.0168814796017085   0
0.30143873851413   -0.0214007650623398   -0.0238790828602301   0
0.305171718551314   0.00789958764210497   0.0037329800371842   0
0.333064948330277   0.0128182760337552   0.0278932297789627   0
0.317400962507303   0.00485112620272848   -0.0156639858229737   0
0.321323845032628   -0.00705770398520161   0.00392288252532513   0
0.333556969361772   0.0073689498060886   0.0122331243291435   0
0.326875757290614   -0.00173986934339593   -0.00668121207115763   0
0.324091255150232   -0.00832172613924564   -0.00278450214038256   0
0.326662385851972   0.00691716852007757   0.0025711307017402   0
0.304389131979778   -0.0141222984771238   -0.0222732538721941   0
0.295341397093838   -0.00309766093396932   -0.0090477348859398   0
0.305587402258507   -0.000539547411666674   0.0102460051646691   0
0.310614742421255   0.0183627276400609   0.00502734016274792   0
0.304405346413056   -0.0189489694027915   -0.00620939600819903   0
0.311882406069034   -0.00705369142436416   0.00747705965597839   0
0.315921458198652   0.00949805273525853   0.00403905212961753   0
0.307038709616149   -0.00173034438992556   -0.0088827485825026   0
0.308821815895595   0.0119738195950579   0.00178310627944539   0
0.316862347411695   0.0135667213818017   0.00804053151610096   0
0.304437616045587   -0.00967514586687784   -0.0124247313661089   0
0.313384165082132   0.0129251814027192   0.00894654903654546   0
0.302185166203096   0.00638255827777817   -0.0111989988790365   0
0.301338690297562   -0.0215904996209644   -0.000846475905533495   0
0.301247860298559   -0.00289182772559582   -9.0829999003228e-05   0
0.320768120962012   0.0120062562549065   0.0195202606634532   0
0.30044457030509   -0.0153631762064647   -0.0203235506569223   0
0.287933441184282   0.00300375718353613   -0.0125111291208075   0
0.300562901493851   0.00431189770413237   0.012629460309569   0
0.297854154561158   -0.00708904979157304   -0.00270874693269268   0
0.299052091927598   -0.0036253815603432   0.00119793736643947   0
0.327107809440103   0.000538813153290463   0.0280557175125047   0
0.317233860808009   -0.0102855325736452   -0.00987394863209401   0
0.319204481887743   -0.0056163307933558   0.00197062107973445   0
0.32957825127692   0.0168714978878569   0.0103737693891767   0
0.307359597878369   -0.0121642374369653   -0.0222186533985511   0
0.309977123456312   0.00915478244991721   0.00261752557794376   0
0.326852577858601   0.024631284661997   0.016875454402288   0
0.31991310693359   -0.00771470791944012   -0.00693947092501063   0
0.344363986752117   -0.0203770132566636   0.0244508798185276   0
0.362240184267155   0.0158710793766534   0.0178761975150378   0
0.349222635104603   0.0034044946113726   -0.0130175491625525   0
0.340387586628321   -0.0128706629703678   -0.00883504847628203   0
0.356494478736561   0.00363444569622118   0.0161068921082405   0
0.336459106939317   0.0187561770190916   -0.0200353717972446   0
0.338631820534342   0.0103057867024657   0.00217271359502491   0
0.378264137239314   -0.0141429497128769   0.0396323167049724   0
0.361452994108847   0.00775167730549597   -0.0168111431304672   0
0.351167125473759   -0.00569400524670027   -0.0102858686350882   0
0.365579006887827   2.60399711347614e-05   0.0144118814140687   0
0.35670898309558   0.0144608821802947   -0.00887002379224688   0
0.353352805243513   -0.0197180396827239   -0.00335617785206738   0
0.369542875137653   -0.0204060323009664   0.01619006989414   0
0.352275189578109   0.0067635827758076   -0.0172676855595436   0
0.347263206688025   -0.0187857430376761   -0.00501198289008431   0
0.342736656276448   0.010150422721141   -0.00452655041157718   0
0.334684178489871   -0.00299185888261161   -0.00805247778657658   0
0.341487883572247   -0.00422438773312489   0.00680370508237571   0
0.326915465761625   0.0257097478912248   -0.0145724178106223   0
0.323801311108143   -0.00934655205129825   -0.00311415465348158   0
0.339114111958368   -0.00302960548574666   0.0153128008502248   0
0.329000326779401   0.00551802253204892   -0.0101137851789672   0
0.338524457945536   -0.0162991424502345   0.00952413116613565   0
0.364762455941521   0.0135828151966966   0.0262379979959845   0
0.346207298717026   -0.00914109222219828   -0.0185551572244951   0
0.366504336014681   -0.011877247019152   0.0202970372976555   0
0.349364031560048   0.00111639545506176   -0.0171403044546337   0
0.336946430965016   -0.00653333293770683   -0.0124176005950314   0
0.352028611445963   -0.00562449440089655   0.0150821804809464   0
0.392204351990056   0.0426255635511124   0.0401757405440936   0
0.410426553730798   0.0261204676959238   0.0182222017407421   0
0.410292200742763   -0.0197753806951493   -0.000134352988035158   0
0.424447244197309   -0.00282935757571101   0.0141550434545458   0
0.422753659493649   0.0209716952983909   -0.00169358470365966   0
0.408603398571586   -0.00182516437344188   -0.0141502609220638   0
0.44875573354784   0.0114819216554184   0.0401523349762545   0
0.407922314974092   -0.0148185971156857   -0.0408334185737478   0
0.42073404717508   0.00934652778440093   0.0128117322009877   0
0.437994200662452   0.00545113784876594   0.0172601534873716   0
0.427168835446036   0.0150147101512473   -0.0108253652164159   0
0.448524073673535   -0.00803890253999306   0.021355238227499   0
0.440349765468681   -0.0052277282482539   -0.00817430820485365   0
0.471012233349042   0.0029801469311288   0.030662467880361   0
0.513922369078563   -0.0148967730594261   0.0429101357295207   0
0.542327521892733   0.064508140353009   0.02840515281417   0
0.573793374340137   0.022179837563412   0.0314658524474037   0
0.570134059879464   -0.00936539937033698   -0.0036593144606728   0
0.53827633507952   -0.0287996369137919   -0.0318577247999435   0
0.55657109396308   0.0113044684776074   0.0182947588835601   0
0.554075684668938   0.0102235902532809   -0.00249540929414227   0
0.555448804812325   -0.0168510269000834   0.00137312014338653   0
0.57860640053703   0.00221935242822496   0.0231575957247057   0
