0.0790225446834636   0   0   0
0.0854288854995926   -0.0274158867185445   0.00640634081612898   0
0.070857765162754   0.0265434864945198   -0.0145711203368386   0
0.0563923819284352   0.00396389262992124   -0.0144653832343189   0
0.0617139090841967   -0.00761193291677725   0.00532152715576158   0
0.0574324091555021   0.00792200944384069   -0.00428149992869464   0
0.0620859331330375   -0.00782014671861631   0.00465352397753538   0
0.0667501159946558   -0.0156884748665352   0.0046641828616183   0
0.063711814279241   0.0191904364715643   -0.00303830171541475   0
0.0513535685629589   0.00661059221504433   -0.0123582457162821   0
0.0469597384330516   -0.00211676464891079   -0.00439383012990732   0
0.0499680240689098   0.00499421674435607   0.00300828563585818   0
0.0520155212944956   -0.00945930121917973   0.0020474972255858   0
0.0545983086206947   -0.000234980659268011   0.00258278732619911   0
0.0473233045707728   0.0242771361735518   -0.0072750040499219   0
0.048321345162212   -0.0283515336541505   0.000998040591439167   0
0.0330093686391549   0.0345182227971783   -0.015311976523057   0
0.0426218022850102   -0.0196632738304564   0.00961243364585528   0
0.0495285355063182   -0.0184884622994789   0.00690673322130802   0
0.0201092994433079   0.0262318274777713   -0.0294192360630103   0
0.0601990712461164   -0.0179745274855946   0.0400897718028085   0
0.0441079787531973   -0.0027063944693365   -0.0160910924929192   0
0.0281004513298385   0.0282625025110817   -0.0160075274233587   0
0.0357541368734882   -0.0247306795653687   0.00765368554364961   0
0.0284223576271942   0.0094763477263952   -0.00733177924629394   0
0.0353244731698209   -0.00614040572494651   0.00690211554262673   0
0.0454615774014992   0.0141011529007931   0.0101371042316782   0
0.0423912674664547   -0.0107340120981105   -0.00307030993504448   0
0.0443945195461106   0.0214201989706347   0.00200325207965595   0
0.0386928324911543   -0.0207173113553428   -0.00570168705495636   0
0.0445735336754334   0.00398176394068385   0.00588070118427916   0
0.0479993244631891   0.0148860095636963   0.00342579078775561   0
0.0415610873303349   -0.0324965325778806   -0.00643823713285415   0
0.0420409188096847   0.0405430676108299   0.000479831479349789   0
0.0419577889778477   -0.0337896254833525   -8.31298318369686e-05   0
0.0454060119751228   0.0110541818934032   0.00344822299727512   0
0.0508441303791057   0.0340278731525515   0.00543811840398285   0
0.0608466998518613   -0.0461089103818581   0.0100025694727556   0
0.0485602079227427   0.0329302174253061   -0.0122864919291186   0
0.068060749016592   -0.0445812769008309   0.0195005410938493   0
0.0702417155775683   0.0286442257726238   0.00218096656097631   0
0.0650051044399015   0.00919185636964923   -0.0052366111376668   0
0.0654543786486626   -0.0226866179903438   0.000449274208761133   0
0.0688323619677728   0.0373971665923899   0.00337798331911021   0
0.0643330313294228   -0.0436961311896906   -0.00449933063834999   0
0.0697810362490054   0.0240605224852374   0.00544800491958254   0
0.0657350034720142   0.0162589605301481   -0.00404603277699113   0
0.0770320875837628   -0.044389263586591   0.0112970841117485   0
0.0472875684437319   0.0444536296269076   -0.0297445191400309   0
0.0721741975179886   -0.0425765080346635   0.0248866290742567   0
0.0688690025853874   0.0328663692902677   -0.00330519493260116   0
0.0664405791979963   -0.00952448182350149   -0.00242842338739108   0
0.0705393824140262   -0.0149269467614187   0.00409880321602984   0
0.0600038576765278   0.027272183932777   -0.0105355247374984   0
0.0675105469983811   0.0103039290957686   0.00750668932185335   0
0.0644868658440779   -0.0232089890921546   -0.00302368115430321   0
0.0588062353522314   0.034606723883284   -0.00568063049184653   0
0.0825426525061438   -0.0256151199545863   0.0237364171539124   0
0.0742950833937886   0.00506739003303169   -0.0082475691123552   0
0.0844149357403801   0.0222653412632701   0.0101198523465915   0
0.0680105841023263   -0.0414636253443076   -0.0164043516380538   0
0.0703153523946229   0.0232409685303699   0.0023047682922966   0
0.0779314157180788   0.010600406815755   0.00761606332345592   0
0.0743884931823164   -0.0329144722963537   -0.00354292253576245   0
0.0775151137409867   0.0405913406947305   0.00312662055867029   0
0.0793956429744481   -0.0110247465488147   0.00188052923346142   0
0.082770034926672   -0.00973909830543472   0.0033743919522239   0
0.0876422835016546   0.0365527016251449   0.00487224857498263   0
0.0830654458659923   -0.0543331817742091   -0.00457683763566229   0
0.0818679690090392   0.0427061229869322   -0.00119747685695314   0
0.0875276700687733   -0.0362577416913737   0.00565970105973407   0
0.0775856219430669   0.0163417362861352   -0.00994204812570637   0
0.0915948637119053   0.0246432765726085   0.0140092417688384   0
0.0862657538359371   -0.0380507107252368   -0.00532910987596812   0
0.0828394014830051   0.0546301553244652   -0.00342635235293208   0
0.0858884607114076   -0.038069400495429   0.0030490592284025   0
0.0837151232279001   0.0303802832469736   -0.00217333748350745   0
0.088699751054273   0.0202333003259645   0.00498462782637288   0
0.084498151405297   -0.0345027347984617   -0.00420159964897596   0
0.0836119592978331   0.0220605851081165   -0.000886192107463921   0
0.0899355770424169   -0.000123846581372877   0.00632361774458376   0
0.0950368786786214   -0.028944333842559   0.00510130163620452   0
0.0971018278237465   0.0370486195693191   0.00206494914512508   0
0.0993422348118488   -0.0438276455260285   0.00224040698810232   0
0.0932880975255686   0.0408053767464111   -0.00605413728628018   0
0.0854330916018641   -0.0106775272646389   -0.00785500592370453   0
0.0998105741904133   -0.0232425968400555   0.0143774825885492   0
0.0970604562676917   0.0372107243633689   -0.00275011792272158   0
0.0932545255951152   -0.040776323602917   -0.00380593067257648   0
0.0883197842877376   0.0214605867054572   -0.00493474130737766   0
0.101637575886492   0.0117360350167913   0.0133177915987548   0
0.0950366036385586   -0.0292988134096483   -0.00660097224793374   0
0.0877130087463655   0.0496903532756014   -0.0073235948921931   0
0.0869391027689641   -0.0253511904425443   -0.000773905977401443   0
0.0945884802418614   -0.0137011164294989   0.00764937747289725   0
0.0982638660309068   0.0268700201922414   0.00367538578904544   0
0.0978246987516573   -0.0313751059768843   -0.000439167279249489   0
0.0882471332659877   0.0470919665173301   -0.00957756548566957   0
0.107614126475349   -0.0076910674609616   0.0193669932093617   0
0.0979176093677996   -0.0218277883160984   -0.00969651710754982   0
0.0930274553710086   0.0324557110334648   -0.00489015399679099   0
0.0977837491494624   -0.0634453309760992   0.00475629377845382   0
0.0937942896862197   0.0287988658397956   -0.00398945946324274   0
0.102103638544679   0.0133827690133707   0.00830934885845948   0
0.0991502811303755   -0.0337774026921586   -0.00295335741430366   0
0.0991275444446321   0.0595310479730482   -2.27366857434713e-05   0
0.110607364541313   -0.0435631130453476   0.0114798200966814   0
0.101570899659548   0.0310469059683226   -0.00903646488176528   0
0.105043491808929   -0.00316461769272916   0.00347259214938066   0
0.116049783712745   -0.026819915042755   0.0110062919038166   0
0.101592834318039   0.0346314233849745   -0.0144569493947066   0
0.110378962441038   0.000624993863184875   0.00878612812299877   0
0.111992495441279   -0.0292294241086794   0.00161353300024182   0
0.100905916487315   0.0439055809073175   -0.0110865789539644   0
0.116614851460792   -0.012446883230688   0.0157089349734766   0
0.116290450204187   -0.0175609005728307   -0.000324401256604628   0
0.110495446548998   0.047075087157879   -0.00579500365518891   0
0.120178131145781   -0.0625107632329932   0.00968268459678273   0
0.116113361266049   0.0569862036336619   -0.00406476987973185   0
0.10692864547765   -0.0653395282324936   -0.00918471578839879   0
0.0996293641175381   0.0458517530365855   -0.00729928136011206   0
0.106497650337378   -0.00107373293833568   0.00686828621984019   0
0.118810924222996   -0.0277061619332019   0.0123132738856177   0
0.115650663546745   0.0210421526100265   -0.00316026067625064   0
0.111919177365365   0.000714072693303563   -0.0037314861813805   0
0.118377698837503   -0.0475487583673446   0.00645852147213788   0
0.110491149062945   0.0793917000699755   -0.00788654977455745   0
0.123127055677763   -0.0562151255513955   0.0126359066148179   0
0.114756700299176   0.0615224865154546   -0.00837035537858676   0
0.126053174723814   -0.0194865506556191   0.011296474424638   0
0.125599816411938   -0.0260232817212042   -0.000453358311876595   0
0.114016128056308   0.0341298495010513   -0.0115836883556296   0
0.121390939684249   -0.0507645508930164   0.00737481162794075   0
0.105464295776841   0.0405634193003232   -0.0159266439074081   0
0.118056129256183   0.0128129523449715   0.0125918334793416   0
0.11352324063368   -0.0291639977993124   -0.00453288862250227   0
0.11498486344739   0.0306840618811163   0.00146162281370997   0
0.120979151207191   -0.00375472755417894   0.00599428775980115   0
0.120997098200339   -0.00471434734164897   1.79469931476106e-05   0
0.120570786540407   0.0285864799790005   -0.000426311659931622   0
0.129183112927503   -0.0458928407417325   0.00861232638709554   0
0.121684033538258   0.0589990831960966   -0.00749907938924459   0
0.122344205370064   -0.0344093031791298   0.000660171831805986   0
0.117537779333125   0.00894640864654689   -0.00480642603693893   0
0.120408802423131   0.0239039634999075   0.00287102309000513   0
0.119968906887045   -0.0400012135863478   -0.000439895536085491   0
0.118723794253185   0.0500050861264973   -0.00124511263386057   0
0.11717031415205   -0.0242994656770319   -0.00155348010113492   0
0.114559132376385   -0.00892149070738082   -0.00261118177566509   0
0.119224442212241   0.0472071472126991   0.00466530983585649   0
0.118233586675752   -0.0475023251614232   -0.00099085553648931   0
0.114023224125132   0.0105405667509701   -0.00421036255062009   0
0.111519917629363   0.0177514842608475   -0.00250330649576823   0
0.131377554246378   -0.0485168407279089   0.0198576366170146   0
0.116263077135865   0.0528813377761698   -0.0151144771105134   0
0.124259683839943   -0.00909360742374649   0.00799660670407804   0
0.126128375302517   -0.0149410939267873   0.00186869146257407   0
0.124764887838286   0.0227476629837636   -0.00136348746423105   0
0.137004277011057   -0.0549882494329783   0.0122393891727716   0
0.124246361027607   0.0694622950793742   -0.01275791598345   0
0.138613059718376   -0.0519321019721773   0.0143666986907686   0
0.122797621821434   0.0327045078610896   -0.0158154378969414   0
0.128336291663309   -0.00448328959842814   0.005538669841875   0
0.126605320791861   -0.0341013887407478   -0.00173097087144844   0
0.129696461564107   0.0417541819091954   0.00309114077224656   0
0.136024633407786   -0.0408038084787696   0.00632817184367829   0
0.126308642096701   0.0291016750098261   -0.00971599131108478   0
0.12295038157453   0.0120998176206821   -0.00335826052217106   0
0.122740354026915   -0.0344460015551727   -0.000210027547614608   0
0.131046108181434   0.0541081988945287   0.00830575415451833   0
0.136512316978735   -0.0554492516925045   0.00546620879730098   0
0.129721523136342   0.115290042556415   -0.00679079384239262   0
0.141387932304175   -0.0769144168088922   0.0116664091678331   0
0.149667509618629   0.0169838370911343   0.00827957731445422   0
0.159797774420649   0.0188511618183486   0.0101302648020193   0
0.156562151847765   -0.0341806539809019   -0.00323562257288398   0
0.16052888167312   0.038307123886114   0.0039667298253552   0
0.161559672034391   -0.0314461487230133   0.00103079036127127   0
0.163399483129813   0.0217112798146101   0.00183981109542181   0
0.164949134789152   -0.0151727148418824   0.00154965165933962   0
0.166056179927495   0.0101182497472   0.00110704513834223   0
0.171054926205035   0.0160316046419863   0.00499874627754038   0
0.163426140438617   -0.05184709699583   -0.00762878576641832   0
0.153512544698031   0.07579005460132   -0.00991359574058567   0
0.169918916952211   -0.0750468014984091   0.0164063722541802   0
