0.0085145   0   0   0
0.00912162394532903   0.0359260485236204   0.000607123945329033   0
0.014881198703684   0.0363014701516481   0.00575957475835492   0
0.0339392843081287   0.0350527057328671   0.0190580856044448   0
0.0874509248187233   0.0775383981337028   0.0535116405105946   0
0.0511147208044806   -0.0872675488648324   -0.0363362040142427   0
0.0320976190897004   0.00874615870684935   -0.0190171017147802   0
0.0445904988512688   0.0203249608609129   0.0124928797615683   0
0.0853817783156629   0.026139505697096   0.0407912794643941   0
0.0981527521573007   0.0156422283336903   0.0127709738416378   0
0.0652869219447509   -0.0659354297522439   -0.0328658302125498   0
0.0633052598988623   0.0176899863684991   -0.00198166204588865   0
0.046600802693355   0.00755949526602143   -0.0167044572055073   0
0.060411700747289   0.0285652305800676   0.013810898053934   0
0.0850401049777251   0.0143372953110208   0.0246284042304361   0
0.0667645562507533   -0.0570726415811755   -0.0182755487269718   0
0.0575986852816538   0.00853845545351561   -0.00916587096909952   0
0.054921436889934   0.0174858943975607   -0.00267724839171981   0
0.0832487762817719   0.00582551477320042   0.0283273393918379   0
0.0924711403661164   0.0251982119070739   0.00922236408434454   0
0.0875608340916902   -0.0649675895118874   -0.00491030627442617   0
0.0726808265012513   -0.0115137815742082   -0.0148800075904389   0
0.0468949271646198   0.0217663199068338   -0.0257858993366315   0
0.0561554805332926   0.00685183520415544   0.00926055336867272   0
0.0967746972253724   0.0449692193539891   0.0406192166920798   0
0.0842041858549354   -0.0215671315577642   -0.012570511370437   0
0.062045024924586   -0.076378322732402   -0.0221591609303494   0
0.0447283933005088   0.0255204082240544   -0.0173166316240772   0
0.0472804537014505   0.0167624245261529   0.00255206040094166   0
0.0782000215782739   0.045463863406542   0.0309195678768234   0
0.0835578459543447   -0.0279195112456999   0.00535782437607085   0
0.0604331129246417   -0.0702454747320801   -0.023124733029703   0
0.0308657904582889   0.040438596062802   -0.0295673224663528   0
0.0553493526594033   0.0407498336759238   0.0244835622011144   0
0.0805422088503289   0.0372651101969418   0.0251928561909256   0
0.0810926763297556   -0.0556709433763999   0.000550467479426664   0
0.066638486853413   -0.0409141891723968   -0.0144541894763426   0
0.0561947402035101   0.0188809152300638   -0.0104437466499029   0
0.0885036551065124   0.0585327945584172   0.0323089149030023   0
0.0967460233422671   0.0198595175454699   0.00824236823575474   0
0.0866302659529278   -0.053170995695635   -0.0101157573893393   0
0.0665234909152399   -0.0242596846553203   -0.0201067750376879   0
0.0725562509506109   0.0231160939607478   0.00603276003537104   0
0.0975605841767694   0.057537594734237   0.0250043332261585   0
0.109546928793668   -0.0231097163408761   0.0119863446168988   0
0.089454956201068   -0.0598169189145032   -0.0200919725926001   0
0.0638415938375797   0.0290226402238838   -0.0256133623634883   0
0.0759520043950125   0.0394761228479992   0.0121104105574328   0
0.114920380444832   0.0640102834632023   0.0389683760498198   0
0.108518007600882   -0.03450935066618   -0.0064023728439507   0
0.0706377117696348   -0.065892523924986   -0.0378802958312468   0
0.0789215106451657   0.0316648690181645   0.00828379887553089   0
0.118782451352525   0.0546440196572491   0.0398609407073595   0
0.113238130831282   -0.0262541586926761   -0.00554432052124333   0
0.0784259127408952   -0.0630542837412088   -0.0348122180903866   0
0.066234664861102   0.00530430992558803   -0.0121912478797932   0
0.105256588301992   0.0692408673893287   0.0390219234408898   0
0.125278088522584   -0.00031695639946433   0.0200215002205926   0
0.102399177377995   -0.0528556445020265   -0.0228789111445898   0
0.100298440092867   -0.0137095420195093   -0.00210073728512726   0
0.104233183348802   0.0589827641677884   0.00393474325593478   0
0.129037808169747   0.0281334008983671   0.0248046248209452   0
0.118077848297998   -0.0380889973053543   -0.0109599598717494   0
0.099549734398817   -0.0748866410516319   -0.0185281138991809   0
0.0662954012469472   0.00975649075475167   -0.0332543331518698   0
0.105955600716739   0.0833122818177499   0.0396601994697917   0
0.118674725503278   0.00167860493602923   0.0127191247865391   0
0.118306526286495   -0.104712162470318   -0.000368199216783438   0
0.0736419617376703   -0.0253470481672861   -0.0446645645488242   0
0.0960478527412899   0.0700752325219652   0.0224058910036195   0
0.129118186941083   0.0493375238209813   0.0330703341997933   0
0.123424752638012   -0.0646012868355376   -0.00569343430307136   0
0.0881849467246111   -0.0763139776922531   -0.0352398059134007   0
0.0929983302999172   0.0880013185033795   0.0048133835753061   0
0.126617867257439   0.0415322938812605   0.033619536957522   0
0.13810873697627   -0.0224892242387153   0.0114908697188311   0
0.114556135788508   -0.0642397475788365   -0.0235526011877627   0
0.0986272395583492   0.0318444312537351   -0.0159288962301584   0
0.129309831057435   0.0598332668860282   0.0306825914990863   0
0.151003110651735   -0.00611352626589753   0.0216932795942991   0
0.136040551422995   -0.079636956055949   -0.0149625592287398   0
0.109505340049025   -0.0353729163357716   -0.0265352113739703   0
0.107165850051742   0.0231044008199311   -0.00233948999728233   0
0.1469493800679   0.0742314835976454   0.0397835300161573   0
0.150266234193755   0.00299078416183413   0.00331685412585569   0
0.124726002382833   -0.0670602392721223   -0.0255402318109221   0
0.126884001577908   -0.0251096348899498   0.00215799919507459   0
0.113369026707309   0.0322467349836763   -0.0135149748705989   0
0.142265120775271   0.0832004151673045   0.0288960940679624   0
0.152414523112497   -0.0151853362124747   0.0101494023372262   0
0.141754527416949   -0.0889567387945088   -0.0106599956955485   0
0.117773558639493   0.00563489594749082   -0.0239809687774562   0
0.147926555666833   0.0789629723596698   0.0301529970273399   0
0.173933176990827   0.0406857606496198   0.0260066213239949   0
0.146121782582791   -0.0431605485006627   -0.0278113944080362   0
0.124564608763976   -0.00110989499331562   -0.0215571738188148   0
0.14574008711638   0.0341616768968673   0.0211754783524035   0
0.157867662354969   0.0371137320445476   0.0121275752385891   0
0.148434777708932   0.00573706023526152   -0.00943288464603723   0
0.147891290473577   0.00142316026524769   -0.000543487235354551   0
0.140547491526921   -0.0174643019653811   -0.00734379894665599   0
0.148440144312581   0.0265076473876476   0.00789265278566015   0
0.170887669654813   0.00391286833055471   0.0224475253422316   0
0.181196772916214   -0.046737909242317   0.0103091032614009   0
0.155952734112847   -0.0240145206184689   -0.0252440388033665   0
0.144290012068308   0.0275547615597907   -0.0116627220445394   0
0.201646332248327   0.0699690428439635   0.0573563201800185   0
0.221531009996733   -0.0139273635099569   0.0198846777484062   0
0.173882097955511   -0.0349310313595132   -0.0476489120412215   0
0.159653532921488   0.0417759101788044   -0.0142285650340237   0
0.186006746643159   0.0650775285956903   0.0263532137216719   0
0.217332862701686   0.00693505118148946   0.0313261160585268   0
0.179014385104389   -0.0369661594410258   -0.0383184775972973   0
0.166108261833428   -0.0360240195813867   -0.0129061232709615   0
0.170648497881493   0.0070305461703985   0.00454023604806569   0
0.188763025143061   0.06238401801988   0.0181145272615681   0
0.191760570187643   0.000118584345987494   0.00299754504458177   0
0.176129854756484   -0.0235920418069074   -0.0156307154311595   0
0.154965761846738   -0.0200866165503736   -0.0211640929097453   0
0.185120791540956   0.0823892573214489   0.0301550296942175   0
0.214990262552842   0.0313852348889206   0.0298694710118863   0
0.204912823895456   -0.0362639582786035   -0.0100774386573865   0
0.171033803266688   -0.00856188982972483   -0.033879020628768   0
0.190616655903086   0.0475056831736224   0.0195828526363986   0
0.21832108961757   0.0361878190493891   0.0277044337144834   0
0.205001027428504   -0.0296864498721545   -0.0133200621890661   0
0.176376571687972   -0.048326516974119   -0.0286244557405311   0
0.19048744809097   0.0513955114801945   0.0141108764029975   0
0.232631381438645   0.0269525361368099   0.0421439333476753   0
0.233852359760817   -0.0457358246698334   0.00122097832217152   0
0.196805096534776   -0.0337973930975137   -0.0370472632260408   0
0.190320966643011   -0.00223362618554701   -0.00648412989176531   0
0.190923095515714   0.026156806957261   0.000602128872703445   0
0.207162339063167   -0.00263667201489948   0.0162392435474527   0
0.196407925884497   -0.0433963346690802   -0.01075441317867   0
0.186674962809887   -0.0449868346858612   -0.00973296307461033   0
0.185140466979271   0.0363453444092485   -0.00153449583061563   0
0.198970636897609   0.0150663483113355   0.0138301699183377   0
0.190760074994881   -0.0418645425208383   -0.00821056190272793   0
0.174221427788899   -0.0630884708119406   -0.0165386472059818   0
0.170766631524253   0.0297235619642009   -0.00345479626464587   0
0.186502830708116   0.0545382633053067   0.0157361991838625   0
0.188712592054195   -0.0286673017687225   0.00220976134607917   0
0.173784043445192   -0.0743649356220158   -0.0149285486090026   0
0.16468725028964   -0.002961795507229   -0.00909679315555215   0
0.176996727489917   0.0811886780032749   0.0123094772002773   0
0.188276791909173   -0.00216596220371662   0.0112800644192557   0
0.173678238680419   -0.0948608721020165   -0.0145985532287542   0
0.168147846157124   -0.0159291990241989   -0.00553039252329426   0
0.152382839479631   0.0310663527514827   -0.0157650066774934   0
0.175605579625364   0.0631930705388428   0.0232227401457328   0
0.181516140455968   -0.0276026503066877   0.00591056083060396   0
0.167639358407162   -0.0606681588681462   -0.0138767820488055   0
0.170462051493654   0.039851223071882   0.00282269308649136   0
0.184870850560222   0.0356794176288441   0.0144087990665686   0
0.167013692719834   -0.0476150178569946   -0.0178571578403886   0
0.167232529316069   -0.0211327807385986   0.000218836596235839   0
0.168188467340362   0.025764652776739   0.000955938024292502   0
0.176921699096811   0.0467139172618003   0.00873323175644897   0
0.172569149535309   -0.0216378925198341   -0.00435254956150144   0
0.167164717304623   -0.0481314648719076   -0.00540443223068623   0
0.167339919951771   -0.0109593082148194   0.000175202647147404   0
0.170277997808473   0.0627204518098662   0.00293807785670283   0
0.174188000968471   0.02599046927465   0.00391000315999765   0
0.170480926918072   -0.070511653317762   -0.00370707405039916   0
0.168358917876319   -0.0214984731773128   -0.00212200904175333   0
0.163945451554991   0.0227306972185856   -0.00441346632132733   0
0.181679940601763   0.0840943127335973   0.0177344890467714   0
0.172489489269991   -0.0355044484736572   -0.00919045133177118   0
0.15366627669174   -0.0568803299498211   -0.0188232125782511   0
0.170639306977877   0.0195847123818337   0.0169730302861362   0
0.189902820138077   0.0826059550448097   0.0192635131602009   0
0.190733881862767   0.0204252751656003   0.000831061724689636   0
0.191128894612173   -0.0430238567132957   0.000395012749406148   0
0.181031000769937   0.0183986265367187   -0.010097893842236   0
0.192555285908002   0.0250220832335115   0.0115242851380651   0
0.2034718102324   0.043657657733835   0.0109165243243982   0
0.198914070204957   -0.0168535527549731   -0.00455774002744366   0
0.200310049285863   -0.0125837466860826   0.00139597908090652   0
0.185524165752073   -0.0207385030431589   -0.0147858835337908   0
0.192600370065091   0.0246476561864703   0.00707620431301842   0
0.207299508386682   0.0108896981499276   0.0146991383215909   0
0.18456646787011   -0.0398211971315333   -0.0227330405165722   0
0.173943454328016   -0.0353403321442946   -0.0106230135420939   0
0.164557690231648   -0.0233810606117239   -0.00938576409636779   0
0.204183062443515   0.0834901741005142   0.0396253722118674   0
0.214998545440429   0.0108585108208359   0.0108154829969131   0
0.172880210286523   -0.0459851056986275   -0.0421183351539053   0
0.183235482692634   0.0065878123105374   0.0103552724061106   0
0.177588899259469   0.0200424334444504   -0.00564658343316432   0
0.232948125848331   0.0698612455165244   0.0553592265888618   0
0.23011220445185   -0.0103732897106628   -0.00283592139648134   0
0.22314722673968   0.0160685482272764   -0.00696497771217033   0
0.214440494970936   0.0210554856138098   -0.0087067317687437   0
0.229033594186426   0.0399102097718994   0.0145930992154902   0
0.230902428580911   0.0553268343258047   0.00186883439448449   0
0.227715104188962   0.00619011266928982   -0.00318732439194819   0
0.213478985171351   -0.0615908996125459   -0.0142361190176111   0
0.202988000679504   -0.0128742394251256   -0.0104909844918468   0
0.228153305134092   0.0674991836993661   0.0251653044545874   0
0.22845438666874   0.00681750279752191   0.000301081534647835   0
0.226194886062638   -0.0343076102915111   -0.00225950060610114   0
0.222035540409233   0.00364912531963779   -0.00415934565340578   0
0.232760826753607   0.00387545204157969   0.010725286344374   0
0.235119854850462   0.00486887533906966   0.00235902809685573   0
0.240606265166501   -0.018951562313835   0.00548641031603841   0
0.237274863671128   -0.0380666294812037   -0.00333140149537262   0
0.193067768568474   -0.152905638497758   -0.0442070951026537   0
0.214501164364346   0.102946254157618   0.0214333957958711   0
0.249211474990163   0.0998748919560201   0.0347103106258172   0
0.24794177443291   -0.0416382916212371   -0.00126970055725281   0
0.229666817516206   -0.0198660010021506   -0.0182749569167035   0
0.216153093207922   0.0535909195160166   -0.0135137243082847   0
0.200101616001096   0.116430444595266   -0.016051477206826   0
0.202512996128547   -0.023232825750266   0.00241138012745157   0
0.191744283862362   -0.0408956537994578   -0.0107687122661855   0
0.201024578900815   -0.114913458310904   0.00928029503845315   0
0.224824159649825   0.105567888134454   0.02379958074901   0
0.219187141592413   0.0562925047704677   -0.00563701805741199   0
0.235548532844625   -0.015305504034972   0.0163613912522117   0
0.219696969017099   -0.0772173064113022   -0.0158515638275255   0
0.180055935077055   -0.109240347690371   -0.0396410339400446   0
0.183706176412288   0.01297884232649   0.00365024133523292   0
0.228360827271453   0.175014822004298   0.0446546508591657   0
0.240160553929684   -0.0134626110178439   0.0117997266582304   0
0.312868368399556   -0.126944202749674   0.0727078144698719   0
0.345396768601401   -0.116160912951395   0.0325284002018459   0
0.344278560196885   0.0752267493107203   -0.00111820840451665   0
0.350543596199531   0.0796586102678867   0.00626503600264644   0
0.379195413200766   -0.0195551541458569   0.0286518170012353   0
0.373417192426246   -0.047754097840968   -0.0057782207745205   0
0.364824547245279   -0.0575312039226837   -0.00859264518096742   0
0.380001611698016   0.0468079643087695   0.0151770644527378   0
0.440284658929311   0.104938322462806   0.0602830472312949   0
0.445711463994926   -0.0167990529681807   0.00542680506561444   0
0.438965725389238   -0.0601584866900352   -0.00674573860568767   0
0.40896470220858   -0.0411522492161139   -0.030001023180658   0
0.416649842950288   0.0652423424847935   0.00768514074170829   0
0.440915162990852   0.0633385508750705   0.024265320040564   0
0.449962759809354   -0.0212401216069499   0.0090475968185012   0
0.434199478517651   -0.0510953510483847   -0.0157632812917027   0
0.436387969784629   0.0032355700053216   0.00218849126697773   0
0.472686443327392   0.16823412022795   0.0362984735427636   0
0.509509784202669   0.0412073287387485   0.0368233408752765   0
0.485002211335681   -0.045949101622624   -0.0245075728669881   0
0.481704527125031   -0.0215568984225902   -0.00329768421064935   0
0.510215275362028   0.121508091942774   0.0285107482369967   0
0.532080097451502   0.0374757215121133   0.0218648220894742   0
0.53813706874945   0.00856703930201896   0.00605697129794769   0
0.519023457998047   -0.01146461620629   -0.0191136107514033   0
0.541064426614336   0.0498982874411901   0.0220409686162893   0
0.561050418321963   0.0709239447630006   0.0199859917076274   0
0.605859473091327   0.042256797234169   0.0448090547693635   0
0.577517488994056   -0.0926429906043528   -0.0283419840972704   0
0.502354126808979   -0.143170954961927   -0.075163362185077   0
0.506509197259181   0.0609181470928903   0.0041550704502018   0
0.522602507443286   0.143463622193323   0.0160933101841051   0
0.542916107641881   -0.0215822132843869   0.0203136001985944   0
0.566234555506188   -0.0866849681839011   0.0233184478643071   0
0.528039811900365   -0.0451038508379585   -0.0381947436058231   0
0.571559743705599   0.143485486304772   0.0435199318052343   0
0.614516907648602   0.0105609940790999   0.0429571639430026   0
0.591047246099032   -0.056954900918779   -0.0234696615495692   0
0.601708754605789   -0.00755424282775452   0.010661508506757   0
0.604027674256114   0.0702699356598593   0.0023189196503246   0
0.544587996136859   0.0676284747996261   -0.0594396781192545   0
0.591241139995647   0.0381482503616629   0.0466531438587878   0
0.536265067355921   -0.112597560337633   -0.0549760726397266   0
0.507048333271592   -0.0273869302921425   -0.0292167340843281   0
0.533843205091392   0.22820215660775   0.0267948718197994   0
0.518924109355115   0.129920476590802   -0.0149190957362765   0
0.555774617213894   -0.071721547401292   0.0368505078587783   0
0.58219760676273   -0.0339412785250588   0.0264229895488358   0
0.579774268665185   0.00728449564798295   -0.00242333809754469   0
0.609789859495227   0.00916085969075242   0.0300155908300419   0
0.601194670420904   -0.0461559451767848   -0.00859518907432233   0
0.611327127099313   -0.0326106207318559   0.0101324566784088   0
0.590440865503269   -0.0474328492697869   -0.0208862615960438   0
0.574137783250893   0.206619011577901   -0.016303082252376   0
0.576934047750044   0.0361904224186611   0.00279626449915038   0
0.585029801239432   -0.0799769377896526   0.00809575348938862   0
0.5680165259867   -0.0839343970287025   -0.017013275252732   0
0.605366365769523   -0.0584883321358718   0.0373498397828227   0
0.580970445385348   -0.0207964170921358   -0.0243959203841749   0
0.603425143731391   0.065453354882306   0.022454698346043   0
0.610582960692689   -0.0294304772325396   0.00715781696129802   0
0.612049367466588   -0.0709102703344917   0.00146640677389831   0
0.579856031477211   -0.0915848682655406   -0.0321933359893768   0
0.622478379712902   0.140118489722051   0.0426223482356913   0
0.612008724331198   0.0421688514681799   -0.0104696553817043   0
0.615283499028052   -0.0806862066658628   0.00327477469685389   0
0.612987973569833   -0.0623653524788819   -0.00229552545821898   0
0.588758439719763   -0.0422674156900842   -0.0242295338500695   0
0.62484435388683   0.177333015483661   0.0360859141670669   0
0.624663121928132   0.0330758211207651   -0.000181231958698347   0
0.610979190743842   -0.0408954282960132   -0.0136839311842897   0
0.650208651811094   -0.0501786352685031   0.0392294610672517   0
0.649558938955504   -0.0119356908797376   -0.000649712855589901   0
0.635924276990783   0.131370018086553   -0.0136346619647209   0
0.644061947392097   -0.00409243852115315   0.00813767040131375   0
0.640005524240416   -0.0416405061934071   -0.00405642315168031   0
0.639481260410538   -0.0351772072190717   -0.00052426382987858   0
0.64684112950805   0.0197667346165704   0.00735986909751229   0
0.644196695091841   0.0577806667259624   -0.00264443441620943   0
0.631739830434175   -0.0345920375576994   -0.0124568646576657   0
0.651216779391471   -0.0291064285935507   0.0194769489572962   0
0.636638919659331   0.00842703832231551   -0.0145778597321403   0
0.619001558675744   0.0818088841345788   -0.0176373609835873   0
0.61397452929295   0.0702648652172744   -0.00502702938279331   0
0.519566567066002   0.0750610121135109   -0.0944079622269487   0
0.541314314651386   -0.066842943645766   0.0217477475853848   0
0.550885616817593   -0.0663123884229171   0.00957130216620683   0
0.546269431538595   0.0988796885153025   -0.00461618527899799   0
0.532929519085076   0.0734059762445303   -0.0133399124535196   0
0.537945126834745   0.0182313395810381   0.00501560774966958   0
0.536442273183937   -0.0234419908931462   -0.00150285365080782   0
0.54094035653619   -0.00701128489748437   0.00449808335225232   0
0.492711912522165   0.134120436310119   -0.0482284440140242   0
0.462810474277808   0.0298156296344341   -0.029901438244357   0
0.484504868234056   -0.0639913614772731   0.0216943939562476   0
0.51001775878027   -0.108415023377322   0.0255128905462144   0
0.485688787590624   0.0517707439384745   -0.0243289711896467   0
0.438760919833341   0.123107430441174   -0.0469278677572824   0
0.452489348571046   0.00448845565342726   0.0137284287377049   0
0.480980482778927   -0.193871765430381   0.028491134207881   0
0.423158045464694   -0.146214264764614   -0.0578224373142334   0
0.428276592220906   0.181565469775179   0.00511854675621237   0
0.398877957426692   0.149602532427778   -0.0293986347942143   0
0.408081029608119   -0.0500470362471837   0.00920307218142696   0
0.438141829749297   -0.0771839934219303   0.0300608001411785   0
0.436292572928993   0.0339850854310026   -0.00184925682030479   0
0.422938060052545   0.131567062265691   -0.0133545128764481   0
0.417036067892764   0.0244669275916525   -0.00590199215978021   0
0.400022917800968   -0.0986704488744732   -0.0170131500917965   0
0.370041756091796   -0.156775779576155   -0.0299811617091723   0
0.382302801432284   0.162077082550826   0.0122610453404886   0
0.384368509762493   0.0978117010265271   0.00206570833020919   0
0.381997993221823   -0.0211978934599453   -0.00237051654067033   0
0.399786407184199   -0.0296451392065258   0.0177884139623757   0
0.393209888894878   -0.0549819956144049   -0.00657651828932054   0
0.373765749009794   -0.0173518873938849   -0.019444139885084   0
0.399892687143376   0.133028726525468   0.0261269381335818   0
0.384851507863423   0.0566989981068737   -0.0150411792799535   0
0.358867906223268   -0.018881632587306   -0.0259836016401543   0
0.367138872048374   -0.0292176192550917   0.00827096582510595   0
0.246868786499534   -0.210778677879309   -0.12027008554884   0
0.317992368439873   0.165658609307177   0.0711235819403391   0
0.287229525964411   0.213894701582001   -0.0307628424754625   0
0.295448321263635   0.0219197196268608   0.00821879529922426   0
0.295833627662475   -0.0494475663252358   0.000385306398840324   0
0.358798189625101   -0.191431572885135   0.0629645619626259   0
0.379984834454614   -0.0493753511564026   0.0211866448295124   0
0.368378723593753   0.277069441963826   -0.0116061108608607   0
0.331769106697173   -0.0555044438713557   -0.03660961689658   0
0.312865724265618   -0.0407309617835361   -0.0189033824315543   0
0.362127500847702   -0.165902896917209   0.0492617765820836   0
0.283433081439557   -0.138360500007998   -0.0786944194081453   0
0.327710348844845   0.151899411819514   0.0442772674052881   0
0.362117690512753   0.028731361675091   0.0344073416679081   0
0.349292680344611   -0.0597354084277817   -0.0128250101681422   0
0.29383413743813   -0.139293632653538   -0.0554585429064807   0
0.306059487051214   0.0327319268345625   0.0122253496130842   0
0.347439415915138   0.162754024396224   0.041379928863924   0
0.350111871271616   0.0223530743441003   0.00267245535647742   0
0.345161344878377   -0.0633418806782653   -0.00495052639323867   0
0.264855180443016   -0.115596743976246   -0.0803061644353613   0
0.268282029565628   -0.0441935425782456   0.00342684912261215   0
0.335580520830009   0.209793516409709   0.0672984912643808   0
0.343033581857535   0.0261921822382318   0.00745306102752596   0
0.339371971193575   -0.0536882178455813   -0.00366161066396004   0
0.333673843235052   -0.0381374646533976   -0.00569812795852281   0
0.324786450743885   -0.0679567209532503   -0.00888739249116693   0
0.318101106722768   0.168999475701854   -0.0066853440211167   0
0.310940883914451   0.0952753485271405   -0.00716022280831735   0
0.335788907891926   -0.0389835281601736   0.0248480239774753   0
