0.0987645712734835   0   0   0
0.0917390097584038   -0.0114444090539053   -0.00702556151507973   0
0.105937150956357   -0.032621748301309   0.0141981411979534   0
0.0643231584983395   0.0378595854719249   -0.0416139924580177   0
0.0672142154477012   0.0231335999410042   0.00289105694936179   0
0.0714687018637529   -0.049479884109556   0.00425448641605168   0
0.0244854998216291   0.0357949595215072   -0.0469832020421238   0
0.0309447369370787   0.0115267930337464   0.00645923711544952   0
0.0419967058637341   -0.00764171509547602   0.0110519689266555   0
0.0747217537097604   -0.0263010107666986   0.0327250478460263   0
0.027381730156157   0.0244372210692088   -0.0473400235536034   0
0.0512236206425192   -0.00893032171385807   0.0238418904863622   0
0.0322661940137817   0.0126704212842271   -0.0189574266287376   0
0.030661945648556   0.00964785142327554   -0.00160424836522571   0
0.0500909747542471   -0.0384710222605368   0.0194290291056912   0
0.0408950013997126   0.0170284610513432   -0.00919597335453451   0
0.0414940043318911   0.0040026129486838   0.000599002932178488   0
0.0382924682831363   0.00194302849959817   -0.00320153604875482   0
0.0594492003532848   -0.0207638583622157   0.0211567320701485   0
0.0491123392196147   -0.0174666282810636   -0.0103368611336702   0
0.0417803999285793   0.00130979345584262   -0.00733193929103541   0
0.0484714704355562   0.0290546182018841   0.00669107050697695   0
0.0334463162416341   0.00391800257716265   -0.0150251541939221   0
0.0473664823026262   -0.0204897812896471   0.013920166060992   0
0.0455645354066351   0.0234091716072311   -0.00180194689599111   0
0.0532885335666595   -0.0211573113678632   0.00772399816002446   0
0.0488025221798105   0.0225645896226624   -0.00448601138684899   0
0.0617533789794939   -0.0267383366664742   0.0129508567996834   0
0.0426361485497049   0.0345489477106854   -0.0191172304297891   0
0.0581394905588921   -0.0075882259967068   0.0155033420091872   0
0.0549669631542666   -0.00172879826251332   -0.00317252740462549   0
0.0605180710582798   0.0201045291450971   0.00555110790401319   0
0.0782508431927893   -0.00834804639848538   0.0177327721345095   0
0.0672774843796385   0.019130297383328   -0.0109733588131508   0
0.0464149751629256   0.000738772485465639   -0.0208625092167129   0
0.0515063700419909   -0.000348514800586688   0.00509139487906534   0
0.0462640283064434   -0.0161674492195751   -0.00524234173554749   0
0.0446259724648662   -0.00556121108351315   -0.0016380558415772   0
0.0531225286002323   0.0149206229360376   0.00849655613536607   0
0.0590266098439085   0.000612955696064427   0.00590408124367622   0
0.0645310048053453   0.00566203550416544   0.00550439496143679   0
0.070304958218642   0.00491122363653011   0.00577395341329669   0
0.110821309664805   -0.00894293735724573   0.0405163514461625   0
0.0731579171870174   -0.0132567467808801   -0.0376633924777871   0
0.0731438353021805   0.0104285232537496   -1.40818848369806e-05   0
0.0737564503930504   -0.0188029362335262   0.00061261509086992   0
0.0703615277952021   -0.0248855642779582   -0.00339492259784827   0
0.0777390190619389   0.0190065088226759   0.00737749126673679   0
0.0939180231238392   -0.0227464287266773   0.0161790040619003   0
0.0870802534895397   0.0146852252337854   -0.0068377696342995   0
0.0746358958047668   -8.36736822030226e-05   -0.012444357684773   0
0.0593759390782369   0.00443722927037314   -0.0152599567265299   0
0.0675893538396581   -0.0249092386045388   0.00821341476142115   0
0.0489709360082868   0.014305533031148   -0.0186184178313712   0
0.0758372934729009   -0.00762086509344527   0.0268663574646141   0
0.0937227044075234   0.00631657495992602   0.0178854109346225   0
0.0892498140894562   0.00387989854448567   -0.00447289031806714   0
0.0843213924558189   0.00399456206228677   -0.00492842163363737   0
0.0841680525731705   0.02067279850857   -0.000153339882648318   0
0.056761669673579   -0.0054284203227556   -0.0274063828995915   0
0.0724024449611726   0.0449823454943362   0.0156407752875936   0
0.0784360409165328   -0.0467547431638528   0.00603359595536018   0
0.106934719290369   -0.00037638846575086   0.0284986783738362   0
0.118717554955744   -0.027604538929877   0.0117828356653747   0
0.113586339785612   -0.0133180004452   -0.00513121517013163   0
0.129935379055754   0.024249184236768   0.0163490392701421   0
0.133489265805064   0.00233869800865172   0.00355388674930979   0
0.122292712434838   -0.0133615809160897   -0.0111965533702258   0
0.129394227572446   0.038971554246063   0.00710151513760811   0
0.156313796561468   0.0100235391163069   0.0269195689890218   0
0.119160192755184   -0.0444634803132991   -0.0371536038062844   0
0.118138914750512   0.0329764985200584   -0.00102127800467164   0
0.152759269859745   -0.00435718063184985   0.0346203551092334   0
0.147997509965202   -0.0236099008762009   -0.00476175989454358   0
0.162109293338692   -0.0188621672009068   0.01411178337349   0
0.182786229754588   0.0276456037679318   0.0206769364158962   0
0.17780561904561   -0.0185043006995744   -0.00498061070897818   0
0.191492361133027   0.0141607723951673   0.0136867420874175   0
0.203795672806306   0.00771180989481791   0.0123033116732789   0
0.178152396239322   -0.0313100417497855   -0.0256432765669839   0
0.200963872189935   -0.0050465470727213   0.0228114759506126   0
0.199662208382721   0.030151003305172   -0.00130166380721422   0
0.199686060852048   -0.00322553147165   2.38524693270403e-05   0
0.216768613572889   -0.0123187195862955   0.0170825527208413   0
0.231866009449962   0.0362725727929238   0.0150973958770732   0
0.195056912862669   0.00600669850961058   -0.0368090965872929   0
0.191779668186398   -0.0289710596010364   -0.00327724467627113   0
0.218181714480969   0.0148705420421451   0.0264020462945706   0
0.198075214972577   -0.0187192984948089   -0.0201064995083921   0
0.190817220972689   -0.014319952713899   -0.00725799399988783   0
0.236025608190515   0.0255997608553267   0.0452083872178261   0
0.221839243932115   -0.0228450098012993   -0.0141863642583999   0
0.218293517745031   0.0179530333817715   -0.00354572618708457   0
0.216577720841786   0.0431878491397394   -0.00171579690324475   0
0.194087972453273   -0.0301493489174939   -0.0224897483885128   0
0.227381749434343   0.0130696881530419   0.0332937769810702   0
0.241527509975826   -0.00490073640940285   0.0141457605414823   0
0.244913676827209   -0.0311314582795078   0.00338616685138329   0
0.271528183888505   0.0307125461924238   0.0266145070612965   0
0.264518373787134   -0.0119136886558333   -0.00700981010137125   0
0.269247103899118   0.00793212721671077   0.00472873011198399   0
0.271711776438453   0.0247033159778898   0.00246467253933519   0
0.251691732082125   -0.0148145040445812   -0.0200200443563287   0
0.246384702138145   0.0164325382369839   -0.00530702994397947   0
0.259369740211035   -0.00689607534304368   0.0129850380728903   0
0.255658172798172   -0.0294023684386595   -0.00371156741286333   0
0.26473609598553   0.0378145516545631   0.00907792318735845   0
0.251682951046232   -0.0154210764232787   -0.0130531449392985   0
0.253061322061813   -0.011409973126571   0.00137837101558069   0
0.266036808109724   0.0288757216633458   0.0129754860479111   0
0.25218102279218   -0.00729092802769925   -0.0138557853175438   0
0.262598915132513   -0.0365190828144043   0.0104178923403326   0
0.274693807210178   0.0310899398666473   0.0120948920776656   0
0.255555688967204   -0.0255565613864832   -0.0191381182429738   0
0.253168800208951   -0.0147990607326798   -0.00238688875825288   0
0.269625231950317   0.0442041782297158   0.0164564317413653   0
0.248856331056842   -0.0275255248618587   -0.0207689008934748   0
0.244996680306918   -0.0285534438115993   -0.00385965074992431   0
0.276327617747598   0.0297244686833964   0.0313309374406801   0
0.270442073982216   -0.00812873810073238   -0.00588554376538147   0
0.281011278324487   -0.0179201385232683   0.0105692043422712   0
0.286221604186319   0.0294593696574467   0.0052103258618319   0
0.290243224412306   -0.00482919164294153   0.00402162022598723   0
0.267071472489617   -0.0401157313696036   -0.0231717519226891   0
0.30479279105051   0.0576447939235025   0.0377213185608928   0
0.307607760647266   -0.000838614870192628   0.00281496959675565   0
0.289859452699493   -0.0140571840700486   -0.0177483079477729   0
0.272802530859026   0.0178256946448925   -0.0170569218404667   0
0.266850406641179   0.0124412152044947   -0.00595212421784747   0
0.297168038932558   -0.0946431572428283   0.0303176322913795   0
0.304877103209288   0.0619914318131929   0.00770906427673007   0
0.32819012228728   0.00948562155203263   0.0233130190779919   0
0.311969307698566   -0.0186855855426148   -0.0162208145887145   0
0.337583940080108   -0.00447806842434463   0.0256146323815422   0
0.287954783201287   0.0261038141633688   -0.0496291568788214   0
0.262613917455078   0.0150512323759121   -0.0253408657462088   0
0.30655190855632   -0.0609948134116489   0.0439379911012422   0
0.323799669945404   0.0327615039223037   0.0172477613890837   0
0.337927965184376   -0.0374971707293118   0.0141282952389716   0
0.368693692582317   0.0212426702974511   0.0307657273979416   0
0.352083301152685   0.0335184852275774   -0.0166103914296318   0
0.358720491717371   -0.0521224389199897   0.00663719056468581   0
0.402757005527316   0.0170875749807148   0.0440365138099452   0
0.365743318125366   0.0556626457666351   -0.0370136874019505   0
0.369244472609354   -0.0940370526200106   0.00350115448398841   0
0.392252644920515   0.0449737837553324   0.0230081723111613   0
0.354949425759393   0.0283420432800107   -0.0373032191611229   0
0.363847357174695   -0.0398322485688112   0.00889793141530237   0
0.385745513588117   0.0454685018118698   0.0218981564134219   0
0.339544468185847   0.00912442490341063   -0.0462010454022694   0
0.363924573025249   -0.0137374063757897   0.0243801048394019   0
0.337281267607245   0.0408901397476923   -0.0266433054180044   0
0.31703224616056   -0.0224079394451746   -0.0202490214466848   0
0.363416704028038   -0.0709754390939182   0.0463844578674778   0
0.332347645012508   0.0978738636673498   -0.03106905901553   0
0.343124651927295   -0.0901509167686909   0.0107770069147868   0
0.373180964417386   0.0546582898149422   0.0300563124900908   0
0.359194641976606   -0.0282034048422665   -0.0139863224407791   0
0.298611682193614   0.101475423484775   -0.0605829597829923   0
0.324221508646901   -0.0207589504783053   0.0256098264532867   0
0.316871866998023   0.0542723729865149   -0.0073496416488783   0
0.377288000093844   -0.0507506913030386   0.0604161330958214   0
0.345875236038589   0.0760407738742603   -0.0314127640552546   0
0.339962254857594   -0.0572575657236162   -0.00591298118099504   0
0.336660237289081   0.059079665863164   -0.00330201756851389   0
0.330634556312615   -0.017807182852274   -0.00602568097646522   0
0.340318472455614   -0.00546290525941664   0.00968391614299863   0
0.313368220738399   0.0403483842863002   -0.0269502517172149   0
0.31736002407862   -0.0230841547883212   0.00399180334022137   0
0.31145946442886   0.0447823997647033   -0.00590055964976016   0
0.30603093707087   0.0154200358952286   -0.00542852735798982   0
0.329978600512795   -0.0214816657313328   0.0239476634419242   0
0.297052983108031   0.0610441069424963   -0.0329256174047639   0
0.242841870361275   -0.0358187556678285   -0.0542111127467554   0
0.258632647258737   -0.00976522792846418   0.015790776897462   0
0.258601724952392   0.048948569101357   -3.09223063456598e-05   0
0.269565633392635   0.00624261469528792   0.0109639084402432   0
0.26604372118284   -0.00971425994292485   -0.00352191220979536   0
0.269903736379288   0.0190382781689353   0.00386001519644802   0
0.276670325583536   -0.0290234818904517   0.00676658920424866   0
0.289729502469545   0.0316263909169723   0.0130591768860085   0
0.298123677503985   -0.0091054184603751   0.00839417503444001   0
0.274562162916706   -0.0172712757695105   -0.0235615145872786   0
0.275922517292446   0.0359242338996865   0.00136035437573939   0
0.253237754765941   -0.0585428314142659   -0.0226847625265045   0
