0.0513736744173511   0   0   0
0.0447524812732769   -0.041737728309102   -0.00662119314407424   0
0.031167434442349   -0.0138661628512842   -0.0135850468309279   0
0.0342759859411805   -0.0293706436898991   0.00310855149883142   0
0.0444622613066969   -0.000152815548563279   0.0101862753655165   0
0.026913316901025   0.00624319515437996   -0.0175489444056719   0
0.0243839090313161   -0.0123655994917471   -0.00252940786970892   0
0.0245778794498407   -0.0319293254483142   0.000193970418524543   0
0.0493899998326837   -0.0116905478185555   0.0248121203828431   0
0.0403771022158909   -0.0188578625532833   -0.00901289761679286   0
0.0226381147641781   -0.00541003518086665   -0.0177389874517127   0
0.0332098629273462   -0.00898692273779346   0.0105717481631681   0
0.0109437688868324   0.0192420819681718   -0.0222660940405139   0
0.0406778144313445   -0.000152800942909335   0.0297340455445121   0
0.0198921587843678   0.000252279168747011   -0.0207856556469767   0
0.0147005736813534   -0.00994203786686181   -0.00519158510301438   0
0.0103549572597331   -0.0186744403546011   -0.00434561642162026   0
0.033628649666295   0.0391014997088625   0.0232736924065618   0
0.0185471018485072   -0.0208072693705731   -0.0150815478177877   0
0.0135067525344039   0.00893810846142958   -0.00504034931410336   0
0.0223987501818941   -0.0395219248097911   0.00889199764749022   0
0.0301637232366961   0.0457351616609507   0.00776497305480202   0
0.0417777786272092   -0.0127231551867408   0.0116140553905131   0
0.00558058921782682   -0.00465849573889303   -0.0361971894093824   0
0.00582938285080419   -0.0106459745213418   0.000248793632977367   0
0.0129622423056593   -0.0123010406600299   0.00713285945485516   0
0.0448621084960727   0.0520044146218056   0.0318998661904134   0
0.0226107239572183   -0.0434519375906422   -0.0222513845388544   0
0.0127077201649588   0.00166869880582199   -0.00990300379225951   0
0.0104826520444757   0.00857219532207423   -0.00222506812048311   0
0.0365193760545512   0.0338429152203327   0.0260367240100755   0
0.0385023899149338   -0.0480706387822083   0.00198301386038268   0
0.0186849422442913   0.0230266369440782   -0.0198174476706426   0
0.0157300186979712   0.00178516152491237   -0.00295492354632009   0
0.037771432472869   0.0432878008254349   0.0220414137748978   0
0.0362319022324595   -0.0229016341843477   -0.00153953024040952   0
0.0178581404959286   -0.0239981704416385   -0.0183737617365308   0
0.01559793629253   0.00704650072022146   -0.00226020420339858   0
0.0284831205260519   0.018075130445336   0.0128851842335219   0
0.0536216245874041   -0.00387733795670561   0.0251385040613522   0
0.0359715186762263   -0.0119323680842992   -0.0176501059111778   0
0.0312920361404064   0.00666096448647987   -0.00467948253581994   0
0.030102146820908   0.0307405622608864   -0.00118988931949842   0
0.0677358300595962   0.0194376423697301   0.0376336832386883   0
0.0449170345255005   -0.0457112205136622   -0.0228187955340958   0
0.0227837760348235   0.00666020226088963   -0.0221332584906769   0
0.0250339585488212   0.00980397253989163   0.00225018251399769   0
0.0405594834273576   0.0192498079809574   0.0155255248785364   0
0.0543664966472459   0.00172305779445919   0.0138070132198883   0
0.0309682775157293   -0.0107350243634185   -0.0233982191315166   0
0.0238109704433424   0.00339828745179868   -0.00715730707238691   0
0.0298050043365829   0.0203724864645798   0.0059940338932405   0
0.0488033919484468   0.0186018554763877   0.0189983876118639   0
0.0338236146918647   -0.0400563247567334   -0.0149797772565821   0
0.0230683922117196   -0.00356811072777082   -0.0107552224801451   0
0.0204402813468137   0.00941038625516136   -0.00262811086490589   0
0.0229583840279129   0.0107159821967408   0.00251810268109919   0
0.0399878335481919   -0.00756908054740962   0.017029449520279   0
0.0706052651282899   0.0840184527075805   0.030617431580098   0
0.151543918797992   0.0452645686412648   0.0809386536697025   0
0.174223893586679   -0.140451475318119   0.0226799747886868   0
0.146230706061868   -0.00984656681306767   -0.027993187524811   0
0.152741976714008   0.0290392399397029   0.00651127065213961   0
0.159902535531031   0.0220210709859038   0.00716055881702279   0
0.135294216833176   -0.0646595519121078   -0.0246083186978544   0
0.111701774762098   0.00140982162480713   -0.0235924420710781   0
0.112540291268283   -0.0075653095099426   0.000838516506184994   0
0.131206312869932   0.0151153421328062   0.0186660216016489   0
0.148690951675817   -0.0109202372559099   0.0174846388058844   0
0.138820609732525   -0.0102504292656458   -0.00987034194329156   0
0.12380179277669   -0.00598621651448696   -0.0150188169558349   0
0.116624575949454   -0.00304078078751852   -0.00717721682723588   0
0.136021681796469   0.0309313341740687   0.0193971058470153   0
0.167865705922629   0.0228541265212464   0.0318440241261594   0
0.146555234533912   -0.0391149166125681   -0.0213104713887167   0
0.128993853226191   0.00283081585385415   -0.0175613813077216   0
0.117136017662758   0.0199793006889787   -0.0118578355634324   0
0.132037737952072   0.0120702670680124   0.0149017202893137   0
0.153972841859011   0.00296265494225048   0.0219351039069391   0
0.13654031085131   -0.0388704828834342   -0.0174325310077005   0
0.133184897188608   -0.00386658997897858   -0.00335541366270278   0
0.135548754462564   0.0211258627280858   0.00236385727395644   0
0.167184632226836   0.0333509722962639   0.0316358777642721   0
0.168569081116771   -0.0277465172980348   0.00138444888993466   0
0.132469132447488   -0.0300989999740641   -0.0360999486692834   0
0.107193004134703   0.0123698623339325   -0.0252761283127844   0
0.113364014767694   0.00613582673912819   0.00617101063299105   0
0.152159058063503   0.0307428595275488   0.0387950432958088   0
0.157737964305395   -0.0235792070746776   0.0055789062418917   0
0.131845434433241   -0.00546346108783295   -0.025892529872154   0
0.136583713037133   0.00427965190444932   0.00473827860389259   0
0.154279643020102   0.0258152524696608   0.0176959299829683   0
0.171940486727647   0.00429558062438576   0.0176608437075449   0
0.139970015115345   -0.0436826798768559   -0.0319704716123012   0
0.130732734401679   0.0122723417288258   -0.00923728071366611   0
0.149623578687953   0.0158056672795119   0.0188908442862736   0
0.180929825618249   0.0488142313162728   0.0313062469302962   0
0.169370241748078   -0.0445857384707147   -0.0115595838701707   0
0.152774909586424   -0.0200695949928051   -0.0165953321616545   0
0.161981326661254   0.0118364842414734   0.00920641707483053   0
0.170167559468278   0.0137987483720708   0.0081862328070238   0
0.182409486325109   0.0455377368674891   0.0122419268568305   0
0.163848806572317   -0.0371836411865382   -0.0185606797527918   0
0.177882227323305   -0.00454707086582527   0.0140334207509883   0
0.205395002909638   0.0256240762197868   0.0275127755863324   0
0.188325999930971   -0.0156208856546565   -0.0170690029786668   0
0.219584499168885   0.00103750906501671   0.0312584992379141   0
0.177498857699141   0.13380205736737   -0.0420856414697436   0
0.393193422227868   0.426041795774324   0.215694564528727   0
0.491238498498899   -0.216528078487976   0.0980450762710308   0
0.505832550474277   0.00541027150101686   0.0145940519753787   0
0.505001776814669   0.00436534250698978   -0.000830773659608375   0
0.537086670964287   -0.0417706393639371   0.0320848941496178   0
0.491680544839075   -0.0260072382411582   -0.0454061261252114   0
0.471303969248616   -0.0185561513068037   -0.0203765755904598   0
0.459584143161239   0.000955158381243715   -0.0117198260873769   0
0.524105590870056   0.0218201366612846   0.0645214477088168   0
0.550891582336534   0.0275650259721003   0.0267859914664782   0
0.494410190090425   -0.0294756835845351   -0.056481392246109   0
0.449877791399509   -0.0397553240704795   -0.044532398690916   0
0.460316058315914   -0.0114959241717464   0.0104382669164052   0
0.524417633574854   0.00968817513493248   0.0641015752589401   0
0.539122015456613   0.0485243191083326   0.0147043818817585   0
0.512295199328961   0.0439102015079388   -0.0268268161276516   0
0.644105583309328   0.401996737293002   0.131810383980367   0
0.664316010307783   -0.308130443797506   0.0202104269984544   0
0.731708501373668   -0.147039929892272   0.0673924910658856   0
0.761828136958232   -0.00061471501372895   0.0301196355845634   0
0.706089401150803   -0.058617998714778   -0.0557387358074286   0
0.690285739390037   -0.00365063413845601   -0.0158036617607663   0
0.707962748981364   0.0165665648077885   0.0176770095913272   0
0.763694990278351   0.031454834333686   0.0557322412969867   0
0.756106683682931   -0.00897257409820063   -0.00758830659541976   0
0.69500546614703   -0.0301401853383057   -0.0611012175359015   0
0.678768799950506   -0.00840637134140471   -0.0162366661965238   0
0.712639178965765   0.00736114288204032   0.0338703790152595   0
0.792600677271506   0.0187400221095301   0.0799614983057405   0
0.748444489192251   -0.0187771234467899   -0.0441561880792545   0
0.726900285615228   -0.018806255063157   -0.0215442035770235   0
0.727720674917581   0.000186179851205559   0.000820389302353508   0
0.779738754773354   0.0285001149401385   0.0520180798557723   0
0.802254346511753   0.0225548604376163   0.0225155917383992   0
0.752331803531029   -0.0358570974934559   -0.0499225429807244   0
0.709321617736447   -0.0298420942020017   -0.0430101857945816   0
0.707782060237648   0.00675038762403096   -0.00153955749879875   0
0.749837980564802   0.00970790273873329   0.0420559203271536   0
0.754436278973579   0.0341630647103919   0.00459829840877723   0
0.712100802147596   -0.0233218454308819   -0.0423354768259828   0
0.701148142568673   -0.0196684360064918   -0.0109526595789233   0
0.707077912625264   -0.000218741568760394   0.00592977005659079   0
0.778491155409777   0.0339798490020993   0.0714132427845137   0
0.775650092796681   -0.00904561210494848   -0.00284106261309625   0
0.721563600069495   -0.022041089931735   -0.0540864927271862   0
0.72939466017462   0.00356781370644815   0.00783106010512546   0
0.790067934073077   0.00227955466739893   0.0606732738984569   0
0.824367029982095   0.0477199373568077   0.0342990959090177   0
0.776491112273186   -0.0327315431390159   -0.0478759177089085   0
0.715586958819996   -0.0315579759681084   -0.0609041534531908   0
0.723491402048083   -0.00494547249753224   0.00790444322808714   0
0.771295761563941   0.0213285155284714   0.0478043595158583   0
0.796282833062788   0.00871046438839879   0.0249870714988472   0
0.7672925614355   0.0057861908121174   -0.0289902716272884   0
0.767229771906858   -0.00484178632791227   -6.27895286412494e-05   0
0.755657465371216   -0.021059603973103   -0.0115723065356426   0
0.818668889509214   0.0677337558686307   0.0630114241379982   0
0.782374304630143   -0.0293403953738086   -0.036294584879071   0
0.718003415529132   -0.0363851563146392   -0.0643708891010106   0
0.703817521318914   0.0105285195898205   -0.0141858942102184   0
0.730841187387007   -0.0111987789372753   0.0270236660680928   0
0.794266038007102   0.0358149527570662   0.0634248506200956   0
0.793051221687004   -0.000230859621363655   -0.00121481632009823   0
0.747921594578937   -0.038248951707945   -0.0451296271080671   0
0.732781875274287   -0.0209413515208302   -0.0151397193046506   0
0.762442364121053   0.00548752760183713   0.0296604888467662   0
0.803094019272495   0.0210930672680688   0.040651655151442   0
0.819383206493915   0.0356101792159768   0.0162891872214205   0
0.750293104797885   -0.0392107257448294   -0.0690901016960302   0
0.717332934777325   -0.0154512186535527   -0.0329601700205597   0
0.724430165878844   -0.00130061699819645   0.00709723110151905   0
0.80227383329587   0.0422720224347337   0.0778436674170262   0
0.788353110248986   -0.0118224175268459   -0.0139207230468843   0
0.740308657383696   -0.0305974213620339   -0.0480444528652905   0
0.737887316244323   0.0183691124785816   -0.00242134113937231   0
0.760373262684519   -0.00311129657740483   0.0224859464401954   0
0.787569485130201   0.0523483014303099   0.0271962224456823   0
0.766590878291185   -0.0360314929245643   -0.0209786068390165   0
0.735348073216011   -0.0279513949085908   -0.0312428050751735   0
0.742339301722265   0.0144820941049972   0.006991228506254   0
0.789300381085363   0.00636762982817252   0.0469610793630983   0
0.842086520711649   0.0227020931723758   0.0527861396262853   0
0.770796638644396   -0.0163786073418209   -0.0712898820672525   0
0.748279417355242   -0.023915730113475   -0.0225172212891545   0
0.792163483851818   -0.0100162162572085   0.0438840664965766   0
0.846499551098522   0.0222957059889557   0.0543360672467041   0
0.844542162534974   0.0116153518109445   -0.00195738856354877   0
0.782465155694009   -0.0178903562744383   -0.0620770068409646   0
0.732113639399649   -0.0434540174525011   -0.0503515162943596   0
0.732114356450719   0.00512595849213249   7.17051069187846e-07   0
0.709282670139698   0.00500671234007444   -0.0228316863110202   0
0.74414451706053   0.0251107469331962   0.0348618469208318   0
0.787554496817522   0.0289105912470386   0.0434099797569913   0
0.721073854899413   -0.0612039892430708   -0.0664806419181084   0
0.700392927521759   0.0106880302151658   -0.0206809273776541   0
0.716175303243033   0.00706863647722289   0.0157823757212737   0
0.736645749529752   0.000827648104347989   0.0204704462867191   0
0.771422085514312   0.0234351654131982   0.0347763359845596   0
0.748575491869391   -0.0266150440344807   -0.0228465936449209   0
0.717703458794438   -0.00779961583319239   -0.0308720330749523   0
0.738747009173133   0.0164957243930315   0.0210435503786951   0
0.797854655324201   0.0106539191573579   0.0591076461510679   0
0.803891433801387   0.0055776990320055   0.00603677847718553   0
0.741962072622651   -0.0432932482451475   -0.0619293611787357   0
0.736257209846702   0.0137635609445023   -0.00570486277594962   0
0.75089783313078   0.0015258441677739   0.014640623284078   0
0.83296204342845   0.0339138237896427   0.0820642102976709   0
0.799461326129195   -0.000945417773470403   -0.0335007172992559   0
0.739510272156851   -0.0388121380079748   -0.0599510539723435   0
0.719142706596716   -0.00390483467845637   -0.0203675655601353   0
0.777628665742204   0.0103356403223375   0.058485959145488   0
0.82286256828829   0.011175237827292   0.0452339025460858   0
0.789176313957312   0.0151073105561895   -0.0336862543309776   0
0.760559143891026   -0.0224806036321039   -0.0286171700662863   0
0.763135431321007   -0.00859471164495595   0.00257628742998162   0
0.815400806475717   0.0329923918631034   0.05226537515471   0
0.785228626252412   -0.0120773104486792   -0.0301721802233054   0
0.751356201116521   -0.0229763703376005   -0.0338724251358908   0
0.756627923602645   0.00906886946827301   0.00527172248612373   0
0.824391097589912   0.0314904775203932   0.0677631739872672   0
0.836828668585302   0.0149600799067354   0.0124375709953903   0
0.781137613063473   -0.0346999065921488   -0.0556910555218294   0
0.753138648100899   -0.0154258408161413   -0.0279989649625738   0
0.783586007060808   0.00535500940706607   0.0304473589599085   0
0.853566812102749   0.0430710528725825   0.0699808050419416   0
0.783240238890661   -0.0367433398920944   -0.0703265732120881   0
0.768068285116141   -0.00229654654001377   -0.0151719537745197   0
0.781881096580868   0.00692675674414722   0.0138128114647265   0
0.850181123644544   0.0260034284203819   0.0683000270636764   0
0.851173676536845   0.0103006643558184   0.000992552892301046   0
0.78576510017705   -0.0531441099781487   -0.0654085763597949   0
0.766135681403431   -0.00146494743936404   -0.019629418773619   0
0.818774609272448   0.0309136285071241   0.0526389278690169   0
0.862980784248699   0.0235856179285842   0.044206174976251   0
0.817559097248174   -0.0134827494397385   -0.045421687000525   0
0.788628865722179   -0.0159339690665826   -0.0289302315259956   0
0.794382037452698   -0.0113686647235479   0.00575317173051948   0
0.867681542181519   0.0402020218344787   0.0732995047288213   0
0.846446356434505   -0.0137318838816451   -0.021235185747014   0
0.784856147094167   -0.0415682332242283   -0.061590209340339   0
0.801337880147476   0.0322958964854264   0.0164817330533091   0
0.855229866704999   0.0141532408977849   0.0538919865575231   0
0.897544532045764   0.0268427492972546   0.0423146653407654   0
0.838758638476678   -0.0401521394132735   -0.0587858935690866   0
0.791533320256482   -0.0213780522128247   -0.0472253182201959   0
0.819312012395461   0.00551330804575845   0.0277786921389793   0
0.882614960317068   0.040186083962683   0.0633029479216071   0
0.843604697207318   -0.0187233619195631   -0.0390102631097503   0
0.801467430146884   -0.0189923641545249   -0.042137267060434   0
0.824977914232406   0.00984745028879791   0.0235104840855217   0
0.899712239527867   0.0402238644860849   0.0747343252954619   0
0.861754289711545   -0.0161835716275565   -0.0379579498163221   0
0.79061328411272   -0.0316517322693401   -0.0711410055988256   0
0.807391732745791   -0.0126080751144804   0.016778448633071   0
0.871100405558538   0.0443794014945655   0.0637086728127476   0
0.845699492229657   0.00447273651923924   -0.0254009133288811   0
0.793574507530484   -0.0340194153970647   -0.0521249846991733   0
0.821136282641316   0.018268444733124   0.0275617751108325   0
0.854767776757085   0.00421140538726367   0.0336314941157686   0
0.869916654446993   0.0260278360625038   0.0151488776899082   0
0.802629397126252   -0.0443684624033538   -0.0672872573207416   0
0.821187014204133   0.00481002017132304   0.0185576170778816   0
0.905734219217205   0.0345997482873966   0.0845472050130718   0
0.926940815096762   -0.0039008038634924   0.0212065958795571   0
0.862329781940326   -0.0479019998704689   -0.0646110331564362   0
0.808847998560453   0.00241915336736126   -0.0534817833798733   0
0.859483283433133   0.0476156054170163   0.0506352848726807   0
0.810957528955278   -0.0149022526209254   -0.0485257544778556   0
0.841192836287406   -0.0131804262108849   0.0302353073321279   0
0.892474483750096   -0.00397588083113581   0.05128164746269   0
0.91356657158975   0.020664435575325   0.0210920878396544   0
0.825595337887757   -0.027269825084257   -0.0879712337019929   0
0.810449545238474   0.00823112284850303   -0.0151457926492827   0
0.842462606494348   0.00679796464903726   0.0320130612558731   0
0.893819388716898   0.0141668730021326   0.0513567822225508   0
0.850802192956888   -0.0197820683640543   -0.0430171957600101   0
0.810257654466775   -0.0493374427608686   -0.0405445384901132   0
0.838972432462027   -0.00360222724607279   0.0287147779952518   0
0.906261839277148   0.0497062682857546   0.0672894068151215   0
0.892757353138298   0.0112617984690486   -0.0135044861388504   0
0.862535718810821   -0.0208614557140399   -0.0302216343274769   0
0.860399065601248   0.000995793311460103   -0.00213665320957346   0
0.921377111527224   0.0174834533381741   0.060978045925976   0
0.93689307585938   0.0149936747334355   0.0155159643321564   0
0.845227440741396   -0.0342388891397886   -0.0916656351179842   0
0.852203846967966   0.0273508978791879   0.00697640622656981   0
0.889927676137224   0.00979238635470908   0.0377238291692583   0
0.958817526874639   0.0184565086851365   0.0688898507374154   0
0.916790658979464   -0.0172851893150572   -0.0420268678951752   0
0.864059987055297   -0.0262576377480453   -0.0527306719241671   0
0.872541453542466   -0.00376222962873368   0.00848146648716919   0
0.937357436520882   0.0323416960813903   0.0648159829784162   0
0.932555094686904   -0.0136405376564884   -0.00480234183397854   0
0.893938209673912   -0.0188672868035863   -0.0386168850129914   0
0.877431312970565   0.000375394464753098   -0.0165068967033473   0
0.928203933972486   0.0180325916446688   0.0507726210019213   0
0.933455053075535   0.0157775296589888   0.00525111910304876   0
0.857759678250412   -0.035533140500537   -0.0756953748251236   0
0.835827988340903   0.0173480326946237   -0.0219316899095091   0
0.907422791899399   0.0128089043759061   0.0715948035584967   0
0.969641269352873   0.0146536677850558   0.0622184774534733   0
0.918770635329623   -0.025569253336266   -0.0508706340232491   0
0.875533791792898   -0.0336235140567198   -0.0432368435367251   0
0.888329788010202   0.0110488479419399   0.0127959962173035   0
0.960522902983708   0.0414287065999001   0.0721931149735062   0
0.971102462630103   0.00113559150359366   0.0105795596463947   0
0.895330588163389   -0.036144180907369   -0.0757718744667139   0
0.88308233441169   -0.0163585194997454   -0.0122482537516987   0
0.939078882438132   0.0111905502086216   0.0559965480264413   0
0.995922119562569   0.033904782083341   0.0568432371244376   0
0.923154835884127   -0.0355279317665713   -0.0727672836784419   0
0.898388296795016   0.00503476110846252   -0.0247665390891114   0
0.927474638300288   -0.00625488044378614   0.0290863415052723   0
0.983673228572375   0.0348506017928763   0.0561985902720871   0
0.967872931658387   -0.00294805422701971   -0.0158002969139887   0
0.897842309279447   -0.0525079827683786   -0.0700306223789399   0
0.886072125095497   0.0346958084309983   -0.0117701841839499   0
0.913254510993239   0.0139308580272769   0.0271823858977421   0
0.986411352867555   0.0293799520185312   0.0731568418743161   0
0.96672687350099   -0.0276042885472839   -0.0196844793665647   0
0.915292319054   -0.0220835465462222   -0.0514345544469902   0
0.904571638993839   -0.0156645345975454   -0.0107206800601615   0
0.936304780950359   0.015420372175039   0.0317331419565204   0
0.989880970011294   0.0238734869609254   0.0535761890609348   0
0.916440983118526   -0.0280293359145039   -0.073439986892768   0
0.908814225525355   -0.00369702357347462   -0.00762675759317144   0
0.928665633358557   0.00461185864910685   0.0198514078332025   0
0.975226902507565   0.015823845134387   0.0465612691490082   0
1.03738870818091   0.00715136791555099   0.0621618056733412   0
1.0291935612567   -0.0612474009342401   -0.00819514692420564   0
0.965803371659703   -0.0583673293296528   -0.0633901895969979   0
0.888716080895918   -0.0387315047657099   -0.0770872907637846   0
0.84983653230136   0.0197892075262007   -0.0388795485945586   0
0.843935003661568   0.0293823376689964   -0.00590152863979199   0
0.828166211728056   0.00820877568267017   -0.0157687919335111   0
0.87078363077934   0.0221596306931933   0.0426174190512835   0
0.892026854020802   -0.000218050852626384   0.0212432232414622   0
0.851961642125542   -0.0289566505502761   -0.0400652118952602   0
0.824625241809423   -0.031771474222338   -0.0273364003161185   0
0.825558974371304   0.0187695955382375   0.000933732561880785   0
0.855899996210568   -0.00934851333730349   0.0303410218392636   0
0.873734287701358   0.0200986583000568   0.0178342914907905   0
0.834283421888509   -0.0321063063036056   -0.0394508658128493   0
0.822576087777903   0.00989040383663473   -0.0117073341106064   0
0.839434900760774   -0.000895539699645731   0.0168588129828711   0
0.911186429321684   0.047600892849404   0.07175152856091   0
0.879859527050341   -0.0139532371028251   -0.0313269022713426   0
0.818828350141988   -0.0298744366583238   -0.0610311769083531   0
0.815045446667853   0.000898694578338605   -0.00378290347413501   0
0.827255261254348   0.012229190450133   0.0122098145864955   0
0.882650110635579   0.0174021664453217   0.0553948493812303   0
0.875516595995901   -0.0195395234619745   -0.00713351463967771   0
0.824657177188951   -0.0166320896141004   -0.0508594188069496   0
0.809407303654347   0.000894745960219212   -0.0152498735346046   0
0.829565157917839   0.003513886059823   0.0201578542634926   0
0.880758523019363   0.0274509998723653   0.0511933651015235   0
0.851885477851043   -0.0188327152442367   -0.0288730451683201   0
0.812766952398564   -0.0209039010984375   -0.0391185254524785   0
0.829179839507841   0.0286873433114436   0.0164128871092771   0
0.869454875244397   0.0398227098523885   0.0402750357365556   0
0.855593815620181   -0.0238161010184654   -0.0138610596242161   0
0.79320827659969   -0.0361402961450962   -0.0623855390204909   0
0.801262552093881   0.00561773817269681   0.00805427549419135   0
0.86410322704177   0.0357204423291187   0.0628406749478884   0
0.893447151988857   0.0115849985722293   0.0293439249470875   0
0.830542445176795   -0.0267329170713   -0.0629047068120618   0
0.813366789758778   -0.00693815100783821   -0.0171756554180176   0
