0.122614921605882   0.0358868198811904   0   0   0
0.0495863195295078   0.0429020119356307   -0.0730286020763743   0.00701519205444034   0
0.0759254066792731   0.0406153516529464   0.0263390871497652   -0.00228666028268426   0
0.113987671947211   0.0372614066547749   0.0380622652679382   -0.00335394499817159   0
0.103343614674953   0.0425881584749799   -0.0106440572722582   0.00532675182020502   0
0.218374594094322   0.0348027386342656   0.115030979419369   -0.00778541984071432   0
0.279709102868981   0.0251757243675237   0.0613345087746584   -0.00962701426674189   0
0.0491552685172566   0.0236001015392413   -0.230553834351724   -0.00157562282828236   0
0.117881480342762   0.0313511114986172   0.068726211825505   0.00775100995937585   0
0.116511079284547   0.038333263319244   -0.00137040105821462   0.00698215182062688   0
0.0938267793302637   0.0311364600322231   -0.0226842999542833   -0.00719680328702097   0
0.0427837493450492   0.0321100428514974   -0.0510430299852145   0.00097358281927434   0
0.0431764732004885   0.0243406603602901   0.000392723855439252   -0.00776938249120726   0
0.190914666782964   0.0280609892056664   0.147738193582475   0.00372032884537623   0
0.35036763025742   0.0269033621681664   0.159452963474456   -0.00115762703750002   0
0.149538611734796   0.0237890361929608   -0.200829018522624   -0.00311432597520554   0
0.153891534672476   0.0225091146304719   0.00435292293768058   -0.00127992156248891   0
0.134516675659265   0.0181611769600706   -0.019374859013211   -0.0043479376704013   0
0.102232323579874   0.0198497463774257   -0.0322843520793917   0.00168856941735509   0
0.0680887174401898   0.0213484567754323   -0.0341436061396839   0.00149871039800656   0
0.0180528011270523   0.00983578320410582   -0.0500359163131375   -0.0115126735713264   0
0.182480323039035   0.0370488100332858   0.164427521911982   0.02721302682918   0
0.353798923095888   0.0380561499312857   0.171318600056853   0.00100733989799993   0
0.120607679308077   0.0285683243614217   -0.233191243787811   -0.00948782556986405   0
0.140058822575873   0.020249538307638   0.0194511432677962   -0.00831878605378366   0
0.12289145244776   0.0130495660619779   -0.0171673701281137   -0.00719997224566015   0
0.0923442131625475   0.0188753872027172   -0.0305472392852123   0.00582582114073931   0
0.0392180556908792   0.0322573738840052   -0.0531261574716683   0.013381986681288   0
0.0560272941544646   0.0327706899055299   0.0168092384635854   0.000513316021524726   0
0.27598665085741   0.0445613024359491   0.219959356702946   0.0117906125304192   0
0.247511600294309   0.0423389158433763   -0.0284750505631007   -0.00222238659257284   0
0.125726041870807   0.0344285473875765   -0.121785558423502   -0.00791036845579979   0
0.205401506704122   0.0290642157761482   0.0796754648333149   -0.00536433161142832   0
0.122117742248887   0.0315233992289712   -0.0832837644552349   0.002459183452823   0
0.042167827778819   0.0361097630231078   -0.0799499144700684   0.00458636379413659   0
0.104495966636517   0.0369080068259247   0.0623281388576977   0.0007982438028169   0
0.303871171400727   0.0603768698524373   0.19937520476421   0.0234688630265126   0
0.180807493361448   0.0541920304381763   -0.123063678039279   -0.00618483941426098   0
0.127472267912341   0.0341410879069487   -0.053335225449107   -0.0200509425312276   0
0.0989148095100547   0.0314090307325143   -0.0285574584022862   -0.00273205717443446   0
0.0521379836964847   0.0405663572557976   -0.04677682581357   0.00915732652328332   0
0.00934990339936194   0.04215474675345   -0.0427880802971227   0.00158838949765239   0
0.0418793716274843   0.0376960577962351   0.0325294682281223   -0.00445868895721483   0
0.256496939561664   0.0992141976953235   0.21461756793418   0.0615181398990883   0
0.273803456029412   0.108882636257233   0.0173065164677476   0.00966843856190996   0
0.0359842795971866   0.107695914167913   -0.237819176432225   -0.00118672208932032   0
0.198160460301999   0.0901674969994411   0.162176180704812   -0.017528417168472   0
0.123396964131943   0.0925406171858834   -0.0747634961700557   0.00237312018644231   0
0.0619428228008702   0.101052457493209   -0.0614541413310727   0.00851184030732598   0
0.195139210811257   0.107555506547858   0.133196388010386   0.00650304905464895   0
0.327127072776222   0.130914210923413   0.131987861964966   0.0233587043755551   0
0.043593194563321   0.100204760019572   -0.283533878212901   -0.0307094509038416   0
0.0717816595958884   0.0999557958162343   0.0281884650325674   -0.000248964203337601   0
0.0361192197384564   0.113541727472943   -0.035662439857432   0.0135859316567084   0
0.0576828400342121   0.114000542526534   0.0215636202957557   0.000458815053590966   0
0.104319808573765   0.127118647837758   0.0466369685395526   0.0131181053112245   0
0.32489224666726   0.180490152367657   0.220572438093496   0.0533715045298987   0
0.198162664945872   0.132583012789167   -0.126729581721388   -0.0479071395784896   0
0.140938300331067   0.132029783500472   -0.0572243646148053   -0.000553229288694973   0
0.129855678139464   0.111640204459236   -0.0110826221916031   -0.0203895790412364   0
0.0619594096121776   0.11973189222467   -0.0678962685272862   0.00809168776543409   0
0.0612175782354219   0.114017701396318   -0.000741831376755667   -0.00571419082835174   0
0.122757661830616   0.132095518719221   0.0615400835951946   0.0180778173229025   0
0.390943987153978   0.219066188528678   0.268186325323362   0.0869706698094577   0
0.383250644424416   0.24473207545944   -0.00769334272956257   0.0256658869307612   0
0.0562819943989195   0.184854007581929   -0.326968650025496   -0.0598780678775103   0
0.0941262818641531   0.181907046994014   0.0378442874652336   -0.00294696058791516   0
0.0704813819416873   0.166034608692232   -0.0236448999224659   -0.0158724383017825   0
0.0745424692804042   0.186123521986032   0.00406108733871692   0.0200889132938005   0
0.271807666815601   0.251173007076462   0.197265197535197   0.06504948509043   0
0.332921507515465   0.256108871125397   0.061113840699864   0.00493586404893448   0
0.0578485783244498   0.225097525107502   -0.275072929191016   -0.0310113460178946   0
0.0918592001617149   0.223017432340983   0.0340106218372651   -0.00208009276651885   0
0.119923480620978   0.224990290076844   0.0280642804592628   0.00197285773586106   0
0.298340305295681   0.278380117181117   0.178416824674703   0.0533898271042729   0
0.340009436661623   0.265393746570341   0.041669131365942   -0.0129863706107758   0
0.0626525626714502   0.241701438573915   -0.277356873990173   -0.0236923079964261   0
0.0680817572511903   0.225328766339098   0.00542919457974003   -0.0163726722348168   0
0.111016589325109   0.238861943859309   0.0429348320739192   0.0135331775202102   0
0.180982586529644   0.271730449086116   0.0699659972045343   0.0328685052268077   0
0.412978662939096   0.301925539817837   0.231996076409452   0.030195090731721   0
0.201892295616094   0.259776113688215   -0.211086367323002   -0.0421494261296222   0
0.0931792798960155   0.261074684647441   -0.108713015720079   0.00129857095922536   0
0.068684759285562   0.244327361489749   -0.0244945206104535   -0.0167473231576915   0
0.10047073502533   0.247615761481277   0.0317859757397676   0.00328839999152766   0
0.274567925154546   0.29059470976011   0.174097190129216   0.0429789482788332   0
0.440466862502958   0.313238012772791   0.165898937348412   0.0226433030126815   0
0.159390309021645   0.268043527777105   -0.281076553481314   -0.0451944849956863   0
0.0806255549732217   0.262437872820316   -0.0787647540484231   -0.00560565495678872   0
0.0621212256977509   0.245611846726395   -0.0185043292754709   -0.0168260260939216   0
0.102425383264355   0.238210850340602   0.0403041575666041   -0.00740099638579311   0
0.156652034279354   0.25304435876455   0.0542266510149994   0.0148335084239488   0
0.288740843872581   0.300404103436912   0.132088809593226   0.0473597446723617   0
0.483675127775536   0.311607003276555   0.194934283902956   0.0112028998396425   0
0.265729597006659   0.308654607639202   -0.217945530768877   -0.00295239563735217   0
0.0713181407105513   0.267279380626457   -0.194411456296108   -0.0413752270127454   0
0.0741165755972603   0.258730528250229   0.00279843488670896   -0.0085488523762281   0
0.0804622927454221   0.256271247860587   0.00634571714816178   -0.00245928038964183   0
0.118429612989024   0.261569171594652   0.0379673202436019   0.0052979237340649   0
0.272100107695532   0.288284977884632   0.153670494706508   0.0267158062899795   0
0.449671811010922   0.308120498688646   0.17757170331539   0.0198355208040146   0
0.249893658533662   0.284485162705175   -0.19977815247726   -0.023635335983471   0
0.0666483333706853   0.270277881992982   -0.183245325162977   -0.0142072807121928   0
0.0570590461624132   0.254524622040388   -0.00958928720827207   -0.0157532599525941   0
0.0954790992890591   0.262976536028654   0.0384200531266459   0.00845191398826584   0
0.264069665069542   0.302085292096442   0.168590565780483   0.0391087560677875   0
0.44737696577097   0.33196497078864   0.183307300701429   0.0298796786921982   0
0.186987205547632   0.281909244832065   -0.260389760223338   -0.0500557259565751   0
0.0714804523262129   0.272613607228363   -0.115506753221419   -0.009295637603702   0
0.106767778909978   0.258602774048834   0.0352873265837653   -0.0140108331795283   0
0.224400953203056   0.314528327749767   0.117633174293077   0.0559255537009328   0
0.452027322520464   0.356945752306065   0.227626369317409   0.0424174245562975   0
0.241683782405957   0.316295140155962   -0.210343540114507   -0.0406506121501028   0
0.0991357087081138   0.29588890916466   -0.142548073697843   -0.0204062309913018   0
0.11437432058102   0.314203288768199   0.0152386118729065   0.0183143796035392   0
0.15776113622087   0.313588090811035   0.04338681563985   -0.000615197957164249   0
0.220385066124477   0.33544097280193   0.0626239299036065   0.0218528819908946   0
0.497611440386959   0.389301158733049   0.277226374262483   0.0538601859311196   0
0.477933638328171   0.35341044665348   -0.0196778020587889   -0.0358907120795691   0
0.16283301466094   0.320316858702492   -0.31510062366723   -0.0330935879509878   0
0.091150837747736   0.314410763519607   -0.0716821769132043   -0.0059060951828851   0
0.0997375259062004   0.305324199809891   0.00858668815846439   -0.00908656370971678   0
0.138121335665421   0.300535087703167   0.038383809759221   -0.00478911210672406   0
0.213634347403455   0.328490563565379   0.0755130117380334   0.027955475862212   0
0.488080310662769   0.392464100232419   0.274445963259315   0.0639735366670408   0
0.375518883024196   0.390333286081654   -0.112561427638573   -0.0021308141507651   0
0.118316680286889   0.36052126753571   -0.257202202737307   -0.0298120185459442   0
0.141386866347515   0.32153914076254   0.0230701860606254   -0.03898212677317   0
0.166466913697257   0.360966541977882   0.0250800473497422   0.0394274012153419   0
0.347050416676785   0.43969488082839   0.180583502979528   0.0787283388505086   0
0.517671570082509   0.461128017072475   0.170621153405724   0.0214331362440847   0
0.217455884604763   0.418259433494817   -0.300215685477746   -0.0428685835776583   0
0.0827764081052083   0.393037809514416   -0.134679476499555   -0.0252216239804013   0
0.139670732434716   0.400731994703006   0.0568943243295076   0.00769418518859039   0
0.450245991127572   0.473172595549077   0.310575258692856   0.0724406008460707   0
0.416991761658333   0.450743997377645   -0.0332542294692394   -0.0224285981714313   0
0.11975344641383   0.412497665796911   -0.297238315244503   -0.0382463315807344   0
0.161141832929038   0.400177494946171   0.0413883865152078   -0.0123201708507402   0
0.233242457538266   0.40368271040954   0.0721006246092284   0.00350521546336918   0
0.50588219491431   0.470467887189926   0.272639737376044   0.0667851767803856   0
0.57494102688735   0.471648810913441   0.0690588319730395   0.00118092372351503   0
0.175884064028553   0.432180150025247   -0.399056962858797   -0.0394686608881935   0
0.0976860081285954   0.427641225290491   -0.0781980558999573   -0.00453892473475603   0
0.162340672645305   0.441357749154232   0.0646546645167094   0.0137165238637409   0
0.477940339395881   0.491345237680536   0.315599666750576   0.0499874885263042   0
0.364323966486652   0.460909051342987   -0.113616372909229   -0.0304361863375489   0
0.139126398586429   0.460142201742388   -0.225197567900223   -0.00076684960059914   0
0.225871499640968   0.445053169664752   0.0867451010545391   -0.0150890320776362   0
0.422456188488617   0.467913767679487   0.196584688847649   0.0228605980147347   0
0.636179296333667   0.486420078333301   0.21372310784505   0.0185063106538146   0
0.199303083580059   0.423831460357679   -0.436876212753608   -0.0625886179756227   0
0.160102892314443   0.408980582148117   -0.0392001912656164   -0.0148508782095618   0
0.214455494175328   0.41575420520682   0.0543526018608853   0.00677362305870371   0
0.47573133138489   0.474495675903177   0.261275837209562   0.0587414706963562   0
0.431360317334882   0.440525039435686   -0.0443710140500079   -0.0339706364674908   0
0.125913299685577   0.421639343266129   -0.305447017649305   -0.0188856961695569   0
0.16667633023714   0.423528692061462   0.0407630305515622   0.00188934879533292   0
0.226477428652394   0.43566971883675   0.059801098415254   0.0121410267752878   0
0.501198204141595   0.489934091090365   0.274720775489202   0.0542643722536158   0
0.529085391819402   0.489626088229   0.0278871876778068   -0.000308002861365786   0
0.164709089589403   0.441187872410751   -0.364376302229999   -0.0484382158182489   0
0.16586943740789   0.437291159079577   0.00116034781848715   -0.00389671333117364   0
0.223677545002398   0.439500375871472   0.0578081075945083   0.00220921679189473   0
0.512174894184438   0.497006166353095   0.288497349182039   0.0575057904816229   0
0.462107947451415   0.465442661948561   -0.0500669467330224   -0.0315635044045336   0
0.133246005135088   0.43829369023056   -0.328861942316327   -0.0271489717180006   0
0.17535931376796   0.438718472556334   0.042113308632872   0.000424782325773032   0
0.221451363670446   0.453367509167849   0.0460920499024853   0.0146490366115158   0
0.477813125814068   0.490576933077731   0.256361762143622   0.0372094239098816   0
0.597263117619772   0.50016268527731   0.119449991805705   0.00958575219957913   0
0.231046275121673   0.451210356767398   -0.366216842498099   -0.0489523285099121   0
0.181248293770203   0.434217671417116   -0.0497979813514699   -0.016992685350282   0
0.244134992918017   0.445322264418696   0.0628866991478131   0.01110459300158   0
0.422450922360705   0.457636580162133   0.178315929442688   0.0123143157434371   0
0.608650461005329   0.512373441383882   0.186199538644625   0.0547368612217491   0
0.238215844137454   0.443832644956421   -0.370434616867875   -0.0685407964274612   0
0.194338546670829   0.444825984411548   -0.0438772974666254   0.000993339455126641   0
0.248317663101621   0.440016973620859   0.0539791164307917   -0.00480901079068841   0
0.421300160746468   0.468696682754396   0.172982497644848   0.0286797091335369   0
0.680281493771924   0.535348283929598   0.258981333025456   0.0666516011752014   0
0.355129504904   0.483601165319703   -0.325151988867924   -0.0517471186098942   0
0.202467567901034   0.466083101333936   -0.152661937002965   -0.0175180639857674   0
0.271040014982327   0.446766862836547   0.0685724470812925   -0.0193162384973889   0
0.395279767259102   0.491188914621485   0.124239752276775   0.0444220517849381   0
0.688735143888418   0.569199610999281   0.293455376629316   0.0780106963777957   0
0.291049422826365   0.480537930473009   -0.397685721062053   -0.0886616805262715   0
0.212432886718912   0.462925883932096   -0.0786165361074529   -0.0176120465409131   0
0.272216589001809   0.46711400783434   0.0597837022828976   0.0041881239022441   0
0.41935135781304   0.498765842844779   0.14713476881123   0.0316518350104386   0
0.721380421144073   0.584067738932594   0.302029063331033   0.085301896087815   0
0.341564873394499   0.496065788549009   -0.379815547749574   -0.0880019503835849   0
0.197936271043207   0.487406941174369   -0.143628602351292   -0.00865884737463968   0
0.265717569607281   0.480020172728584   0.0677812985640734   -0.00738676844578473   0
0.437128836900335   0.518842286174674   0.171411267293055   0.0388221134460897   0
0.670459498184201   0.562168483639969   0.233330661283865   0.0433261974652953   0
0.384515942080546   0.473996822053569   -0.285943556103654   -0.0881716615864007   0
0.194474688520126   0.499004473048379   -0.19004125356042   0.0250076509948098   0
0.249901426040349   0.493429416126096   0.055426737520223   -0.0055750569222825   0
0.327398569096461   0.480730347592473   0.0774971430561118   -0.012699068533623   0
0.677518459907182   0.606277874960049   0.350119890810721   0.125547527367576   0
0.59700651574941   0.561851589322127   -0.0805119441577725   -0.0444262856379217   0
0.246077578592789   0.526199891513947   -0.350928937156621   -0.0356516978081796   0
0.28271664496384   0.511735494768821   0.0366390663710515   -0.0144643967451265   0
0.365499680377097   0.507491570141271   0.0827830354132568   -0.00424392462754997   0
0.698496967039972   0.61361966113631   0.332997286662875   0.106128090995039   0
0.466480883283002   0.561578567300019   -0.23201608375697   -0.0520410938362909   0
0.219668790678148   0.515825391555166   -0.246812092604854   -0.0457531757448538   0
0.277075079064358   0.508469366759729   0.0574062883862096   -0.0073560247954364   0
0.488362331841441   0.5496145827196   0.211287252777084   0.0411452159598706   0
0.779191321516282   0.596190914164626   0.290828989674841   0.0465763314450262   0
0.401972867314449   0.550904556735556   -0.377218454201833   -0.0452863574290695   0
0.325619896268348   0.547201065023854   -0.0763529710461011   -0.00370349171170248   0
0.391492579608516   0.563796659898152   0.0658726833401673   0.016595594874298   0
0.643283023120998   0.624963653152975   0.251790443512482   0.0611669932548234   0
0.856192797704355   0.645396772793136   0.212909774583357   0.0204331196401608   0
0.449278128029008   0.556193783200885   -0.406914669675346   -0.0892029895922517   0
0.327753072487505   0.522847106702096   -0.121525055541503   -0.033346676498789   0
0.350932627777527   0.538186434667857   0.0231795552900211   0.0153393279657619   0
0.636790700789168   0.619044618469105   0.285858073011642   0.0808581838012477   0
0.800791741003296   0.651718611714826   0.164001040214128   0.0326739932457208   0
0.387006305037127   0.578115287289398   -0.413785435966169   -0.0736033244254284   0
0.358071878230349   0.55396557830954   -0.0289344268067782   -0.0241497089798579   0
0.438482309727188   0.53598319267731   0.0804104314968392   -0.0179823856322296   0
0.621022159836998   0.598986917873212   0.18253985010981   0.0630037251959022   0
0.923477660596211   0.657872263138007   0.302455500759212   0.0588853452647947   0
0.511051284405978   0.565683678705072   -0.412426376190232   -0.0921885844329353   0
0.319188198155884   0.556947146208527   -0.191863086250094   -0.00873653249654449   0
0.382165575229232   0.543683740438814   0.0629773770733481   -0.0132634057697129   0
0.66608205090286   0.607018302273243   0.283916475673627   0.0633345618344285   0
0.827570550624562   0.613649189528325   0.161488499721702   0.00663088725508199   0
0.445780714064662   0.551095218397477   -0.381789836559899   -0.0625539711308482   0
0.379505626237609   0.557872053066373   -0.0662750878270528   0.00677683466889611   0
0.460276516712508   0.529428276780661   0.0807708904748992   -0.028443776285712   0
0.55084723187628   0.546989562844276   0.0905707151637714   0.0175612860636155   0
0.911596137826593   0.625946581185048   0.360748905950313   0.0789570183407718   0
0.70829053455503   0.565370748374925   -0.203305603271563   -0.0605758328101232   0
0.406552918255533   0.488464895574362   -0.301737616299497   -0.0769058528005627   0
0.424005666012625   0.48933737675944   0.0174527477570925   0.000872481185077711   0
0.52919574168847   0.489788747528873   0.105190075675845   0.000451370769433579   0
0.851308800795698   0.5766653293308   0.322113059107228   0.0868765818019266   0
0.489061017519287   0.511677873005383   -0.362247783276412   -0.0649874563254174   0
0.315472714967491   0.499612149510594   -0.173588302551795   -0.0120657234947891   0
0.414458774187687   0.489615402519988   0.0989860592201955   -0.00999674699060538   0
0.521030111359948   0.482346486520181   0.106571337172262   -0.00726891599980684   0
0.896703323599305   0.541842838430056   0.375673212239357   0.059496351909875   0
0.828750443818282   0.492350373566792   -0.0679528797810225   -0.0494924648632641   0
0.378953269751509   0.463993168607308   -0.449797174066773   -0.0283572049594841   0
0.384696424684569   0.453228477845883   0.0057431549330596   -0.0107646907614249   0
0.402238971565014   0.445644461038979   0.0175425468804452   -0.0075840168069039   0
0.70509312862785   0.537294117659304   0.302854157062836   0.0916496566203244   0
0.703111585645728   0.493673709123992   -0.00198154298212205   -0.0436204085353117   0
0.323886884437947   0.448559758550711   -0.379224701207781   -0.0451139505732809   0
0.393177095779663   0.4587709319706   0.0692902113417156   0.0102111734198883   0
0.461516782697834   0.445244033589988   0.0683396869181717   -0.0135268983806119   0
0.798645841102951   0.533696869892275   0.337129058405117   0.0884528363022879   0
0.886009268328436   0.536863936732551   0.0873634272254847   0.00316706684027557   0
0.458504894553166   0.482354031214895   -0.42750437377527   -0.054509905517656   0
0.347481948257748   0.469712049398429   -0.111022946295419   -0.0126419818164657   0
0.437275483072731   0.484335063622499   0.0897935348149831   0.0146230142240694   0
0.539477141687703   0.474667603472812   0.102201658614973   -0.009667460149687   0
0.905769077745476   0.55977934394601   0.366291936057772   0.0851117404731979   0
0.720296471408822   0.503020452540908   -0.185472606336654   -0.0567588914051016   0
0.380495027742821   0.488319752290507   -0.339801443666001   -0.0147007002504007   0
0.408445516248663   0.47307932763823   0.0279504885058421   -0.015240424652277   0
0.463624928895107   0.481481411203891   0.0551794126464443   0.0084020835656603   0
0.73469691852355   0.543415073173907   0.271071989628443   0.0619336619700162   0
0.886202968811553   0.543838693089185   0.151506050288003   0.000423619915278062   0
0.417416661233701   0.471515271593405   -0.468786307577852   -0.0723234214957796   0
0.382663928531237   0.478320813749109   -0.0347527327024632   0.00680554215570389   0
0.433959035464962   0.472249623878752   0.0512951069337244   -0.00607118987035743   0
0.641451338726961   0.511199962870844   0.207492303261999   0.0389503389920925   0
0.9346840609266   0.562003807018736   0.293232722199639   0.0508038441478916   0
0.479976059787621   0.478304150510258   -0.454708001138979   -0.0836996565084774   0
0.349815939030196   0.468782632908155   -0.130160120757425   -0.00952151760210301   0
0.43815711994427   0.469312859985522   0.0883411809140746   0.000530227077366274   0
0.581068913043128   0.504648151778336   0.142911793098858   0.0353352917928139   0
0.946960008326624   0.56883526790803   0.365891095283496   0.0641871161296941   0
0.708134125464971   0.478027557791912   -0.238825882861653   -0.0908077101161175   0
0.384458515759437   0.453599348361825   -0.323675609705535   -0.0244282094300869   0
0.435640030575054   0.445794553118362   0.0511815148156171   -0.00780479524346345   0
0.439633083658075   0.454822510463422   0.0039930530830215   0.00902795734506057   0
0.692764961517714   0.509350615476501   0.253131877859639   0.0545281050130782   0
0.949555103926802   0.56681516222258   0.256790142409088   0.0574645467460797   0
0.575060879238964   0.518303160387335   -0.374494224687839   -0.0485120018352448   0
0.374372572568144   0.48155389448067   -0.20068830667082   -0.0367492659066657   0
0.443259277592652   0.48396564539464   0.0688867050245087   0.00241175091396972   0
0.633553347871551   0.496112023959811   0.190294070278898   0.0121463785651714   0
0.948098760812548   0.557088722584877   0.314545412940998   0.0609766986250661   0
0.506988874587017   0.490336067698981   -0.441109886225531   -0.0667526548858957   0
0.407351171222927   0.491817939550297   -0.0996377033640904   0.0014818718513161   0
0.498350216023079   0.503126257880664   0.0909990448001529   0.0113083183303661   0
0.663473406847996   0.521281625590237   0.165123190824917   0.0181553677095733   0
1.04054323737135   0.602981956426973   0.377069830523349   0.0817003308367363   0
0.694834167310417   0.529993835159665   -0.345709070060929   -0.0729881212673082   0
0.39988856319456   0.499550084614646   -0.294945604115856   -0.030443750545019   0
0.489374971726961   0.507487256090486   0.0894864085324008   0.00793717147583956   0
0.533869688796187   0.491757239086015   0.0444947170692258   -0.0157300170044706   0
0.860268943795462   0.539184964351056   0.326399254999275   0.0474277252650413   0
0.872222449682419   0.512909845446059   0.0119535058869567   -0.0262751189049971   0
0.43752666008192   0.475099247566758   -0.434695789600499   -0.0378105978793007   0
0.473604374791225   0.463023881055286   0.0360777147093054   -0.012075366511472   0
0.524708170291268   0.460883513740186   0.0511037955000421   -0.00214036731510076   0
0.800935247613818   0.520181394069655   0.276227077322551   0.0592978803294697   0
0.954983766504379   0.49758515708595   0.15404851889056   -0.0225962369837049   0
0.478132710716847   0.431583115716428   -0.476851055787532   -0.0660020413695221   0
0.461638606018615   0.463833546653862   -0.0164941046982319   0.0322504309374333   0
0.531031788423829   0.465417645552089   0.0693931824052137   0.00158409889822742   0
0.834165760281967   0.544948096963601   0.303133971858139   0.0795304514115117   0
0.99602268359933   0.588896335008548   0.161856923317362   0.0439482380449471   0
0.665990764416865   0.554969671182354   -0.330031919182465   -0.033926663826194   0
0.496530932467014   0.503951450323094   -0.169459831949851   -0.0510182208592598   0
0.607786790187118   0.529438441481869   0.111255857720104   0.0254869911587745   0
0.637496806255404   0.519055095362236   0.0297100160682857   -0.0103833461196325   0
0.855403221956828   0.554003589513868   0.217906415701424   0.0349484941516316   0
1.08584040347661   0.586392029651026   0.230437181519783   0.0323884401371586   0
0.719517682256096   0.555224971188481   -0.366322721220515   -0.0311670584625449   0
0.529836121828937   0.509696675683931   -0.189681560427159   -0.0455282955045507   0
0.59922194887791   0.510793273948963   0.0693858270489727   0.00109659826503206   0
0.634333224757501   0.503174334014564   0.0351112758795912   -0.00761893993439866   0
0.68390157330526   0.515479999140122   0.0495683485477593   0.0123056651255578   0
0.967316643582777   0.576280174761808   0.283415070277517   0.0608001756216862   0
0.970151425050033   0.560982670905484   0.00283478146725591   -0.0152975038563243   0
0.604533480934809   0.519067377573712   -0.365617944115224   -0.041915293331772   0
0.542440782214981   0.51190428318339   -0.0620926987198283   -0.00716309439032192   0
0.605542471214497   0.505542948578309   0.0631016889995164   -0.00636133460508115   0
0.622494827613925   0.491929063158755   0.0169523563994278   -0.0136138854195539   0
0.690037972230377   0.48503548270642   0.0675431446164517   -0.0068935804523344   0
0.875151870363768   0.507769150504932   0.185113898133391   0.0227336677985115   0
1.08488447035262   0.526832258564811   0.209732599988855   0.0190631080598794   0
0.746963567876834   0.487806504197361   -0.337920902475788   -0.0390257543674503   0
0.498697600768464   0.442272656108763   -0.24826596710837   -0.0455338480885981   0
0.524670064731314   0.415550093826545   0.0259724639628494   -0.0267225622822183   0
0.54692337825509   0.385330671769391   0.0222533135237761   -0.0302194220571538   0
0.614667224591614   0.402692922999647   0.0677438463365247   0.0173622512302566   0
0.816190141251412   0.444590706906364   0.201522916659798   0.0418977839067161   0
1.04084758844446   0.394638912432619   0.224657447193044   -0.049951794473745   0
0.571931904119398   0.308925293632619   -0.468915684325059   -0.0857136187999993   0
0.405558708646456   0.275123315192479   -0.166373195472942   -0.0338019784401405   0
0.521260421383242   0.27282312422566   0.115701712736786   -0.00230019096681855   0
0.571384241845267   0.278714412152476   0.0501238204620241   0.00589128792681537   0
0.68403476210699   0.280816633277838   0.112650520261724   0.0021022211253629   0
0.999854744890322   0.325646370984693   0.315819982783331   0.0448297377068541   0
0.853491450808507   0.362164889401913   -0.146363294081815   0.0365185184172206   0
0.487994248742055   0.328837688938251   -0.365497202066452   -0.033327200463662   0
0.5104936063801   0.295972064180473   0.0224993576380447   -0.0328656247577782   0
0.566508219581887   0.300472081930252   0.0560146132017879   0.00450001774977893   0
0.753887341018245   0.317655446571438   0.187379121436358   0.0171833646411865   0
1.05188146753425   0.362149954374652   0.297994126516006   0.0444945078032136   0
0.741454819083597   0.327731018499165   -0.310426648450654   -0.034418935875487   0
0.475295717509047   0.306389590088338   -0.26615910157455   -0.0213414284108267   0
0.568292675903966   0.292082186017313   0.0929969583949187   -0.0143074040710248   0
0.622689585317404   0.295825908842498   0.054396909413438   0.00374372282518465   0
0.876834078861879   0.35967687840541   0.254144493544475   0.0638509695629118   0
1.07372837137966   0.339735150271064   0.196894292517778   -0.0199417281343459   0
0.630104726749459   0.3025942390927   -0.443623644630198   -0.0371409111783643   0
0.489833995432231   0.328439350770717   -0.140270731317228   0.0258451116780171   0
0.527029930938518   0.330351811600209   0.0371959355062879   0.00191246082949209   0
0.734022941034979   0.354843570783183   0.20699301009646   0.0244917591829742   0
1.02993092749478   0.406542969746742   0.295907986459798   0.0516993989635584   0
0.598000124609519   0.356862627697203   -0.431930802885258   -0.0496803420495386   0
0.529720146040802   0.337031090527302   -0.0682799785687165   -0.0198315371699009   0
0.619788506404404   0.335763747871703   0.0900683603636021   -0.00126734265559908   0
0.884570032806172   0.371747516199265   0.264781526401768   0.0359837683275616   0
1.04192892460966   0.369751396719137   0.157358891803487   -0.00199611948012779   0
0.579949389969156   0.321696977317044   -0.461979534640503   -0.0480544194020932   0
0.49157014720949   0.324975766133419   -0.0883792427596657   0.00327878881637511   0
0.542061603379874   0.323903288118136   0.0504914561703839   -0.0010724780152831   0
0.837048064719111   0.37521802219426   0.294986461339237   0.0513147340761247   0
1.0317092438536   0.389326855623175   0.194661179134485   0.0141088334289151   0
0.593120447610862   0.329323626334951   -0.438588796242735   -0.0600032292882243   0
0.527614455685515   0.359852388234482   -0.0655059919253465   0.0305287618995305   0
0.790769291027136   0.373209369164779   0.263154835341621   0.0133569809302977   0
0.976234800725364   0.405343178608275   0.185465509698227   0.0321338094434958   0
0.535650954248288   0.336252218399017   -0.440583846477076   -0.0690909602092584   0
0.598927100228736   0.339183225410014   0.0632761459804485   0.0029310070109968   0
