0.337390072441607   0   0   0
0.293292412917966   -0.0160744554994142   -0.0440976595236408   0
0.243202862959223   0.0267897751797184   -0.0500895499587429   0
0.234054064210948   -0.00467522540426889   -0.00914879874827498   0
0.146569738037052   -0.0330847386345844   -0.087484326173896   0
0.147625769460145   0.0726528958133727   0.00105603142309355   0
0.128862215757694   -0.0885146802838015   -0.0187635537024513   0
0.130566172122616   0.100218425080071   0.00170395636492163   0
0.134585178539327   -0.0467590508079027   0.00401900641671124   0
0.121973444300512   0.00155152716744816   -0.0126117342388154   0
0.131148767637338   0.0419526988923514   0.00917532333682654   0
0.131195667994374   -0.0389795901732704   4.69003570358617e-05   0
0.0642107904113475   0.0147096683200162   -0.0669848775830264   0
0.0680673391082133   0.0415635676555366   0.00385654869686573   0
0.0649173753500748   -0.065743572468288   -0.00314996375813846   0
0.146181321995501   0.0285693171289095   0.0812639466454258   0
0.097685768163753   0.00839240123112828   -0.0484955538317476   0
0.0726038324266185   -0.00569217685429363   -0.0250819357371345   0
0.084019800167964   -0.024079865869388   0.0114159677413455   0
0.0758758741218131   -0.0431877737836123   -0.0081439260461509   0
0.0394385414121821   0.00733518455341695   -0.036437332709631   0
0.0223286946119226   0.0129039748072856   -0.0171098468002595   0
0.0251747858694965   -0.00606072148250936   0.00284609125757391   0
0.0287637888099412   0.0165071055088603   0.00358900294044474   0
0.0252619563865291   0.0547364245247672   -0.00350183242341208   0
0.0152215695028675   0.000312322210108823   -0.0100403868836617   0
0.0215345566138619   -0.0292266889168591   0.00631298711099447   0
0.0940652657439105   -0.0525169138475866   0.0725307091300486   0
0.105444335829384   0.144675507453462   0.0113790700854739   0
0.116548590769569   -0.0548334595558489   0.0111042549401848   0
0.0641122709606049   0.0356808266443559   -0.0524363198089642   0
0.0859797939419489   0.0117895395744012   0.021867522981344   0
0.0982846766083223   -0.0266426951955646   0.0123048826663734   0
0.0946443239381792   0.0230642322623543   -0.00364035267014312   0
0.105134715044901   -0.0218624970578883   0.0104903911067216   0
0.109883786112659   -0.0141713455803028   0.00474907106775777   0
0.122191827850863   -0.013169486431035   0.0123080417382046   0
0.111049049206826   0.020437709121102   -0.0111427786440376   0
0.122319914737278   -0.0057990992495168   0.0112708655304525   0
0.111273026151051   0.0230566225282307   -0.011046888586227   0
0.10788827410531   0.0193242481868939   -0.00338475204574114   0
0.135632303674503   -0.0167549276438687   0.0277440295691927   0
0.143885739136307   0.0290018571730606   0.00825343546180438   0
0.142395321493519   0.094814234635374   -0.00149041764278851   0
0.172973709817952   -0.0517644903992646   0.0305783883244333   0
0.182418765189508   0.0069789965243634   0.00944505537155654   0
0.17191001758023   0.0273348667037114   -0.0105087476092784   0
0.152854730080508   0.0230767289424628   -0.0190552874997219   0
0.193795985015686   0.00362623945040452   0.0409412549351779   0
0.176254515093777   -0.0338728555358281   -0.0175414699219089   0
0.222400383162265   -0.0157568390123518   0.0461458680684883   0
0.243133705906138   -0.0179475202932552   0.0207333227438728   0
0.223336200052074   0.0525972691192838   -0.0197975058540643   0
0.214771096214231   0.0171296187628315   -0.00856510383784287   0
0.249180211545863   -0.0395331804775789   0.0344091153316319   0
0.23737985030834   -0.0176974275429291   -0.0118003612375228   0
0.222649585004447   -0.0974954614236609   -0.0147302653038932   0
0.354831078749037   0.319825722287203   0.13218149374459   0
0.334635668253389   -0.0455308726495257   -0.0201954104956472   0
0.354192760609961   -0.0227495612594034   0.0195570923565714   0
0.39321493239598   -0.0307544978280738   0.0390221717860191   0
0.392852252536485   -0.000674635268389012   -0.000362679859495063   0
0.408597186384369   0.0307041044475753   0.0157449338478839   0
0.419510188134713   0.00227692690688758   0.0109130017503445   0
0.432250569014096   0.0515776492034761   0.0127403808793831   0
0.427607221512044   0.0709682938595455   -0.00464334750205253   0
0.439071432802796   -0.0364194231346643   0.011464211290752   0
0.437100224030682   -0.132999370839829   -0.0019712087721136   0
0.451948372696207   0.10810484299273   0.0148481486655251   0
0.465293936966193   0.0111715495105719   0.0133455642699861   0
0.482581732154837   0.105240062303423   0.0172877951886433   0
0.503030908212656   -0.0268297042245838   0.0204491760578197   0
0.462198187959097   0.0365913699486691   -0.0408327202535597   0
0.481222341097387   0.0461963728456972   0.0190241531382905   0
0.520179739206068   -0.00308584273177193   0.0389573981086803   0
0.480721794603659   -0.0735495789254619   -0.0394579446024086   0
0.318924114252235   -0.0582578138169167   -0.161797680351424   0
0.351722577488669   0.199211754395302   0.0327984632364339   0
0.49739270573734   -0.131810699312084   0.145670128248672   0
0.54301078528241   0.0139487149254178   0.04561807954507   0
0.570043938901038   0.0106389153494645   0.0270331536186273   0
0.610441167147427   0.00038404088461208   0.0403972282463889   0
0.642607468656917   0.0205070075629789   0.0321663015094902   0
0.654740076690334   0.0114409633160756   0.0121326080334174   0
0.658368445603921   0.0676057904591383   0.00362836891358642   0
0.679125820987164   -0.0221716554976357   0.0207573753832436   0
0.704430492346271   0.0203374772014216   0.025304671359107   0
0.533383438562728   0.269073773677234   -0.171047053783543   1
0.419292579904534   -0.214963417811488   -0.114090858658195   0
0.664371739720364   -0.224803781406814   0.24507915981583   0
0.704255360526956   0.0463990532024486   0.0398836208065922   0
0.709942934835033   -0.0408826040769433   0.0056875743080772   0
0.708054770969035   -0.0168525514211205   -0.0018881638659981   0
0.739207965428784   -0.00828869054866566   0.0311531944597493   0
0.725108849607004   0.0585465587816656   -0.0140991158217801   0
0.747830106901547   0.0542395037057516   0.0227212572945434   0
0.756641458008886   0.0278006871095225   0.00881135110733833   0
0.769179516749179   -0.0578642409455301   0.0125380587402928   0
0.774151323448273   -0.0212309113256204   0.00497180669909436   0
0.700020946314626   -0.166603487906075   -0.0741303771336467   0
0.775908919346667   -0.0111674708485868   0.0758879730320405   0
0.785493061043007   0.0675130595600538   0.0095841416963397   0
0.812474160077078   0.0198033044641621   0.026981099034071   0
0.831496664143707   -0.0109048313416446   0.0190225040666295   0
0.844404410604949   0.0149150668825509   0.0129077464612424   0
0.84392251299347   0.0902929026741208   -0.000481897611479765   0
0.843911703098808   -0.00863664514136353   -1.08098946620672e-05   0
0.875810053840158   -0.0222437785198952   0.0318983507413502   0
0.869501316898124   0.113132140208191   -0.00630873694203338   0
0.794713944833141   -0.239926374797643   -0.0747873720649836   0
0.903437857143334   0.104724734251335   0.108723912310194   0
0.782617525886127   -0.0711032003046004   -0.120820331257207   0
0.853948913044617   0.165375315574451   0.0713313871584896   0
0.904810796702168   0.0073805478259924   0.0508618836575517   0
0.922945219557403   -0.0621798811923749   0.0181344228552346   0
0.881151590150845   0.135056985198127   -0.041793629406558   0
0.872159224063433   0.0218083897242728   -0.00899236608741172   0
0.888570112330143   -0.0992590857802588   0.0164108882667096   0
0.789432144520428   0.0131999630775135   -0.0991379678097148   0
0.685249299856585   -0.0443172488630599   -0.104182844663843   0
0.752719841074094   -0.0480398524998334   0.0674705412175094   0
0.788197003657265   -0.0404095757350342   0.0354771625831705   0
0.827289254548294   0.0138509038594794   0.0390922508910297   0
0.822268594798129   -0.00640051562577892   -0.00502065975016519   0
0.903070620160197   -0.0590707688946537   0.0808020253620677   0
0.869848490827621   0.0959792542550147   -0.0332221293325758   0
0.867759126233749   0.000761551594927856   -0.00208936459387199   0
0.896535193025083   -0.0412834058845459   0.0287760667913336   0
0.767962432120558   0.0825337814174512   -0.128572760904525   0
0.67538137828193   0.143604231146797   -0.0925810538386274   1
0.787635339273353   -0.0635863918411658   0.112253960991423   0
0.807785796372405   -0.231773025604426   0.0201504570990517   0
0.908869313289595   0.0129229684326559   0.10108351691719   0
0.892392661416677   0.0796865976109243   -0.0164766518729179   0
0.931396706506551   0.0185179772986301   0.0390040450898738   0
0.950011919824694   0.00146925666576092   0.0186152133181429   0
0.973960272445571   -0.0240193422873533   0.023948352620877   0
0.984942218056471   -0.000790016098222379   0.0109819456108999   0
1.00943194785297   -0.0114671381102898   0.0244897297965038   0
1.00887035771781   0.013059185212928   -0.000561590135165213   0
1.03134415501032   0.0158948405853866   0.0224737972925118   0
1.03282226255743   0.0103507960977508   0.00147810754710975   0
1.01345339267008   -0.000378431267570978   -0.0193688698873482   0
1.0399754653743   0.0596359907208054   0.0265220727042217   0
1.06207072759633   0.11392802062075   0.0220952622220267   0
1.07506623082731   -0.068455585130471   0.0129955032309841   0
1.05271421145354   0.117729367339083   -0.0223520193737741   0
1.07866607700159   -0.0387366949265845   0.0259518655480493   0
1.08589920015856   0.0423726162703125   0.00723312315696978   0
1.06726757636697   0.0643979697238596   -0.0186316237915916   0
1.10705928172479   -0.115288435100603   0.0397917053578183   0
1.07745904565614   0.13721983136698   -0.0296002360686418   0
1.0798227427181   -0.0326294387465055   0.00236369706195982   0
1.11487450668775   -0.0572146102160043   0.0350517639696437   0
1.12452533518725   -0.0790306014521828   0.00965082849950294   0
1.11398516248748   0.0976067589322138   -0.0105401726997745   0
1.1149894599911   0.0117049475842245   0.00100429750362552   0
1.12494007727256   0.0352476871985059   0.00995061728146096   0
1.11526518058755   0.0176709513240388   -0.00967489668501709   0
1.21053639324568   -0.300696489862213   0.0952712126581299   0
1.15305835152219   0.332772187137371   -0.0574780417234892   0
1.1273464025973   -0.0491336826354056   -0.0257119489248916   0
1.12551438763086   -0.0364859351422315   -0.00183201496643837   0
1.10861214080485   0.0695018274450345   -0.0169022468260112   0
1.11932654942562   0.00403741002447866   0.0107144086207733   0
1.45269100268725   -0.578363638047431   0.333364453261635   1
1.10517893196032   0.232213468741765   -0.347512070726935   1
1.226120405338   0.0608138024346099   0.120941473377685   0
1.13832968355792   0.031978728904729   -0.0877907217800882   0
0.904810801753051   -0.0675774596528516   -0.233518881804865   0
1.03166341094074   0.14969677045132   0.126852609187692   0
1.13014552566644   -0.157992656443989   0.0984821147256956   0
1.11556019421242   -0.129405407440034   -0.0145853314540203   0
1.07035780132183   -0.161993087283179   -0.0452023928905896   0
1.10280700099065   -0.0250451317945752   0.0324491996688245   0
1.19591850284457   -0.00130819331923965   0.093111501853917   0
1.15865181811287   0.0856652472247387   -0.0372666847317049   0
0.987431685301444   0.53248103139683   -0.171220132811422   1
1.170469602478   -0.0993472749146195   0.183037917176553   0
1.20421269306599   -0.227836570553127   0.0337430905879954   0
1.27789102699771   -0.155014939082891   0.0736783339317129   0
1.28213055876732   0.1003749160075   0.00423953176961467   0
1.33268287503254   -0.118847712814045   0.0505523162652213   0
1.36593045530327   -0.0272264654161868   0.0332475802707293   0
1.28857849526144   0.138610322183239   -0.0773519600418258   0
1.30817380458351   -0.0234888708296945   0.0195953093220669   0
1.34261618848593   -0.0641705456532823   0.0344423839024233   0
1.3317982794456   0.0203975149958871   -0.0108179090403391   0
1.25357159311355   -0.0366296247540932   -0.0782266863320433   0
1.07002162384715   0.0827988690840327   -0.183549969266399   0
1.14149704686707   0.58458426785191   0.0714754230199197   1
1.20474693159082   -0.288995053853994   0.0632498847237482   1
1.26983251845667   -0.0573174113766741   0.0650855868658449   0
1.31237825942304   -0.0810307576825273   0.0425457409663745   0
1.35141375834642   -0.163972134216345   0.0390354989233803   0
1.38556027364682   0.0808219794048008   0.0341465153003986   0
1.37133098061445   -0.00891652789399211   -0.014229293032366   0
1.32553465673525   0.0853589871113759   -0.0457963238791992   0
1.21895985812341   0.0072762988127163   -0.106574798611842   0
1.37502881917253   0.0608020430098589   0.156068961049117   0
1.42764883522174   -0.137673111609587   0.0526200160492141   0
1.45908199145936   -0.153618539285609   0.0314331562376127   0
1.42450067627546   0.126463815232573   -0.0345813151838936   0
1.44166880698524   -0.012594452048089   0.0171681307097791   0
1.44618019053816   0.0605908455453972   0.00451138355292269   0
1.45288544932705   -0.000949504101750875   0.00670525878888095   0
1.46393673032384   -0.000734130679536205   0.0110512809967931   0
1.49882795833711   3.15317351904376e-05   0.0348912280132756   0
1.46574414695616   0.0601844765587273   -0.0330838113809508   0
1.46099484463883   -0.0173187349055597   -0.00474930231732906   0
1.49756982788992   -0.063095403745134   0.036574983251088   0
1.47594051424761   0.0512191846113688   -0.0216293136423116   0
1.48285985641446   0.0440767007187522   0.0069193421668452   0
1.47864002308752   0.0268174156547242   -0.00421983332693943   0
1.51346936440327   -0.067890849922848   0.0348293413157577   0
1.52668383035224   -0.0453598075339771   0.0132144659489701   0
1.52905513373627   0.0476717821676257   0.00237130338402847   0
1.52131012259968   -0.048458118567744   -0.00774501113659354   0
1.48359581579898   -0.135528471817034   -0.037714306800696   0
1.47312684197467   0.139772859672227   -0.0104689738243176   0
1.30143368254034   -0.230702753113976   -0.171693159434329   1
1.0922335502388   0.398907529793865   -0.209200132301538   1
1.22977754309763   0.163950323099148   0.137543992858834   1
1.27034536502953   -0.0601691318119328   0.0405678219318932   0
0.82467291246242   -0.047901481423441   -0.445672452567106   1
0.698414948423392   0.52485091306078   -0.126257964039027   1
0.609724117153406   0.503804410385824   -0.0886908312699868   1
0.849485544641579   -0.479075835492479   0.239761427488173   1
0.858180049272878   -0.230536894814794   0.00869450463129962   1
0.92279696071319   -0.0644556189840793   0.064616911440311   0
0.88846945890461   -0.312628951871068   -0.0343275018085797   0
1.01885662586659   0.126990458467805   0.130387166961979   0
1.03733726282752   -0.0355713631281053   0.0184806369609356   0
1.02814173094435   0.0300564589722392   -0.00919553188317157   0
1.02947315687989   0.00953729920198498   0.00133142593553903   0
1.06852500433565   -0.117347133038623   0.0390518474557577   0
1.10194816928259   0.103376613579037   0.0334231649469399   0
1.12740624806112   -0.0550361947124077   0.0254580787785297   0
1.1515482649759   0.00276642063117216   0.0241420169147784   0
1.10936353302468   -0.0478343350677113   -0.0421847319512174   0
0.971323375090912   -0.0676725453860826   -0.138040157933768   0
1.03110610471389   0.30594754087884   0.0597827296229776   1
1.11833106793527   -0.374382790718468   0.0872249632213844   1
1.1887751040058   -0.0426417814761878   0.0704440360705259   0
1.20085980017704   0.044468183960264   0.0120846961712442   0
1.22614720170388   0.0133502782641646   0.0252874015268338   0
1.28218911841623   -0.0141782966773082   0.0560419167123565   0
1.31913738438212   0.00419668646786797   0.0369482659658857   0
1.29127493721283   0.0385498082261185   -0.0278624471692892   0
1.25319184444561   -0.115723386400082   -0.0380830927672167   0
1.16458030846589   -0.128914262089213   -0.0886115359797273   0
1.20880540983123   0.225444673790319   0.0442251013653441   0
1.24621923060561   -0.00861554822235955   0.0374138207743839   0
1.25126464336816   -0.0299701632359087   0.00504541276254589   0
1.24738451901288   -0.0179322488309179   -0.0038801243552784   0
1.27603946297225   -0.0138213074840109   0.0286549439593646   0
1.28575185503074   -0.000828407195927916   0.00971239205849739   0
1.3202028924048   -0.118050818850583   0.0344510373740559   0
1.30277147960272   0.125796749809629   -0.0174314128020843   0
1.30501195103005   -0.0521717813577066   0.00224047142733097   0
