0.185786647322271   0   0   0
0.142921444559765   0.0206012068174676   -0.0428652027625062   0
0.120384784306708   0.0147765781133001   -0.0225366602530575   0
0.111029878711813   -0.0344218382744124   -0.00935490559489416   0
0.12540688979478   -0.0515791155714222   0.0143770110829662   0
0.0907817269349399   0.0546358607209187   -0.0346251628598397   0
0.105794156036617   -0.0267894047354407   0.0150124291016767   0
0.0435504080465958   0.0524610095045859   -0.0622437479900208   0
0.0590673380545882   0.00326305737513877   0.0155169300079923   0
0.0653033563865021   -0.0403071859967986   0.00623601833191388   0
0.0311478465918994   0.0868456438674595   -0.0341555097946026   0
0.0734351292298175   -0.107935734994903   0.0422872826379181   0
0.0412688246501218   0.032602229910609   -0.0321663045796958   0
0.0345808302330207   0.0344052523265982   -0.00668799441710105   0
0.0199449931253435   0.00549628786731102   -0.0146358371076772   0
0.0237540301549548   0.0095389158642542   0.00380903702961124   0
0.0288607252923415   -0.0782415634681265   0.00510669513738674   0
0.0313293137092488   0.0833266680302382   0.00246858841690731   0
0.0429056266853778   -0.115518093102499   0.011576312976129   0
0.0520447970200192   0.137190815629401   0.00913917033464143   0
0.0648893652042459   -0.164592294482214   0.0128445681842267   0
0.0373796725768498   0.0636754395060884   -0.0275096926273961   0
0.0455136761923545   0.0544701947546763   0.00813400361550469   0
0.0516705299634376   -0.0365434437522424   0.00615685377108304   0
0.0473045255390647   0.0681762833094076   -0.00436600442437286   0
0.0469901706022121   -0.0793159397860647   -0.000314354936852598   0
0.0335294638088279   0.0490209780469152   -0.0134607067933842   0
0.0582452059425066   -0.0743262507673406   0.0247157421336787   0
0.0650116422660011   0.0351286069360951   0.00676643632349454   0
0.0678862985953903   0.0356982826045226   0.00287465632938926   0
0.0593047795514198   -0.0338150264304646   -0.00858151904397055   0
0.0689287176872057   -0.00162473078060568   0.00962393813578587   0
0.0750185822058109   0.0117542915693163   0.00608986451860519   0
0.071587481068969   -0.033656419037691   -0.00343110113684184   0
0.0709940929628304   0.0494073558945555   -0.000593388106138654   0
0.0956887273388172   0.0979293830284943   0.0246946343759868   0
0.0838428811389196   -0.111658569244713   -0.0118458461998976   0
0.0924587845487518   -0.0841353284651983   0.00861590340983218   0
0.0874222280531387   0.0664306113432906   -0.00503655649561303   0
0.0757866731231983   0.0140930925775483   -0.0116355549299405   0
0.0826548566386301   -0.0188488297843165   0.00686818351543189   0
0.0991932386755897   0.0792275436986568   0.0165383820369596   0
0.0837029892424697   -0.0942124482656974   -0.01549024943312   0
0.0934067796519744   0.088588369946273   0.00970379040950468   0
0.0926814814600522   -0.0938379369316818   -0.0007252981919222   0
0.0984193587613865   0.0760410716053075   0.00573787730133428   0
0.105961273484703   -0.0851497347400659   0.0075419147233164   0
0.109641268034668   0.0656438935940705   0.00367999454996551   0
0.116103653520249   0.0182106181101725   0.00646238548558049   0
0.109578062385908   -0.0743935495651007   -0.00652559113434065   0
0.12221234733242   0.0918112433294813   0.0126342849465115   0
0.112380522834253   -0.117500978196694   -0.009831824498167   0
0.114545105995411   0.0407165753923469   0.00216458316115853   0
0.125304826082238   0.0848457203672186   0.0107597200868271   0
0.11506364037675   -0.0768000030767963   -0.0102411857054886   0
0.110818769099598   0.053196105686506   -0.00424487127715185   0
0.126579478942086   0.00390181178188095   0.0157607098424881   0
0.124794213221207   -0.0839380689222539   -0.00178526572087931   0
0.129538451015519   0.0959899284197705   0.00474423779431224   0
0.11630146389514   -0.112794656545912   -0.0132369871203792   0
0.124082061811932   0.0915559299461628   0.00778059791679177   0
0.136001446870061   -0.00997042006512913   0.0119193850581294   0
0.125978383489986   -0.0189336548840597   -0.0100230633800748   0
0.137958603129707   0.0235212244697673   0.0119802196397209   0
0.144938534588804   -0.00456590136181187   0.00697993145909725   0
0.153431487519674   -0.0505242164651729   0.00849295293087016   0
0.145993613888588   0.053671220653368   -0.00743787363108678   0
0.154265041186427   -0.0365561844484907   0.00827142729783933   0
0.141691131658795   0.0341645667811977   -0.0125739095276319   0
0.158434988337488   0.00817258040508662   0.016743856678693   0
0.151599406322221   -0.054751522887544   -0.00683558201526666   0
0.155938886659967   0.0352362262802039   0.00433948033774542   0
0.15627459522024   0.00249370423566569   0.000335708560273568   0
0.158964012274791   -0.036216950207493   0.00268941705455084   0
0.167985003527845   0.103660817013953   0.00902099125305345   0
0.16266093226402   -0.0743557471627622   -0.00532407126382503   0
0.171285245204454   -0.0156726539247844   0.0086243129404345   0
0.170353200964203   0.051297818257721   -0.000932044240251617   0
0.164677800973598   -0.0739323017740153   -0.00567539999060443   0
0.166998992741723   0.0500397437068057   0.00232119176812468   0
0.179642262585256   -0.0106483622945105   0.012643269843533   0
0.172612105041188   -0.0189396535120063   -0.00703015754406816   0
0.204195001254316   0.153325865425423   0.0315828962131281   0
0.151579885552965   -0.137453703300371   -0.0526151157013507   0
0.154472826162079   -0.0494488464990179   0.00289294060911433   0
0.163053639012596   0.0379791064232971   0.00858081285051668   0
0.15914373348486   0.0190655730727932   -0.00390990552773654   0
0.169986895466239   0.00114580052084773   0.0108431619813792   0
0.176579719144074   0.00470323899533776   0.00659282367783504   0
0.170212178128505   0.0868922504385256   -0.00636754101556858   0
0.179067545228051   -0.12335974630817   0.00885536709954549   0
0.180901348199094   0.047647188998833   0.00183380297104369   0
0.180897021573049   -0.00335989429814101   -4.32662604585299e-06   0
0.184708406204888   -0.0241822790345773   0.00381138463183966   0
0.181898650957752   0.0240186721148391   -0.00280975524713648   0
0.190901180156122   -0.0425366477723733   0.00900252919836986   0
0.196268397980928   0.0441685840244818   0.00536721782480654   0
0.21194288308174   -0.0144646763706905   0.0156744851008116   0
0.211774752063366   -0.0226434306129281   -0.000168131018374124   0
0.208814707286149   0.0345465390274633   -0.00296004477721684   0
0.201600633332959   0.00470350961684141   -0.00721407395319024   0
0.213939132977116   0.0165169827670032   0.0123384996441571   0
0.210528254243938   -0.0486788683699615   -0.00341087873317816   0
0.221345127721958   0.0696021437744444   0.0108168734780207   0
0.242549494337238   -0.0506345956372695   0.0212043666152801   0
0.231936553944177   -0.0184268143474831   -0.0106129403930616   0
0.238319703594772   0.00931846973680139   0.00638314965059533   0
0.23921032651675   0.0423248603051556   0.000890622921977641   0
0.239839972482174   -0.0522122998782422   0.000629645965424364   0
0.240561804246331   0.00704711364304653   0.000721831764156744   0
0.259184668749909   0.0546288982270768   0.0186228645035781   0
0.248164301899971   -0.0533057250182902   -0.0110203668499378   0
0.254397941738922   0.0241173678020099   0.00623363983895101   0
0.253161564210486   -0.0269985200150207   -0.00123637752843614   0
0.269862494185928   0.10432260152804   0.016700929975442   0
0.260905710009383   -0.123320096582341   -0.0089567841765455   0
0.27277070287881   0.100200747257333   0.0118649928694274   0
0.262634786288393   -0.114869552617702   -0.0101359165904166   0
0.280495637977224   0.105267345568906   0.0178608516888309   0
0.265980394007716   -0.088862636229038   -0.0145152439695079   0
0.277519055734016   0.107614281383951   0.0115386617262999   0
0.275378814209627   -0.109785827924572   -0.00214024152438963   0
0.280856444274918   0.117200532367247   0.00547763006529123   0
0.288341743088388   -0.108958553298275   0.00748529881347026   0
0.301501285753892   0.107800634152301   0.0131595426655038   0
0.307933338152107   -0.0681678348125764   0.00643205239821526   0
0.296201996821848   -0.0294467342718122   -0.0117313413302593   0
0.319109193426404   0.0882910703870605   0.022907196604556   0
0.303129729563103   -0.103321767210968   -0.0159794638633008   0
0.321163662541001   0.0695510226710069   0.018033932977898   0
0.313697395539475   -0.0689504048225612   -0.00746626700152575   0
0.355861811541362   0.186842114239618   0.0421644160018869   0
0.31468295851857   -0.200254754316786   -0.0411788530227923   0
0.309543231232731   0.0198676904109021   -0.00513972728583889   0
0.309506070389984   0.00406335065533284   -3.71608427465753e-05   0
0.311212973466724   0.0202142151048604   0.00170690307673976   0
0.304593339484385   0.00721505585842822   -0.00661963398233895   0
0.291070122532784   -0.0331117469570587   -0.0135232169516011   0
0.313524743639158   0.0691569359586686   0.0224546211063742   0
0.314684210158374   -0.0755903677088561   0.00115946651921606   0
0.319781036490596   0.0559462263183546   0.00509682633222169   0
0.317519760863792   -0.051388911176985   -0.00226127562680367   0
0.341948648359297   0.156276602520046   0.0244288874955043   0
0.33525548167517   -0.16971444894765   -0.00669316668412706   0
0.334812730932532   0.0457369709194335   -0.000442750742637776   0
0.325742457939935   -0.030537587562768   -0.00907027299259738   0
0.33385128664609   0.0496683244110466   0.00810882870615587   0
0.32062017739492   -0.0469087045783521   -0.0132311092511703   0
0.346441155403411   0.0881547122013163   0.0258209780084905   0
0.336250263780566   -0.088892400352335   -0.0101908916228448   0
0.348921538784151   0.101584693446597   0.0126712750035856   0
0.33908791331084   -0.107362028920792   -0.0098336254733109   0
0.339116276981067   0.0575422368717287   2.83636702269607e-05   0
0.350044620700347   -0.048692862612092   0.0109283437192799   0
0.339952459485514   0.0157789770272053   -0.0100921612148334   0
0.347469112495989   -0.0155985386162365   0.00751665301047477   0
0.347509800658197   0.0146160974832834   4.06881622085908e-05   0
0.344176202596141   -0.0115432621710959   -0.00333359806205608   0
0.357400223716004   0.223581151569243   0.0132240211198633   0
0.29273143041831   -0.290154641253971   -0.0646687932976942   0
0.28204681405265   0.0429347484187398   -0.0106846163656605   0
0.2751772568482   0.0179192416036524   -0.00686955720445015   0
0.289518382578292   0.0320150205098857   0.0143411257300919   0
0.320216464317889   0.0179563330195182   0.0306980817395976   0
0.332156324474636   0.010601001668765   0.0119398601567473   0
0.341269629742745   0.0344010975155252   0.00911330526810816   0
0.333018172159568   -0.118983285361819   -0.00825145758317619   0
0.330287626338393   0.0388572699707873   -0.00273054582117538   0
0.339564039145048   0.00905705229816769   0.00927641280665537   0
0.341124846994836   -0.0429160755688091   0.00156080784978713   0
0.335015692386193   0.0833606600183495   -0.00610915460864297   0
0.332919148601428   -0.0780236468141406   -0.00209654378476415   0
0.362152738339433   0.137200408632702   0.0292335897380047   0
0.348922951445588   -0.121268059302326   -0.0132297868938454   0
0.361249608336812   0.0979639225073339   0.0123266568912242   0
0.364556262811037   -0.0891893226056405   0.00330665447422518   0
0.367733940342063   0.0665259779511779   0.00317767753102599   0
0.359844274131881   -0.0658988952700633   -0.00788966621018261   0
0.37976710075782   0.0944431363377421   0.0199228266259392   0
0.372065969924018   -0.102127027094111   -0.00770113083380214   0
0.376191069561068   0.0895003138842193   0.00412509963705004   0
0.37966951859051   -0.0958374801908687   0.00347844902944283   0
0.375404913154117   0.0416330789626649   -0.00426460543639368   0
0.399186655839408   0.0296438864557416   0.0237817426852913   0
0.393383110237654   -0.0576182428116068   -0.00580354560175433   0
