0.328499256566115   0   0   0
0.278929121900892   -0.00208378129564252   -0.0495701346652229   0
0.25932222708933   -0.0322686044131629   -0.0196068948115618   0
0.233834831462488   0.040871208909207   -0.0254873956268423   0
0.23365890423847   0.00197639394474174   -0.00017592722401763   0
0.207375448523451   0.00609396333069465   -0.0262834557150189   0
0.219062165435978   -0.00753990975739927   0.0116867169125274   0
0.209721628337309   0.0134314348086723   -0.00934053709866914   0
0.199981246008826   -0.0355844573139408   -0.00974038232848348   0
0.207176920500698   0.0169679570784216   0.00719567449187208   0
0.207555998706975   -0.0197852416087129   0.000379078206277556   0
0.19474278085458   -0.00828727397225437   -0.0128132178523954   0
0.19455863126825   -0.00592566989904181   -0.000184149586329702   0
0.1869596463544   -0.013284539741757   -0.00759898491384989   0
0.177536581575798   -0.0131213788739904   -0.00942306477860241   0
0.171228198602552   0.0276478169181658   -0.00630838297324604   0
0.159674610218813   0.00503012295474449   -0.0115535883837386   0
0.0863917999326614   0.00604892197344949   -0.073282810286152   0
0.068095647944409   -0.0121386962718881   -0.0182961519882524   0
0.05107050745817   0.0117013488107538   -0.017025140486239   0
0.0579177510011516   -0.0329427169858302   0.0068472435429816   0
0.0491009719603278   0.0108201014160553   -0.00881677904082381   0
0.0543384480777782   0.00347041725495154   0.00523747611745039   0
0.0457364660347889   0.0078408007570237   -0.00860198204298929   0
0.0458852378391068   0.00711208388290768   0.000148771804317882   0
0.0608233867017369   -0.0157365478280554   0.0149381488626301   0
0.0657776365326773   -0.0103180766907234   0.00495424983094037   0
0.0809035474486685   -0.0153270481408015   0.0151259109159912   0
0.0827540931590396   0.00367466342131068   0.00185054571037103   0
0.0811016565356097   0.00621857596956927   -0.00165243662342988   0
0.0952291199030265   -0.016713198970024   0.0141274633674168   0
0.119622825526402   0.0207497173158557   0.0243937056233754   0
0.121440414943937   0.0168774509591062   0.00181758941753474   0
0.138897017310029   0.00343865396171632   0.0174566023660923   0
0.141189320867878   -0.0296694118213072   0.0022923035578486   0
0.14609945252447   0.0268125525041187   0.00491013165659285   0
0.173274738248511   -0.00378461738772302   0.0271752857240405   0
0.176708156775572   -0.00154734960096491   0.00343341852706064   0
0.188278154679453   0.00622714292735732   0.0115699979038813   0
0.213548105050349   0.0160761017024019   0.0252699503708963   0
0.223821688921365   0.00578317736961251   0.0102735838710162   0
0.230659406098201   0.010120001734555   0.00683771717683596   0
0.24102322533506   -0.0014192280838365   0.0103638192368583   0
0.255786788451437   0.0172592153091232   0.0147635631163769   0
0.251343277664795   0.0114869005132858   -0.00444351078664118   0
0.26688899671968   0.0193702725046427   0.0155457190548842   0
0.27753245280291   0.00423251424505908   0.0106434560832308   0
0.279544878440449   -0.00796600943574644   0.00201242563753823   0
0.285006964800067   -0.000595919805587375   0.00546208635961881   0
0.268876158629958   -0.0890203826283797   -0.0161308061701092   0
0.268823389853697   0.0439768655881086   -5.27687762617579e-05   0
0.240705416008469   -0.0492406868485981   -0.0281179738452278   0
0.246395527307544   0.00921206660671983   0.00569011129907493   0
0.246911631605571   0.0302689660085438   0.00051610429802687   0
0.255215206682267   0.028980581756653   0.00830357507669693   0
0.274700098994599   0.0160914045122822   0.0194848923123315   0
0.278851689818087   0.00384601308729893   0.00415159082348782   0
0.267619663480605   -0.00594409016897632   -0.0112320263374814   0
0.284135358023135   0.0526159934061797   0.0165156945425293   0
0.285209104901886   -0.0205597812096704   0.00107374687875122   0
0.285677573752937   -0.0156207832360076   0.000468468851051451   0
0.263578613857299   -0.0168561338650892   -0.0220989598956386   0
0.26103822895146   -0.00417948018588682   -0.00254038490583847   0
0.286130104369608   0.0364902664589988   0.0250918754181472   0
0.289472616989177   -0.000527488589969538   0.00334251261956903   0
0.284712073778058   0.0117737885354349   -0.00476054321111896   0
0.289472616989177   -0.0096026073768283   0.00476054321111896   0
0.296467246645076   0.0332452794288278   0.00699462965589975   0
0.303371005921398   -0.0103605262061864   0.00690375927632175   0
0.302536117525796   0.0202768384735706   -0.000834888395601641   0
0.309832236646258   -0.00959683389642474   0.00729611912046207   0
0.320272239493903   8.5991906003946e-05   0.0104400028476446   0
0.321314301526266   0.00944892815557061   0.00104206203236346   0
0.331731765335826   0.0209103691040074   0.0104174638095595   0
0.340031429336853   0.00309998406210921   0.00829966400102722   0
0.359491361359174   0.00329308223119334   0.0194599320223212   0
0.356078603542006   0.00792184172443117   -0.00341275781716877   0
0.363963183241411   0.0125550368807588   0.00788457969940548   0
0.374321821402246   0.0258838670966979   0.0103586381608349   0
0.392096140249598   0.000616534212206921   0.0177743188473519   0
0.395952441102875   -0.0134757262656188   0.00385630085327687   0
0.387002482117958   0.00658452649626862   -0.00894995898491729   0
0.38553206380129   0.00640853815694187   -0.00147041831666744   0
0.395968702300736   0.000138788486457819   0.0104366384994464   0
0.405537201300284   0.0294361414623043   0.00956849899954737   0
0.416268886758913   -0.000648201308115992   0.0107316854586287   0
0.42550395766084   -0.0265805545373984   0.00923507090192777   0
0.409629279339185   0.0308256476198357   -0.0158746783216555   0
0.412127418200603   0.023895355921726   0.00249813886141853   0
0.429921754210356   -0.0159776173294489   0.0177943360097529   0
0.429417770058347   -0.0205188716332644   -0.00050398415200964   0
0.411209678151512   -0.0249701755320674   -0.0182080919068347   0
0.408797037875243   0.0322798154505696   -0.00241264027626942   0
0.386618705156802   -0.00539988305630662   -0.0221783327184402   0
0.391787306488996   0.0307721428134441   0.0051686013321936   0
0.401129573859024   -0.0501254021073497   0.00934226737002825   0
0.371322112686061   -0.119157938618017   -0.0298074611729629   0
0.395858418083792   0.0580486723229749   0.0245363053977309   0
0.408741567232185   0.0330664301927966   0.0128831491483924   0
0.398445442440054   0.0102671490149223   -0.010296124792131   0
0.388330806351312   -0.0177979476076623   -0.0101146360887419   0
0.399222150810435   0.0310930530035332   0.0108913444591236   0
0.404675003660125   -0.00111300447320278   0.00545285284969005   0
0.386425511479573   -0.00395528046843518   -0.0182494921805519   0
0.404898264805185   0.0511965386691425   0.0184727533256119   0
0.430605002594361   0.025966645984904   0.025706737789176   0
0.457219476762596   -0.00684133080669375   0.0266144741682351   0
0.449981698236362   0.0241620917588515   -0.0072377785262342   0
0.552046320557979   0.236906037832371   0.102064622321616   0
0.381150416728422   -0.262969541862223   -0.170895903829556   0
0.425252622760284   0.0235085774149327   0.0441022060318612   0
0.454533007652085   0.0143629121456059   0.0292803848918011   0
0.457934666619049   -0.0050993504459439   0.00340165896696476   0
0.463762722237622   0.0167724984128872   0.00582805561857286   0
0.45640062118138   -0.0158938814221266   -0.0073621010562418   0
0.486240286916099   0.0446801936801322   0.0298396657347183   0
0.482137088865034   -0.0293012935839413   -0.00410319805106441   0
0.458687560085566   -0.0712039842384266   -0.0234495287794681   0
0.51069679196393   0.247328014777968   0.0520092318783642   0
0.446133303145203   -0.0495331740513961   -0.064563488818727   0
0.422541480925199   -0.0744364345939557   -0.0235918222200048   0
0.425149618450082   -0.0758038729633597   0.00260813752488304   0
0.440120464034848   0.0846027879994036   0.0149708455847664   0
0.396134341653498   -0.089854160786581   -0.0439861223813504   0
0.457361272351792   0.138709794536751   0.0612269306982943   0
0.462986882357883   -0.0378329927523424   0.0056256100060913   0
0.517814527391555   0.0245619450116299   0.0548276450336722   0
0.531138479454972   -0.00552451003286447   0.0133239520634169   0
0.529710029361102   0.000619236360905551   -0.00142845009386994   0
0.542556960797426   0.0130345151571776   0.0128469314363241   0
0.535768466641599   -0.0134267562921578   -0.00678849415582761   0
0.568501538760002   0.0311642339143922   0.0327330721184032   0
0.5286659760614   -0.0269896492035045   -0.0398355626986022   0
0.547858296393157   0.039253298168437   0.0191923203317574   0
0.560344737621906   0.00322107920218606   0.0124864412287486   0
0.5543846610807   -0.00929954548984602   -0.00596007654120601   0
0.545687749150155   -0.00028635855141268   -0.00869691193054489   0
0.578482833662331   0.0584208530174496   0.0327950845121759   0
0.529718891434705   -0.0520710173925749   -0.0487639422276261   0
0.565771450131809   0.0375609406250096   0.0360525586971043   0
0.565087158196415   0.0169645833277604   -0.00068429193539421   0
0.562211909456579   0.000128282814235159   -0.00287524873983591   0
0.562148601093385   -0.0189995919929548   -6.33083631936815e-05   0
0.556712686433721   0.012108035705752   -0.00543591465966475   0
0.577885402799076   -0.00372994232085766   0.0211727163653552   0
0.578472820391384   -0.00160730992623426   0.000587417592308404   0
0.571097488445274   -0.00449593738084642   -0.00737533194611006   0
0.586456392737346   0.0117193589417653   0.0153589042920718   0
0.596835025154565   -0.00634804658638299   0.0103786324172189   0
0.57055636767238   -0.0320047651327764   -0.0262786574821848   0
0.593617179604467   0.0579371564378154   0.0230608119320875   0
0.581752556196576   -0.0499309367679216   -0.0118646234078917   0
0.5698944373231   -0.0171221939405404   -0.011858118873476   0
0.58316631831108   0.0496108011843699   0.0132718809879804   0
0.583383748636136   -0.0147730822159043   0.000217430325055723   0
0.583541691160752   0.00759752718032602   0.000157942524615762   0
0.561494351995191   -0.0126552968179151   -0.0220473391655602   0
0.59408725948719   0.0264903472540599   0.0325929074919987   0
0.598260229318522   0.0153734227842396   0.00417296983133142   0
0.603005660738355   0.00904500903316885   0.00474543141983341   0
0.583000060743993   -0.0301529555140012   -0.0200055999943616   0
0.605998531969344   0.0374687561208555   0.0229984712253506   0
0.587546451418737   -0.0127336494685263   -0.0184520805506072   0
0.58771306335256   -0.0211813876140358   0.000166611933822947   0
0.588450860825694   0.0238768360424507   0.000737797473134072   0
0.561225773207628   -0.0573636087122937   -0.0272250876180656   0
0.561022131548525   0.0198110275490642   -0.000203641659103582   0
0.568854668788303   0.0117457331398471   0.00783253723977873   0
0.55480608977732   -0.0220974393859646   -0.0140485790109829   0
0.552614231916352   0.0161602778152201   -0.00219185786096809   0
0.547453969858197   0.00209750763682626   -0.00516026205815501   0
0.537668467351862   -0.0376277383300239   -0.00978550250633559   0
0.538813092413689   0.473191450542649   0.00114462506182722   0
0.455245911909105   -0.152975813658908   -0.083567180504584   0
0.455879557946844   -0.247704791785343   0.000633646037739244   0
0.503886913675579   0.109030141975305   0.0480073557287344   0
0.524709971389433   -0.0461500591226737   0.0208230577138548   0
0.565266287313112   0.0244146876448245   0.0405563159236789   0
0.552018462453476   -0.0324873753506395   -0.013247824859636   0
0.580936967489805   0.0273967646961082   0.0289185050363282   0
0.596828512337087   0.0284365232125087   0.0158915448472821   0
0.611554288131683   -0.00265799949499168   0.0147257757945969   0
0.59603986187943   -0.0235229018598082   -0.0155144262522532   0
0.606200715248258   0.0112490547367207   0.0101608533688281   0
0.601894192633971   0.0132531569893877   -0.00430652261428699   0
