0.260238905055028   0.114288271388778   0   0   0
0.140247293414918   0.123066073535328   -0.119991611640111   0.00877780214655033   0
0.322810347387208   0.121716711814124   0.182563053972291   -0.00134936172120448   0
0.1566593335695   0.107492917307665   -0.166151013817708   -0.014223794506459   0
0.33250937536753   0.112819330088299   0.175850041798029   0.00532641278063373   0
0.199413825593663   0.152278815979407   -0.133095549773867   0.039459485891108   0
0.328905553064584   0.126486358708005   0.129491727470921   -0.0257924572714021   0
0.213869816641175   0.0948791285802758   -0.115035736423409   -0.0316072301277288   0
0.226401667998383   0.120168186872608   0.0125318513572075   0.0252890582923321   0
0.314153970823448   0.133190892210926   0.0877523028250654   0.0130227053383177   0
0.207652222044576   0.112097481297931   -0.106501748778872   -0.0210934109129945   0
0.138464976187419   0.104786984953106   -0.0691872458571576   -0.00731049634482489   0
0.306655223562228   0.0540938667213068   0.168190247374809   -0.0506931182317994   0
0.197912683245314   0.0720984678124646   -0.108742540316914   0.0180046010911579   0
0.18522285916336   0.100708528437578   -0.0126898240819537   0.0286100606251136   0
0.275701461376994   0.08980602915452   0.0904786022136335   -0.0109024992830582   0
0.160461521318633   0.129626936645552   -0.115239940058361   0.0398209074910322   0
0.272196308197319   0.0728606690435244   0.111734786878687   -0.0567662676020278   0
0.0941494035950839   0.165111116697968   -0.178046904602235   0.0922504476544435   0
0.262498781928602   0.0595972568773933   0.168349378333519   -0.105513859820575   0
0.13380560897937   0.156870556026649   -0.128693172949233   0.0972732991492556   0
0.270912023513834   0.0648494831699721   0.137106414534464   -0.0920210728566768   0
0.182780867042861   0.0775396818246793   -0.0881311564709727   0.0126901986547071   0
0.233152758934652   0.0700009514151444   0.0503718918917911   -0.00753873040953491   0
0.281577542116217   0.0967750836081401   0.048424783181565   0.0267741321929957   0
0.326828458044538   0.161378401158581   0.0452509159283205   0.0646033175504413   0
0.362677216506979   0.121885437459731   0.0358487584624413   -0.0394929636988503   0
0.390145823115524   0.0591390993199507   0.0274686066085454   -0.0627463381397803   0
0.335260121082064   0.0364554267549459   -0.0548857020334606   -0.0226836725650048   0
0.595857668332665   0.0375371539556964   0.260597547250601   0.00108172720075052   0
0.58247629072758   0.0374843083738049   -0.013381377605085   -5.28455818915238e-05   0
0.335937341082009   0.0460880467196984   -0.246538949645571   0.00860373834589348   0
0.385223701663384   0.0433132488073696   0.0492863605813754   -0.00277479791232883   0
0.408226563441136   0.0605208223644763   0.023002861777752   0.0172075735571068   0
0.197577013459916   0.121111979932995   -0.21064954998122   0.0605911575685183   0
0.24153273979732   0.0374893495980525   0.0439557263374038   -0.0836226303349422   0
0.440733501933186   0.0654903713328914   0.199200762135866   0.0280010217348389   0
0.456353800871473   0.0697279052449591   0.0156202989382866   0.00423753391206776   0
0.326475563856485   0.0326627809758003   -0.129878237014988   -0.0370651242691589   0
0.52483524136705   0.0479541093835773   0.198359677510565   0.0152913284077771   0
0.401099485912859   0.0525222194084085   -0.123735755454191   0.00456811002483114   0
0.245400834070628   0.0698604512796224   -0.155698651842231   0.017338231871214   0
0.413281015206312   0.0724587768208586   0.167880181135684   0.00259832554123618   0
0.311069105089946   0.050356723921687   -0.102211910116366   -0.0221020528991717   0
0.469494218966445   0.070149274717382   0.158425113876499   0.019792550795695   0
0.393921742368062   0.0516258571975423   -0.075572476598383   -0.0185234175198397   0
0.416524804908723   0.0327415045174989   0.022603062540661   -0.0188843526800434   0
0.373526129555885   0.0517976960912597   -0.042998675352838   0.0190561915737608   0
0.251403237368277   0.0256442565180295   -0.122122892187609   -0.0261534395732302   0
0.416262698877812   0.0593062653411509   0.164859461509536   0.0336620088231214   0
0.255424666568227   0.0243819734183043   -0.160838032309585   -0.0349242919228466   0
0.388952214560401   0.0353067621430563   0.133527547992174   0.0109247887247519   0
0.242161167725876   0.0142742084197338   -0.146791046834524   -0.0210325537233224   0
0.476747141963756   0.0605809212278965   0.23458597423788   0.0463067128081627   0
0.453860659121982   0.0569791052424702   -0.0228864828417742   -0.00360181598542625   0
0.268274248466993   0.0207020738952647   -0.185586410654989   -0.0362770313472056   0
0.496503645344372   0.0491001832334921   0.228229396877379   0.0283981093382274   0
0.330121472685283   0.0484932466786098   -0.166382172659089   -0.000606936554882309   0
0.450537097029801   0.0758402844454713   0.120415624344518   0.0273470377668615   0
0.380548628210969   0.0342649686982332   -0.069988468818832   -0.0415753157472381   0
0.443267385137639   0.0733256907985189   0.0627187569266704   0.0390607221002857   0
0.356142213762831   0.0425657809184307   -0.087125171374808   -0.0307599098800882   0
0.538708317498588   0.0536475108436076   0.182566103735757   0.0110817299251769   0
0.305844810742246   0.0355088192216979   -0.232863506756343   -0.0181386916219097   0
0.222819409328182   0.0501612003250271   -0.0830254014140634   0.0146523811033292   0
0.480330596303515   0.0426793959958725   0.257511186975332   -0.00748180432915458   0
0.262969589261287   0.0426471120322643   -0.217361007042228   -3.22839636082567e-05   0
0.300206991195142   0.0270696354541856   0.0372374019338549   -0.0155774765780787   0
0.380407978777062   0.0339443812414514   0.08020098758192   0.00687474578726588   0
0.429232570596128   0.0362030380556387   0.048824591819066   0.00225865681418728   0
0.507973133974623   0.0527315873177785   0.0787405633784948   0.0165285492621398   0
0.248407964502429   0.0674578151289567   -0.259565169472194   0.0147262278111782   0
0.494988804075528   0.0323241768214211   0.246580839573099   -0.0351336383075355   0
0.322573387938559   0.0838194287099811   -0.172415416136969   0.0514952518885599   0
0.199353534548575   0.076059155229203   -0.123219853389984   -0.00776027348077805   0
0.444398539579633   0.0466753178703876   0.245045005031057   -0.0293838373588154   0
0.23528515023267   0.0959700639061603   -0.209113389346963   0.0492947460357727   0
0.511445266453628   0.0710258429324848   0.276160116220958   -0.0249442209736756   0
0.456580475309858   0.0729251982916399   -0.0548647911437697   0.00189935535915511   0
0.257674200824782   0.0969602467565445   -0.198906274485076   0.0240350484649046   0
0.464620029561458   0.0722212068770835   0.206945828736676   -0.024739039879461   0
0.433584865363449   0.0865450964111203   -0.0310351641980091   0.0143238895340367   0
0.219921278480278   0.112955849005275   -0.213663586883171   0.0264107525941548   0
0.465452379908141   0.0982884108161918   0.245531101427863   -0.0146674381890832   0
0.465027233435975   0.0954556441133263   -0.000425146472165849   -0.00283276670286557   0
0.309700048662448   0.111729040035581   -0.155327184773527   0.0162733959222549   0
0.514584488891189   0.102795702219791   0.204884440228741   -0.00893333781578991   0
0.516659749841244   0.107350303018913   0.00207526095005439   0.004554600799122   0
0.236385827538032   0.126064179996431   -0.280273922303212   0.0187138769775175   0
0.527144899720978   0.141277490875059   0.290759072182946   0.0152133108786286   0
0.236429182250605   0.162262696873011   -0.290715717470373   0.0209852059979511   0
0.434614221427739   0.145127952346033   0.198185039177134   -0.0171347445269773   0
0.520473033013133   0.167990419650467   0.0858588115853939   0.0228624673044337   0
0.259825711099498   0.202065708377473   -0.260647321913635   0.0340752887270062   0
0.34762147735432   0.19782583590497   0.0877957662548217   -0.00423987247250343   0
0.489691399973381   0.22102196078148   0.142069922619061   0.0231961248765101   0
0.340903391327352   0.247010692825736   -0.148788008646029   0.0259887320442559   0
0.192373751510153   0.252170591380617   -0.1485296398172   0.005159898554881   0
0.465471325554271   0.233181908112829   0.273097574044118   -0.0189886832677874   0
0.246549357103928   0.240503686372475   -0.218921968450343   0.00732177825964603   0
0.445091908414431   0.232778025746633   0.198542551310503   -0.00772566062584268   0
0.312937131575593   0.244545305774308   -0.132154776838838   0.0117672800276757   0
0.469677425141724   0.240137107278446   0.156740293566131   -0.00440819849586216   0
0.310167411734373   0.241920786133085   -0.159510013407351   0.00178367885463906   0
0.507872855765899   0.24138106310355   0.197705444031526   -0.000539723029535283   0
0.202560079328677   0.264652209242621   -0.305312776437222   0.0232711461390709   0
0.452620502992297   0.252750560101259   0.25006042366362   -0.0119016491413622   0
0.46815157193373   0.262163002460778   0.0155310689414331   0.00941244235951944   0
0.218984187668882   0.255937225933084   -0.249167384264848   -0.00622577652769413   0
0.312063262841944   0.24197850524685   0.0930790751730619   -0.0139587206862337   0
0.353929471694574   0.266451174641814   0.04186620885263   0.0244726693949637   0
0.184571552879662   0.269807957538784   -0.169357918814911   0.00335678289696945   0
0.492382568705882   0.262248360264654   0.30781101582622   -0.00755959727412908   1
0.458624622952853   0.272228453522037   -0.0337579457530293   0.00998009325738286   0
0.209807165126003   0.256219838315654   -0.248817457826849   -0.016008615206383   0
0.324407409092887   0.243871602054237   0.114600243966884   -0.0123482362614175   0
0.450489427677589   0.247941123054446   0.126082018584702   0.00406952100020941   0
0.287825882257399   0.249069784761099   -0.16266354542019   0.00112866170665252   0
0.434705697681273   0.232038713063683   0.146879815423874   -0.0170310716974161   1
0.268206409681518   0.164547898540212   -0.166499287999756   -0.0674908145234703   1
0.369027716719219   0.169148503790575   0.100821307037701   0.00460060525036227   0
0.348832119643189   0.1714240121847   -0.02019559707603   0.00227550839412496   0
0.229589220475396   0.205128651041852   -0.119242899167793   0.0337046388571527   0
0.356312811511192   0.199472285679615   0.126723591035796   -0.00565636536223713   0
0.338573038351195   0.200938813588863   -0.0177397731599964   0.00146652790924828   0
0.235750578145717   0.216540816762683   -0.102822460205478   0.0156020031738199   0
0.170791112812728   0.23719761579588   -0.0649594653329894   0.0206567990331969   0
0.396715013006075   0.232037076675798   0.225923900193347   -0.00516053912008255   0
0.226559954486864   0.247203060956474   -0.17015505851921   0.0151659842806759   0
0.411719073318023   0.272678423542274   0.185159118831159   0.0254753625858008   0
0.378129895977582   0.262441951939853   -0.033589177340441   -0.0102364716024216   0
0.501448148170287   0.273668829529872   0.123318252192705   0.0112268775900189   0
0.293355835565359   0.270292468561372   -0.208092312604928   -0.00337636096850019   0
0.325067921952767   0.255998371980175   0.0317120863874076   -0.0142940965811966   0
0.426663204203046   0.287920756760432   0.101595282250279   0.0319223847802573   0
0.37652119517897   0.299360480121792   -0.0501420090240758   0.0114397233613601   0
0.405362060135738   0.292860471474472   0.0288408649567685   -0.00650000864732037   0
0.185231567610891   0.280872054912019   -0.220130492524847   -0.0119884165624534   0
0.366630172930448   0.27239818034038   0.181398605319557   -0.00847387457163895   0
0.225819375189377   0.275695475819336   -0.140810797741071   0.00329729547895619   0
0.292138196065726   0.266729934609429   0.0663188208763492   -0.00896554120990734   0
0.366930536795795   0.287946778563765   0.074792340730069   0.0212168439543366   0
0.267479924027206   0.274685984406285   -0.0994506127685883   -0.0132607941574798   0
0.434104376631989   0.303610432811934   0.166624452604783   0.028924448405649   0
0.298942429644924   0.289896420655723   -0.135161946987066   -0.013714012156211   0
0.380581919241616   0.302954640009854   0.0816394895966927   0.0130582193541304   0
0.223276114240889   0.287397945693336   -0.157305805000727   -0.0155566943165171   0
0.381326294248711   0.297429438587962   0.158050180007822   0.0100314928946251   0
0.184223814887526   0.28916487453484   -0.197102479361184   -0.0082645640531212   0
0.418267836893046   0.292296664613625   0.23404402200552   0.00313179007878467   0
0.348397943982345   0.29625729496166   -0.0698698929107019   0.0039606303480349   0
0.246179364267113   0.298822106624075   -0.102218579715231   0.00256481166241496   0
0.376791711550613   0.309353780866664   0.130612347283499   0.0105316742425891   0
0.299322268115505   0.2966423504382   -0.077469443435108   -0.0127114304284638   0
0.354857459255121   0.314444542026889   0.0555351911396166   0.0178021915886889   0
0.321771633265956   0.278662234377929   -0.0330858259891652   -0.0357823076489598   0
0.27065758627321   0.294564950875439   -0.0511140469927462   0.0159027164975101   0
0.358456237686605   0.282743820665457   0.0877986514133955   -0.0118211302099825   0
0.413170153230846   0.308280220631328   0.0547139155442409   0.0255363999658707   0
0.268742903758518   0.227864745648735   -0.144427249472328   -0.080415474982593   1
0.320435248242075   0.206608919919954   0.0516923444835568   -0.0212558257287805   0
0.429640612032615   0.252825184631145   0.10920536379054   0.0462162647111908   0
0.385307038040106   0.277960375630345   -0.0443335739925085   0.0251351909992001   0
0.212330685630928   0.287794991866037   -0.172976352409178   0.00983461623569232   0
0.21042707471901   0.300837541654129   -0.00190361091191762   0.013042549788092   0
0.399267351962597   0.274295474124734   0.188840277243587   -0.0265420675293956   0
0.318196695090172   0.255481545021045   -0.0810706568724248   -0.0188139291036892   0
0.189365669491895   0.262677518814782   -0.128831025598277   0.00719597379373715   0
0.412246803160464   0.266673356665645   0.222881133668569   0.00399583785086366   0
0.27388708327176   0.257513048638802   -0.138359719888704   -0.00916030802684337   0
0.153576054768606   0.271173959570923   -0.120311028503154   0.0136609109321209   0
0.34323621301017   0.25521455273466   0.189660158241563   -0.015959406836263   0
0.447767525470483   0.263584070521361   0.104531312460314   0.00836951778670147   0
0.200638862861442   0.263195762722826   -0.247128662609042   -0.000388307798535603   0
0.314861948663213   0.24132614740339   0.114223085801772   -0.0218696153194362   0
0.333957146682864   0.240483230421629   0.0190951980196506   -0.000842916981760172   0
0.290906562145373   0.253094346210381   -0.0430505845374907   0.0126111157887512   0
0.302059289936595   0.269419847232697   0.0111527277912216   0.0163255010223168   0
0.245422319575788   0.256694357375289   -0.0566369703608075   -0.0127254898574085   0
0.339646331839003   0.258957764916482   0.0942240122632152   0.00226340754119325   0
0.222279614886296   0.261459653883749   -0.117366716952707   0.00250188896726722   0
0.406674608951973   0.273844673348433   0.184394994065677   0.0123850194646838   0
0.291040625102147   0.261992663895237   -0.115633983849826   -0.0118520094531963   0
0.369421165105534   0.243976388575006   0.0783805400033868   -0.0180162753202304   1
0.286185636841561   0.296343132606021   -0.0832355282639723   0.052366744031015   0
