0.192144992504359   0   0   0
0.145601035151282   -0.00129218800358627   -0.046543957353076   0
0.170004802511407   -0.0686671044617415   0.0244037673601245   0
0.13977099654957   0.0278494870001376   -0.0302338059618366   0
0.129493791833441   0.00474860644317734   -0.0102772047161296   0
0.121992867937536   -0.0282228463415786   -0.0075009238959052   0
0.13579970169935   0.0217530851197537   0.0138068337618146   0
0.0722187227107002   0.0587688395431579   -0.06358097898865   0
0.112918212267829   -0.0871091116052971   0.0406994895571289   0
0.0967916364462472   0.0959816565813717   -0.0161265758215818   0
0.108999836198558   -0.065029234506979   0.0122081997523109   0
0.0810721551721058   0.0233003741127386   -0.0279276810264523   0
0.0961195432167153   -0.0135678921295931   0.0150473880446095   0
0.0677128560100296   -0.0164738553722215   -0.0284066872066857   0
0.0559401185465986   0.0524207190430337   -0.011772737463431   0
0.0543087766096098   -0.057712951603787   -0.00163134193698876   0
0.0395747713349679   0.0658773127010751   -0.0147340052746419   0
0.052216191490228   -0.04428331814121   0.0126414201552601   0
0.0562049485092096   -0.0182497863142624   0.00398875701898154   0
0.0571887218950983   0.0807728604941739   0.000983773385888766   0
0.0380463390387512   -0.114182609869715   -0.0191423828563472   0
0.0351499505064019   0.099185474010103   -0.0028963885323493   0
0.0556536351204933   -0.0976355248189539   0.0205036846140914   0
0.0448317298638197   0.0816108408380662   -0.0108219052566736   0
0.0559714999587513   -0.0489699801545296   0.0111397700949317   0
0.0651780403464618   -0.0119551807735748   0.00920654038771045   0
0.0615250436781844   0.0649265563940419   -0.00365299666827735   0
0.0811418633635715   -0.073762115381683   0.019616819685387   0
0.0798214547250612   0.0250768428115794   -0.00132040863851023   0
0.0790705804467281   0.0391260146309075   -0.000750874278333133   0
0.0784379679952891   -0.0557118977461174   -0.000632612451438974   0
0.0820634828917375   0.0290050335914935   0.00362551489644841   0
0.0974943452690463   0.0461839598544503   0.0154308623773087   0
0.0867312971139744   -0.0895124482453019   -0.0107630481550719   0
0.0965304230331298   0.123285150789591   0.00979912591915544   0
0.0991715142534009   -0.127834467858016   0.00264109122027108   0
0.093101195223598   0.109062737007089   -0.00607031902980293   0
0.102121321323267   -0.0689804887040932   0.00902012609966929   0
0.121240445723405   0.0318169719071173   0.0191191244001381   0
0.0986018439536123   0.0372283618614784   -0.0226386017697931   0
0.104401657416214   -0.0929667109729087   0.00579981346260171   0
0.109836681130952   0.087275569654189   0.00543502371473836   0
0.11990221154862   -0.0672570901295817   0.0100655304176676   0
0.132712887802956   0.058621810938788   0.0128106762543361   0
0.156585220823997   -0.00147322163423544   0.0238723330210413   0
0.154406626824272   -0.0230658248142582   -0.00217859399972528   0
0.12346202275295   0.0593658615913561   -0.0309446040713218   0
0.135647948059268   -0.107144434674832   0.0121859253063182   0
0.140558526677333   0.0776160990213342   0.00491057861806443   0
0.145387778465901   -0.0934374629038144   0.00482925178856844   0
0.151378971349227   0.0332720268975775   0.00599119288332536   0
0.121516127869925   0.0352152843362207   -0.0298628434793015   0
0.145041659108694   -0.0497575928273554   0.0235255312387685   0
0.141446006438817   0.0935398308855816   -0.00359565266987613   0
0.168364633176775   -0.0463315150723611   0.0269186267379575   0
0.154054911970537   -0.0278638625340306   -0.0143097212062377   0
0.149798353427332   0.0909582858918977   -0.00425655854320489   0
0.158373338037057   -0.0991735112288963   0.00857498460972478   0
0.166116910006176   0.0444337294452128   0.00774357196911885   0
0.179918733930072   0.0132381640812106   0.0138018239238958   0
0.153598364920496   -0.0525681109660729   -0.0263203690095754   0
0.159921202062141   0.0267480059354493   0.00632283714164408   0
0.161044837999391   -0.0579441105008984   0.00112363593725012   0
0.157117910975325   0.0672194498042924   -0.00392692702406616   0
0.178395518473699   -0.0814776760363321   0.0212776074983748   0
0.168580848287254   0.0586728615280625   -0.00981467018644575   0
0.164970001427532   0.0385798397310344   -0.0036108468597213   0
0.182512564670217   -0.0732797188666257   0.0175425632426844   0
0.17916773585122   0.117034416815352   -0.00334482881899675   0
0.205589947943716   -0.103624472872565   0.0264222120924965   0
0.187751457588217   0.0742037929073387   -0.0178384903554995   0
0.199838794202978   -0.08739868514668   0.0120873366147607   0
0.189460319370574   0.0976319733686354   -0.0103784748324033   0
0.204604333881885   -0.0089240391774468   0.015144014511311   0
0.214730772806321   -0.0747921400932569   0.0101264389244361   0
0.21714548885252   0.122495790745169   0.00241471604619892   0
0.209972728213094   -0.147851562165768   -0.00717276063942587   0
0.209173193682293   0.152290253922625   -0.000799534530801532   0
0.199132738344301   -0.155449039049273   -0.0100404553379915   0
0.213832663436857   0.127259723334248   0.0146999250925552   0
0.192156388507512   -0.128326981415443   -0.0216762749293443   0
0.193483249998546   0.0944390190995355   0.00132686149103409   0
0.1810575655213   -0.0239003613752014   -0.0124256844772459   0
0.191381117381653   -0.0375989309025617   0.0103235518603524   0
0.186821925052977   0.0465774887412967   -0.0045591923286763   0
0.194646051350265   -0.0718979027992952   0.00782412629728843   0
0.201311601901753   0.0461219403308012   0.00666555055148826   0
0.207239055054785   0.0338539505212873   0.00592745315303123   0
0.204694040781119   -0.0611632541568842   -0.0025450142736653   0
0.206706707395406   0.0961540236009843   0.00201266661428678   0
0.224632635894698   -0.103334071311149   0.0179259284992921   0
0.191128019100837   0.0755844338188222   -0.0335046167938609   0
0.207595671737154   -0.0871980091467842   0.0164676526363163   0
0.182282898628752   0.0654425446554857   -0.0253127731084012   0
0.197883577807761   -0.0419260757201511   0.0156006791790082   0
0.191678503144465   0.0198941862595877   -0.00620507466329595   0
0.200804413995933   0.0425746385492352   0.0091259108514683   0
0.159548166670359   -0.0287807233034416   -0.0412562473255743   0
0.204512498002567   0.0818924896085497   0.0449643313322086   0
0.174840984593144   -0.139003126658687   -0.0296715134094231   0
0.187134347876733   0.0700384634039979   0.0122933632835887   0
0.178461824373765   -0.0348938363353967   -0.00867252350296774   0
0.185108125335572   0.0839087182390645   0.00664630096180757   0
0.176689973289375   -0.0879608243398098   -0.00841815204619761   0
0.194319252763333   0.102787361767072   0.0176292794739579   0
0.177788643474077   -0.099126992698195   -0.0165306092892556   0
0.203298699048961   0.0701303418652439   0.0255100555748838   0
0.173379216476089   -0.0956220421446644   -0.029919482572872   0
0.191167487517255   0.0916603569135301   0.0177882710411665   0
0.176583564575996   -0.067744961710447   -0.0145839229412592   0
0.179889732759551   0.124913496644803   0.00330616818355436   0
0.215588757387161   -0.0526847780438559   0.0356990246276101   0
0.184214526220416   -0.0250374509265003   -0.0313742311667442   0
0.220052280764282   0.0854235325178887   0.0358377545438658   0
0.219577053445163   -0.0912768043533553   -0.000475227319119143   0
0.205870601191264   0.0913407135542982   -0.013706452253899   0
0.22306210332227   -0.0619804463120986   0.0171915021310058   0
0.227855241463157   0.0163403899667633   0.00479313814088747   0
0.232851692809592   -0.0171806492411342   0.00499645134643451   0
0.234839726188469   -0.00229702383178199   0.00198803337887701   0
0.234025487407595   0.0310710691048252   -0.000814238780873611   0
0.231164974792576   -0.0367648268767819   -0.00286051261501874   0
0.232720379711775   0.0399044396158724   0.00155540491919803   0
0.235112910397797   -0.0777659390601022   0.00239253068602246   0
0.23184933565723   0.0819706078208111   -0.00326357474056738   0
0.230032004225218   -0.0986400251626932   -0.00181733143201177   0
0.242515936808992   0.112650565920994   0.0124839325837744   0
0.246020757403575   -0.0809689222772297   0.0035048205945826   0
0.232336266728001   0.0397612788972482   -0.0136844906755735   0
0.280552168661785   0.0130573542008812   0.048215901933784   0
0.248725731511423   -0.0536084294842674   -0.0318264371503623   0
0.294485675485044   0.0825570016985851   0.0457599439736207   0
0.275331989100908   -0.136532844563599   -0.0191536863841358   0
0.267946355258161   0.108099938947171   -0.00738563384274721   0
0.252452262451206   -0.11764054214434   -0.015494092806955   0
0.252536480161209   0.112210283130646   8.42177100028318e-05   0
0.275173689555515   -0.0354271022755461   0.0226372093943065   0
0.253239489290523   -0.0640300991235775   -0.0219342002649919   0
0.252628142488698   0.11945714266756   -0.000611346801824952   0
0.246335074727494   -0.123338699794601   -0.00629306776120428   0
0.278916967754335   0.144520065009412   0.0325818930268406   0
0.281644738504752   -0.139767670360796   0.00272777075041725   0
0.315512962078343   0.149892172720004   0.0338682235735914   0
0.307372584543677   -0.15495026013712   -0.00814037753466595   0
0.294435949098679   0.10901601991482   -0.012936635444998   0
0.330195785076233   -0.0622068431340565   0.0357598359775541   0
0.309623745654076   0.00450462007984168   -0.0205720394221572   0
0.336618769926103   0.0843225143481073   0.0269950242720267   0
0.329813328024051   -0.128854064498883   -0.00680544190205212   0
0.342501792878931   0.145342453208867   0.0126884648548808   0
0.319391548211298   -0.173730119263899   -0.0231102446676333   0
0.332366427561017   0.174019441955032   0.0129748793497184   0
0.340474430730374   -0.146555117011646   0.00810800316935778   0
0.337519087649128   0.111018128623406   -0.00295534308124595   0
0.36854735969057   0.000992394658070411   0.0310282720414411   0
0.369467112262408   -0.0724756601412245   0.000919752571838017   0
0.360632964472759   0.100407179477114   -0.00883414778964886   0
0.348423770566798   -0.117549908759564   -0.0122091939059602   0
0.320359262266092   0.0332123375564045   -0.028064508300706   0
0.340371178905339   0.0244188224205887   0.0200119166392461   0
0.348921743294775   -0.0627526230201398   0.00855056438943663   0
0.366312003307419   0.109099875536642   0.0173902600126433   0
0.372348800819292   -0.0733106056790603   0.00603679751187364   0
0.375916712576577   0.0269389309185561   0.0035679117572851   0
0.372510432223008   0.04575856055975   -0.00340628035356888   0
0.342433601977409   -0.110029776667148   -0.0300768302455995   0
0.363859133280755   0.0905494860126858   0.0214255313033465   0
0.333461589712927   -0.146510784821744   -0.0303975435678283   0
0.376226053874276   0.196002847584388   0.0427644641613493   0
0.355171052367451   -0.164860884370154   -0.0210550015068256   0
0.390431551821007   0.183221667895203   0.0352604994535565   0
0.381663922747386   -0.121431973373673   -0.0087676290736215   0
0.399150192405769   0.0746836147986522   0.0174862696583833   0
0.404804965281816   -0.0157542107923641   0.00565477287604726   0
0.423170577540963   -0.0442796424757698   0.0183656122591469   0
0.407174541553708   0.0715577911803752   -0.015996035987255   0
0.436257966747411   -0.0582999546990718   0.0290834251937028   0
0.449683548679946   0.0840922361270887   0.0134255819325348   0
0.443112799335557   -0.0891081767829194   -0.00657074934438895   0
0.433138659987841   0.0425990939084791   -0.00997413934771596   0
0.459296914289807   0.0286331731024209   0.0261582543019659   0
0.455042619041857   -0.0442586146135487   -0.00425429524794996   0
0.454948117620032   0.102487462581969   -9.45014218254325e-05   0
0.438326170107821   -0.167697899313525   -0.0166219475122107   0
0.432949101541766   0.178244318146309   -0.00537706856605463   0
