0.124513851616406   0   0   0
0.103377680688399   -0.00646001848551742   -0.0211361709280079   0
0.0906810542998922   -0.0115547072807048   -0.0126966263885064   0
0.0939049760062799   0.020533523807706   0.00322392170638766   0
0.0872409330732426   -0.000978042850551225   -0.00666404293303725   0
0.0843804781835822   -0.0269053743152723   -0.00286045488966039   0
0.0883820457714122   0.0416716633888942   0.00400156758782995   0
0.0735295437448445   -0.0423653771916044   -0.0148525020265677   0
0.0763604389424917   -0.0120106949957131   0.00283089519764719   0
0.0649797680838924   0.0395210125126751   -0.0113806708585993   0
0.0660834443522863   -0.0500107868106305   0.00110367626839392   0
0.0608410194646515   0.014259426361698   -0.00524242488763485   0
0.0565616640046041   -0.0034173559024393   -0.0042793554600474   0
0.0364941408597329   0.0215227347138471   -0.0200675231448712   0
0.0467435369990852   -0.0195238151309787   0.0102493961393523   0
0.0517124127890222   -0.000768352493319246   0.004968875789937   0
0.0327472797928233   0.0190780070113479   -0.0189651329961989   0
0.0575138135236329   -0.0387706773993176   0.0247665337308097   0
0.0330185516558873   0.0308216944547649   -0.0244952618677456   0
0.0239073526174045   0.0120278998191383   -0.00911119903848287   0
0.023448876594623   -0.0393014908914187   -0.000458476022781422   0
0.0401786006371828   0.0232053610995491   0.0167297240425597   0
0.0171030268872633   0.0227930162009991   -0.0230755737499195   0
0.0456313228271162   -0.0544332877674797   0.028528295939853   0
0.0236364366348139   0.0400850736827923   -0.0219948861923023   0
0.029850107623473   -0.00520526992034696   0.0062136709886591   0
0.0327404723025986   -0.0328690749922724   0.00289036467912559   0
0.0253193836409203   0.0316274959156133   -0.00742108866167833   0
0.0294042845308252   0.0128301084617417   0.00408490088990493   0
0.0371091761278461   -0.0439777769382644   0.00770489159702088   0
0.0404692209962167   0.105247660956664   0.00336004486837062   0
0.0230635797470931   -0.0290082934539095   -0.0174056412491235   0
0.0631058238710382   -0.0362421281628422   0.0400422441239451   0
0.057066395309258   -0.0586553442670082   -0.00603942856178026   0
0.0228335828593784   0.0572697959196348   -0.0342328124498796   0
0.0504184887283633   0.0125054041115648   0.0275849058689849   0
0.0433626090873808   -0.0447751630376031   -0.00705587964098254   0
0.0281082434347714   0.0604079934850123   -0.0152543656526094   0
0.0623249568340204   0.0228483216779377   0.0342167133992489   0
0.0588309746759944   -0.0807083303774791   -0.00349398215802591   0
0.07053898928644   0.0206303794343016   0.0117080146104456   0
0.0590204615974409   0.00987077196298411   -0.0115185276889991   0
0.0695735396802729   -0.00356210198740821   0.0105530780828319   0
0.0693607104750593   -0.0239980838898018   -0.00021282920521358   0
0.061740096694227   -0.0136746452478274   -0.0076206137808323   0
0.0793390466545477   0.0418344662346168   0.0175989499603207   0
0.0761682607110895   0.012175604713266   -0.00317078594345822   0
0.0753970113568337   -0.0458073077951257   -0.000771249354255835   0
0.0888021377586852   0.0405406504329306   0.0134051264018515   0
0.0881143960794432   0.00126480388169814   -0.000687741679241946   0
0.114655296258219   -0.0607095798067356   0.0265409001787759   0
0.119264791958377   0.0364596995027887   0.00460949570015808   0
0.119033419237299   0.0254009557069763   -0.000231372721078538   0
0.125742214469445   -0.0386056309772375   0.00670879523214674   0
0.113893446321255   0.0572254347835223   -0.0118487681481908   0
0.130328224076569   -0.0284460876100155   0.0164347777553149   0
0.132954948359632   -0.0248300406522999   0.00262672428306288   0
0.129020137046354   0.0925961415626758   -0.00393481131327819   0
0.118967172416606   -0.0728015853545512   -0.010052964629748   0
0.126721138989555   0.0592751627133456   0.00775396657294836   0
0.132392535133604   -0.0475608306272482   0.00567139614404921   0
0.140976284570278   -0.0306095372618653   0.00858374943667423   0
0.147381193409141   0.0746713210817037   0.00640490883886261   0
0.142695718041757   -0.073081599054163   -0.00468547536738398   0
0.152739273855842   0.053788674246235   0.0100435558140858   0
0.144673650504757   0.0201746333306539   -0.00806562335108563   0
0.148217952148213   -0.0544124077515079   0.00354430164345643   0
0.150719089933923   0.0548386259686273   0.00250113778570996   0
0.162102507562345   -0.0581143751668237   0.0113834176284215   0
0.161567492549747   0.0672784435202921   -0.000535015012597784   0
0.159734882845576   -0.0483273628033941   -0.00183260970417051   0
0.151357411278974   0.0578425258636162   -0.00837747156660229   0
0.160769514440122   -0.0187678855505823   0.00941210316114766   0
0.144882613886518   -0.045499730957231   -0.0158869005536032   0
0.162297539501443   0.0740730015785526   0.0174149256149247   0
0.160296537242114   -0.0375105667685001   -0.00200100225932898   0
0.154477857407623   -0.000530841743248051   -0.00581867983449086   0
0.168106769566993   -0.000134565604218678   0.0136289121593694   0
0.164760457807509   0.029245822148195   -0.00334631175948358   0
0.167937734171783   0.0443094610052391   0.00317727636427395   0
0.159813415686731   -0.0613374890757969   -0.00812431848505174   0
0.166903536302081   0.0488631639159043   0.00709012061534942   0
0.175653792283173   -0.0143682956014878   0.008750255981092   0
0.166362944186799   -0.0446665510026995   -0.00929084809637379   0
0.185085925787187   0.0744837738668877   0.0187229816003877   0
0.179112931901915   -0.0321752595322469   -0.00597299388527187   0
0.182249560087946   0.00998212091153278   0.00313662818603155   0
0.21566631043814   0.0361267412644813   0.0334167503501932   0
0.194837181207156   -0.0688685167075013   -0.020829129230984   0
0.217866117463799   0.0932695293261811   0.0230289362566437   0
0.233287101656414   -0.0129929333200838   0.0154209841926146   0
0.220092013483566   -0.023095137791991   -0.0131950881728483   0
0.231462252685508   0.0923156258675791   0.0113702392019426   0
0.227481384758182   -0.0774307449252054   -0.00398086792732619   0
0.231776555031996   0.0215603447337024   0.00429517027381435   0
0.240614148994298   0.0237606425588221   0.00883759396230124   0
0.224096463227892   -0.0903302817670834   -0.0165176857664054   0
0.253998691601453   0.0922410241232423   0.0299022283735609   0
0.230905835450298   -0.126379272461505   -0.0230928561511552   0
0.236709731013007   0.0916470612131995   0.00580389556270897   0
0.241393544127116   0.0159362817889249   0.00468381311410948   0
0.215563796972033   -0.0506899675401535   -0.0258297471550829   0
0.25162087850723   0.106239151626837   0.0360570815351963   0
0.219871597493287   -0.0772526383989255   -0.0317492810139426   0
0.239528439173723   0.0503862890180628   0.0196568416804362   0
0.247276481943795   0.0100944926373712   0.00774804277007191   0
0.249197873647128   -0.0350281767299226   0.00192139170333297   0
0.262169474512671   0.0651335542475527   0.0129716008655428   0
0.254984019468378   -0.0908059569881379   -0.00718545504429324   0
0.281175843644595   0.0815981657388498   0.0261918241762178   0
0.283275626827918   0.00227521114839879   0.00209978318332282   0
0.269760191509051   -0.0553519423328987   -0.0135154353188671   0
0.292843324290481   0.11251410567194   0.0230831327814301   0
0.266465515677451   -0.131522018020135   -0.0263778086130302   0
0.301079770081369   0.118568894340321   0.0346142544039179   0
0.272687414691713   -0.127426347656398   -0.0283923553896565   0
0.310473934410362   0.121728294038569   0.0377865197186498   0
0.279602851328898   -0.0779584885888011   -0.030871083081464   0
0.298485375967567   0.0475210653791242   0.018882524638669   0
0.3090926377229   0.0211771335213212   0.0106072617553328   0
0.286128308325129   -0.0978407274220334   -0.0229643293977713   0
0.320007262553915   0.133159732109781   0.0338789542287857   0
0.292243221637389   -0.122156944754322   -0.0277640409165257   0
0.329778932846687   0.130541022859461   0.0375357112092986   0
0.298493815199746   -0.133062766217156   -0.0312851176469416   0
0.329677686668737   0.121839772419212   0.0311838714689913   0
0.302102979990681   -0.0980377810332346   -0.0275747066780558   0
0.349832392934817   0.142601114686293   0.0477294129441354   0
0.329523965804082   -0.0853236369581293   -0.0203084271307344   0
0.356935858206345   0.0991742971557941   0.0274118924022627   0
0.324215828707514   -0.101714910719867   -0.0327200294988311   0
0.368876253721014   0.132632793670518   0.0446604250135003   0
0.294046546751105   -0.162061465341922   -0.0748297069699088   0
0.255404479013681   -0.0352541977803313   -0.038642067737424   0
0.315275322099986   0.0594996214326595   0.0598708430863048   0
0.287124417510075   -0.052131279262343   -0.0281509045899109   0
0.293846108524088   0.00535642058582381   0.00672169101401254   0
0.317473077032589   -0.0354829149150493   0.0236269685085009   0
0.343428288209853   0.105666618471641   0.0259552111772645   0
0.344953773067073   -0.00635126280700704   0.00152548485722021   0
0.338861482794224   0.0147124121832689   -0.00609229027284969   0
0.369403394396289   0.0741583569298462   0.030541911602065   0
0.343065230022295   -0.0753602007760001   -0.0263381643739939   0
0.382060291555207   0.0951759993362876   0.0389950615329125   0
0.35015736621839   -0.103653629685597   -0.0319029253368168   0
0.387206646187149   0.114823403044998   0.0370492799687586   0
0.370540244698872   -0.0649113055306148   -0.016666401488277   0
0.394601674098036   0.0603914092852834   0.0240614293991638   0
0.400689740570694   0.0135941765720249   0.00608806647265803   0
0.371619927712808   -0.0568036204787973   -0.0290698128578861   0
0.40172270451115   0.047866835624345   0.0301027767983419   0
0.273035385779911   -0.156409421838662   -0.128687318731239   0
0.226077103995744   -0.0560066908457347   -0.0469582817841667   0
0.276858471070171   0.071690614815805   0.0507813670744265   0
0.274584051439577   -0.0328183684778586   -0.00227441963059316   0
0.319528377738191   0.0904816515372902   0.0449443262986134   0
0.331943659602424   -0.0150327952721314   0.0124152818642332   0
0.353711180770767   0.0386304925246596   0.0217675211683426   0
0.362508828644645   -0.0130864209661474   0.00879764787387827   0
0.360839080378636   -0.0198179870989159   -0.00166974826600863   0
0.386750148058472   0.0564442803745101   0.0259110676798356   0
0.360098504149212   -0.050693290614211   -0.02665164390926   0
0.393841211870739   0.0782239000241559   0.0337427077215273   0
0.349242005974972   -0.107876561908912   -0.044599205895767   0
0.257459849116809   -0.101552477080201   -0.0917821568581633   0
0.323449620251748   0.0992563722972222   0.0659897711349391   0
0.310864873358989   -0.0879422946308665   -0.0125847468927595   0
0.376827665838444   0.146399185892959   0.0659627924794554   0
0.320610351522296   -0.114471813173341   -0.0562173143161483   0
0.360639162970413   0.0843070038491668   0.0400288114481173   0
0.332457113042043   -0.0231990110894552   -0.0281820499283695   0
0.365884672671936   0.0898195351937799   0.033427559629893   0
0.377197333964929   0.00938890608215359   0.0113126612929924   0
0.380974322120599   -0.0100558686616213   0.00377698815567035   0
0.390329908941462   -0.00579382405256629   0.00935558682086279   0
0.3906942189667   -0.0504706974933002   0.000364310025238512   0
0.406783681257004   0.0422267503527252   0.0160894622903037   0
0.404260615680961   -0.0228243996716577   -0.00252306557604276   0
0.434875770190177   0.0192882760282284   0.030615154509216   0
0.434548506901704   0.0137897308747186   -0.000327263288473822   0
0.424988171382746   -0.0277657700971304   -0.00956033551895796   0
0.465098057777605   0.0662401531218856   0.0401098863948589   0
0.438864390311233   -0.0586429369916633   -0.0262336674663719   0
0.512396474521683   0.0991457713558765   0.0735320842104506   0
0.511595420273921   -0.0479107173427887   -0.000801054247762112   0
0.542231481643449   0.0479592231308147   0.0306360613695279   0
0.541409337186292   -0.0439058573540588   -0.000822144457157115   0
0.559604756946141   0.0296002899759553   0.0181954197598495   0
0.564143235982228   0.00217009977251892   0.00453847903608673   0
0.593472941888676   0.0423381675233225   0.0293297059064479   0
0.581696176432766   -0.0287135438384968   -0.0117767654559098   0
0.592097576519109   0.0461933649269464   0.010401400086343   0
0.569587276627999   0.00415881065263202   -0.0225102998911108   0
0.597991377068683   0.0264042745654338   0.0284041004406845   0
0.596280827133072   0.017410536266495   -0.00171054993561148   0
0.579874676405816   -0.0180661027509846   -0.0164061507272555   0
0.59836611743334   0.0130825613084156   0.0184914410275241   0
0.610498660808728   0.00654040583444648   0.0121325433753875   0
0.607836574533813   -0.0162406826379967   -0.00266208627491449   0
0.625074739992747   0.0416803947662997   0.0172381654589335   0
0.619872321563481   -0.034136076247869   -0.0052024184292655   0
0.643718216186244   0.0502472293488553   0.0238458946227628   0
0.631688303398322   -0.0465721582616013   -0.0120299127879224   0
0.648171723500223   0.0423070664076267   0.0164834201019017   0
0.649890394470868   -0.0136477945699855   0.00171867097064426   0
0.63317647859108   -0.0202914622615197   -0.0167139158797879   0
0.661177127276231   0.0457843679661464   0.0280006486851517   0
0.655912031444195   -0.00630101799098559   -0.00526509583203694   0
0.623915056342809   -0.0374697680538836   -0.0319969751013859   0
