0.145080570336381   0.0741090118220112   0   0   0
0.133765147683262   0.0719517239587941   -0.0113154226531186   -0.00215728786321716   0
0.126609779244654   0.0589829190578934   -0.00715536843860856   -0.0129688049009007   0
0.113592933298555   0.0629412504470391   -0.0130168459460988   0.00395833138914573   0
0.133625397857481   0.0851378882368837   0.0200324645589255   0.0221966377898446   0
0.173992382868044   0.0615022490714771   0.0403669850105633   -0.0236356391654066   0
0.120022193228501   0.055467577106708   -0.0539701896395431   -0.00603467196476903   0
0.0476221452377988   0.0462811594727811   -0.0724000479907021   -0.00918641763392687   0
0.116753861825123   0.037306141214284   0.0691317165873246   -0.00897501825849714   0
0.185248519613437   0.0408493228246809   0.0684946577883138   0.00354318161039694   0
0.116462945939857   0.059156511951961   -0.0687855736735804   0.01830718912728   0
0.104661425403154   0.0485911036881238   -0.0118015205367026   -0.0105654082638372   0
0.162312519753653   0.0539096694524507   0.0576510943504989   0.00531856576432691   0
0.185534121939362   0.0498055863036279   0.0232216021857088   -0.00410408314882285   0
0.218222343893104   0.0532852224626512   0.0326882219537419   0.00347963615902328   0
0.169012761400256   0.0404839038666076   -0.0492095824928473   -0.0128013185960436   0
0.126150589765526   0.034267852664184   -0.0428621716347305   -0.00621605120242356   0
0.106212414911488   0.042171592700715   -0.0199381748540382   0.00790374003653098   0
0.0988989265371718   0.0433474025227868   -0.00731348837431585   0.00117580982207174   0
0.0634797722344693   0.0195528046284926   -0.0354191543027025   -0.0237945978942942   0
0.00595766722988025   0.014940609101213   -0.0575221050045891   -0.00461219552727952   0
0.123431993751572   0.0536735739449557   0.117474326521692   0.0387329648437426   0
0.139431327022768   0.0594016348250343   0.0159993332711957   0.00572806088007859   0
0.0974669892977104   0.0612909991999986   -0.0419643377250573   0.00188936437496429   0
0.0831228196283668   0.0421362622868857   -0.0143441696693436   -0.0191547369131129   0
0.172984960930423   0.0379852242819165   0.0898621413020563   -0.00415103800496916   0
0.226142231177416   0.0355812635160238   0.0531572702469932   -0.00240396076589273   0
0.29628481896346   0.0334972575793038   0.0701425877860433   -0.00208400593671999   0
0.333658297158215   0.0241925295359275   0.0373734781947559   -0.00930472804337628   0
0.242765219498298   0.0146347438562048   -0.0908930776599173   -0.00955778567972268   0
0.0394706907356636   0.0158806934746794   -0.203294528762635   0.00124594961847458   0
0.141849705915738   0.0208010721012668   0.102379015180074   0.00492037862658739   0
0.236120246862721   0.0476003074709618   0.0942705409469834   0.026799235369695   0
0.241660023236364   0.0400592914144362   0.00553977637364278   -0.00754101605652555   0
0.12452966965322   0.0313810386277287   -0.117130353583144   -0.00867825278670755   0
0.066662424979141   0.0150310521931509   -0.0578672446740786   -0.0163499864345778   0
0.204530511896476   0.0184054337566807   0.137868086917335   0.00337438156352982   0
0.226252737321452   0.0378085071193062   0.0217222254249763   0.0194030733626255   0
0.234650860670253   0.0318429187933801   0.00839812334880075   -0.00596558832592606   0
0.242317547061295   0.0286830824121489   0.00766668639104215   -0.00315983638123122   0
0.239715112472411   0.0341420378431839   -0.00260243458888348   0.00545895543103499   0
0.174004550140348   0.0586649076390648   -0.0657105623320634   0.0245228697958809   0
0.0394694487263871   0.0628071708772573   -0.134535101413961   0.00414226323819254   0
0.189787195162108   0.0404150118625397   0.150317746435721   -0.0223921590147176   0
0.251864951322033   0.0386437889718028   0.0620777561599251   -0.00177122289073694   0
0.205510375478173   0.0513972579087153   -0.04635457584386   0.0127534689369126   0
0.0403259434889948   0.0428445194419018   -0.165184431989178   -0.00855273846681354   0
0.141763915166689   0.0503515016931534   0.101437971677694   0.00750698225125158   0
0.238196724806812   0.0533707106902925   0.0964328096401232   0.00301920899713912   0
0.296937517895402   0.0561776676092698   0.0587407930885899   0.00280695691897731   0
0.295653718204947   0.0578359998387898   -0.00128379969045522   0.00165833222952005   0
0.331825627086426   0.0689268929169704   0.0361719088814796   0.0110908930781805   0
0.209939986911543   0.0832532746005975   -0.121885640174883   0.0143263816836272   0
0.0993252299066878   0.0970144476223645   -0.110614757004855   0.0137611730217669   0
0.123675314800829   0.0921025797166399   0.0243500848941409   -0.00491186790572459   0
0.224418662698967   0.0783093810557841   0.100743347898139   -0.0137931986608558   0
0.249011499504413   0.0808118922574419   0.024592836805446   0.00250251120165779   0
0.16180431511372   0.0867353677705064   -0.0872071843906932   0.00592347551306449   0
0.0581858610879344   0.0840352503584657   -0.103618454025786   -0.00270011741204074   0
0.232491275199793   0.0895702182740586   0.174305414111859   0.00553496791559294   0
0.341941235672699   0.0898479776450895   0.109449960472906   0.000277759371030875   0
0.345758015276315   0.0864296379726793   0.00381677960361554   -0.00341833967241022   0
0.315318603706555   0.081775914933509   -0.0304394115697597   -0.00465372303917028   0
0.250934979638802   0.0675717793528905   -0.0643836240677529   -0.0142041355806184   0
0.18355236285715   0.0655464706203744   -0.0673826167816521   -0.00202530873251616   0
0.110497205049811   0.077951496746711   -0.073055157807339   0.0124050261263366   0
0.176383621949574   0.0852759112095262   0.0658864168997624   0.00732441446281519   0
0.220896278626817   0.0859621043653249   0.0445126566772435   0.000686193155798639   0
0.179531974910411   0.0966070774209245   -0.0413643037164059   0.0106449730555996   0
0.047109708252996   0.100074802411246   -0.132422266657415   0.00346772499032184   0
0.134495132439612   0.102314192427273   0.0873854241866164   0.00223939001602642   0
0.251891266743877   0.0962451262686064   0.117396134304264   -0.00606906615866631   0
0.344111336111919   0.0933186979213705   0.0922200693680421   -0.00292642834723596   0
0.428495454266264   0.0897206499006422   0.0843841181543448   -0.00359804802072831   0
0.391071776863798   0.102265754418684   -0.0374236774024658   0.0125451045180414   0
0.263215830620497   0.100207471414361   -0.127855946243301   -0.00205828300432245   0
0.0669188151384467   0.113790725833095   -0.19629701548205   0.0135832544187335   0
0.163182926638119   0.100470530714599   0.0962641114996719   -0.0133201951184959   0
0.219419975373232   0.117068434329712   0.0562370487351131   0.0165979036151129   0
0.181352014664189   0.13129432396052   -0.0380679607090431   0.0142258896308085   0
0.0291278404717823   0.123885476558998   -0.152224174192406   -0.00740884740152228   0
0.170776741106011   0.118177531007379   0.141648900634229   -0.00570794555161892   0
0.303319214354638   0.119227069486128   0.132542473248627   0.00104953847874914   0
0.359848489088332   0.119110137670183   0.0565292747336942   -0.000116931815944812   0
0.367097952339544   0.108914095862795   0.00724946325121206   -0.0101960418073887   0
0.373455183360489   0.104937840120759   0.00635723102094449   -0.00397625574203544   0
0.29500562208124   0.106717008021508   -0.0784495612792485   0.0017791679007484   0
0.122232812124356   0.11495806763317   -0.172772809956884   0.00824105961166252   0
0.121477471943476   0.118251459672809   -0.000755340180879513   0.00329339203963906   0
0.1964916231431   0.120666248813711   0.0750141511996235   0.00241478914090226   0
0.163588235372994   0.111224604521942   -0.0329033877701062   -0.00944164429176891   0
0.0421558038405152   0.117108225208565   -0.121432431532478   0.00588362068662264   0
0.120291510393419   0.112228702590124   0.0781357065529036   -0.00487952261844112   0
0.26719020007156   0.114896691630188   0.146898689678141   0.00266798904006396   0
0.340110732171282   0.0982908468020929   0.0729205320997227   -0.016605844828095   0
0.440974868058317   0.103816170839723   0.100864135887035   0.00552532403762983   0
0.43017664901468   0.108789619647556   -0.0107982190436372   0.00497344880783369   0
0.330758414617391   0.103968026734136   -0.0994182343972886   -0.00482159291342053   0
0.13979038296081   0.106365712936324   -0.190968031656581   0.00239768620218818   0
0.144310094263187   0.115917887683362   0.00451971130237699   0.00955217474703778   0
0.22860731860238   0.11079149569395   0.0842972243391925   -0.00512639198941206   0
0.20189546196054   0.120797602429643   -0.0267118566418394   0.0100061067356928   0
0.069634608746657   0.138418993672292   -0.132260853213883   0.0176213912426493   0
0.142422584599248   0.125209190377544   0.0727879758525911   -0.0132098032947482   0
0.291133842776892   0.130652598385949   0.148711258177644   0.0054434080084049   0
0.360677552736346   0.11585914740861   0.0695437099594546   -0.0147934509773388   0
0.460814009563045   0.112954228518679   0.100136456826698   -0.00290491888993072   0
0.436052272826068   0.102279247589919   -0.0247617367369765   -0.01067498092876   0
0.322124383302863   0.0984048717101445   -0.113927889523205   -0.00387437587977471   0
0.0926597232660448   0.102106973200952   -0.229464660036819   0.00370210149080782   0
0.176826058857341   0.100688497253907   0.0841663355912967   -0.00141847594704553   0
0.248820656756649   0.108380529439113   0.0719945978993072   0.00769203218520645   0
0.191988891116361   0.135825891115244   -0.0568317656402875   0.0274453616761303   0
0.0701647332112793   0.129098983401303   -0.121824157905082   -0.00672690771394022   0
0.166506404044559   0.121164284048559   0.0963416708332799   -0.00793469935274389   0
0.290148301176002   0.124649568291471   0.123641897131443   0.00348528424291114   0
0.449342091837188   0.128234392926586   0.159193790661186   0.00358482463511521   0
0.526726191108863   0.114952752629069   0.0773840992716743   -0.0132816402975165   0
0.393885361402134   0.101439601473685   -0.132840829706728   -0.0135131511553845   0
0.180171590350005   0.0987869472792332   -0.213713771052129   -0.00265265419445161   0
0.0811568458073008   0.111390427745161   -0.0990147445427041   0.0126034804659281   0
0.19930627935015   0.129868012888086   0.118149433542849   0.0184775851429244   0
0.169578007125158   0.145450498950674   -0.0297282722249924   0.0155824860625882   0
0.0606400950880686   0.137495178863661   -0.108937912037089   -0.00795532008701344   0
0.124111946971313   0.13369585118563   0.0634718518832444   -0.00379932767803101   0
0.219306511379165   0.120246926801686   0.0951945644078524   -0.0134489243839436   0
0.360093574156468   0.11043547406178   0.140787062777303   -0.00981145273990625   0
0.462267239136238   0.123974677014713   0.10217366497977   0.0135392029529337   0
0.37203865539023   0.11387550017652   -0.0902285837460087   -0.0100991768381938   0
0.187887566695005   0.111190889960509   -0.184151088695224   -0.00268461021601063   0
0.0522877490138003   0.125777566883964   -0.135599817681205   0.0145866769234549   0
0.145940080610914   0.140427180550989   0.0936523315971135   0.014649613667025   0
0.0772449305557976   0.15340374688628   -0.0686951500551161   0.0129765663352917   0
0.0346443774003806   0.137575063821537   -0.0426005531554171   -0.0158286830647434   0
0.120417831386053   0.131453183063401   0.0857734539856729   -0.00612188075813611   0
0.250998117869318   0.120994361800457   0.130580286483265   -0.0104588212629435   0
0.390704657848879   0.106220270715163   0.139706539979562   -0.0147740910852946   0
0.446664346092813   0.0999088362593745   0.0559596882439333   -0.00631143445578844   0
0.370740547757917   0.110846358137063   -0.0759237983348962   0.0109375218776884   0
0.192126269168716   0.0910118445852654   -0.1786142785892   -0.0198345135517975   0
0.041471157003151   0.102156039147093   -0.150655112165565   0.0111441945618281   0
0.118746914495325   0.105012037483817   0.0772757574921739   0.00285599833672312   0
0.118268172341717   0.110367840790468   -0.0004787421536082   0.00535580330665097   0
0.0513086994103339   0.112742367152947   -0.0669594729313828   0.00237452636247985   0
0.209558747401677   0.092883464395459   0.158250047991343   -0.0198589027574884   0
0.262506122092076   0.0934447071243337   0.0529473746903988   0.000561242728874686   0
0.290642216786997   0.103630577843559   0.0281360946949212   0.0101858707192256   0
0.382522108891891   0.0933909348147881   0.0918798921048939   -0.0102396430287712   0
0.35641358320015   0.0793487321496223   -0.0261085256917417   -0.0140422026651658   0
0.239550351826542   0.0860905333180281   -0.116863231373608   0.00674180116840579   0
0.0616939782216222   0.112057437184475   -0.17785637360492   0.0259669038664467   0
0.127367664656154   0.11205745375235   0.0656736864345317   1.656787501636e-08   0
0.129383280897224   0.126264390792693   0.00201561624107013   0.0142069370403437   0
0.0611442459128412   0.134009279534105   -0.0682390349843829   0.00774488874141196   0
0.111327153678561   0.13096853151998   0.05018290776572   -0.00304074801412535   0
0.211502408299977   0.121945703669707   0.100175254621415   -0.009022827850273   0
0.322509297528831   0.0937221141124655   0.111006889228854   -0.0282235895572415   0
0.419009172107246   0.0932006720470539   0.0964998745784154   -0.000521442065411562   0
0.373198284969264   0.0920599255468958   -0.0458108871379823   -0.00114074650015812   0
0.236887673013118   0.0883070384417346   -0.136310611956146   -0.00375288710516117   0
0.0687739631715092   0.102197705148942   -0.168113709841609   0.0138906667072069   0
0.104326722412381   0.109630696992232   0.0355527592408718   0.00743299184329002   0
0.0917220537996157   0.119360961759289   -0.0126046686127653   0.00973026476705761   0
0.037202684806097   0.121110201470902   -0.0545193689935187   0.00174923971161289   0
0.122767318008703   0.124871281376063   0.085564633202606   0.00376107990516131   0
0.181743810505509   0.109851422761337   0.0589764924968064   -0.0150198586147264   0
0.35198946961557   0.0883366975943181   0.17024565911006   -0.021514725167019   0
0.455262527109359   0.0833853041445254   0.10327305749379   -0.00495139344979272   0
0.361703602129976   0.0896094423114551   -0.0935589249793832   0.00622413816692972   0
0.224557257360122   0.0820517165036479   -0.137146344769854   -0.00755772580780724   0
0.0528638145264793   0.0951485451197889   -0.171693442833643   0.013096828616141   0
0.105133238234311   0.1153564719113   0.0522694237078318   0.0202079267915109   0
0.102037485779198   0.130160918126372   -0.00309575245511322   0.0148044462150718   0
0.0646641567244946   0.13391379440054   -0.0373733290547032   0.00375287627416807   0
0.152877454506052   0.115186277415107   0.0882132977815574   -0.0187275169854326   0
0.265610427618345   0.0904836746131588   0.112732973112293   -0.0247026028019483   0
0.430521876344373   0.11372407720761   0.164911448726029   0.0232404025944515   0
0.406602671763787   0.09950973359486   -0.0239192045805864   -0.0142143436127503   0
0.292071150235384   0.0976666114101692   -0.114531521528404   -0.00184312218469072   0
0.123009557203902   0.106307685248774   -0.169061593031482   0.00864107383860524   0
0.0492420203944852   0.115557834678139   -0.0737675368094166   0.00925014942936409   0
0.0476221081260967   0.122630702863312   -0.00161991226838858   0.00707286818517378   0
0.0264412878420644   0.127033675215472   -0.0211808202840323   0.00440297235215957   0
0.112061651511166   0.12281019507659   0.0856203636691016   -0.00422348013888225   0
0.194655822560957   0.108150987442325   0.0825941710497913   -0.0146592076342644   0
0.315201890646614   0.0977201578610703   0.120546068085657   -0.010430829581255   0
0.394730675773622   0.0923412465079934   0.0795287851270077   -0.00537891135307692   0
0.34895647911509   0.0945733463050372   -0.0457741966585321   0.00223209979704385   0
0.236082190250768   0.0972240131811195   -0.112874288864321   0.00265066687608229   0
0.06657145535896   0.107936791123104   -0.169510734891808   0.0107127779419841   0
0.057766603410275   0.117049424700637   -0.00880485194868492   0.00911263357753302   0
0.06060583625081   0.130421943954037   0.00283923284053499   0.0133725192534005   0
0.0639370370776196   0.134432208976309   0.00333120082680954   0.00401026502227184   0
0.17218202693667   0.112409747638939   0.10824498985905   -0.0220224613373697   0
0.367691955635013   0.0987507788410299   0.195509928698343   -0.0136589687979093   0
0.387593946324217   0.0958247051928677   0.0199019906892045   -0.00292607364816225   0
0.309416877420286   0.101387386983798   -0.0781770689039315   0.00556268179093078   0
0.159686950377042   0.0996146916934445   -0.149729927043243   -0.00177269529035395   0
0.038109544746428   0.118734515931552   -0.121577405630614   0.0191198242381076   0
0.0292603495743933   0.124243503607835   -0.00884919517203469   0.00550898767628247   0
0.0660786043414205   0.127614605972436   0.0368182547670272   0.00337110236460103   0
0.116225628721036   0.116595167207951   0.050147024379615   -0.0110194387644848   0
0.211261967844049   0.0987977543226692   0.0950363391230135   -0.0177974128852816   0
0.339298069955548   0.103573551361158   0.128036102111499   0.0047757970384891   0
0.33044409108993   0.0967437699185973   -0.00885397886561806   -0.00682978144256098   0
0.228171439535298   0.0973253695496323   -0.102272651554632   0.000581599631035004   0
0.109488549884406   0.103447981724826   -0.118682889650892   0.00612261217519397   0
0.0581776505013738   0.128716795320473   -0.0513108993830319   0.0252688135956465   0
0.0627664287829123   0.13860047148098   0.00458877828153846   0.00988367616050734   0
0.0918299336154611   0.139670677684151   0.0290635048325489   0.00107020620317083   0
0.20810181953402   0.102709813909188   0.116271885918559   -0.0369608637749631   0
0.375216600243766   0.0797262491852119   0.167114780709745   -0.0229835647239759   0
0.378298512471302   0.0823000350548224   0.00308191222753634   0.0025737858696105   0
0.24123016887819   0.0998922958587398   -0.137068343593112   0.0175922608039173   0
0.0777011464161244   0.10911072557045   -0.163529022462065   0.00921842971171001   0
0.0420932168718429   0.146266159978103   -0.0356079295442815   0.0371554344076531   0
0.0456522667954177   0.129205903246765   0.00355904992357482   -0.0170602567313375   0
0.111095018030963   0.126955490617775   0.0654427512355453   -0.00225041262899023   0
0.222111678840803   0.11125755441879   0.11101666080984   -0.0156979361989853   0
0.332743804148853   0.106916845707318   0.11063212530805   -0.00434070871147166   0
0.379370805335426   0.0918888086540739   0.0466270011865738   -0.0150280370532444   0
0.332702067510829   0.0982919706300062   -0.0466687378245977   0.0064031619759323   0
0.193327888003464   0.103921654917599   -0.139374179507365   0.00562968428759268   0
0.0670355664775797   0.124813214879916   -0.126292321525885   0.0208915599623168   0
0.0620484764248889   0.123244905537146   -0.00498709005269071   -0.00156830934276982   0
0.0664676710499924   0.146192939354984   0.00441919462510347   0.0229480338178381   0
0.105026963829771   0.145322865852212   0.0385592927797785   -0.000870073502771906   0
0.282537721696573   0.118113610709403   0.177510757866802   -0.0272092551428086   0
0.40010846736145   0.10832186556768   0.117570745664878   -0.00979174514172362   0
0.415077408465205   0.101030739109342   0.0149689411037542   -0.00729112645833746   0
0.360313870454414   0.0884858761525251   -0.054763538010791   -0.0125448629568173   0
0.227795223267286   0.0990325211439278   -0.132518647187128   0.0105466449914027   0
0.0699006889297953   0.126741114466942   -0.15789453433749   0.0277085933230143   0
0.0941601152431856   0.13441128297737   0.0242594263133904   0.00767016851042748   0
0.128329676601829   0.146658872695867   0.0341695613586433   0.0122475897184974   0
0.0927917494855879   0.150459390762092   -0.035537927116241   0.00380051806622544   0
0.153594576064944   0.145498843716574   0.0608028265793565   -0.00496054704551846   0
0.245011130262729   0.143179401508466   0.0914165541977847   -0.00231944220810795   0
0.377112509019258   0.138092109270235   0.132101378756529   -0.00508729223823104   0
0.47497736039564   0.133361994365486   0.0978648513763823   -0.00473011490474862   0
0.403871122387522   0.101707308078132   -0.0711062380081182   -0.0316546862873546   0
0.296694412542384   0.104366664384814   -0.107176709845138   0.00265935630668272   0
0.121693200260098   0.121965197443789   -0.175001212282286   0.0175985330589748   0
0.0998373314339881   0.111682908374961   -0.0218558688261102   -0.0102822890688279   0
0.141743428880001   0.142482410054048   0.0419060974460133   0.0307995016790871   0
0.0771490715986913   0.144449187241569   -0.06459435728131   0.00196677718752106   0
0.114075690941657   0.157831908210634   0.0369266193429655   0.0133827209690645   0
0.219852361895152   0.134406181551008   0.105776670953495   -0.0234257266596261   0
0.361463494052944   0.122047248490861   0.141611132157792   -0.0123589330601468   0
0.487369717414126   0.123521649015679   0.125906223361182   0.00147440052481748   0
0.479249865121602   0.115178528102127   -0.00811985229252404   -0.00834312091355144   0
0.329385769524426   0.0921056282919915   -0.149864095597176   -0.0230728998101357   0
0.118303141492118   0.107083210590188   -0.211082628032308   0.0149775822981963   0
0.0909004340513289   0.122163817267317   -0.0274027074407891   0.0150806066771296   0
0.117675589942222   0.147876041760329   0.0267751558908932   0.0257122244930115   0
0.0488325082711302   0.158611501449107   -0.0688430816710919   0.010735459688778   0
0.0897079333259885   0.151079696958393   0.0408754250548583   -0.00753180449071333   0
0.198397145777604   0.132656154951099   0.108689212451616   -0.0184235420072944   0
0.304549981928566   0.115286803027547   0.106152836150962   -0.0173693519235517   0
0.462522630116865   0.118482661905825   0.157972648188299   0.0031958588782775   0
0.437918185610849   0.110062543731837   -0.0246044445060162   -0.00842011817398799   0
0.29903682837037   0.0936799343813284   -0.138881357240479   -0.0163826093505084   0
0.137213933411901   0.100377431154879   -0.161822894958469   0.00669749677355073   0
0.0766948220235239   0.123848744216736   -0.0605191113883771   0.0234713130618569   0
0.142361620979392   0.142847061145338   0.0656667989558679   0.0189983169286022   0
0.0678537169963444   0.147655552371905   -0.0745079039830474   0.00480849122656715   0
0.113958305106429   0.145901534126993   0.0461045881100848   -0.00175401824491275   0
0.288882364949628   0.115548414368134   0.174924059843199   -0.0303531197588586   0
0.46932971845874   0.124742373246113   0.180447353509112   0.00919395887797869   0
0.461804693240422   0.12002265681763   -0.00752502521831799   -0.0047197164284831   0
0.325070050256784   0.108094796789959   -0.136734642983638   -0.0119278600276708   0
0.132308516193479   0.117329685541096   -0.192761534063305   0.00923488875113726   0
0.06312118181316   0.136419229301856   -0.0691873343803187   0.0190895437607604   0
0.0691310033621674   0.140448432202259   0.00600982154900742   0.00402920290040235   0
0.0625490697846099   0.142771228238571   -0.00658193357755749   0.00232279603631172   0
0.126298780390034   0.140977427992294   0.0637497106054239   -0.00179380024627632   0
0.258333006293543   0.118966731706904   0.13203422590351   -0.0220106962853901   0
0.398059139984563   0.107180817786533   0.13972613369102   -0.0117859139203711   0
0.389796130614774   0.0962043637380862   -0.00826300936978897   -0.0109764540484468   0
0.273296468443557   0.0974532173079601   -0.116499662171217   0.00124885356987392   0
0.140636327606526   0.0928838571792214   -0.132660140837031   -0.00456936012873874   0
0.0737612222803418   0.107814279727966   -0.0668751053261838   0.0149304225487441   0
0.0733885591433706   0.137604948646742   -0.000372663136971277   0.0297906689187765   0
0.103375769153366   0.107770473926953   0.0299872100099953   -0.0298344747197893   0
0.199231698343512   0.109264384092542   0.0958559291901457   0.00149391016558906   0
0.204673815612745   0.108772898413311   0.00544211726923355   -0.000491485679230685   0
0.254911689556795   0.0958293716169004   0.0502378739440502   -0.0129435267964107   0
0.386725073830092   0.0837845472832551   0.131813384273296   -0.0120448243336454   0
0.39674201186591   0.0757646503693015   0.0100169380358183   -0.00801989691395354   0
0.265727671333341   0.0804136425043661   -0.131014340532569   0.00464899213506462   0
0.145813124748254   0.108494058761713   -0.119914546585086   0.0280804162573467   0
0.127058873595117   0.130761620697942   -0.0187542511531371   0.0222675619362293   0
0.163121219387056   0.12318205713306   0.0360623457919385   -0.00757956356488199   0
0.122000038730345   0.127834623497705   -0.0411211806567112   0.00465256636464487   0
0.191530908131403   0.12259582578625   0.0695308694010585   -0.0052387977114553   0
0.373799990501605   0.0986463758105816   0.182269082370202   -0.0239494499756682   0
0.48720195011104   0.0885270820269707   0.113401959609435   -0.0101192937836109   0
0.412814297589122   0.0749866710843501   -0.0743876525219179   -0.0135404109426206   0
0.244247393863599   0.0808147082975618   -0.168566903725523   0.00582803721321172   0
0.141049861104848   0.113480462468711   -0.103197532758751   0.0326657541711491   0
0.156672393720464   0.132435537576409   0.0156225326156157   0.0189550751076983   0
0.131255803896247   0.141829281558746   -0.0254165898242169   0.00939374398233664   0
0.15992362344685   0.133763055523536   0.0286678195506036   -0.00806622603521018   0
0.271913429810831   0.120368408507818   0.111989806363981   -0.0133946470157175   0
0.373963246167067   0.0967649545722133   0.102049816356235   -0.0236034539356049   0
0.369614347887092   0.0631664475126036   -0.00434889827997492   -0.0335985070596097   0
0.273905879428391   0.0835686966273407   -0.0957084684587011   0.0204022491147371   0
0.182802700978405   0.0899541023917892   -0.0911031784499859   0.00638540576444857   0
0.141969121414518   0.131555428167997   -0.0408335795638871   0.0416013257762077   0
0.135781266125163   0.149761883207761   -0.00618785528935428   0.0182064550397639   0
0.15079308489387   0.141245344915275   0.0150118187687071   -0.00851653829248586   0
0.203642720186605   0.123209403351297   0.0528496352927349   -0.0180359415639784   0
0.310524977652362   0.0950073565889637   0.106882257465757   -0.0282020467623329   0
0.384521018183714   0.0831897500437087   0.0739960405313517   -0.011817606545255   0
0.362363031352882   0.0593256047783965   -0.0221579868308314   -0.0238641452653122   0
0.276449208987836   0.0652454058805101   -0.0859138223650468   0.00591980110211361   0
0.156665759219588   0.109770368432754   -0.119783449768247   0.0445249625522437   0
0.157201846474048   0.116499510456107   0.00053608725445925   0.00672914202335288   0
0.181918410088259   0.138753968530237   0.0247165636142116   0.0222544580741304   0
0.160788660409402   0.136130847918877   -0.0211297496788571   -0.00262312061135969   0
0.210444158051489   0.128747464770195   0.0496554976420868   -0.0073833831486827   0
0.302240006332203   0.100805169848736   0.0917958482807141   -0.0279422949214587   0
0.450886071295455   0.104418249097141   0.148646064963252   0.00361307924840466   0
0.449538150435355   0.0722950210705066   -0.00134792086009972   -0.0321232280266339   0
0.313214750156438   0.0655925221418189   -0.136323400278917   -0.00670249892868777   0
0.171534229324354   0.100492041084978   -0.141680520832084   0.0348995189431596   0
0.173349529056182   0.12388843138655   0.00181529973182798   0.0233963903015719   0
0.165741958391984   0.129987733934668   -0.00760757066419826   0.00609930254811747   0
0.141338938055053   0.130512868266169   -0.0244030203369309   0.000525134331501559   0
0.170002561239471   0.129853609074315   0.0286636231844181   -0.000659259191854528   0
0.288948688145768   0.113217437731319   0.118946126906297   -0.0166361713429963   0
0.411479638168464   0.0972360392522752   0.122530950022696   -0.0159813984790434   0
0.415715622544354   0.071644055088123   0.00423598437589023   -0.0255919841641522   0
0.293419089606931   0.080569397769935   -0.122296532937423   0.00892534268181197   0
0.18033176156185   0.102781308836833   -0.11308732804508   0.0222119110668983   0
0.16105279012535   0.116508329405208   -0.0192789714365003   0.0137270205683749   0
0.166695571834317   0.13824258135297   0.00564278170896729   0.0217342519477617   0
0.156993532559434   0.144649363021178   -0.00970203927488336   0.00640678166820799   0
0.202765095213377   0.132543764385136   0.0457715626539436   -0.0121055986360417   0
0.355452463286218   0.0939526945101763   0.15268736807284   -0.03859106987496   0
0.404222172060873   0.102224708977637   0.0487697087746551   0.00827201446746036   0
0.313313896232277   0.101010204064416   -0.0909082758285961   -0.00121450491322043   0
0.181563319305883   0.125261226858963   -0.131750576926394   0.0242510227945464   0
0.147178565234276   0.154485283966742   -0.034384754071607   0.0292240571077797   0
0.130128511417022   0.149690454010142   -0.017050053817254   -0.00479482995660011   0
0.16341015515671   0.143187903249829   0.033281643739688   -0.00650255076031281   0
0.285406180350321   0.115441005288502   0.121996025193611   -0.0277468979613272   0
0.340483164650119   0.0961551863114127   0.0550769842997978   -0.0192858189770895   0
0.277908325251853   0.101984987593677   -0.0625748393982654   0.0058298012822645   0
0.170180539516274   0.125235082518169   -0.10772778573558   0.0232500949244914   0
0.13904275649141   0.157226429965075   -0.0311377830248635   0.031991347446906   0
0.13969450543554   0.162019363873867   0.000651748944129338   0.00479293390879237   0
0.215643811198583   0.150610650380617   0.0759493057630432   -0.0114087134932498   0
0.340685151475215   0.117573333955026   0.125041340276632   -0.0330373164255915   0
0.376395891405578   0.114750725156369   0.0357107399303637   -0.00282260879865688   0
0.25630705017422   0.113459520941138   -0.120088841231359   -0.00129120421523096   0
0.149559658058214   0.151225006947338   -0.106747392116005   0.0377654860062004   0
0.113538380255665   0.171591556821016   -0.0360212778025493   0.0203665498736778   0
0.12009074339157   0.172124160610125   0.00655236313590524   0.000532603789108577   0
0.151015089703447   0.15781574566146   0.0309243463118762   -0.0143084149486651   0
0.277367047835247   0.142685070377037   0.1263519581318   -0.0151306752844226   0
0.349996909231625   0.122529148638232   0.0726298613963779   -0.0201559217388048   0
0.295199821324895   0.130495855399741   -0.0547970879067294   0.00796670676150836   0
0.154920301055381   0.162107842377412   -0.140279520269514   0.0316119869776719   0
0.129782413834888   0.184793347025833   -0.0251378872204939   0.0226855046484207   0
0.13812641914109   0.186456353066368   0.00834400530620222   0.00166300604053463   0
0.168301717664824   0.184771199000304   0.0301752985237339   -0.00168515406606362   0
0.262365751623568   0.160151133403958   0.0940640339587447   -0.0246200655963457   0
0.371923101112596   0.145097397944484   0.109557349489027   -0.0150537354594743   0
0.331969580331165   0.131135894219327   -0.0399535207814303   -0.0139615037251573   0
0.181388534769318   0.141886076315684   -0.150581045561848   0.0107501820963567   0
0.122108764747714   0.183540497559129   -0.059279770021604   0.041654421243445   0
0.12179634160335   0.179762813294102   -0.000312423144363444   -0.00377768426502709   0
0.179641845028629   0.164391416535931   0.0578455034252788   -0.0153713967581705   0
0.316822419735867   0.144742697388892   0.137180574707238   -0.0196487191470386   0
