0.382113061574712   0.462420604315606   0   0   0
0.35443236155261   0.443539322595441   -0.0276807000221025   -0.0188812817201648   0
0.259595310476692   0.383608677283378   -0.0948370510759181   -0.0599306453120633   0
0.28553208315354   0.331370915009525   0.025936772676848   -0.0522377622738524   0
0.326687353843885   0.0624827172589749   0.0411552706903456   -0.26888819775055   1
0.198879702481802   0.155663692634431   -0.127807651362084   0.093180975375456   0
0.107121784428285   0.157194803938903   -0.0917579180535166   0.00153111130447167   0
0.0832086211251575   0.132782155102418   -0.0239131633031277   -0.0244126488364849   0
0.057659030586197   0.148365475202849   -0.0255495905389604   0.0155833201004315   0
0.0504297623240245   0.133322247789791   -0.00722926826217251   -0.0150432274130579   0
0.0618191476634554   0.130134207821142   0.0113893853394309   -0.00318803996864953   0
0.0868635813935852   0.115668194819373   0.0250444337301298   -0.0144660130017684   0
0.0684450343079759   0.1039083474836   -0.0184185470856093   -0.0117598473357736   0
0.0996091774094636   0.0305702037002127   0.0311641431014877   -0.073338143783387   0
0.0809439602946384   0.0587221173323348   -0.0186652171148252   0.0281519136321221   0
0.0833804484925573   0.0283973278129299   0.0024364881979189   -0.030324789519405   0
0.0748168834962403   0.0274577490090229   -0.00856356499631697   -0.000939578803906924   0
0.0912529103124388   0.0395820095595208   0.0164360268161985   0.0121242605504979   0
0.0847050953440819   0.0430748666629973   -0.00654781496835694   0.00349285710347649   0
0.0728506081425543   0.0499921548407598   -0.0118544872015276   0.00691728817776242   0
0.0566580070279568   0.0336803921594227   -0.0161926011145975   -0.0163117626813371   0
0.0706647486877297   0.0364591617547634   0.0140067416597729   0.00277876959534069   0
0.087322854897959   0.0623595416216717   0.0166581062102293   0.0259003798669083   0
0.100688406242852   0.0595750502278429   0.013365551344893   -0.0027844913938288   0
0.124295287009283   0.0223154625315027   0.0236068807664309   -0.0372595876963402   0
0.124703584982349   0.0414927382797849   0.000408297973066393   0.0191772757482822   0
0.14155394635774   0.0438824671114786   0.016850361375391   0.00238972883169373   0
0.132638543167135   0.0366778508314623   -0.00891540319060499   -0.00720461628001628   0
0.153988814741623   0.0321090870270633   0.0213502715744881   -0.004568763804399   0
0.168033127596465   0.0328773832873755   0.014044312854842   0.000768296260312239   0
0.15818511677778   0.0395905888565591   -0.009848010818685   0.00671320556918354   0
0.154412498805829   0.0370230623219217   -0.0037726179719518   -0.00256752653463735   0
0.167385064558371   0.0322511278471777   0.0129725657525424   -0.00477193447474404   0
0.162833884957186   0.0282725098009091   -0.00455117960118517   -0.00397861804626861   0
0.181438415212052   0.0272408111530292   0.018604530254866   -0.00103169864787988   0
0.161222377801501   0.0142286449823938   -0.0202160374105505   -0.0130121661706354   0
0.170957327971544   0.025214009305642   0.00973495017004256   0.0109853643232482   0
0.192026310102132   0.0284102423808738   0.0210689821305878   0.00319623307523186   0
0.186057039531887   0.0228621727286581   -0.00596927057024502   -0.0055480696522157   0
0.186852532054162   0.0163688565647574   0.000795492522275315   -0.00649331616390078   0
0.192496666173859   0.0292840519709107   0.00564413411969683   0.0129151954061534   0
0.176757506436983   0.0262515429857942   -0.015739159736876   -0.00303250898511653   0
0.196745920554938   0.0236701791466605   0.0199884141179553   -0.00258136383913372   0
0.194745663236694   0.0353455452670489   -0.00200025731824363   0.0116753661203884   0
0.207707740763743   0.0254091982454056   0.0129620775270489   -0.00993634702164321   0
0.230610892583547   0.0610317506603327   0.0229031518198032   0.0356225524149271   0
0.250455459922698   0.0365001320576721   0.0198445673391511   -0.0245316186026607   0
0.240517930036668   0.035868032680228   -0.00993752988602944   -0.000632099377444108   0
0.240341230942591   0.0452952524917899   -0.00017669909407686   0.00942721981156194   0
0.270686658109483   0.0493716813608745   0.0303454271668915   0.00407642886908463   0
0.285686125288529   0.0732048080606903   0.0149994671790458   0.0238331266998157   0
0.298805908708948   0.048229335691076   0.0131197834204191   -0.0249754723696142   0
0.308994631871364   0.0739589070214839   0.0101887231624166   0.0257295713304079   0
0.264717003595283   0.0548216100088505   -0.0442776282760817   -0.0191372970126334   0
0.28731481448854   0.04960355999732   0.0225978108932572   -0.00521805001153054   0
0.266458425555207   0.0471231679241485   -0.0208563889333325   -0.00248039207317147   0
0.295959473483157   0.0745132461949048   0.0295010479279498   0.0273900782707563   0
0.269590202586407   0.0796365593104229   -0.0263692708967501   0.00512331311551804   0
0.276485890428156   0.0441864366884989   0.00689568784174843   -0.035450122621924   0
0.28369265763086   0.063914560889245   0.00720676720270402   0.019728124200746   0
0.296354777714199   0.0731494505151953   0.0126621200833396   0.0092348896259503   0
0.322136946132511   0.0860036666204994   0.0257821684183114   0.0128542161053041   0
0.325464350274896   0.0833315604303376   0.00332740414238514   -0.00267210619016182   0
0.31875057893767   0.0800810916672126   -0.00671377133722534   -0.003250468763125   0
0.287271041570796   0.0655729003933408   -0.0314795373668743   -0.0145081912738717   0
0.274374908224951   0.0798151217365012   -0.0128961333458455   0.0142422213431603   0
0.303658484063611   0.0752365546543035   0.02928357583866   -0.00457856708219764   0
0.293279181448773   0.0791838436300771   -0.0103793026148373   0.00394728897577358   0
0.324296278191486   0.0905134166303814   0.0310170967427132   0.0113295730003043   0
0.33599681540129   0.0945312552123635   0.0117005372098033   0.00401783858198212   0
0.311408584679116   0.0970804553894346   -0.0245882307221741   0.00254920017707111   0
0.323128964964267   0.102966649777744   0.0117203802851512   0.00588619438830895   0
0.305125529702231   0.102019656977295   -0.0180034352620361   -0.000946992800448243   0
0.287149278570781   0.108642206197707   -0.0179762511314498   0.00662254922041129   0
0.299876515421495   0.100434397007412   0.012727236850714   -0.00820780919029435   0
0.3013154980046   0.108642216846411   0.00143898258310488   0.00820781983899833   0
0.308866964929207   0.10151032220091   0.00755146692460718   -0.0071318946455009   0
0.306648621274986   0.110325714665451   -0.00221834365422069   0.00881539246454126   0
0.290728098123057   0.0876740476905937   -0.0159205231519291   -0.0226516669748573   0
0.316564472356343   0.111190444906476   0.025836374233286   0.023516397215882   0
0.373818024516769   0.107579039296417   0.0572535521604262   -0.00361140561005882   0
0.339983962522558   0.103326655688507   -0.0338340619942115   -0.00425238360791008   0
0.333753792970237   0.10526023669885   -0.00623016955232064   0.00193358101034369   0
0.324581742143547   0.0994308730035545   -0.00917205082669026   -0.00582936369529598   0
0.329146409481526   0.106265912751293   0.00456466733797917   0.00683503974773847   0
0.329846674204273   0.0972598583224021   0.00070026472274709   -0.00900605442889085   0
0.321829084994819   0.114408150428674   -0.00801758920945467   0.0171482921062715   0
0.363245460995592   0.117135105311836   0.0414163760007732   0.0027269548831628   0
0.362613603898213   0.122437343450532   -0.000631857097378952   0.00530223813869592   0
0.380634399962855   0.128594182908618   0.0180207960646424   0.00615683945808532   0
0.368078802639285   0.134939611609425   -0.0125555973235699   0.00634542870080754   0
0.359413657779682   0.127866272016079   -0.00866514485960379   -0.00707333959334577   0
0.364049105955494   0.138768406951736   0.00463544817581241   0.0109021349356562   0
0.382390330889289   0.146795835309189   0.0183412249337946   0.00802742835745329   0
0.390121841627078   0.141591972618295   0.00773151073778944   -0.00520386269089385   0
0.374467412203118   0.131790579561373   -0.0156544294239598   -0.00980139305692235   0
0.381854276214435   0.120469888377289   0.00738686401131677   -0.011320691184084   0
0.378050174702083   0.136593867320828   -0.00380410151235183   0.0161239789435394   0
0.372142661447865   0.143073672683481   -0.00590751325421845   0.00647980536265333   0
0.386599185198081   0.142573494630487   0.0144565237502161   -0.000500178052994293   0
0.39789653491869   0.148064447417603   0.0112973497206088   0.00549095278711545   0
0.377866504401674   0.152309769584673   -0.0200300305170161   0.00424532216707049   0
0.392794923182683   0.146527318527639   0.0149284187810097   -0.0057824510570344   0
0.392236355089645   0.148773878987593   -0.000558568093038336   0.00224656045995403   0
0.389688318539268   0.141795135136929   -0.00254803655037639   -0.0069787438506636   0
0.399959087095143   0.140057116444817   0.0102707685558743   -0.00173801869211215   0
0.404485792317555   0.148924088744025   0.00452670522241189   0.00886697229920752   0
0.398520215821582   0.153594847231483   -0.00596557649597301   0.00467075848745815   0
0.397024838509645   0.138088194882293   -0.00149537731193622   -0.0155066523491902   0
0.393755648770037   0.134394144150601   -0.00326918973960871   -0.0036940507316916   0
0.392684948378315   0.126003001503188   -0.00107070039172164   -0.0083911426474125   0
0.408398223197555   0.145936707208305   0.01571327481924   0.0199337057051164   0
0.400039734848002   0.149720579877993   -0.00835848834955272   0.00378387266968822   0
0.384052300370939   0.167238301862612   -0.0159874344770632   0.0175177219846185   0
0.406420317551719   0.153579836146717   0.0223680171807797   -0.0136584657158944   0
0.397462142636315   0.170062068572771   -0.00895817491540429   0.0164822324260542   0
0.409260401297475   0.167070040035527   0.0117982586611601   -0.00299202853724462   0
0.411603183462227   0.163742928923786   0.0023427821647527   -0.00332711111174086   0
0.406073408573819   0.162697661958992   -0.00552977488840806   -0.00104526696479368   0
0.412589229105463   0.170823314951626   0.0065158205316434   0.00812565299263407   0
0.404343560899206   0.155996110802834   -0.00824566820625661   -0.0148272041487925   0
0.412029175688518   0.167289452688305   0.00768561478931229   0.0112933418854708   0
0.393668355703732   0.165890068384729   -0.0183608199847864   -0.00139938430357575   0
0.40647821285679   0.161985806552063   0.0128098571530583   -0.00390426183266548   0
0.379695697587555   0.165890010804908   -0.0267825152692353   0.00390420425284468   0
0.397547641824889   0.148414481976154   0.0178519442373338   -0.0174755288287545   0
0.400706670681997   0.157190540965932   0.00315902885710784   0.00877605898977893   0
0.434526179847026   0.179618162514903   0.0338195091650295   0.0224276215489702   0
0.420668662560274   0.178907089691836   -0.0138575172867517   -0.000711072823067121   0
0.427718830161414   0.166885439426197   0.00705016760113969   -0.0120216502656382   0
0.432961123400346   0.182380268194294   0.00524229323893238   0.0154948287680963   0
0.459345431166056   0.193090985717362   0.0263843077657097   0.0107107175230683   0
0.445392045917089   0.198931301266819   -0.0139533852489673   0.00584031554945724   0
0.469981603201309   0.207932180244641   0.0245895572842199   0.00900087897782206   0
0.515180702900311   0.23935053575643   0.0451990996990023   0.0314183555117885   0
0.530144746852188   0.252449330530901   0.0149640439518767   0.013098794774471   0
0.516058091080164   0.262767885372718   -0.0140866557720238   0.0103185548418175   0
0.532797147371164   0.274350643983662   0.0167390562910005   0.0115827586109437   0
0.519635807198523   0.263015169802523   -0.0131613401726417   -0.0113354741811389   0
0.52358981637158   0.260121534945686   0.0039540091730571   -0.00289363485683658   0
0.524807711007565   0.264223047068665   0.00121789463598554   0.0041015121229786   0
0.502404355980921   0.248531038941819   -0.0224033550266438   -0.015692008126846   0
0.525648204648251   0.253993991271939   0.0232438486673301   0.00546295233012031   0
0.529233321198996   0.262326634161497   0.00358511655074489   0.00833264288955782   0
0.520464892601258   0.274275458449166   -0.00876842859773852   0.0119488242876685   0
0.530623361242513   0.274679972629058   0.010158468641255   0.000404514179892235   0
0.532163502049513   0.282557980784033   0.00154014080699982   0.00787800815497514   0
0.575894318143494   0.269241367614172   0.0437308160939814   -0.0133166131698605   0
0.56510008528919   0.312078859092538   -0.010794232854304   0.0428374914783652   0
0.574855554653349   0.335868705009115   0.00975546936415939   0.0237898459165775   0
0.574397744761096   0.328683636648906   -0.000457809892253191   -0.00718506836020927   0
0.582496773379493   0.349817229560309   0.00809902861839651   0.0211335929114032   0
0.56695944924699   0.336994157852922   -0.015537324132503   -0.0128230717073873   0
0.571182476025324   0.348155125845506   0.0042230267783343   0.011160967992584   0
0.52880335868124   0.429531969148398   -0.0423791173440843   0.0813768433028918   0
0.495963021976568   0.344473795160459   -0.0328403367046716   -0.0850581739879385   0
0.498092064776021   0.349484107443028   0.00212904279945286   0.00501031228256893   0
0.479997934768953   0.325535231488851   -0.0180941300070683   -0.0239488759541768   0
0.482484888645645   0.326043045390099   0.00248695387669168   0.000507813901247489   0
0.460327297124557   0.321341517702739   -0.0221575915210873   -0.00470152768735937   0
0.470703908589094   0.334589615406695   0.0103766114645366   0.0132480977039555   0
0.500116449236815   0.330184553832398   0.0294125406477213   -0.00440506157429649   0
0.488352564973964   0.329436850012639   -0.0117638842628507   -0.000747703819759415   0
0.479689346772523   0.31436546981181   -0.00866321820144128   -0.0150713802008291   0
0.50531296632302   0.331571145450339   0.0256236195504973   0.0172056756385293   0
0.51621716809671   0.350759172975205   0.0109042017736894   0.0191880275248661   0
0.488115534639259   0.347056994521073   -0.0281016334574506   -0.0037021784541324   0
0.496413577691479   0.340306312942105   0.00829804305221976   -0.00675068157896774   0
0.582489740389477   0.28132825000922   0.0860761626979977   -0.0589780629328855   0
0.628443292444115   0.343041181149582   0.0459535520546387   0.0617129311403619   0
0.627446706665992   0.339146482270198   -0.000996585778123005   -0.00389469887938315   0
0.553661395499993   0.314215176651686   -0.0737853111659992   -0.0249313056185128   0
0.537212639787785   0.331923789139164   -0.0164487557122086   0.0177086124874781   0
0.497376924146454   0.331042737927069   -0.0398357156413305   -0.000881051212094808   0
0.5303695907277   0.33395203264466   0.0329926665812456   0.00290929471759105   0
0.541576656101276   0.351125570607582   0.0112070653735764   0.0171735379629219   0
0.552967661596477   0.349822893357839   0.0113910054952007   -0.00130267724974292   0
0.543984185456673   0.337376590395659   -0.00898347613980377   -0.0124463029621803   0
0.557604576179509   0.344961677558899   0.0136203907228361   0.00758508716324063   0
0.538330270264686   0.337173874992562   -0.0192743059148229   -0.00778780256633704   0
0.560754252840056   0.324785207244342   0.0224239825753703   -0.0123886677482205   0
0.54476929493425   0.320167067553801   -0.0159849579058063   -0.00461813969054103   0
0.495703481182097   0.291419074777201   -0.0490658137521527   -0.0287479927765995   0
0.442714655437789   0.274292736906216   -0.0529888257443086   -0.0171263378709854   0
0.446228146770237   0.284862383667974   0.0035134913324481   0.0105696467617581   0
