7.50460565977315e-10   0.00378911670272242   0   0   0
0.0180469002413634   0.00854823133358591   0.0180468994909028   0.0047591146308635   0
0.0309701412597683   0.0146202   0.0129232410184049   0.00607196866641409   0
0.0826810593530641   0.0218581565038088   0.0517109180932958   0.00723795650380882   0
0.129256822097482   0.0259067466804981   0.0465757627444175   0.00404859017668929   0
0.0418566770367931   0.0178356   -0.0874001450606885   -0.00807114668049811   0
0.0569112790915966   0.0243545332750394   0.0150546020548035   0.00651893327503937   0
0.0273252178816949   0.0235624062130102   -0.0295860612099017   -0.000792127062029208   0
0.0828194376102018   0.004685065   0.0554942197285068   -0.0188773412130102   0
0.0831348748936342   0.003970805   0.000315437283432377   -0.00071426   0
0.0308196463125082   0.0221878032340118   -0.052315228581126   0.0182169982340118   0
0.0412301363932985   0.03427935   0.0104104900807903   0.0120915467659882   0
0.0601598737170383   0.0266124837365798   0.0189297373237398   -0.00766686626342019   0
0.13838812559136   0.0154903001556619   0.0782282518743216   -0.0111221835809179   0
0.0929124990277568   0.01052515   -0.0454756265636032   -0.00496515015566193   0
0.0632734853944368   0   -0.02963901363332   -0.01052515   0
0.0872877391097398   0.0254434   0.0240142537153031   0.0254434   0
0.107824890396587   0.0353026608642975   0.0205371512868477   0.00985926086429747   0
0.204171556244963   0.0241528917217484   0.0963466658483753   -0.0111497691425491   0
0.0984341813826396   0.0118404386448138   -0.105737374862323   -0.0123124530769346   0
0.0765117019351289   0.0269493226977043   -0.0219224794475108   0.0151088840528905   0
0.0618429261257591   0.0508907033417942   -0.0146687758093697   0.0239413806440899   0
0.0899978685052974   0.0432415658040097   0.0281549423795383   -0.00764913753778447   0
0.144884781020741   0.0100200351727177   0.0548869125154436   -0.033221530631292   0
0.182314361228   0.00797465   0.0374295802072587   -0.00204538517271771   0
0.0831162514734634   0.0135263245676024   -0.0991981097545364   0.00555167456760243   0
0.0956543458192047   0.0314066847181599   0.0125380943457413   0.0178803601505575   0
0.102166529158609   0.0241041126870504   0.00651218333940429   -0.00730257203110951   0
0.178240851320688   0.0200009669861859   0.0760743221620791   -0.00410314570086447   0
0.110037396847572   0.0145496864923269   -0.0682034544731163   -0.00545128049385904   0
0.124732949192505   0.0220751991448548   0.0146955523449331   0.00752551265252794   0
0.139094056060285   0.0344382445756168   0.0143611068677797   0.012363045430762   0
0.18831284430556   0.0159534506678022   0.0492187882452751   -0.0184847939078146   0
0.198488336821638   0.0140116444228542   0.0101754925160782   -0.00194180624494809   0
0.0908485082175816   0.0269036550063834   -0.107639828604056   0.0128920105835293   0
0.117964010218371   0.036852306763721   0.0271155020007897   0.00994865175733762   0
0.165148246899838   0.0323669694919064   0.0471842366814671   -0.00448533727181464   0
0.202061513161339   0.0368432568722215   0.0369132662615007   0.00447628738031514   0
0.111783724938159   0.0359350725405265   -0.0902777882231801   -0.000908184331695074   0
0.0847755835662748   0.0346945323156618   -0.0270081413718843   -0.00124054022486468   0
0.107645263105954   0.054347728121652   0.0228696795396789   0.0196531958059902   0
0.158229380238848   0.0396506415747274   0.0505841171328945   -0.0146970865469246   0
0.180264777659891   0.0333039194388322   0.022035397421043   -0.00634672213589518   0
0.141882332636907   0.0417249996388856   -0.0383824450229839   0.00842108020005337   0
0.156555473371582   0.0409198846810829   0.0146731407346743   -0.000805114957802645   0
0.181874607293404   0.0432993217405022   0.0253191339218226   0.00237943705941927   0
0.222553497314443   0.0494733766697302   0.0406788900210392   0.00617405492922796   0
0.212687872809547   0.0487558252293316   -0.00986562450489653   -0.000717551440398582   0
0.163843078646155   0.0453073502002159   -0.0488447941633923   -0.00344847502911572   0
0.146415055913318   0.0485520142014726   -0.0174280227328367   0.00324466400125678   0
0.193230168743807   0.0414157205817202   0.0468151128304888   -0.0071362936197524   0
0.20131247685238   0.0534491826636058   0.00808230810857322   0.0120334620818856   0
0.147733785399177   0.0435968342490094   -0.0535786914532032   -0.0098523484145964   0
0.147809460523777   0.0516176077108626   7.56751246003273e-05   0.00802077346185317   0
0.186767148608876   0.0561420646798147   0.0389576880850991   0.00452445696895214   0
0.198788188596028   0.0601237491577083   0.0120210399871519   0.00398168447789354   0
0.122582933445076   0.0655018060736687   -0.0762052551509518   0.00537805691596043   0
0.14606501432975   0.0631650213744324   0.0234820808846735   -0.0023367846992363   0
0.255862010820247   0.0626294547572865   0.109796996490497   -0.000535566617145863   0
0.19362226103483   0.0686729709015308   -0.0622397497854162   0.00604351614424431   0
0.142994181225671   0.0594154308299831   -0.0506280798091596   -0.00925754007154778   0
0.151036225804441   0.0660994856151211   0.00804204457876986   0.00668405478513803   0
0.235881027398899   0.075272648353934   0.084844801594458   0.00917316273881291   0
0.221114418553404   0.0977964456070618   -0.0147666088454945   0.0225237972531278   0
0.138587342877407   0.08883289532213   -0.082527075675997   -0.00896355028493184   0
0.119394893482804   0.0852904430007548   -0.0191924493946036   -0.00354245232137519   0
0.139516881875994   0.0842095054879347   0.0201219883931903   -0.00108093751282011   0
0.229462813651798   0.084672079297266   0.0899459317758047   0.000462573809331318   0
0.12271582684764   0.0988662593467685   -0.106746986804158   0.0141941800495026   0
0.112085760374991   0.0970680523191591   -0.0106300664726487   -0.00179820702760948   0
0.182475717566366   0.101902006729173   0.0703899571913741   0.00483395441001432   0
0.239993327347345   0.116884345896285   0.0575176097809797   0.0149823391671121   0
0.179593855183996   0.114047137013484   -0.0603994721633495   -0.00283720888280097   0
0.155412151267428   0.106355886015361   -0.0241817039165674   -0.0076912509981233   0
0.147950398810116   0.10099111613746   -0.00746175245731182   -0.00536476987790085   0
0.152763228426903   0.101368239797101   0.00481282961678606   0.000377123659640322   0
0.215030809947226   0.113897779788776   0.0622675815203234   0.0125295399916753   0
0.200735502083543   0.100824896987612   -0.014295307863683   -0.0130728828011643   0
0.123428153218623   0.0879052660766976   -0.0773073488649195   -0.0129196309109141   0
0.154229902557513   0.0725460095270753   0.0308017493388897   -0.0153592565496223   0
0.171024192670101   0.0661192887239928   0.0167942901125883   -0.00642672080308247   0
0.10531782456517   0.0596228686295997   -0.0657063681049311   -0.00649642009439316   0
0.110501248839967   0.0671684697046352   0.00518342427479708   0.00754560107503555   0
0.10117246042957   0.0567462000204639   -0.00932878841039746   -0.0104222696841713   0
0.184879909301362   0.0611817817278967   0.0837074488717925   0.00443558170743282   0
0.189785956340294   0.0719247494688894   0.0049060470389316   0.0107429677409926   0
0.11573090304331   0.0578605163874727   -0.0740550532969842   -0.0140642330814166   0
0.0980296326967514   0.0542777961578602   -0.0177012703465585   -0.00358272022961251   0
0.106850107350437   0.0598709672564666   0.00882047465368596   0.00559317109860642   0
0.239249331322472   0.0634723807443245   0.132399223972035   0.0036014134878579   0
0.147657681594965   0.0618285267316997   -0.0915916497275073   -0.00164385401262487   0
0.135636990467239   0.0556246444677197   -0.0120206911277254   -0.00620388226397992   0
0.137881489564481   0.0614301099029824   0.00224449909724123   0.00580546543526268   0
0.1938672606284   0.0552780647969201   0.0559857710639194   -0.00615204510606229   0
0.178692477059808   0.0635132312649301   -0.0151747835685921   0.00823516646801   0
0.118915409542498   0.0551047243710328   -0.0597770675173101   -0.0084085068938973   0
0.124290602841124   0.0551716350693472   0.00537519329862599   6.69106983143888e-05   0
0.147280454622465   0.0506691786345074   0.0229898517813412   -0.0045024564348398   0
0.231827168090304   0.0602213650176931   0.0845467134678388   0.00955218638318563   0
0.143712783964232   0.0523520542195099   -0.0881143841260719   -0.0078693107981832   0
0.131207764004041   0.052194679903176   -0.0125050199601914   -0.000157374316333898   0
0.162249341579311   0.0671488716898132   0.0310415775752707   0.0149541917866373   0
0.226174027986814   0.0741906918470916   0.0639246864075025   0.00704182015727836   0
0.137065486297499   0.0787282810284843   -0.0891085416893143   0.00453758918139271   0
0.123053918085285   0.0649316734356208   -0.0140115682122145   -0.0137966075928635   0
0.112241418170522   0.0666884852654497   -0.0108124999147628   0.00175681182982891   0
0.213435046460252   0.0784947655372643   0.10119362828973   0.0118062802718147   0
0.120335347761869   0.0598508907203778   -0.093099698698383   -0.0186438748168866   0
0.0994555119255338   0.0552683222810553   -0.0208798358363354   -0.00458256843932241   0
0.131165099224756   0.0626757397396513   0.0317095872992218   0.0074074174585959   0
0.223466844088218   0.0970613010577465   0.0923017448634627   0.0343855613180952   0
0.104054406055738   0.100703679015466   -0.11941243803248   0.00364237795771949   0
0.0400348298590977   0.0604751577121716   -0.0640195761966408   -0.0402285213032944   0
0.0352468499218015   0.0656326174961055   -0.00478797993729617   0.00515745978393396   0
0.0743089860569965   0.0764780366418359   0.039062136135195   0.0108454191457304   0
0.175458510154219   0.0915528082739137   0.101149524097222   0.0150747716320778   0
0.0849777004182635   0.0828278104009306   -0.0904808097359553   -0.00872499787298311   0
0.0697860138474616   0.0580298592926314   -0.0151916865708019   -0.0247979511082992   0
0.096612503241506   0.0673594497425565   0.0268264893940444   0.00932959044992513   0
0.203328576585806   0.0895063127948107   0.1067160733443   0.0221468630522542   0
0.101765309618879   0.0732963944629789   -0.101563266966927   -0.0162099183318318   0
0.0468710764733316   0.0684856262971297   -0.0548942331455479   -0.0048107681658492   0
0.0698071893761133   0.081964756773018   0.0229361129027817   0.0134791304758883   0
0.175045341264574   0.110659396300631   0.105238151888461   0.0286946395276125   0
0.0740804942605677   0.100178966006108   -0.100964847004006   -0.0104804302945227   0
0.0518311876030253   0.0797361074574129   -0.0222493066575424   -0.0204428585486949   0
0.0927780177311415   0.0817413875386887   0.0409468301281162   0.00200528008127585   0
0.211420383758731   0.108734065169454   0.11864236602759   0.0269926776307649   0
0.143949450243132   0.104352401766802   -0.0674709335155992   -0.00438166340265148   0
0.0631653240753184   0.0836248464252109   -0.0807841261678138   -0.0207275553415913   0
0.0941710370631544   0.0826343866142183   0.031005712987836   -0.000990459810992564   0
0.203593801777657   0.105807875853372   0.109422764714503   0.0231734892391533   0
0.151902773903046   0.103895871467169   -0.051691027874611   -0.00191200438620261   0
0.0791589392795912   0.0843746582719012   -0.0727438346234551   -0.0195212131952678   0
0.0978178525326538   0.0950980126027884   0.0186589132530626   0.0107233543308873   0
0.182879854379781   0.115974106898261   0.0850620018471275   0.0208760942954724   0
0.200718588882669   0.129437256301075   0.017838734502888   0.0134631494028139   0
0.0996369533810624   0.118290554558469   -0.101081635501607   -0.0111467017426058   0
0.0714640867189947   0.0930549529606033   -0.0281728666620677   -0.0252356015978656   0
0.111370938856777   0.104828322800436   0.0399068521377824   0.0117733698398331   0
0.222662735589591   0.116405134980475   0.111291796732814   0.0115768121800381   0
0.110617243581776   0.105964572591928   -0.112045492007815   -0.0104405623885464   0
0.113844311353752   0.0963161294374026   0.00322706777197571   -0.00964844315452545   0
0.136318284243017   0.0998226603160035   0.0224739728892652   0.00350653087860089   0
0.199901547603439   0.12069846496527   0.0635832633604219   0.0208758046492664   0
0.138994663916785   0.110215254674489   -0.0609068836866541   -0.0104832102907809   0
0.112582238879052   0.0875110607164032   -0.0264124250377326   -0.022704193958086   0
0.111643448970954   0.0882643407423972   -0.00093878990809837   0.000753280025994049   0
0.191892142459899   0.128434800790644   0.0802486934889446   0.0401704600482472   0
0.206583993210728   0.130187713341208   0.0146918507508292   0.00175291255056345   0
0.12651196754592   0.0977730655446581   -0.0800720256648074   -0.0324146477965498   0
0.117334144476235   0.0900909336763972   -0.00917782306968527   -0.00768213186826086   0
0.192081468161845   0.111637764456948   0.0747473236856103   0.0215468307805508   0
0.212421564907559   0.129199823613173   0.0203400967457139   0.017562059156225   0
0.0805768745115495   0.0851024239786094   -0.13184469039601   -0.0440973996345635   0
0.0915803301743884   0.0853895096087482   0.0110034556628389   0.000287085630138753   0
0.160775448867574   0.111926383589762   0.0691951186931859   0.0265368739810136   0
0.218272655719126   0.133422725219694   0.0574972068515514   0.0214963416299324   0
0.108322776425736   0.110871762066385   -0.10994987929339   -0.0225509631533096   0
0.102458917980867   0.0937469451057206   -0.00586385844486921   -0.017124816960664   0
0.150576163599057   0.103401673125547   0.0481172456181902   0.00965472801982654   0
0.25778030186624   0.134588666793345   0.107204138267183   0.0311869936677977   0
0.141070815256948   0.118837885120329   -0.116709486609292   -0.0157507816730159   0
0.129842212882791   0.0998510537741716   -0.0112286023741573   -0.0189868313461574   0
0.138933753707657   0.103581311460236   0.00909154082486646   0.00373025768606486   0
0.229909869104417   0.116982910152274   0.0909761153967593   0.0134015986920375   0
0.142496160083281   0.101897104292492   -0.0874137090211359   -0.0150858058597819   0
0.131352309940328   0.0855695480805234   -0.0111438501429528   -0.0163275562119687   0
0.169135281348156   0.111528621244168   0.0377829714078283   0.0259590731636443   0
0.21164018648983   0.124379823389859   0.0425049051416736   0.0128512021456913   0
0.117308597251608   0.102590263339181   -0.0943315892382219   -0.021789560050678   0
0.128925716396109   0.10393053079602   0.0116171191445012   0.00134026745683921   0
0.168814766288053   0.118014499988116   0.0398890498919438   0.0140839691920957   0
0.228992449882283   0.13410096074296   0.0601776835942301   0.0160864607548445   0
0.145862169309832   0.102691555118629   -0.0831302805724516   -0.031409405624331   0
0.175445818819657   0.106519753443786   0.0295836495098256   0.0038281983251568   0
0.2554509176209   0.121400860738814   0.0800050988012431   0.0148811072950282   0
0.211371316466095   0.110488440992678   -0.0440796011548056   -0.0109124197461363   0
0.185732889572122   0.0978141780577974   -0.0256384268939729   -0.0126742629348806   0
0.185024824829562   0.101135731777313   -0.000708064742560077   0.00332155371951508   0
0.248714025411636   0.102767379858956   0.0636892005820745   0.00163164808164371   0
0.201902292703699   0.121797707534963   -0.0468117327079376   0.0190303276760072   0
0.162222221935868   0.0954382082978039   -0.0396800707678307   -0.0263594992371596   0
0.151944643709609   0.0894520461573127   -0.010277578226259   -0.00598616214049119   0
0.238406307963967   0.120464442869805   0.0864616642543584   0.0310123967124923   0
0.243611936683653   0.148296095328948   0.00520562871968538   0.0278316524591433   0
0.183043022170855   0.122685988229259   -0.060568914512798   -0.0256101070996888   0
0.164129324810894   0.0986817292634381   -0.0189136973599605   -0.0240042589658214   0
0.187457916016929   0.104138719850267   0.0233285912060348   0.00545699058682934   0
0.281544118969106   0.118550915321224   0.0940862029521768   0.0144121954709564   0
0.227393036311163   0.120742813893788   -0.0541510826579426   0.00219189857256441   0
0.170975350095854   0.089399735082004   -0.0564176862153088   -0.0313430788117843   0
0.186615236010059   0.10828980949181   0.0156398859142045   0.018890074409806   0
0.262783348367985   0.117222404772733   0.0761681123579265   0.00893259528092322   0
0.21300325446455   0.114301406622239   -0.0497800939034351   -0.00292099815049383   0
0.157557074032618   0.0989666850990777   -0.0554461804319319   -0.0153347215231617   0
0.159950527967275   0.0891109173552264   0.00239345393465651   -0.00985576774385122   0
0.246157765132628   0.105567894403614   0.086207237165353   0.0164569770483871   0
0.198852693818213   0.120938948722072   -0.0473050713144149   0.0153710543184586   0
0.151839690169468   0.0912205999569176   -0.0470130036487452   -0.0297183487651545   0
0.156916040698999   0.0886638217632197   0.0050763505295314   -0.00255677819369789   0
0.226541379232669   0.109692193949706   0.0696253385336698   0.0210283721864866   0
0.259974932657054   0.127585892393477   0.0334335534243853   0.017893698443771   0
0.176629041275777   0.112112087097924   -0.0833458913812778   -0.0154738052955534   0
0.168896667738946   0.0899023081984133   -0.00773237353683043   -0.0222097788995107   0
0.235458433877171   0.112977188688204   0.0665617661382246   0.0230748804897905   0
0.262510426923275   0.122825475154424   0.027051993046104   0.00984828646622009   0
0.182716515878998   0.0911683719886453   -0.0797939110442772   -0.0316571031657786   0
0.215752308888781   0.115394223696423   0.0330357930097835   0.0242258517077772   0
0.29482505793192   0.137282632960255   0.0790727490431389   0.0218884092638321   0
0.189490247304736   0.126296784806661   -0.105334810627184   -0.0109858481535938   0
0.14354096542747   0.113389206888266   -0.0459492818772665   -0.0129075779183948   0
0.132341468834904   0.101107192678118   -0.011199496592565   -0.0122820142101484   0
0.167732295816876   0.108237330521868   0.0353908269819715   0.00713013784374993   0
0.263174233030059   0.111009408794075   0.0954419372131834   0.0027720782722072   0
0.224429376299361   0.110975102224823   -0.0387448567306987   -3.43065692513522e-05   0
0.167780221003311   0.0736148379058359   -0.0566491552960493   -0.0373602643189875   0
0.192342969738434   0.074685066085306   0.0245627487351223   0.00107022817947007   0
0.203713919710559   0.0733496279066568   0.0113709499721251   -0.00133543817864926   0
0.239595232068545   0.0832877611307028   0.0358813123579864   0.00993813322404601   0
0.151032780949203   0.0709286706069027   -0.088562451119342   -0.0123590905238001   0
0.12307875866168   0.075664367516966   -0.0279540222875234   0.00473569691006333   0
0.10447086143892   0.0803146105391323   -0.0186078972227598   0.00465024302216628   0
0.208299234087406   0.0892650244193835   0.103828372648486   0.00895041388025118   0
0.195827652391586   0.0858828490197584   -0.0124715816958197   -0.00338217539962501   0
0.133632803561214   0.0795773099718288   -0.0621948488303725   -0.00630553904792963   0
0.108468327229381   0.072689849511075   -0.0251644763318333   -0.00688746046075385   0
0.109248827326613   0.0628894655819439   0.000780500097231879   -0.0098003839291311   0
0.15013644582399   0.079819434858451   0.0408876184973779   0.0169299692765071   0
0.219497082764578   0.0849443801201882   0.0693606369405876   0.00512494526173721   0
0.125253792629245   0.0899450815281191   -0.0942432901353326   0.00500070140793094   0
0.11127990245507   0.0762980802699008   -0.0139738901741749   -0.0136470012582183   0
0.118262933587409   0.0707708284006553   0.0069830311323389   -0.00552725186924549   0
0.170238367112411   0.0900047062592424   0.0519754335250016   0.019233877858587   0
0.244392993702725   0.10084764705267   0.0741546265903137   0.0108429407934281   0
0.151616507022422   0.0969365240546101   -0.0927764866803031   -0.0039111229980604   0
0.129664181716232   0.0838035783637548   -0.0219523253061897   -0.0131329456908552   0
0.122065264524761   0.0704612241031371   -0.00759891719147038   -0.0133423542606178   0
0.246219866527744   0.0965396285082453   0.124154602002982   0.0260784044051082   0
0.216864342359942   0.108736598961323   -0.0293555241678022   0.0121969704530779   0
0.141121154659321   0.11079115738633   -0.0757431877006207   0.00205455842500663   0
0.139012175626058   0.101423656417081   -0.00210897903326301   -0.00936750096924927   0
0.156026255106665   0.0963979836916857   0.0170140794806066   -0.00502567272539484   0
0.248753874686627   0.100985785483106   0.0927276195799621   0.00458780179142078   0
0.206964581153636   0.117948861589896   -0.0417892935329907   0.0169630761067898   0
0.107291558145597   0.0983030447353997   -0.0996730230080392   -0.0196458168544965   0
0.141848539233825   0.101584166056145   0.0345569810882281   0.00328112132074555   0
0.233862856139939   0.11851252017614   0.0920143169061143   0.0169283541199948   0
0.235039309359201   0.137853230205253   0.00117645321926124   0.019340710029113   0
0.138434383844044   0.115957980222363   -0.096604925515157   -0.0218952499828898   0
0.129036730667628   0.0959330522742814   -0.00939765317641544   -0.0200249279480819   0
0.182193820463922   0.112832437337064   0.0531570897962943   0.0168993850627828   0
0.269796216819806   0.119412492449796   0.0876023963558841   0.00658005511273151   0
0.200912933268842   0.119543784536681   -0.0688832835509648   0.00013129208688574   0
0.187511371324515   0.098568188202939   -0.013401561944327   -0.0209755963337424   0
0.187365840954748   0.101860921336693   -0.000145530369766445   0.00329273313375422   0
0.292566421622937   0.119827290006117   0.105200580668189   0.0179663686694235   0
0.193890338536736   0.119448350359224   -0.098676083086201   -0.000378939646892409   0
0.125585615679106   0.116865384756148   -0.0683047228576302   -0.00258296560307636   0
0.131980309263958   0.107889039126966   0.00639469358485248   -0.00897634562918194   0
0.192757062852208   0.121758228117692   0.0607767535882498   0.0138691889907263   0
0.283982716136616   0.132249926377494   0.0912256532844085   0.0104916982598014   0
0.155546747799657   0.122951363814559   -0.12843596833696   -0.00929856256293488   0
0.162655384389328   0.100613023273593   0.0071086365896712   -0.0223383405409662   0
0.181060653664373   0.0970408665108288   0.018405269275045   -0.00357215676276383   0
0.207259490287152   0.110305983731629   0.026198836622779   0.0132651172208006   0
0.295001210064722   0.12159295034047   0.0877417197775698   0.0112869666088405   0
0.260639128588322   0.114871403085809   -0.0343620814763994   -0.00672154725466061   0
0.168886080122105   0.107436940698439   -0.0917530484662175   -0.0074344623873699   0
0.158705048925389   0.103092816050441   -0.0101810311967162   -0.0043441246479988   0
0.197675416079517   0.123755531776372   0.038970367154128   0.0206627157259308   0
0.217924738609112   0.131548039102727   0.0202493225295959   0.00779250732635513   0
0.145544849422781   0.113307310368981   -0.0723798891863314   -0.018240728733746   0
0.154031208800068   0.106152424881924   0.00848635937728651   -0.0071548854870567   0
0.25892429402837   0.132968082674236   0.104893085228303   0.0268156577923122   0
0.300936312517134   0.162176067705172   0.0420120184887634   0.0292079850309358   0
0.195154479548485   0.134713757074259   -0.105781832968649   -0.0274623106309128   0
0.204304268142787   0.120015667885749   0.0091497885943026   -0.0146980891885097   0
0.252445282454713   0.121469393739081   0.0481410143119259   0.00145372585333205   0
0.296845671508766   0.135544980290317   0.0444003890540522   0.0140755865512358   0
0.193704126446109   0.126093266283583   -0.103141545062657   -0.00945171400673456   0
0.199818398246608   0.126151555363232   0.00611427180049939   5.82890796489155e-05   0
0.229987505713702   0.127686054199118   0.0301691074670939   0.00153449883588597   0
0.314881636046896   0.129726516738878   0.0848941303331945   0.00204046253976081   0
0.191531379472425   0.120432461177676   -0.123350256574471   -0.00929405556120216   0
0.187540523478101   0.112985464967358   -0.00399085599432425   -0.00744699621031861   0
0.195761414133353   0.10619172818399   0.00822089065525203   -0.00679373678336725   0
0.235895534685504   0.125479420243172   0.0401341205521518   0.0192876920591814   0
0.312534708685291   0.142813400006057   0.0766391739997871   0.0173339797628851   0
0.212416861248843   0.136822488716119   -0.100117847436449   -0.00599091128993789   0
0.190644303685397   0.11651642862027   -0.0217725575634452   -0.0203060600958488   0
0.199214038480951   0.0972707036650938   0.00856973479555409   -0.0192457249551763   0
0.28392037343574   0.12327459718547   0.0847063349547885   0.0260038935203766   0
0.277387378597153   0.134123032030297   -0.00653299483858738   0.0108484348448262   0
0.204010865844837   0.107750823258816   -0.0733765127523157   -0.0263722087714812   0
0.208688679713611   0.100040562027872   0.00467781386877386   -0.00771026123094357   0
0.225185731633601   0.0989420318892456   0.0164970519199899   -0.00109853013862635   0
0.312849058147471   0.125879011476298   0.0876633265138709   0.0269369795870525   0
0.21823171578964   0.115630916745058   -0.094617342357832   -0.0102480947312403   0
0.247815125569062   0.12628228542064   0.0295834097794225   0.0106513686755822   0
0.270660425987177   0.129546248134247   0.0228453004181147   0.00326396271360738   0
0.358180528242896   0.152303142086071   0.0875201022557192   0.0227568939518238   0
0.241175345397551   0.142725703890443   -0.117005182845345   -0.0095774381956279   0
0.225216084474999   0.127934138307187   -0.0159592609225519   -0.0147915655832561   0
0.251770572570048   0.128365773979087   0.0265544880950491   0.000431635671899633   0
0.351073035854877   0.145551207511558   0.099302463284829   0.0171854335324708   0
0.246760562439078   0.128042441531119   -0.1043124734158   -0.0175087659804387   0
0.271704483470848   0.127141246134329   0.0249439210317703   -0.000901195396790039   0
0.299253345248436   0.143259221373495   0.0275488617775878   0.016117975239166   0
0.302249151911482   0.14223417579397   0.00299580666304594   -0.00102504557952471   0
0.215345807751068   0.120931416568121   -0.0869033441604136   -0.0213027592258488   0
0.230931678587174   0.117089168791364   0.0155858708361062   -0.0038422477767575   0
0.331621848024282   0.14355841709252   0.100690169437108   0.0264692483011563   0
0.262473770039617   0.146345518591927   -0.0691480779846645   0.00278710149940661   0
0.208504956187318   0.123204585394741   -0.053968813852299   -0.023140933197186   0
0.259325254634021   0.126113994531178   0.0508202984467028   0.00290940913643718   0
0.316534148583779   0.138881480646269   0.0572088939497573   0.012767486115091   0
0.231446376156846   0.130661638014578   -0.0850877724269323   -0.00821984263169148   0
0.219318352798341   0.114034520308425   -0.0121280233585052   -0.016627117706153   0
0.252451181538594   0.119254032112346   0.0331328287402528   0.00521951180392163   0
0.327162008303608   0.141595596320728   0.0747108267650139   0.0223415642083816   0
0.255657810128556   0.141102059108257   -0.0715041981750516   -0.000493537212471001   0
0.210447518239167   0.111683358796241   -0.0452102918893895   -0.0294187003120154   0
0.267768505469628   0.123602692674159   0.0573209872304617   0.0119193338779172   0
0.341121936929399   0.147659228779443   0.0733534314597706   0.0240565361052848   0
0.285387329631222   0.155075118675241   -0.0557346072981766   0.00741588989579739   0
0.230882047430371   0.134520361164407   -0.0545052822008516   -0.0205547575108337   0
0.25198497027563   0.119382561465065   0.021102922845259   -0.0151377996993421   0
0.345995397029339   0.147055708894623   0.0940104267537094   0.0276731474295578   0
0.339462410992086   0.152204382180253   -0.006532986037253   0.00514867328563026   0
0.266290050785624   0.136011791181537   -0.0731723602064626   -0.016192590998716   0
0.282154580434626   0.12685518971197   0.0158645296490028   -0.00915660146956651   0
0.34410397630985   0.152856900473196   0.061949395875224   0.0260017107612254   0
0.375895575000944   0.162598852659121   0.0317915986910933   0.00974195218592505   0
0.270352527589368   0.160169449121555   -0.105543047411576   -0.00242940353756554   0
0.256283177585362   0.137438995589762   -0.0140693500040064   -0.0227304535317938   0
0.289014990814335   0.141689838062756   0.0327318132289731   0.00425084247299437   0
0.37458679954933   0.173019287312867   0.0855718087349954   0.0313294492501113   0
0.276812631349366   0.153710471719569   -0.0977741681999641   -0.019308815593298   0
0.250408072999434   0.126892194583838   -0.0264045583499318   -0.0268182771357317   0
0.306043867661958   0.132791254807131   0.0556357946625236   0.00589906022329384   0
0.406537048783945   0.170038344196985   0.100493181121988   0.037247089389854   0
0.350135522876443   0.167021983697514   -0.0564015259075026   -0.00301636049947188   0
0.3001904803658   0.144912072528491   -0.0499450425106424   -0.0221099111690231   0
0.291227717992656   0.132520960349146   -0.00896276237314431   -0.0123911121793442   0
0.363143910704833   0.155507644206008   0.0719161927121773   0.0229866838568621   0
0.411990883739662   0.163735414859622   0.0488469730348285   0.00822777065361352   0
0.300848201753575   0.139892425845728   -0.111142681986087   -0.023842989013894   0
0.280119194834913   0.125482412759727   -0.0207290069186623   -0.014410013086001   0
0.382197151487344   0.142575079669354   0.102077956652431   0.0170926669096265   0
0.435126713472765   0.152171984124058   0.052929561985421   0.00959690445470429   0
0.365123068195766   0.128413929950531   -0.0700036452769994   -0.0237580541735263   0
0.349228365335292   0.12901440800368   -0.0158947028604742   0.000600478053148501   0
0.367680055614715   0.127018191544843   0.0184516902794233   -0.00199621645883669   0
0.433682176978718   0.165663343741155   0.0660021213640028   0.0386451521963115   0
0.460050020605032   0.17234594167183   0.0263678436263137   0.00668259793067574   0
0.347254016945866   0.157414524276669   -0.112796003659165   -0.0149314173951615   0
0.330731835748012   0.138870294319916   -0.0165221811978543   -0.0185442299567533   0
0.364497114480911   0.140004155692786   0.0337652787328991   0.0011338613728708   0
0.459498289608414   0.158026958113165   0.0950011751275027   0.0180228024203785   0
0.381899772423341   0.148258363799484   -0.0775985171850723   -0.00976859431368149   0
0.393096831009058   0.138380281079115   0.0111970585857168   -0.00987808272036805   0
0.450406037490174   0.160058129885676   0.0573092064811161   0.0216778488065608   0
0.505398182048226   0.178058158014453   0.0549921445580518   0.018000028128777   0
0.425359290068597   0.153673771980005   -0.0800388919796292   -0.0243843860344485   0
0.440027364999508   0.154859953964865   0.0146680749309107   0.0011861819848599   0
0.465716985349472   0.164070027709207   0.0256896203499639   0.00921007374434249   0
0.501674976126253   0.192053263828684   0.0359579907767809   0.0279832361194766   0
0.418847047084135   0.166007169262354   -0.0828279290421176   -0.0260460945663293   0
0.418310151528387   0.169585140529765   -0.000536895555747485   0.00357797126741011   0
0.503349953393223   0.185130522643485   0.0850398018648357   0.0155453821137207   0
0.482642898040404   0.186072792671981   -0.0207070553528189   0.000942270028495701   0
0.440041144064765   0.161836267156809   -0.0426017539756389   -0.0242365255151721   0
0.449713507558801   0.155246140509998   0.00967236349403588   -0.00659012664681094   0
0.568271402185611   0.196541555309558   0.118557894626809   0.04129541479956   0
