0.36663145558116   0.505857106474111   0   0   0
0.32049509739659   0.349176103965997   -0.0461363581845695   -0.156681002508114   0
0.35293032588494   0.399848812862515   0.0324352284883496   0.0506727088965183   0
0.318561499197565   0.371565655584343   -0.0343688266873754   -0.0282831572781722   0
0.246316610871232   0.447894463595734   -0.0722448883263325   0.076328808011391   0
0.272588749700056   0.40981726493185   0.0262721388288242   -0.0380771986638834   0
0.240231456933288   0.409052392433136   -0.0323572927667689   -0.000764872498714098   0
0.262970342482589   0.306964131425501   0.0227388855493011   -0.102088261007635   0
0.258436058433435   0.210491457725723   -0.00453428404915335   -0.096472673699778   0
0.212067316197593   0.272705833022873   -0.0463687422358421   0.0622143752971493   0
0.207432322919067   0.301840079870931   -0.00463499327852646   0.0291342468480583   0
0.203257332129791   0.320608980217433   -0.00417499078927622   0.0187689003465024   0
0.161211503614661   0.226080242949572   -0.0420458285151291   -0.094528737267861   0
0.144143961506579   0.273481705581054   -0.0170675421080829   0.0474014626314821   0
0.169694131319412   0.254064037713841   0.0255501698128339   -0.0194176678672134   0
0.19395755819738   0.292098900263452   0.0242634268779674   0.0380348625496113   0
0.162308832213315   0.284190536088207   -0.031648725984065   -0.00790836417524526   0
0.172995963749592   0.305068370447942   0.0106871315362766   0.0208778343597346   0
0.26391067558748   0.224356761459979   0.0909147118378883   -0.0807116089879624   1
0.247569275249192   0.315585506369007   -0.0163414003382882   0.0912287449090277   1
0.0897613327594906   0.0846804888271348   -0.157807942489701   -0.230905017541872   1
0.150324252008716   0.0777226735352046   0.0605629192492256   -0.00695781529193015   0
0.135259567867157   0.101358949575321   -0.0150646841415593   0.0236362760401165   0
0.153035662241569   0.106217496383953   0.0177760943744122   0.0048585468086315   0
0.078156713273653   0.148857115386543   -0.0748789489679161   0.0426396190025901   0
0.272321741889332   0.233591810357967   0.194165028615679   0.0847346949714244   0
0.0377172251866558   0.18576337134041   -0.234604516702676   -0.0478284390175573   0
0.204501532630467   0.0869670920694144   0.166784307443811   -0.0987962792709954   0
0.120513635906375   0.116418032603416   -0.0839878967240918   0.0294509405340015   0
0.129302505696912   0.0718183182293   0.00878886979053681   -0.0445997143741159   0
0.167251594761455   0.0760515635566876   0.0379490890645429   0.00423324532738767   0
0.13678463100016   0.0633646189130385   -0.0304669637612949   -0.0126869446436491   0
0.112169450447296   0.0637220183203773   -0.0246151805528642   0.000357399407338768   0
0.0527573108344237   0.111668238138873   -0.0594121396128723   0.0479462198184955   0
0.155589035850474   0.0763940470935399   0.10283172501605   -0.0352741910453328   0
0.135409956923411   0.0748924872833884   -0.0201790789270628   -0.00150155981015151   0
0.163395110918962   0.0675940972649609   0.0279851539955514   -0.00729839001842751   0
0.131838925273321   0.106061899660411   -0.031556185645641   0.0384678023954497   0
0.153144180931761   0.134948301885324   0.0213052556584398   0.0288864022249132   0
0.118209771192783   0.147544962803115   -0.0349344097389786   0.0125966609177909   0
0.100160373485775   0.128063492826108   -0.0180493977070073   -0.0194814699770071   0
0.147428216194492   0.167429691940565   0.0472678427087171   0.0393661991144575   0
0.211826879076037   0.194937120659002   0.0643986628815448   0.0275074287184374   0
0.128924582857631   0.190619544659539   -0.0829022962184067   -0.00431757599946345   0
0.177724529407564   0.170276766973867   0.0487999465499332   -0.0203427776856723   0
0.162825094452836   0.160088941534073   -0.0148994349547274   -0.0101878254397932   0
0.153644709787776   0.167627750567798   -0.00918038466506008   0.00753880903372481   0
0.166125592578687   0.167293472885107   0.012480882790911   -0.00033427768269137   0
0.154858579123664   0.207863359619366   -0.0112670134550236   0.0405698867342594   0
0.125378764886244   0.179789011106074   -0.0294798142374199   -0.0280743485132923   0
0.139107185355035   0.188946911365997   0.013728420468791   0.00915790025992319   0
0.111622800620751   0.154915500000355   -0.0274843847342834   -0.0340314113656422   0
0.148165144897046   0.122213973901565   0.0365423442762942   -0.0327015260987897   0
0.112701156521912   0.158751768576637   -0.035463988375134   0.0365377946750713   0
0.143585238784006   0.133429997669012   0.0308840822620944   -0.0253217709076248   0
0.144107732591072   0.18551450507238   0.000522493807066343   0.0520845074033679   0
0.149188665382495   0.198516444313185   0.00508093279142249   0.0130019392408056   0
0.120841959701546   0.203534477204944   -0.0283467056809491   0.00501803289175903   0
0.109230745071935   0.232771089634371   -0.011611214629611   0.0292366124294269   0
0.118623977322209   0.247759407942968   0.00939323225027443   0.0149883183085967   0
0.17055018434754   0.147070322013969   0.0519262070253312   -0.100689085928999   0
0.149371292737684   0.204742016841927   -0.0211788916098563   0.0576716948279583   0
0.141309763366761   0.236225979181482   -0.008061529370923   0.0314839623395549   0
0.11979503659956   0.239082344846917   -0.0215147267672007   0.00285636566543465   0
0.152736785038649   0.235957667672615   0.0329417484390888   -0.00312467717430218   0
0.14062843941113   0.252587813598558   -0.0121083456275186   0.0166301459259438   0
0.165576557208194   0.247902432361   0.0249481177970637   -0.00468538123755868   0
0.12355447995293   0.256833023047076   -0.0420220772552645   0.0089305906860766   0
0.16076278747997   0.249884835323194   0.0372083075270403   -0.00694818772388178   0
0.11703156929346   0.269570613443398   -0.0437312181865097   0.0196857781202037   0
0.142502121151828   0.224465279968306   0.0254705518583682   -0.0451053334750921   0
0.144362360249458   0.238239230448094   0.00186023909762992   0.0137739504797879   0
0.163193946976068   0.263877157565315   0.0188315867266093   0.0256379271172209   0
0.175125019910491   0.263822509070492   0.0119310729344236   -5.46484948225068e-05   0
0.17983049912665   0.258116489776903   0.00470547921615849   -0.00570601929358949   0
0.151835397241783   0.261316721360326   -0.027995101884867   0.00320023158342264   0
0.246144513987866   0.304554064399492   0.0943091167460834   0.0432373430391666   0
0.0938183340615788   0.277903133703544   -0.152326179926287   -0.0266509306959478   0
0.0498110773691658   0.268178657671057   -0.044007256692413   -0.00972447603248727   0
0.0690764450880479   0.278751146048052   0.0192653677188821   0.0105724883769951   0
0.071616269709124   0.297275425946735   0.00253982462107612   0.0185242798986825   0
0.0767349995246628   0.296739697765773   0.00511872981553871   -0.000535728180961315   0
0.10307584325778   0.307265132735965   0.0263408437331176   0.0105254349701915   0
0.123298357260723   0.325219197768597   0.0202225140029427   0.0179540650326325   0
0.0966769698491968   0.335846427617594   -0.0266213874115263   0.010627229848997   0
0.125920529588348   0.310678941141816   0.0292435597391512   -0.0251674864757783   0
0.076659266701815   0.329533700726496   -0.0492612628865329   0.0188547595846802   0
0.0841163937044973   0.310541761980575   0.00745712700268233   -0.0189919387459214   0
0.0859492129656229   0.319799136939501   0.00183281926112558   0.00925737495892659   0
0.0917493451536849   0.339133348482938   0.00580013218806195   0.0193342115434367   0
0.10262342639042   0.345947641355596   0.0108740812367354   0.00681429287265778   0
0.104008688567686   0.359435087767249   0.00138526217726623   0.013487446411653   0
0.078439968629137   0.379402313493539   -0.0255687199385494   0.0199672257262904   0
0.0805698443266462   0.387629601706642   0.00212987569750916   0.0082272882131027   0
0.0464140324356762   0.383460030594454   -0.03415581189097   -0.00416957111218763   0
0.069940672552171   0.344225717418455   0.0235266401164948   -0.0392343131759995   0
0.0860490193825589   0.359748783524351   0.016108346830388   0.0155230661058955   0
0.0811135397301215   0.358028322730549   -0.0049354796524374   -0.00172046079380173   0
0.0689363416217455   0.383047812594263   -0.012177198108376   0.0250194898637146   0
0.0542391536914985   0.392116691211621   -0.014697187930247   0.009068878617358   0
0.0441458979681012   0.376122734566125   -0.0100932557233974   -0.015993956645496   0
0.0407902818530346   0.376906633388496   -0.00335561611506663   0.000783898822370566   0
0.0868570903452908   0.376327759900197   0.0460668084922562   -0.000578873488299381   0
0.0826416186817514   0.379076147494801   -0.00421547166353937   0.00274838759460427   0
0.122524478688179   0.320507821363614   0.0398828600064275   -0.0585683261311872   0
0.114509611682426   0.361196393828205   -0.00801486700575285   0.0406885724645918   0
0.130066141405094   0.371905926253199   0.0155565297226683   0.0107095324249938   0
0.0662219514952746   0.392025283409757   -0.0638441899098198   0.0201193571565574   0
0.0881371030505314   0.371730812342076   0.0219151515552568   -0.0202944710676803   0
0.0759141463298508   0.389225976050225   -0.0122229567206806   0.0174951637081482   0
0.0840385743203679   0.367062210819229   0.00812442799051712   -0.0221637652309958   0
0.0817616135687157   0.387506185500632   -0.00227696075165218   0.0204439746814029   0
0.0913526494313788   0.398050737460063   0.00959103586266308   0.0105445519594313   0
0.0681039686248166   0.4188912975224   -0.0232486808065623   0.0208405600623371   0
0.111064785463755   0.397800826490154   0.0429608168389388   -0.0210904710322457   0
0.103413619600902   0.399550323147786   -0.00765116586285364   0.0017494966576313   0
0.149812412096194   0.402065895001677   0.0463987924952928   0.00251557185389173   0
0.110113538805589   0.403634154239331   -0.0396988732906053   0.00156825923765347   0
0.130827597571869   0.419740569976861   0.0207140587662798   0.0161064157375299   0
0.0743810098993177   0.414369326741556   -0.0564465876725513   -0.0053712432353053   0
0.114442152132682   0.402863594397347   0.0400611422333646   -0.0115057323442087   0
0.0686754639750617   0.442064747239022   -0.0457666881576206   0.0392011528416746   0
0.074379785192013   0.414479685987745   0.0057043212169513   -0.0275850612512761   0
0.0852384178913476   0.4112377109097   0.0108586326993345   -0.00324197507804536   0
0.0732603032858178   0.413840040472765   -0.0119781146055298   0.00260232956306528   0
0.137781840828935   0.412157051140096   0.0645215375431173   -0.00168298933266892   0
0.0788907611547132   0.439236939394332   -0.0588910796742219   0.0270798882542354   0
0.0618906623233263   0.426725905580502   -0.0170000988313869   -0.0125110338138293   0
0.0725629163842661   0.429651755049947   0.0106722540609398   0.00292584946944496   0
0.132483722401433   0.435373771611819   0.059920806017167   0.00572201656187121   0
0.0574507527694808   0.446731596206828   -0.0750329696319524   0.0113578245950089   0
0.0729804429918728   0.425304151542458   0.0155296902223921   -0.0214274446643697   0
0.0605326696058418   0.431326767699965   -0.0124477733860311   0.00602261615750765   0
0.0747076694607053   0.407041172501628   0.0141749998548635   -0.0242855951983376   0
0.0625150271174059   0.402612161021311   -0.0121926423432994   -0.00442901148031699   0
0.0898541032495456   0.438804041188661   0.0273390761321397   0.03619188016735   0
0.0472628021951228   0.445782002017242   -0.0425913010544228   0.00697796082858065   0
0.0551527531522226   0.425980631048525   0.00788995095709986   -0.0198013709687162   0
0.0656755568371521   0.44396021215279   0.0105228036849295   0.0179795811042642   0
0.0992941389495372   0.44483824601674   0.0336185821123851   0.000878033863950745   0
0.0427611940747683   0.471137169329167   -0.0565329448747689   0.0262989233124266   0
0.0633154838630331   0.450027804711553   0.0205542897882648   -0.0211093646176135   0
0.0863423618391922   0.445062171609203   0.0230268779761592   -0.0049656331023501   0
0.095457106719458   0.450679623698199   0.00911474488026581   0.00561745208899528   0
0.0605840703342058   0.444818435892949   -0.0348730363852522   -0.00586118780524919   0
0.0745260726831221   0.467578129577026   0.0139420023489163   0.0227596936840763   0
0.0741503930241701   0.442121456961207   -0.00037567965895198   -0.0254566726158192   0
0.0545633078902847   0.463435892009618   -0.0195870851338855   0.0213144350484111   0
0.0559272392815022   0.438655855195733   0.00136393139121752   -0.0247800368138846   0
0.0973432917409227   0.427675965409269   0.0414160524594206   -0.0109798897864643   0
0.0663287109252283   0.445855056428376   -0.0310145808156944   0.0181790910191069   0
0.0606353357287646   0.452192361660942   -0.00569337519646367   0.00633730523256604   0
0.0576867581085122   0.471244896468121   -0.00294857762025241   0.0190525348071793   0
0.120795567768565   0.440786219685348   0.0631088096600528   -0.0304586767827728   0
0.0839200970555325   0.458657787543992   -0.0368754707130325   0.0178715678586441   0
0.125855317318499   0.47850538643102   0.0419352202629662   0.019847598887028   0
0.0733104669979669   0.497695609897757   -0.0525448503205318   0.0191902234667364   0
0.100442259912151   0.484402299540888   0.0271317929141836   -0.0132933103568688   0
0.0699944575132203   0.506818811990291   -0.0304478023989302   0.0224165124494033   0
0.122126741714704   0.504570970631734   0.0521322842014836   -0.00224784135855727   0
0.111709182739648   0.501852719558737   -0.0104175589750562   -0.00271825107299717   0
0.108790644018224   0.489878297407121   -0.00291853872142342   -0.0119744221516153   0
0.121004202300994   0.46897749556402   0.0122135582827702   -0.0209008018431018   0
0.155127820129788   0.466641726609934   0.034123617828794   -0.00233576895408594   0
0.0614765866181589   0.470179133360095   -0.0936512335116295   0.0035374067501614   0
0.122646980749996   0.471715115212031   0.0611703941318375   0.00153598185193626   0
0.116070070489382   0.465226711418476   -0.00657691026061492   -0.00648840379355536   0
0.1165162565347   0.462415408726018   0.000446186045318375   -0.00281130269245822   0
0.122882946867375   0.485890121401177   0.00636669033267465   0.0234747126751588   0
0.122934469952003   0.478723266217029   5.15230846287462e-05   -0.007166855184148   0
0.109505532687303   0.471767720209056   -0.0134289372647002   -0.0069555460079726   0
0.0834851191725807   0.479934117281737   -0.0260204135147224   0.00816639707268102   0
0.0987787912951965   0.482587101457602   0.0152936721226158   0.00265298417586518   0
0.105005072123446   0.465191099545391   0.006226280828249   -0.017396001912211   0
0.143528941577405   0.467111064148827   0.038523869453959   0.00191996460343635   0
0.110330165028609   0.460650203139812   -0.033198776548796   -0.00646086100901555   0
0.0885456493897921   0.461313757208963   -0.0217845156388164   0.000663554069150973   0
0.107570383607525   0.465751291076042   0.0190247342177325   0.00443753386707907   0
0.10598811127485   0.462377380489682   -0.00158227233267455   -0.00337391058636011   0
0.144227225714877   0.452251808887759   0.0382391144400267   -0.010125571601923   0
0.13925379644121   0.448545881936843   -0.00497342927366662   -0.00370592695091621   0
0.162276434231252   0.463896064731638   0.0230226377900423   0.0153501827947951   0
0.0743632608131865   0.483409880747694   -0.087913173418066   0.0195138160160566   0
0.0991844200582934   0.495638927416925   0.0248211592451069   0.0122290466692308   0
0.119136739284781   0.458086773643924   0.0199523192264881   -0.0375521537730008   0
