2.16288723726527e-09   0.00392993   0   0   0
0.129969467044424   0.0766218247952892   0.129969464881537   0.0726918947952892   0
0.135738171911883   0.112418028489607   0.0057687048674594   0.0357962036943174   0
0.177085847273858   0.143106110398159   0.0413476753619742   0.0306880819085521   0
0.161888590026135   0.108841577347136   -0.0151972572477226   -0.0342645330510232   0
0.167882479915267   0.138698061282864   0.00599388988913194   0.0298564839357281   0
0.154637605728135   0.145497907871625   -0.0132448741871323   0.00679984658876176   0
0.210256142466017   0.153514964673586   0.0556185367378823   0.00801705680196102   0
0.212790638762987   0.152293871548201   0.00253449629697   -0.00122109312538524   0
0.211640858471592   0.137819258262662   -0.00114978029139504   -0.0144746132855396   0
0.237556181387582   0.152453204420045   0.0259153229159906   0.0146339461573833   0
0.243701093915518   0.154433879211533   0.00614491252793528   0.00198067479148856   0
0.194968873891091   0.169978563702464   -0.0487322200244271   0.0155446844909302   0
0.268468546118461   0.16923040859081   0.07349967222737   -0.000748155111653687   0
0.259522541642147   0.178505899216952   -0.0089460044763135   0.00927549062614169   0
0.238763862307113   0.202505723754966   -0.0207586793350341   0.0239998245380141   0
0.263092616848611   0.19742329027704   0.0243287545414979   -0.00508243347792547   0
0.33231671597926   0.206914805241366   0.0692240991306489   0.0094915149643259   0
0.311742598263485   0.242900452744535   -0.0205741177157743   0.0359856475031687   0
0.315848118919755   0.262063636556562   0.00410552065626935   0.0191631838120274   0
0.350583586809252   0.250436160681719   0.0347354678894967   -0.0116274758748429   0
0.413293312731818   0.286097329235175   0.0627097259225661   0.0356611685534553   0
0.370330087245473   0.28884539960375   -0.0429632254863442   0.00274807036857522   0
0.368648869548843   0.290113143034748   -0.00168121769663027   0.00126774343099778   0
0.414158661320043   0.28994276653031   0.0455097917711997   -0.000170376504437464   0
0.397548487470346   0.30659547459356   -0.0166101738496967   0.0166527080632493   0
0.398076826911904   0.328900053461154   0.000528339441557835   0.0223045788675945   0
0.519216212045618   0.304366017605038   0.121139385133714   -0.0245340358561165   0
0.483441200319842   0.322829546692213   -0.0357750117257754   0.0184635290871759   0
0.448928511515631   0.33494552702865   -0.0345126888042114   0.0121159803364365   0
0.49816542115467   0.341184901925994   0.0492369096390393   0.00623937489734383   0
0.519241853509518   0.366582975917459   0.021076432354848   0.0253980739914649   0
0.47410178848433   0.369456846033809   -0.0451400650251886   0.00287387011635087   0
0.529241264688422   0.361353701588208   0.0551394762040921   -0.00810314444560106   0
0.526827799725869   0.390927401618894   -0.00241346496255301   0.0295737000306855   0
0.54019972992708   0.378874413825017   0.0133719302012111   -0.0120529877938773   0
0.554107627367653   0.387824461737846   0.0139078974405734   0.00895004791282933   0
0.586622920413693   0.385940509199604   0.03251529304604   -0.00188395253824153   0
0.572760603649413   0.413324676491738   -0.0138623167642801   0.0273841672921337   0
0.585449820725261   0.418887703114451   0.0126892170758478   0.0055630266227123   0
0.586316253833893   0.396573820727302   0.000866433108631992   -0.0223138823871488   0
0.56860414696831   0.385802727427179   -0.0177121068655824   -0.0107710933001229   0
0.537633016580083   0.404962363502462   -0.0309711303882272   0.019159636075283   0
0.566751407037548   0.409466107570273   0.0291183904574643   0.00450374406781079   0
0.570376027140868   0.400959203730567   0.00362462010332032   -0.00850690383970598   0
0.57018230262281   0.426969954503534   -0.000193724518057659   0.0260107507729675   0
0.548807472560496   0.398718769122423   -0.0213748300623138   -0.0282511853811112   0
0.534482991064459   0.397613893517317   -0.0143244814960379   -0.0011048756051063   0
0.510849938539685   0.383165509934676   -0.0236330525247734   -0.0144483835826411   0
0.531921952700483   0.393559806120048   0.0210720141607975   0.0103942961853727   0
0.529102319840775   0.420103159157962   -0.00281963285970743   0.0265433530379137   0
0.54254340451128   0.403141375960717   0.0134410846705045   -0.0169617831972452   0
0.566605917232965   0.421572530496829   0.0240625127216857   0.0184311545361124   0
0.544911367675047   0.427203361781599   -0.0216945495579187   0.00563083128477004   0
0.550592916071611   0.423430697294433   0.00568154839656421   -0.00377266448716596   0
0.561537398581786   0.416418015829647   0.0109444825101754   -0.00701268146478645   0
0.568074397966719   0.425429746686218   0.00653699938493257   0.00901173085657153   0
0.560455536694001   0.419311797456857   -0.00761886127271838   -0.00611794922936171   0
0.572001025049685   0.412431587281151   0.0115454883556843   -0.00688021017570534   0
0.594449160016229   0.417174791622768   0.0224481349665441   0.00474320434161674   0
0.530023509565387   0.409097217596869   -0.0644256504508417   -0.00807757402589904   0
0.545043498735615   0.39315946248469   0.0150199891702275   -0.0159377551121795   0
0.558704619709163   0.404824399820774   0.013661120973548   0.0116649373360846   0
0.514039411101484   0.380141204165965   -0.0446652086076791   -0.024683195654809   0
0.525073131848136   0.380070836490384   0.0110337207466524   -7.03676755813287e-05   0
0.597040881618805   0.369214950492596   0.0719677497706691   -0.010855885997788   0
0.550079789746688   0.394688372340445   -0.0469610918721175   0.0254734218478495   0
0.552856919724815   0.37459611615512   0.00277712997812696   -0.0200922561853255   0
0.583552988953737   0.370859745922903   0.0306960692289222   -0.00373637023221712   0
0.591732348580682   0.368989029049307   0.00817935962694538   -0.00187071687359613   0
0.56654268946699   0.387238825861057   -0.0251896591136924   0.0182497968117504   0
0.516555467242348   0.38442695611943   -0.0499872222246421   -0.00281186974162717   0
0.498276156753752   0.375523212841097   -0.0182793104885952   -0.00890374327833254   0
0.528178992823692   0.377716229561956   0.0299028360699399   0.00219301672085842   0
0.548930328509001   0.363151977479471   0.020751335685309   -0.0145642520824849   0
0.579285273016888   0.359438147603659   0.0303549445078863   -0.00371382987581148   0
0.570955751548445   0.355994594344847   -0.00832952146844235   -0.00344355325881179   0
0.574624829234832   0.346686500264288   0.00366907768638691   -0.00930809408055971   0
0.583305759273205   0.334529810462296   0.00868093003837278   -0.0121566898019913   0
0.53554874246313   0.30884629631056   -0.0477570168100748   -0.0256835141517369   0
0.538405197849064   0.310516856975495   0.00285645538593415   0.00167056066493543   0
0.584831989995631   0.286962942217179   0.0464267921465669   -0.0235539147583161   0
0.576792894647542   0.280165480468133   -0.00803909534808955   -0.00679746174904561   0
0.553015619132263   0.300973146566343   -0.0237772755152786   0.0208076660982094   0
0.608112957729277   0.290781314730026   0.0550973385970145   -0.0101918318363166   0
0.610908834659681   0.327488854626749   0.00279587693040406   0.036707539896723   0
0.559503082999772   0.295056576371736   -0.0514057516599092   -0.0324322782550133   0
0.544923519335741   0.286224358224562   -0.014579563664031   -0.00883221814717361   0
0.591709917973529   0.245001018642148   0.0467863986377873   -0.0412233395824145   0
0.608423761868683   0.252909103420088   0.0167138438951545   0.00790808477793983   0
0.560441488390751   0.28088340378294   -0.0479822734779324   0.0279743003628523   0
0.614918525069533   0.240019761090838   0.0544770366787823   -0.0408636426921019   0
0.609425654272202   0.272919849930964   -0.00549287079733152   0.0329000888401262   0
0.566546365736548   0.269623042523729   -0.0428792885356539   -0.00329680740723526   0
0.602830663034853   0.250000183930182   0.0362842972983051   -0.0196228585935465   0
0.579730817206262   0.242187266961767   -0.023099845828591   -0.00781291696841577   0
0.623401777860322   0.251186080473406   0.0436709606540603   0.00899881351163964   0
0.621768228247504   0.259562987810286   -0.00163354961281803   0.00837690733687946   0
0.589818605024324   0.251131473445863   -0.0319496232231795   -0.00843151436442308   0
0.654366053840089   0.247332622048225   0.0645474488157644   -0.0037988513976378   0
0.67086712123776   0.250899039627516   0.0165010673976718   0.00356641757929149   0
0.610746972852105   0.273256263909924   -0.0601201483856554   0.0223572242824077   0
0.576971620180716   0.244501620908231   -0.0337753526713895   -0.0287546430016926   0
0.66947167108744   0.229941999653179   0.0925000509067248   -0.0145596212550526   0
0.66878359495407   0.23572462687537   -0.000688076133369853   0.00578262722219139   0
0.61471636742453   0.241212444480068   -0.0540672275295402   0.00548781760469802   0
0.572211381703309   0.233793624159476   -0.0425049857212213   -0.00741882032059188   0
0.618828250859873   0.202137092383369   0.0466168691565642   -0.0316565317761077   0
0.611076375947688   0.230853140536587   -0.00775187491218521   0.0287160481532179   0
0.582364586170459   0.247643747327633   -0.028711789777229   0.0167906067910464   0
0.594242496486443   0.23728664677466   0.0118779103159838   -0.0103571005529725   0
0.614449595841807   0.205284926579675   0.0202070993553642   -0.0320017201949856   0
0.581100192823759   0.215249577591723   -0.0333494030180478   0.00996465101204777   0
0.625405962690123   0.223618626335045   0.0443057698663641   0.00836904874332248   0
0.616719675830284   0.230506697371823   -0.00868628685983985   0.00688807103677752   0
0.605484025894986   0.208302367999844   -0.0112356499352976   -0.0222043293719784   0
0.668195624721414   0.213591472932114   0.0627115988264276   0.00528910493226981   0
0.635351651867444   0.208259681466799   -0.0328439728539694   -0.00533179146531523   0
0.571067555218373   0.214916289815529   -0.0642840966490706   0.0066566083487303   0
0.650556637598303   0.199163528720346   0.0794890823799297   -0.0157527610951833   0
0.639844900472013   0.209525116391454   -0.0107117371262904   0.0103615876711086   0
0.594668031903145   0.210141498664501   -0.0451768685688677   0.000616382273046612   0
0.668644582676896   0.211851691285059   0.0739765507737506   0.00171019262055808   0
0.659609936170583   0.180631848717384   -0.00903464650631314   -0.0312198425676748   0
0.628196454726298   0.182487205393967   -0.0314134814442845   0.00185535667658304   0
0.633352378626654   0.212548311344862   0.00515592390035546   0.030061105950895   0
0.68355501600621   0.194316109705655   0.0502026373795563   -0.0182322016392076   0
0.679768681995935   0.193682118333779   -0.00378633401027539   -0.000633991371875586   0
0.643364706759735   0.191308166719014   -0.0364039752361994   -0.0023739516147652   0
0.650693241616824   0.198257339215702   0.00732853485708851   0.00694917249668836   0
0.709751839399159   0.194607169770213   0.0590585977823356   -0.00365016944548927   0
0.65401976681251   0.192265400766915   -0.0557320725866491   -0.0023417690032978   0
0.667132474788396   0.191322527909189   0.013112707975886   -0.000942872857725929   0
0.634978677468787   0.173405995900697   -0.0321537973196089   -0.0179165320084924   0
0.638123608346761   0.158224320195696   0.00314493087797341   -0.0151816757050013   0
0.67086860015866   0.16678393076115   0.0327449918118994   0.00855961056545418   0
0.670043273821363   0.13241783085572   -0.000825326337297039   -0.0343660999054299   0
0.622763872854423   0.134554165054858   -0.0472794009669399   0.00213633419913867   0
0.65908729751605   0.126874942948819   0.0363234246616269   -0.00767922210603969   0
0.715269867114651   0.106702421919656   0.0561825695986008   -0.0201725210291631   0
0.649367427003973   0.110333207463486   -0.0659024401106778   0.00363078554383023   0
0.626564895694644   0.117688243388157   -0.0228025313093291   0.00735503592467072   0
0.693657251782175   0.111927508362224   0.0670923560875315   -0.00576073502593309   0
0.656748692838775   0.0971418669383721   -0.0369085589433999   -0.0147856414238514   0
0.616424395610597   0.118834192521513   -0.0403242972281782   0.0216923255831408   0
0.67118697112853   0.114795585058409   0.0547625755179328   -0.00403860746310357   0
0.668839921643109   0.0962324460045052   -0.00234704948542108   -0.0185631390539042   0
0.612103716262212   0.116955310685073   -0.0567362053808973   0.0207228646805681   0
0.632928878288043   0.112419813837642   0.0208251620258311   -0.00453549684743168   0
0.649008042982065   0.0700182019277309   0.0160791646940225   -0.0424016119099107   0
0.646709198038353   0.0666696191694538   -0.00229884494371191   -0.00334858275827712   0
0.68665803118808   0.105740110124824   0.0399488331497265   0.0390704909553706   0
0.653826206904893   0.08260520504431   -0.0328318242831868   -0.0231349050805144   0
0.590114313656058   0.0923664418016765   -0.0637118932488352   0.00976123675736654   0
0.672150043234426   0.0931203470738941   0.0820357295783677   0.000753905272217567   0
0.619755568362471   0.105208175148726   -0.052394474871954   0.0120878280748319   0
0.562390463113271   0.113262348962144   -0.0573651052492001   0.00805417381341809   0
0.626362202221686   0.118601971356814   0.0639717391084145   0.0053396223946698   0
0.682854699622409   0.0958099070115533   0.0564924974007229   -0.0227920643452605   0
0.623500329461573   0.0978587383299136   -0.0593543701608359   0.00204883131836026   0
0.671289861211951   0.112144404078224   0.0477895317503778   0.0142856657483105   0
0.710549830581614   0.0909370248975081   0.039259969369663   -0.021207379180716   0
0.676147565104845   0.0858634938518839   -0.0344022654767692   -0.0050735310456242   0
0.687358547121631   0.103048385197246   0.0112109820167869   0.0171848913453622   0
0.64557932164394   0.101985581435858   -0.0417792254776912   -0.00106280376138815   0
0.626684099376432   0.101441420510854   -0.0188952222675082   -0.000544160925003492   0
0.653748033724798   0.104834216501865   0.0270639343483662   0.00339279599101106   0
0.690213235605353   0.109804720703859   0.0364652018805542   0.00497050420199362   0
0.637415949647803   0.0960004039617022   -0.0527972859575498   -0.0138043167421569   0
0.629576578698859   0.0923688145355482   -0.00783937094894405   -0.00363158942615395   0
0.641459221800583   0.123686610521562   0.0118826431017246   0.0313177959860135   0
0.62598464729593   0.137006953790319   -0.0154745745046532   0.0133203432687569   0
0.556537623835981   0.0974682522094969   -0.0694470234599489   -0.0395387015808217   0
0.645002166981445   0.121888890265725   0.0884645431454638   0.0244206380562283   0
0.680248748535446   0.13770198949998   0.0352465815540007   0.0158130992342544   0
0.6240184241165   0.111565571584887   -0.0562303244189458   -0.0261364179150928   0
0.58147145461565   0.126555085737113   -0.0425469695008498   0.0149895141522262   0
0.632271631939375   0.143777924825927   0.0508001773237245   0.0172228390888143   0
0.579264549962183   0.131004871646296   -0.0530070819771919   -0.0127730531796313   0
0.631979112178686   0.147420250552057   0.0527145622165031   0.0164153789057608   0
0.584876795210966   0.141759727023266   -0.04710231696772   -0.00566052352879085   0
0.564415324737103   0.120281233592454   -0.0204614704738623   -0.021478493430812   0
0.520492702450764   0.137372987971517   -0.0439226222863391   0.0170917543790628   0
0.499824873023912   0.116291192733812   -0.0206678294268521   -0.0210817952377053   0
0.438607626997445   0.131472416599453   -0.0612172460264671   0.015181223865641   0
