0.00946913913930538   0   0   0
0.00652405   0.000271822546828324   -0.00294508913930538   0
0.00343226557859747   -0.00971525546714259   -0.00309178442140254   0
0.00900226398240465   -0.0123193782239006   0.00556999840380718   0
0.0243818228815033   0.049130313732523   0.0153795588990987   0
0.00599094167436139   -0.02135976413482   -0.018390881207142   0
0.010566773633068   -0.0187891471755667   0.00457583195870657   0
0.0277563242780362   0.0395815823997268   0.0171895506449682   0
0.0139612514597586   0.00936558992234752   -0.0137950728182776   0
0.0163587623349873   -0.0341641114650278   0.00239751087522877   0
0.0208312863052507   -0.001179269143597   0.00447252397026337   0
0.0303056376126209   0.0360191714290044   0.00947435130737017   0
0.0111151061299926   -0.0398368076360168   -0.0191905314826282   0
0.0340260404047767   -1.69815067928986e-06   0.0229109342747841   0
0.0590827264046989   0.0584451495036121   0.0250566859999221   0
0.0206197722732939   -0.0502834734326175   -0.038462954131405   0
0.0207636041819508   -0.0187596865831453   0.000143831908656907   0
0.0430462124104433   0.0414403253474538   0.0222826082284925   0
0.0233603813906949   -0.017346097102707   -0.0196858310197484   0
0.0186827685947004   -0.0100949447906507   -0.00467761279599447   0
0.0297900739610948   -0.010569476749555   0.0111073053663944   0
0.0434118148070891   0.0271308597588251   0.0136217408459943   0
0.0623593527206305   0.00717466291368087   0.0189475379135415   0
0.0647692153889678   -0.0166875766901656   0.00240986266833724   0
0.0468695345850052   -0.00686169584588188   -0.0178996808039626   0
0.0378212930453058   -0.0096909549404533   -0.00904824153969937   0
0.0157406579781541   -0.00512638555225574   -0.0220806350671518   0
0.0292811868896225   0.0109908064108496   0.0135405289114684   0
0.0242789876797695   -0.0129266104743327   -0.00500219920985297   0
0.021678662015332   0.0106758440892339   -0.00260032566443748   0
0.0334443593276206   -0.0121795759980657   0.0117656973122885   0
0.0172551187115802   0.0374762450222821   -0.0161892406160404   0
0.0286896980229942   -0.0147844513041598   0.011434579311414   0
0.0242725901177259   -0.0130523039242667   -0.00441710790526834   0
0.0260666843140339   0.0037160483728934   0.00179409419630798   0
0.0244802329592694   0.00372367601095432   -0.00158645135476447   0
0.0290005246602837   -0.0046567915607891   0.00452029170101433   0
0.0454623797398189   0.0110473362838545   0.0164618550795352   0
0.00981262915314239   -0.0189805116758654   -0.0356497505866765   0
0.0887772846069027   0.0925339931960693   0.0789646554537603   0
0.163358444022837   0.0996098810084645   0.0745811594159347   0
0.126272717486488   0.0366776163818433   -0.037085726536349   0
0.105070442047098   -0.102617803094687   -0.0212022754393907   0
0.0855044194174927   -0.0659136479773371   -0.019566022629605   0
0.0650748421591824   0.0314202031580954   -0.0204295772583103   0
0.064944510168085   -0.012563813777121   -0.000130331991097327   0
0.0706324417766015   -0.0614757788789525   0.00568793160851647   0
0.0675650271797659   0.0796563213657815   -0.00306741459683564   0
0.0888880254256022   0.0450791987296655   0.0213229982458363   0
0.104668713924231   -0.0815242558548862   0.0157806884986288   0
0.0819732969413973   0.0066374139748847   -0.0226954169828336   0
0.10378068880112   0.04756761497952   0.0218073918597231   0
0.122454047430342   -0.0222249541527421   0.0186733586292218   0
0.108735420479483   -0.046703693614677   -0.0137186269508591   0
0.110180865352395   0.0586917508043052   0.00144544487291141   0
0.136036356686374   0.0278490911277461   0.0258554913339799   0
0.137209359957776   -0.0587402080165768   0.00117300327140138   0
0.112421988934027   0.0289985469328148   -0.0247873710237488   0
0.122130252313626   0.0278878446489719   0.00970826337959917   0
0.12525554752474   -0.0558475557423958   0.00312529521111418   0
0.108605488902046   -0.0120787343558468   -0.0166500586226941   0
0.125485503394057   0.0486983903708697   0.0168800144920111   0
0.137607119101811   -0.00144511640668749   0.0121216157077536   0
0.126587717252583   -0.0425582316456013   -0.0110194018492276   0
0.0943013476057076   0.0485597620402831   -0.0322863696468758   0
0.126846754041136   0.0292421537037727   0.0325454064354286   0
0.125232743842675   -0.0874963679815372   -0.00161401019846139   0
0.105844020012824   0.0368869738999914   -0.0193887238298512   0
0.120575455213789   0.0264942572642144   0.0147314352009657   0
0.125644580414059   -0.0409165440999493   0.00506912520026999   0
0.124379992958032   -0.0395638143974726   -0.00126458745602759   0
0.112004317812629   0.0400975401273606   -0.0123756751454022   0
0.139369385004419   0.0325469851738396   0.0273650671917897   0
0.145127011257459   -0.0470938520898659   0.00575762625303941   0
0.122455085045579   0.00904249373846312   -0.0226719262118795   0
0.12171602872158   0.0426363886991931   -0.00073905632399901   0
0.143530566277788   -0.0238391815104248   0.021814537556208   0
0.135658198953371   -0.0131825781876378   -0.0078723673244166   0
0.123548648830946   0.0324991845675694   -0.0121095501224251   0
0.149986574791529   -0.00460207684354078   0.0264379259605829   0
0.159035385461035   -0.0365357140246455   0.00904881066950577   0
0.146920158265178   0.0399546342647395   -0.0121152271958569   0
0.156981144064224   0.0113241340134083   0.0100609857990454   0
0.169308018999854   -0.0458967988686602   0.0123268749356307   0
0.151034506593171   0.0408967458480708   -0.0182735124066836   0
0.162429417784279   0.0186723342011918   0.0113949111911089   0
0.166643311482159   -0.0558113667274121   0.00421389369787994   0
0.152927759045905   -0.00118114957348316   -0.013715552436254   0
0.171780478214173   0.0721526677300497   0.0188527191682677   0
0.191800079391381   -0.013362167088093   0.0200196011772077   0
0.177917036828236   -0.0419037734227319   -0.0138830425631445   0
0.160331984716057   0.0531637703620241   -0.0175850521121791   0
0.179186782743901   0.0158516268510067   0.0188547980278438   0
0.184541744235661   -0.0724020256014973   0.00535496149175965   0
0.141264742217874   0.00503771403872603   -0.0432770020177863   0
0.152003464574858   0.0533648773138911   0.0107387223569833   0
0.175841700069267   -0.0177641619025013   0.0238382354944092   0
0.157531283252129   -0.0531084743303187   -0.0183104168171378   0
0.154340912776109   0.0620500522002072   -0.00319037047601994   0
0.165835878794367   0.0100964415199991   0.011494966018258   0
0.181199998073234   -0.0574388181853452   0.0153641192788669   0
0.162777975496602   0.00162802055848559   -0.0184220225766316   0
0.165795272400904   0.0336898461033954   0.00301729690430166   0
0.176857378761815   -0.0258353244396274   0.0110621063609107   0
0.174954023665476   -0.0152970967631641   -0.00190335509633857   0
0.160251580318081   0.044127653206171   -0.0147024433473948   0
0.16039496917812   -0.00014140766663881   0.000143388860038424   0
0.176742617464012   -0.0374865040757465   0.016347648285892   0
0.155021308128633   0.00857894842904805   -0.021721309335379   0
0.152245015712149   0.0231431882904345   -0.00277629241648375   0
0.170600569213419   -0.0373741411873789   0.0183555535012698   0
0.17251471674742   0.0191117748326911   0.00191414753400102   0
0.137207180278621   0.0408270166783538   -0.0353075364687989   0
0.142071607408764   -0.00296452190543642   0.00486442713014312   0
0.16632321441838   -0.0475315490845149   0.0242516070096162   0
0.149213338219008   0.0121078325470144   -0.0171098761993725   0
0.164418973193324   0.0710154092613463   0.015205634974316   0
0.194254291839646   -0.0390648905629331   0.0298353186463227   0
0.175605623100196   -0.0165557178453974   -0.0186486687394506   0
0.167253350982282   0.0557490418023274   -0.00835227211791356   0
0.17644775834995   -0.0154943389254554   0.00919440736766811   0
0.178148339491623   -0.0524038491099534   0.00170058114167246   0
0.160728382334212   0.0499879926872861   -0.0174199571574112   0
0.17862578867681   0.0553710435764528   0.0178974063425987   0
0.204566033008293   0.0245468227357275   0.0259402443314826   0
0.188097447039985   0.0078548557220991   -0.0164685859683079   0
0.199812749700839   -0.0430793699230573   0.0117153026608536   0
0.169833679370995   -0.081391920249633   -0.0299790703298435   0
0.185829736264921   0.0648700166661669   0.0159960568939256   0
0.19651072668455   0.0166589393802435   0.0106809904196294   0
0.21948381429618   -0.0436426408956513   0.0229730876116297   0
0.204335293065711   0.0156602740248471   -0.015148521230469   0
0.205222976004759   0.0498446415628349   0.000887682939048312   0
0.207150345209102   0.0117232600880041   0.00192736920434242   0
0.207592737354297   -0.0674335415617898   0.000442392145194981   0
0.215212395738489   0.0296494856069413   0.00761965838419235   0
0.233800393043938   0.0412980147932457   0.0185879973054492   0
0.218110024176446   -0.0333506712615239   -0.0156903688674919   0
0.213258063652937   -0.0397277335044601   -0.00485196052350964   0
0.203023153770081   0.0430580275107658   -0.0102349098828556   0
0.200239730887754   0.0144161450978726   -0.00278342288232744   0
0.21867193022025   -0.0212257542632533   0.0184321993324966   0
0.209266908790282   -0.052691691678333   -0.00940502142996874   0
0.204728168419737   0.0579296028877451   -0.00453874037054502   0
0.212328077894211   0.00430350957720924   0.00759990947447414   0
0.216831238778572   -0.0403142434326949   0.00450316088436109   0
0.214576191166448   0.0447250372919933   -0.00225504761212381   0
0.207809591898449   0.0193199863188575   -0.00676659926799875   0
0.217762608823232   -0.0433036096036795   0.00995301692478293   0
0.209281092328595   0.00322889428262213   -0.00848151649463688   0
0.214313502399965   0.0183184138997088   0.0050324100713702   0
0.221255549401823   -0.0250367208932642   0.00694204700185747   0
0.223339128331468   -0.0262823140434781   0.00208357892964522   0
0.214396008375273   0.0639609969699355   -0.00894311995619548   0
0.217583475540998   -0.0965847666044404   0.00318746716572518   0
0.203663182709222   0.0732752884152344   -0.0139202928317757   0
0.230423737586322   0.0582749730204589   0.0267605548770995   0
0.238753002421436   0.00477519273532601   0.0083292648351139   0
0.245638359283521   -0.0489135369843332   0.00688535686208511   0
0.247354213876578   0.0223886176804204   0.00171585459305756   0
0.24739683400258   0.0411473509300408   4.26201260015635e-05   0
0.256489811184577   0.00265077015207993   0.00909297718199731   0
0.254301855367789   -0.0705923209171229   -0.00218795581678788   0
0.241818512159946   0.0352707369402341   -0.0124833432078431   0
0.297472884436968   0.0872250911795915   0.0556543722770224   0
0.323817454718318   0.0319329740751918   0.0263445702813496   0
0.283258521838267   -0.0177805027778135   -0.0405589328800511   0
0.294583633316585   -0.0268128201603222   0.0113251114783177   0
0.292881941644581   -0.0772770925686559   -0.00170169167200324   0
0.318880664736042   0.0806168984307899   0.0259987230914606   0
0.289638472296931   -0.013555108936853   -0.0292421924391111   0
0.270866434098985   -0.0822106238740428   -0.0187720381979455   0
0.26483159582412   0.0257933304905023   -0.00603483827486551   0
0.289945572827902   0.0399131397881192   0.0251139770037818   0
0.283981055284063   -0.00588841953332558   -0.0059645175438387   0
0.299583244252745   -0.0617943325178447   0.0156021889686823   0
0.30649428745329   0.0659389218274456   0.00691104320054481   0
0.294917615766675   0.0343534811843764   -0.0115766716866153   0
0.306056980101337   -0.0291800008673113   0.0111393643346619   0
0.28717502281492   -0.0111135026880228   -0.0188819572864163   0
0.295648807331435   0.0254006778245502   0.0084737845165147   0
0.322713512928263   -0.00376723367832665   0.0270647055968278   0
0.318941606557533   -0.0322235097350659   -0.0037719063707301   0
0.319317196102481   0.0215777806710363   0.000375589544947874   0
0.334224443996471   0.0209825298496084   0.0149072478939902   0
0.346785696355112   -0.0141756088580874   0.0125612523586413   0
0.330538881814984   0.00671829509259469   -0.016246814540128   0
0.335821734130625   0.0364240319715962   0.00528285231564074   0
0.333841382254357   -0.0204627049035842   -0.00198035187626733   0
0.343823015499981   -0.0419767370398227   0.0099816332456234   0
0.337507688482055   0.0466818865655158   -0.0063153270179257   0
0.349692086868576   0.0146238447100659   0.0121843983865213   0
0.366983897960796   -0.0705360258814199   0.0172918110922197   0
0.347784569025855   0.015700384052534   -0.0191993289349407   0
0.344869770542809   0.0285633823710565   -0.00291479848304599   0
0.348059757546747   -0.012204472134602   0.00318998700393708   0
0.341943513961371   -0.0458604971049849   -0.00611624358537599   0
0.333502960874787   0.0810576131829475   -0.00844055308658315   0
0.337163675664357   0.00419931914003646   0.00366071478957003   0
0.335747287451068   -0.0411258068085235   -0.00141638821328954   0
0.345035507208678   -0.035027957459898   0.00928821975761057   0
0.343467476240837   0.0444867472013038   -0.00156803096784131   0
0.358127096392817   0.0112307253428191   0.0146596201519799   0
0.313907235626228   -0.066360759364399   -0.0442198607665893   0
0.328505364743865   0.0437473489737525   0.0145981291176377   0
0.341472036281889   0.0262653906400596   0.012966671538024   0
0.336242783334825   -0.0231717949871418   -0.00522925294706444   0
0.329358809493916   -0.0510300798763116   -0.00688397384090844   0
0.334048988906567   0.04024158994301   0.00469017941265093   0
0.337070893948513   0.0179261273479827   0.00302190504194594   0
0.366247089923251   -0.0310235550999343   0.0291761959747378   0
0.372787427729933   0.0127436424168209   0.0065403378066819   0
0.36205877077244   0.0192796314159093   -0.0107286569574934   0
0.365480841094646   -0.0140029710698437   0.00342207032220654   0
0.366532770670645   -0.027113587925764   0.00105192957599926   0
0.364858302674134   0.0641693215575004   -0.00167446799651139   0
0.352445914547183   -0.00818420392480396   -0.0124123881269514   0
0.363905339652361   -0.0569644821844685   0.011459425105178   0
0.366297910554032   0.053402361953638   0.00239257090167183   0
0.373720650682097   0.0183570716657192   0.00742274012806454   0
0.383905875476008   -0.0445862984796517   0.0101852247939107   0
0.344020973038345   -0.00942316524973086   -0.0398849024376623   0
0.356220400684043   0.0528491671438899   0.0121994276456973   0
0.344898855484836   -0.011315329306842   -0.0113215451992065   0
0.350245016928864   -0.0636457710701405   0.00534616144402739   0
0.334303347005007   0.0611220408335766   -0.0159416699238569   0
0.363018740864022   0.0260070117225127   0.0287153938590152   0
0.373318213164386   -0.0509931318123727   0.010299472300364   0
0.34203291561303   -0.00248819537930228   -0.0312852975513562   0
0.362926307385191   0.0497819437697066   0.020893391772161   0
0.360161226106448   -0.0325335557769127   -0.00276508127874281   0
0.352534468349905   -0.0492972122539873   -0.00762675775654331   0
0.345499975319825   0.0684743241221716   -0.00703449303007925   0
0.362483912374053   -0.0010992300023937   0.0169839370542273   0
0.371866273184662   -0.0691597473443488   0.00938236081060961   0
0.347588388122   -0.000476795224238491   -0.0242778850626625   0
0.355740891684524   0.0619848932357477   0.00815250356252378   0
0.353389419332625   -0.0227263976548542   -0.00235147235189853   0
0.350720749454605   -0.0552675045250626   -0.00266866987801984   0
0.336331383104893   0.0798861762147527   -0.0143893663497128   0
0.344630326424562   -0.00174595005951794   0.00829894331966929   0
0.340823610136534   -0.0738582579992962   -0.00380671628802798   0
0.346332696875779   0.0431583854309551   0.00550908673924483   0
0.404264960972689   0.0741958804840205   0.0579322640969105   0
0.350958805350429   -0.104100186919725   -0.0533061556222607   0
0.296331253237403   -0.160573203277164   -0.0546275521130253   0
0.385838798031639   -0.0504865361754952   0.0895075447942359   0
0.424881016660547   0.0314017732675094   0.0390422186289079   0
0.422798608899675   0.160608961001045   -0.00208240776087237   0
0.350235549173338   0.0564195071624855   -0.0725630597263362   0
0.333189012062598   -0.0140155280847479   -0.0170465371107406   0
0.338071271322335   0.00894315520437655   0.00488225925973729   0
0.345657630371441   -0.0500790758377868   0.00758635904910621   0
0.323898712247363   -0.142600748661401   -0.0217589181240784   0
0.392480961597502   -0.00280554574020317   0.0685822493501392   0
0.377858579423903   0.0960183218347515   -0.0146223821735992   0
0.390742288736771   0.0773711650417706   0.0128837093128679   0
0.401888109858329   0.0415408616267385   0.0111458211215577   0
0.414880113020918   -0.0087230841216786   0.0129920031625898   0
0.39708466696002   -0.0997871643780207   -0.0177954460608984   0
0.416267497308522   0.0868680650629391   0.0191828303485015   0
0.389278865568759   -0.00458890252160166   -0.0269886317397625   0
0.385905616805781   0.00019632402688774   -0.00337324876297845   0
0.381541533750259   -0.0811704761731706   -0.00436408305552166   0
0.412576289672892   0.0427135866345861   0.0310347559226329   0
0.407991115739669   0.0855822791594737   -0.00458517393322283   0
0.401837505607366   0.00135689159649716   -0.00615361013230292   0
0.425012991666137   -0.0768006411692117   0.0231754860587711   0
0.377086751035819   0.0128382326317865   -0.0479262406303179   0
0.398757000253914   0.0434305801839477   0.0216702492180947   0
0.394103479373438   -0.0192082650055096   -0.00465352088047594   0
0.393926925388771   -0.105030214645326   -0.000176553984667538   0
0.404947134765144   0.0487321324860925   0.0110202093763738   0
0.439018935510759   0.0922897964546789   0.0340718007456147   0
0.596960177188563   0.166029913475403   0.157941241677804   0
0.922143646700448   0.116013067785506   0.325183469511885   0
0.88642909247074   -0.00383314031645732   -0.0357145542297075   0
0.856885159893816   -0.013244584096952   -0.0295439325769248   0
0.89306262739659   -0.13141732812294   0.0361774675027743   0
0.921597225075168   -0.0450738866721674   0.0285345976785782   0
0.942164252630877   0.0610976446435865   0.0205670275557094   0
0.926505913432289   0.0219599112249752   -0.0156583391985885   0
0.882590381712831   -0.103534052370827   -0.0439155317194584   0
0.906580243181071   0.0236346228808216   0.0239898614682404   0
0.944692698368761   0.0504398826648322   0.0381124551876896   0
0.917807398994609   -0.0248035545536096   -0.0268852993741512   0
0.87274790419757   -0.171869266725472   -0.0450594947970397   0
0.936481825341795   -0.0341879295147104   0.063733921144225   0
1.17485696578318   -0.0396388697276833   0.238375140441381   0
1.32957984954882   -0.0453782338490558   0.15472288376564   0
1.06944585351246   0.288575592100577   -0.260133996036352   0
0.994903886132852   0.0342891337008157   -0.0745419673796113   0
0.986049694231229   -0.0357412687720557   -0.00885419190162284   0
1.17793262670674   -0.208357411444344   0.191882932475515   0
1.62437550295275   -0.0463867556785687   0.446442876246006   0
1.6682537741285   -0.0441600766602967   0.0438782711757546   0
1.62568789113017   0.0195575116564963   -0.0425658829983377   0
1.46280963841882   0.185462535648806   -0.162878252711346   0
1.42302137301808   0.0236103243052468   -0.0397882654007446   0
1.39951682980993   0.0203281673620919   -0.0235045432081411   0
1.38263953340712   0.00270580147301253   -0.0168772964028181   0
1.32098908882559   -0.00735862711994678   -0.0616504445815316   0
1.25305089914736   -0.0163178693681122   -0.0679381896782281   0
1.1787911971347   -0.0216852617886358   -0.074259702012661   0
1.11143002807509   -0.0195421539401575   -0.0673611690596041   0
1.10412468274387   0.00864865923233943   -0.00730534533122285   0
1.04283885100443   -0.0167024728552064   -0.0612858317394345   0
1.0033838450689   -0.0135089368971855   -0.039455005935535   0
0.949207477285261   -0.000805709997799442   -0.0541763677836389   0
0.854944489838376   -0.0109305335272241   -0.0942629874468853   0
0.820037318655224   0.0127107582321017   -0.0349071711831512   0
0.828242060208246   -0.0551227946658414   0.00820474155302175   0
0.795010429765233   -0.00553504831317841   -0.0332316304430135   0
0.762368350347291   0.0450123281037312   -0.0326420794179415   0
0.720365714349316   0.0295562404595477   -0.0420026359979755   0
0.668607661176007   -0.0310681440276588   -0.0517580531733088   0
0.655203074452685   -0.171649817863782   -0.0134045867233223   0
0.720941630717252   0.0412360180811513   0.0657385562645673   0
0.842394595400813   0.205326976705411   0.121452964683562   0
0.872341070995886   0.0574041593764941   0.029946475595073   0
0.869280404947822   -0.0364447645504917   -0.00306066604806421   0
0.914361798254526   -0.108687737921409   0.0450813933067036   0
0.988169680260556   0.107968851833665   0.0738078820060304   0
0.88046109865655   -0.0112060291411273   -0.107708581604006   0
0.808988784810395   -0.000131870284194924   -0.0714723138461553   0
0.856689588019634   -0.0445111824387441   0.0477008032092388   0
0.838906174756897   -0.00325535791260173   -0.0177834132627366   0
0.792740406184143   0.0206148419551059   -0.0461657685727545   0
0.760422931208186   0.00346809937548154   -0.0323174749759565   0
0.81614925891316   -0.0474361116927731   0.0557263277049734   0
1.0084196471715   0.0370271007391867   0.192270388258344   0
1.01582970070135   0.0571092267604179   0.00741005352984914   0
0.964886039369935   -0.0526408383554696   -0.0509436613314174   0
0.948680542889043   -0.0975568537089342   -0.016205496480892   0
1.03053756987434   0.0514565141185763   0.0818570269852918   0
0.990091073719105   0.0604550596047043   -0.0404464961552303   0
1.02465969344729   0.0142467276063497   0.0345686197281879   0
1.05155789107757   -0.077887934314954   0.026898197630274   0
1.16762504566042   0.057295502249861   0.116067154582854   0
1.20464017348024   0.0477446713634175   0.0370151278198179   0
1.13398330718953   0.0325675696181749   -0.0706568662907108   0
1.19034673023672   -0.0986844021659873   0.0563634230471914   0
1.22522649252332   0.0166070381303232   0.0348797622866017   0
1.20796445264027   0.0153515218168833   -0.0172620398830543   0
1.20055688083343   -0.00296163067305827   -0.00740757180683493   0
1.16724808068647   -0.0751829331776337   -0.0333088001469612   0
1.15478227216519   0.0342333218829605   -0.0124658085212805   0
1.1426018554502   0.0234378279973896   -0.0121804167149857   0
1.16767168909212   -0.00857834793276091   0.0250698336419175   0
1.19980814119227   -0.0126178287937307   0.0321364521001479   0
1.21673634061215   0.0335419944381448   0.0169281994198818   0
1.2037414003861   0.00688006771159216   -0.0129949402260472   0
1.31675575526566   -0.109541491868019   0.11301435487956   0
1.44590940446048   -0.0493576197800606   0.129153649194812   0
1.51257881130555   -0.0431471705303788   0.0666694068450697   0
1.40500680785477   0.119623668677103   -0.107572003450777   0
1.35710590308771   0.0512672914805678   -0.0479009047670633   0
1.33211841618426   0.0309882006065438   -0.0249874869034503   0
1.30515832776334   -0.00284570564470854   -0.0269600884209151   0
1.2942111644555   -0.0393096108651206   -0.0109471633078453   0
1.22097509149911   -0.0131774742476576   -0.0732360729563897   0
1.19968763341182   0.01411907722355   -0.0212874580872875   0
1.06812564659196   -0.0202079481053966   -0.131561986819855   0
0.943217664576157   -0.0648736919949173   -0.124907982015806   0
1.01546182512256   -0.0360210794326036   0.0722441605464076   0
1.07989878724698   0.0641251045957373   0.0644369621244163   0
0.983712809153667   0.00421364968239091   -0.0961859780933135   0
0.930361175151081   0.00996547608917203   -0.0533516340025867   0
0.714317077138192   -0.0925282552646214   -0.216044098012888   0
0.672087536316699   -0.0191861207017238   -0.0422295408214934   0
0.711817113499844   0.0385975731851391   0.0397295771831453   0
0.818694656045525   0.0537174493744725   0.10687754254568   0
0.8423746145356   -0.046180927236024   0.023679958490075   0
0.80551303051037   0.0354557378214636   -0.0368615840252299   0
0.793689064420696   0.0416723398870272   -0.0118239660896735   0
