0.0193461172134204   0   0   0
0.0155435   0.0508554077354425   -0.00380261721342037   0
0.0192031   0.0651828596084737   0.0036596   0
0.0351432   0.0602787957936698   0.0159401   0
0.0091468   -0.147755558807014   -0.0259964   0
0.0385391533940485   0.0898908988424522   0.0293923533940485   0
0.0626725   0.00508875064298678   0.0241333466059515   0
0.0342398027893342   -0.0523207925131938   -0.0284326972106658   0
0.0683937990248597   0.0930111365183246   0.0341539962355255   0
0.0740240782660603   0.0100273585109218   0.00563027924120063   0
0.0181041210617921   -0.118806028005158   -0.0559199572042682   0
0.0682368555364328   0.114383784141415   0.0501327344746407   0
0.0774295545951932   -0.00259697552196439   0.00919269905876036   0
0.0394416143333079   -0.10010671903003   -0.0379879402618853   0
0.0747073577555953   0.0638084024566783   0.0352657434222874   0
0.119161511211045   0.115511686375486   0.0444541534554497   0
0.0673093570490946   -0.183736944574831   -0.0518521541619504   0
0.0794406044533902   0.0722962526885532   0.0121312474042956   0
0.117381642882395   0.0633129117136734   0.0379410384290043   0
0.0744872671099732   -0.148071155475859   -0.0428943757724213   0
0.0995744252199454   0.0481990499715961   0.0250871581099722   0
0.15841684974158   0.151083785785214   0.0588424245216345   0
0.11855829001235   -0.165383979426325   -0.0398585597292298   0
0.0946433195420179   -0.0218505162183227   -0.0239149704703322   0
0.130106494755239   0.0949850873339327   0.035463175213221   0
0.146529138583402   0.0615222556830855   0.0164226438281628   0
0.124536452910754   -0.17607595990741   -0.0219926856726474   0
0.131954014172305   0.0490881631213961   0.00741756126155126   0
0.173525801549453   0.141677573604117   0.0415717873771471   0
0.148527505378699   -0.185828549743508   -0.0249982961707531   0
0.173109846384203   0.070486772557343   0.0245823410055039   0
0.203620078339171   0.134825598917293   0.0305102319549673   0
0.184702090767924   -0.187979955082081   -0.0189179875712465   0
0.157225173872507   0.0203528292575966   -0.0274769168954174   0
0.219857804345161   0.153883173070579   0.0626326304726545   0
0.211205019891556   -0.061270877753052   -0.00865278445360546   0
0.169320947656256   -0.106509763192943   -0.0418840722353001   0
0.172488722564527   0.0309929729142607   0.00316777490827161   0
0.227075859291691   0.154715572848446   0.0545871367271639   0
0.204553899425335   -0.189290862620119   -0.0225219598663564   0
0.206842661056393   0.0245618451202546   0.00228876163105846   0
0.232488896888647   0.147462469587494   0.0256462358322538   0
0.185055936928277   -0.158903338701391   -0.0474329599603699   0
0.205612863121383   0.00465687054265181   0.0205569261931056   0
0.251382500816609   0.167918675429513   0.0457696376952264   0
0.214875867674368   -0.164406104481785   -0.0365066331422412   0
0.200819812710107   0.0107254906888841   -0.0140560549642608   0
0.260490516574961   0.145346206938651   0.0596707038648538   0
0.194728770427799   -0.127882082864034   -0.0657617461471617   0
0.202846656273615   -0.0464144668665437   0.00811788584581558   0
0.244917728547384   0.144415566105298   0.0420710722737691   0
0.231025534154891   -0.0890244884637167   -0.0138921943924933   0
0.205699639637926   -0.0573217509786941   -0.0253258945169648   0
0.234746881483338   0.0765571129072771   0.0290472418454126   0
0.28309477846693   0.0956664912798059   0.0483478969835913   0
0.226056047668471   -0.186625945835481   -0.0570387307984587   0
0.206269648493156   0.019786504489268   -0.0197863991753152   0
0.283715711856821   0.169870885019716   0.077446063363665   0
0.232911162644521   -0.15737196149409   -0.0508045492122998   0
0.238345669837785   -0.0239998795465332   0.00543450719326424   0
0.266884703937716   0.137941202314789   0.0285390340999311   0
0.234967906298759   -0.135099529530253   -0.031916797638957   0
0.233252462191018   -0.00261649642548184   -0.00171544410774083   0
0.295157786941023   0.174951981284219   0.0619053247500048   0
0.25532840264877   -0.133509861061325   -0.0398293842922531   0
0.247169693838408   -0.0349795906326845   -0.00815870881036182   0
0.274954614522202   0.143404401999861   0.0277849206837933   0
0.224313062161285   -0.176080779075079   -0.0506415523609167   0
0.245409207905515   0.0591162065491085   0.0210961457442304   0
0.244215209618325   0.0727117237692155   -0.0011939982871903   0
0.229225702019151   -0.0891644306252223   -0.0149895075991744   0
0.256114996151929   0.051227029664535   0.026889294132778   0
0.271769812455877   0.064908203100399   0.0156548163039482   0
0.247498311125899   -0.152187581487429   -0.0242715013299775   0
0.222465798289473   0.00394098462434431   -0.0250325128364264   0
0.308868897719263   0.1819138008411   0.08640309942979   0
0.264814058328316   -0.136184048567246   -0.0440548393909475   0
0.263157828084977   -0.04643003592325   -0.00165623024333811   0
0.277412740207511   0.141580305543129   0.0142549121225336   0
0.243490377528091   -0.151794087667039   -0.0339223626794196   0
0.24091890943044   0.0207122364818396   -0.00257146809765155   0
0.291128305000544   0.140890155624659   0.0502093955701045   0
0.284938770282757   -0.0532490464294077   -0.00618953471778694   0
0.248442103445275   -0.0724868688755411   -0.0364966668374829   0
0.29499133648243   0.100120859032288   0.046549233037155   0
0.269131647298604   -0.105814003135465   -0.0258596891838259   0
0.247583093571638   -0.0193439062703938   -0.0215485537269656   0
0.313497574019485   0.136100987979393   0.065914480447847   0
0.268928386064306   -0.0538696870668621   -0.0445691879551788   0
0.2623602475045   -0.072988300351649   -0.0065681385598062   0
0.306136263175326   0.106524064312431   0.0437760156708261   0
0.286455801389852   -0.107149197538639   -0.0196804617854738   0
0.26180745901168   0.00334064097796144   -0.0246483423781723   0
0.312206297349049   0.120057102064235   0.0503988383373686   0
0.283135185127445   -0.0586497990967101   -0.0290711122216036   0
0.274814163402112   -0.0706492631642458   -0.00832102172533333   0
0.340078439033321   0.155379008076079   0.0652642756312091   0
0.287581058323393   -0.163698683776111   -0.0524973807099282   0
0.303286470581697   0.00657038429112238   0.0157054122583044   0
0.358614732411264   0.181939309995798   0.0553282618295671   0
0.287008409248148   -0.194256641943208   -0.0716063231631159   0
0.278133026282663   0.0426523290724673   -0.00887538296548518   0
0.360230325437632   0.0801130479809114   0.0820972991549694   0
0.308926132875903   -0.0515698583350057   -0.0513041925617294   0
0.287277911669001   -0.00826031352626824   -0.0216482212069016   0
0.342923590014656   -0.0243377584395375   0.0556456783456549   0
0.361186069732974   0.132483131450266   0.0182624797183175   0
0.315519010517437   -0.131278296265211   -0.0456670592155366   0
0.361378071455508   0.0572956646420269   0.0458590609380713   0
0.341038462682954   -0.0700487217289428   -0.0203396087725545   0
0.313055455889452   0.0207702258994492   -0.0279830067935021   0
0.378119809743423   0.0712587405137996   0.0650643538539714   0
0.320902100680492   -0.0179899817281074   -0.0572177090629313   0
0.308873885710657   -0.0533263335811571   -0.0120282149698348   0
0.374631115489828   0.0918646716092278   0.0657572297791705   0
0.258094309020409   -0.018465486022824   -0.116536806469418   0
0.154878895010916   -0.106030820782714   -0.103215414009493   0
0.24591583876024   0.232968691996354   0.0910369437493238   0
0.232622598408028   -0.191715463427755   -0.0132932403522126   0
0.19961231846319   0.0320835085468738   -0.0330102799448376   0
0.189684869552056   0.107355420026903   -0.00992744891113373   0
0.200834074224974   -0.182811937699478   0.011149204672918   0
0.188999105862064   0.0650077788273109   -0.0118349683629105   0
0.178098537871783   0.168317580207352   -0.0109005679902808   0
0.18123734058246   -0.240193367796867   0.00313880271067676   0
0.186146743797259   0.0907162785497813   0.0049094032147996   0
0.187347314177899   0.0867068059674633   0.00120057038063995   0
0.196020078522004   -0.161636618914515   0.00867276434410444   0
0.177193222587441   0.0541903446282383   -0.0188268559345625   0
0.167665895135691   0.136474853093892   -0.00952732745175036   0
0.176509316390927   -0.193580734483847   0.00884342125523568   0
0.177902395622045   0.0953643557890239   0.00139307923111809   0
0.16473601564079   0.00464556841695984   -0.013166379981255   0
0.178978523272347   -0.0682319502796052   0.0142425076315572   0
0.153757975436522   0.127622893306357   -0.0252205478358248   0
0.303867121946703   0.396560753915658   0.150109146510181   1
0.309935209168178   -0.225610566253539   0.00606808722147539   0
0.247507999650218   -0.0133296265488262   -0.06242720951796   1
0.405071881227579   -0.0295581184102076   0.157563881577361   0
0.373872624702919   -0.110131114498765   -0.0311992565246598   0
0.329951387394037   -0.116138228541734   -0.0439212373088822   0
0.308594335962684   0.16161525156352   -0.021357051431353   0
0.310091407620398   -0.00821214448449997   0.00149707165771418   0
0.308795853719735   -0.0515432809093803   -0.00129555390066327   0
0.29446006845114   0.105581767855   -0.0143357852685952   0
0.308225377860503   -0.124464737169419   0.0137653094093634   0
0.290042441491327   -0.119426106847427   -0.018182936369176   0
0.283527645522443   -0.039491271180394   -0.00651479596888443   0
0.278291493231018   0.0438631500520786   -0.00523615229142432   0
0.314532127208414   0.0970466367787131   0.0362406339773956   0
0.288571635774378   -0.175801237388563   -0.0259604914340366   0
0.268367263997027   0.171981676355072   -0.0202043717773506   0
0.286914106375497   -0.107637218567715   0.01854684237847   0
0.277363616605531   0.0442218565097098   -0.00955048976996603   0
0.279174892838253   0.134563594955889   0.00181127623272193   0
0.274462230382433   -0.162558515899599   -0.00471266245581947   0
0.261737728275367   0.0421257423797017   -0.0127245021070662   0
0.263343725851785   0.0955565736211143   0.00160599757641755   0
0.271219910910869   -0.13272369146301   0.00787618505908466   0
0.272365271035516   0.0109370775629839   0.00114536012464633   0
0.26201827255182   0.032104912549302   -0.0103469984836955   0
0.258716859575289   -0.068945150700231   -0.00330141297653097   0
0.265945124433594   0.0669442821676679   0.00722826485830502   0
0.275690981749948   -0.0505529152772419   0.0097458573163533   0
0.258566445280995   0.181833743988664   -0.0171245364689523   0
0.272731459888202   -0.134486141907444   0.0141650146072067   0
0.26521632356484   -0.00903353091442918   -0.00751513632336193   0
0.255733201643182   0.145994043157253   -0.00948312192165801   0
0.26295455093799   -0.169936289655021   0.00722134929480783   0
0.253293793527398   -0.0220158624046751   -0.0096607574105923   0
0.242874105149664   0.109819559998733   -0.0104196883777338   0
0.257530597005967   -0.0786924219020761   0.0146564918563035   0
0.254423285922908   -0.0234229238500831   -0.00310731108305906   0
0.270110757417656   0.0713573691993083   0.015687471494748   0
0.268038637327252   -0.0199220938960722   -0.00207212009040458   0
0.256826725144289   -0.00818124627965755   -0.0112119121829631   0
0.241890589955712   0.0772080547385965   -0.0149361351885764   0
0.257698249807794   -0.0404755589392433   0.0158076598520815   0
0.282823953327048   0.0179307164612148   0.0251257035192539   0
0.256835890682168   0.0364947943798217   -0.0259880626448797   0
0.280558555090239   -0.0506886199562443   0.0237226644080708   0
0.2886239363494   0.00815197635489021   0.00806538125916134   0
0.255593361307781   -0.0222949334900698   -0.0330305750416188   0
0.261053259521793   0.0496678328345087   0.0054598982140116   0
0.256743135235004   -0.0293268477190002   -0.00431012428678929   0
0.269527715267577   -0.0481867650708793   0.0127845800325734   0
0.271054012858065   0.151979733452177   0.00152629759048795   0
0.267439586387865   -0.130603786527392   -0.00361442647019949   0
0.273479991363448   0.0543421727720123   0.00604040497558261   0
0.261458931148852   -0.0416260308562635   -0.0120210602145962   0
0.270800838791671   0.0629757577202237   0.00934190764281906   0
0.261218257362287   -0.0453178845679764   -0.00958258142938384   0
0.249383064830117   0.00381530854988171   -0.0118351925321697   0
0.24893261564221   0.120062086345911   -0.000450449187906876   0
0.25795531436007   -0.170720821792791   0.00902269871785952   0
0.260639202831251   0.00819205013899177   0.00268388847118101   0
0.256364228960599   0.0605245510966453   -0.0042749738706519   0
0.272148167317307   -0.0356823752638881   0.0157839383567079   0
0.293802377581109   0.0628287973519795   0.021654210263802   0
0.256064857169526   -0.0535941027247984   -0.0377375204115825   0
0.267816618002338   -0.00534907607159121   0.0117517608328111   0
0.266158398672111   -0.0297660045801237   -0.00165821933022631   0
0.276352999321267   0.0619374481062909   0.0101946006491554   0
0.265290970363491   -0.0362348673823796   -0.011062028957776   0
0.287706064271024   0.023407184701741   0.0224150939075333   0
0.277206879227866   -0.016839732250593   -0.0104991850431582   0
0.274076806373341   0.0103624913684101   -0.00313007285452438   0
0.264352302451369   -0.00211485924725613   -0.00972450392197244   0
0.263176040542376   -0.025368453320267   -0.00117626190899256   0
0.2651478650896   0.0591486841797841   0.00197182454722328   0
0.27749784981194   -0.0416398984375387   0.0123499847223404   0
0.273155113498265   0.00307754586383238   -0.00434273631367499   0
0.27963360492169   0.0215752246042494   0.00647849142342538   0
0.291710173962119   0.00216400232233691   0.012076569040429   0
0.275890794943398   -0.023448413665155   -0.0158193790187216   0
0.275824176836441   0.0492935991106725   -6.66181069572946e-05   0
0.274659522770448   -0.0545267128734301   -0.00116465406599292   0
0.284050332759442   -0.0264710965437759   0.00939080998899489   0
0.27442806671239   0.127832989209013   -0.00962226604705241   0
0.282582896158809   -0.0935041714536416   0.00815482944641854   0
0.273375268073892   -0.00533326601471304   -0.00920762808491626   0
0.289776527135567   0.047151277838983   0.0164012590616747   0
0.281811810799778   -0.0319915598142597   -0.00796471633578871   0
0.273379741821701   -0.0425052225963383   -0.00843206897807713   0
0.273472221272107   0.0966895156995987   9.24794504053583e-05   0
0.275515667384815   -0.142109622846368   0.00204344611270846   0
0.278045175637881   0.050762863546335   0.00252950825306586   0
0.291018230893272   0.0655418112460122   0.0129730552553916   0
0.273281551820352   -0.046130779821811   -0.0177366790729199   0
0.285187229013788   0.0237138894629001   0.011905677193435   0
0.279943814139552   -0.0432963818164076   -0.00524341487423563   0
0.276613280803272   0.0457030023412132   -0.00333053333627953   0
0.279123896376681   -0.0419206372132675   0.00251061557340837   0
0.286978188304442   0.00925854833543915   0.00785429192776171   0
0.28145953172792   0.0161000397999943   -0.00551865657652245   0
0.285452593842218   -0.0629934624853757   0.00399306211429756   0
0.290132092233003   0.0885505138672405   0.00467949839078591   0
0.291789319027445   -0.0192035237233461   0.00165722679444136   0
0.295302582213989   -0.0382061481436894   0.0035132631865446   0
0.292365422431415   0.0722873846897906   -0.00293715978257397   0
0.302268268744008   0.0192860387319059   0.00990284631259275   0
0.294065423221602   -0.0889401487986266   -0.00820284552240602   0
0.28803602513835   0.0707073472714781   -0.00602939808325254   0
0.299095889265466   0.00422539664472585   0.0110598641271165   0
0.287578664734973   -0.0810922657419031   -0.0115172245304931   0
0.282452879886628   0.0852423491672151   -0.00512578484834481   0
0.325229180274945   0.062002209974287   0.0427763003883165   0
0.357547747957528   0.0390905279028347   0.0323185676825833   0
0.31509825259195   -0.117795477820344   -0.0424494953655785   0
0.314562349982877   0.0203492064534541   -0.000535902609072547   0
0.320470825601177   0.00530543105590262   0.00590847561829999   0
0.319230942996994   -0.0677010864809581   -0.00123988260418295   0
0.324130785138885   0.0804471495156288   0.00489984214189099   0
0.327075098876103   -0.00452957016178845   0.00294431373721787   0
0.318879164024948   -0.0950630923735729   -0.00819593485115439   0
0.320761561389843   0.0790528928087132   0.00188239736489454   0
0.325419207627623   -0.00568294607195916   0.00465764623777998   0
0.31892591144849   -0.0719666640349579   -0.00649329617913308   0
0.297077701162928   0.0874522071236188   -0.0218482102855618   0
0.312757267867787   -0.0516682513539884   0.0156795667048586   0
0.328818679022425   0.0277680047827175   0.0160614111546382   0
0.322587162819989   -0.0147591255108741   -0.00623151620243606   0
0.32794255226678   0.00277419196327888   0.00535538944679154   0
0.326779638489491   0.0163895885798687   -0.00116291377728933   0
0.317711989706873   -0.0582418428913998   -0.0090676487826184   0
0.30885655415366   0.0652898843945059   -0.008855435553213   0
0.321622951480068   -0.032678597983927   0.0127663973264081   0
0.327478541331352   -0.0127909894060429   0.0058555898512842   0
0.323812311010561   0.02115534378979   -0.00366623032079139   0
0.317782184242057   -0.0144235559308464   -0.0060301267685039   0
0.315096983154746   0.00431741472282121   -0.00268520108731035   0
0.319157025971934   -0.0353737133052373   0.00406004281718808   0
0.306934237500922   0.0476282830400294   -0.0122227884710122   0
0.346597284346704   0.0066941322099601   0.0396630468457818   0
0.321618065202345   -0.0655722211632697   -0.0249792191443587   0
0.313908826862992   0.054872696490322   -0.00770923833935305   0
0.371042987812208   0.0423571046827375   0.0571341609492154   0
0.333943271548762   -0.104685755014974   -0.0370997162634459   0
0.336719455881009   0.0785368104815983   0.00277618433224691   0
0.352870980965498   0.0471237272024635   0.016151525084489   0
0.334667963444307   -0.0553855852028618   -0.0182030175211906   0
0.326725427557299   0.00615628803157131   -0.00794253588700772   0
0.33858851592272   0.0171980706220972   0.0118630883654208   0
0.348526439819219   -0.00612433869994197   0.0099379238964995   0
0.334176983352011   -0.0334949855163522   -0.0143494564672088   0
0.354538054616849   0.0450579421858346   0.0203610712648385   0
0.36109932931709   0.0382036607128909   0.00656127470024115   0
0.338062654649992   -0.127725517339903   -0.023036674667098   0
0.312680435340285   0.062901646320817   -0.0253822193097076   0
0.404058134010751   0.153396278062721   0.0913776986704662   0
0.468621850052364   0.0306747352785793   0.0645637160416128   0
0.411880227423883   -0.189958545533877   -0.0567416226284803   0
0.463287201769593   0.0961944037928464   0.05140697434571   0
0.48986948932088   0.180783832917545   0.0265822875512868   0
0.435545994122607   -0.28032119458711   -0.0543234951982733   0
0.434370094474746   0.054000030619094   -0.0011758996478608   0
0.534620437580953   0.290554098193048   0.100250343106207   0
0.498716109261071   -0.2462181378872   -0.0359043283198828   0
0.530228156994704   0.161313974673266   0.0315120477336333   0
0.509675361241349   -0.106555546857261   -0.0205527957533544   0
0.493308681223278   0.0238751871492838   -0.0163666800180711   0
0.508651596637128   0.0691946070249153   0.01534291541385   0
0.500456477638666   -0.0788623141710672   -0.00819511899846281   0
0.488201124270776   -0.0340216936610651   -0.0122553533678892   0
0.525515172229594   0.0962463577139982   0.0373140479588178   0
0.516541903258826   -0.0457325784296482   -0.00897326897076833   0
0.49134727818952   -0.103234286635818   -0.0251946250693054   0
0.529604498642855   0.118868884845323   0.0382572204533348   0
0.605852423354896   0.272367187640537   0.0762479247120407   0
0.511803373055024   -0.366300862568623   -0.0940490502998719   0
0.47774243372266   -0.0458551572268376   -0.0340609393323641   0
0.547488009680806   0.194466108742289   0.0697455759581457   0
0.516595970976836   -0.201784897704693   -0.0308920387039695   0
0.524389608677079   0.033792317848928   0.00779363770024288   0
0.556455902994568   0.215657326225316   0.032066294317489   0
0.537106588032115   -0.0842863727901079   -0.019349314962453   0
0.483579809556292   -0.164869022587128   -0.0535267784758227   0
0.592985598360112   0.271747118181658   0.10940578880382   0
0.65049013528358   0.134509362430727   0.0575045369234679   0
0.570195237254828   -0.385902719939075   -0.0802948980287516   0
0.584598714755258   0.122507511268118   0.0144034775004301   0
0.652656436828175   0.293130346290397   0.0680577220729167   0
0.662162012747069   0.00596899801262241   0.00950557591889423   0
0.595723378856957   -0.29594999043016   -0.0664386338901121   0
0.607671905121711   0.0790629176943974   0.011948526264754   0
0.605497149102496   0.0591746735148659   -0.00217475601921557   0
0.58614370972271   -0.165562373328381   -0.0193534393797862   0
0.601665754100439   0.0291238245587598   0.0155220443777295   0
0.607135263328939   0.0710348531339473   0.00546950922849987   0
0.561369665843284   -0.174500596645939   -0.0457655974856552   0
0.582690037834439   0.101209369973756   0.0213203719911553   0
0.606135605051584   0.0615699482013081   0.0234455672171451   0
0.602070809377934   -0.116175280389298   -0.00406479567365048   0
0.597101498197752   0.0225577047842893   -0.00496931118018173   0
0.59190662649695   0.0204829376406896   -0.0051948717008018   0
0.589781306380806   -0.068454207364329   -0.0021253201161443   0
0.56137584507997   0.0382811197669304   -0.0284054613008363   0
0.595530830713658   0.040349525252633   0.0341549856336888   0
0.59507971776078   -0.0612450326358952   -0.000451112952877919   0
0.581221694931461   0.00733287850086667   -0.0138580228293197   0
0.580463982144887   0.0363619134951948   -0.000757712786573439   0
0.577459485956591   -0.0947393873814634   -0.00300449618829668   0
0.559884562894442   0.0306177377146822   -0.017574923062149   0
0.585126127660951   0.060396374662909   0.0252415647665098   0
0.58411062592372   -0.0796057770957679   -0.00101550173723142   0
0.577278151902746   0.0432394327536015   -0.00683247402097376   0
0.563391452438933   -0.0163169228771567   -0.0138866994638136   0
0.569615632859782   -0.0132751057411465   0.00622418042084938   0
0.553022001846671   0.00773047367570939   -0.0165936310131105   0
0.571058733425249   0.00933744635928285   0.0180367315785779   0
0.572547028584115   -0.045349207979664   0.00148829515886606   0
0.554451390169373   0.0416443398552828   -0.0180956384147426   0
0.563540968707023   -0.0358429900743827   0.00908957853765013   0
0.589398348196065   0.0145984475097562   0.0258573794890421   0
0.551693971536757   0.00249068723648932   -0.037704376659308   0
0.573915104315089   0.0221810320658846   0.0222211327783323   0
0.584149596723733   -0.032635343380678   0.0102344924086437   0
0.618294461903267   0.113967073309512   0.0341448651795335   0
0.673625209300394   0.126172089915161   0.0553307473971277   0
0.630033468991132   -0.207717528723771   -0.0435917403092621   0
0.638616220065894   0.031423973854929   0.00858275107476159   0
0.675696404618598   0.149218660920133   0.0370801845527042   0
0.718701995990167   -0.016048205281684   0.0430055913715688   0
0.716740190619481   -0.103217277368899   -0.0019618053706858   0
0.739183224726793   0.103234029243745   0.0224430341073115   0
0.737835299701092   -0.0877908641064881   -0.0013479250257008   0
0.720191397196259   0.0120694586025036   -0.0176439025048326   0
0.724237176128097   0.105743566363803   0.00404577893183766   0
0.703720736111279   -0.123841145237793   -0.0205164400168181   0
0.734755769526344   0.0508472959022575   0.0310350334150653   0
0.697005640536   0.0446379436086486   -0.0377501289903437   0
0.699880181541098   -0.0588470030575207   0.00287454100509754   0
0.722260251124897   0.00794447433679363   0.0223800695837996   0
0.689448436313587   0.0419761934903906   -0.0328118148113106   0
0.684368447672743   -0.0758687690147293   -0.0050799886408438   0
