0.0235272918065913   0   0   0
0.0268132478023625   -0.000588942809160387   0.00328595599577121   0
0.0428808054773636   -0.0113481653512456   0.0160675576750011   0
0.0248292525881268   0.0760304934537593   -0.0180515528892369   0
0.0137078294688619   0.162898021209193   -0.0111214231192648   0
0.0338860672238565   -0.245982233059929   0.0201782377549946   0
0.0338823196296387   -0.0164000347812859   -3.74759421784693e-06   0
0.0615630321006446   0.207005861172369   0.0276807124710059   0
0.0148596185369317   -0.144628292872813   -0.0467034135637129   0
0.0179195949661955   -0.00119168844427689   0.0030599764292638   0
0.0443224445398153   -0.10744720291149   0.0264028495736197   0
0.0674482929698187   0.424767529660542   0.0231258484300035   0
0.0229329783888836   -0.413625622804506   -0.0445153145809352   0
0.0360252780438264   0.0467202959805633   0.0130922996549428   0
0.0550902165715928   0.0373326474433748   0.0190649385277664   0
0.0688280728831812   0.332051014605265   0.0137378563115884   0
0.0221028268759479   -0.43268957048937   -0.0467252460072333   0
0.0296163440185061   0.0109830192932409   0.00751351714255816   0
0.0561142473422303   0.158459896518536   0.0264979033237242   0
0.0566063413968126   0.271164711646859   0.000492094054582309   0
0.0271931181296849   -0.444111618942555   -0.0294132232671277   0
0.0378658583799113   -0.000122847000559798   0.0106727402502264   0
0.0791653350629554   0.335990729750582   0.0412994766830441   0
0.023117840079809   -0.108369994759405   -0.0560474949831464   0
0.0299430612131592   -0.176472744801148   0.00682522113335018   0
0.0386070856968478   -0.0520538971585142   0.00866402448368857   0
0.0358040753711781   0.015420918702826   -0.00280301032566972   0
0.0573497000984312   0.0354407477003926   0.0215456247272531   0
0.0703407918060507   0.414409686183291   0.0129910917076195   0
0.0389118554844243   -0.230437348069778   -0.0314289363216263   0
0.050823767533655   -0.192708865767369   0.0119119120492306   0
0.0511907998047989   -0.0202870364830263   0.000367032271143958   0
0.0606149197498025   0.192499664922174   0.0094241199450036   0
0.0378057091933216   0.104840262887103   -0.0228092105564809   0
0.0643991732103146   -0.249373459076026   0.026593464016993   0
0.0607805686777032   -0.0737639739033913   -0.00361860453261136   0
0.0487712155305258   0.213570335932215   -0.0120093531471774   0
0.020519080812053   0.199940037529763   -0.0282521347184728   0
0.078603078052596   -0.420374930361654   0.058083997240543   0
0.0751709709218259   -0.00668139768496707   -0.00343210713077008   0
0.0562970776075899   0.152265092505527   -0.018873893314236   0
0.0277227993643323   0.32217147463882   -0.0285742782432576   0
0.064001093245448   -0.478306534990889   0.0362782938811156   0
0.0801935069570006   0.0492057483108213   0.0161924137115526   0
0.059545706457645   0.0624245963911438   -0.0206478004993556   0
0.0485284697662364   0.345617802787851   -0.0110172366914086   0
0.0689133564338583   -0.425548197612851   0.0203848866676219   0
0.0700404113158368   -0.00480944504032535   0.00112705488197848   0
0.0755135292864135   -0.0175010811753212   0.00547311797057667   0
0.0657547670245285   0.132129106473989   -0.00975876226188493   0
0.0553768612026946   0.328153188547649   -0.010377905821834   0
0.0673994419423672   -0.39302834426922   0.0120225807396726   0
0.0700667238747469   -0.0546688642953758   0.00266728193237968   0
0.0847796669479776   0.0185261798631107   0.0147129430732307   0
0.0827202596672213   0.39186007121281   -0.00205940728075625   0
0.0599056120452419   -0.238573879157292   -0.0228146476219795   0
0.0876751583371601   -0.116679550132609   0.0277695462919183   0
0.0855379548112417   -0.0711119363633447   -0.00213720352591845   0
0.0705006107696949   0.277840137717688   -0.0150373440415468   0
0.0546821220983147   0.214898851400319   -0.0158184886713802   0
0.0623469854830608   -0.465573955154797   0.00766486338474612   0
0.0852513474557587   -0.0353775183687368   0.0229043619726979   0
0.0507706904627079   0.154545606640191   -0.0344806569930508   0
0.0830860234529551   0.375772013591485   0.0323153329902472   0
0.0461163025145122   -0.362207757392271   -0.0369697209384429   0
0.0714201767649206   -0.126269209399998   0.0253038742504084   0
0.0797202782437449   -0.0376531462367603   0.0083001014788243   0
0.122292578197212   0.00523720555928468   0.0425722999534672   0
0.125660007197641   0.00620848648984909   0.00336742900042908   0
0.114994107581226   0.0295306630278645   -0.0106658996164155   0
0.0703426235326065   0.257653970238268   -0.0446514840486192   0
0.0573738625512524   0.0107725903428934   -0.0129687609813541   0
0.0894849251007258   -0.270262933857477   0.0321110625494734   0
0.0966015861205188   -0.0178390701446998   0.00711666101979298   0
0.0965518506920504   0.027553856128642   -4.97354284683255e-05   0
0.0561063035857826   0.367633048949449   -0.0404455471062678   0
0.0929295737510939   -0.295262851858331   0.0368232701653113   0
0.0999098354115474   -0.0634769128516505   0.00698026166045355   0
0.114764755277916   -0.0555333725049639   0.0148549198663688   0
0.103759532639464   0.056235684926766   -0.0110052226384522   0
0.0698321354883445   0.317453224429258   -0.0339273971511195   0
0.0925293887000368   -0.14653571752599   0.0226972532116923   0
0.120855750383712   -0.173598676747596   0.0283263616836748   0
0.118253709949213   -0.048393368676159   -0.00260204043449899   0
0.0776643847050403   0.223637431783979   -0.0405893252441723   0
0.0901681898958274   0.141608317189691   0.0125038051907871   0
0.11472705416507   -0.312196545517588   0.0245588642692429   0
0.132835178558327   -0.0111332538253399   0.0181081243932562   0
0.11838901737598   0.0568256739906942   -0.0144461611823469   0
0.0857604979620571   0.366198302200042   -0.0326285194139225   0
0.120548737125498   -0.371249604391817   0.0347882391634412   0
0.136391013047048   -0.0437817375798522   0.0158422759215496   0
0.121127732371462   0.0506463108234908   -0.015263280675586   0
0.079932546909832   0.356046076959108   -0.0411951854616299   0
0.114657461110049   -0.253920387376646   0.0347249142002174   0
0.136235442240456   -0.118447999966176   0.0215779811304061   0
0.129306733577384   -0.0235059180645716   -0.00692870866307183   0
0.0876787092438067   0.369796804302446   -0.041628024333577   0
0.140534803897149   -0.206243381641393   0.0528560946533418   0
0.148602391859796   -0.126133939391442   0.00806758796264789   0
0.153381904498217   -0.0407343074235094   0.00477951263842005   0
0.0996487958607755   0.335723753468336   -0.053733108637441   0
0.125923798784225   -0.101818371253448   0.0262750029234496   0
0.153493906600555   -0.214234202789723   0.0275701078163303   0
0.151753064280429   -0.024586625887805   -0.00174084232012636   0
0.134175811207721   0.184424466652252   -0.0175772530727079   0
0.132660987128847   0.143417981754447   -0.00151482407887443   0
0.146833865968482   -0.303465134780573   0.0141728788396349   0
0.161055815453836   -0.0282826387870364   0.0142219494853542   0
0.158680426875056   0.0984047282362498   -0.00237538857877975   0
0.127321978560263   0.27145785214798   -0.0313584483147933   0
0.152566736048524   -0.33382022546043   0.0252447574882613   0
0.160643607761871   -0.0274991723585667   0.00807687171334739   0
0.153857070312839   0.0462210496997437   -0.00678653744903207   0
0.117970762935579   0.306104093885122   -0.0358863073772607   0
0.13007249746253   -0.149827245679077   0.0121017345269518   0
0.13749766039555   -0.172851690384136   0.00742516293301948   0
0.139427621261893   -0.0482935890688291   0.00192996086634348   0
0.131804109363337   0.0720063267405922   -0.00762351189855645   0
0.14630273472362   -0.0692884493453576   0.0144986253602832   0
0.160950317990522   0.00799248047983797   0.0146475832669013   0
0.148877480956868   0.160009630509348   -0.0120728370336539   0
0.143507646479108   0.161576252658302   -0.00536983447776015   0
0.184217253167965   -0.266230434730892   0.0407096066888571   0
0.187339007070738   -0.0326371597609308   0.00312175390277325   0
0.194469000327816   0.0135238209566069   0.00712999325707783   0
0.147947716867311   0.281407619352061   -0.0465212834605048   0
0.18316218576169   -0.24010867898228   0.0352144688943795   0
0.182353525571896   0.0109291516167683   -0.000808660189794808   0
0.20116120800803   -0.0837742855634704   0.0188076824361346   0
0.153203303440428   0.314895745251691   -0.0479579045676018   0
0.1871019519814   -0.0103056743555124   0.0338986485409712   0
0.201167323448044   -0.244746377126206   0.0140653714666444   0
0.19860147728869   -0.0386565130102098   -0.00256584615935426   0
0.160095470418148   0.293880212087504   -0.0385060068705421   0
0.158984123289874   -0.0237468077680608   -0.00111134712827329   0
0.198399707444341   -0.20580144858288   0.0394155841544663   0
0.214024513976203   -0.0598462425284028   0.0156248065318624   0
0.194288066619035   0.265877647517106   -0.0197364473571684   0
0.202528253548733   -0.0286008906529414   0.00824018692969852   0
0.221841555216217   -0.211864825327677   0.019313301667484   0
0.237245142378616   -0.0220211399123522   0.0154035871623991   0
0.207671257518343   0.237824921383732   -0.0295738848602733   0
0.219275610890153   0.108637848895094   0.0116043533718103   0
0.23836448372503   -0.302554920065453   0.0190888728348763   0
0.238138803728519   -0.0271767970208129   -0.000225679996510991   0
0.255322248894412   0.0963913048583727   0.017183445165893   0
0.265474818099142   0.304813086226466   0.0101525692047301   0
0.250993349229118   -0.34547380073461   -0.0144814688700239   0
0.266945451920893   -0.0326662989336776   0.0159521026917753   0
0.255524951067406   0.00953246365682311   -0.0114205008534878   0
0.235828011591605   0.34241716961724   -0.0196969394758009   0
0.231534274047602   -0.225958926265188   -0.00429373754400278   0
0.253418727723998   -0.114840508156621   0.0218844536763965   0
0.2637836976407   0.0267831318031824   0.0103649699167012   0
0.290926276795175   0.336205553879457   0.027142579154475   0
0.297993637380482   -0.278290362405983   0.00706736058530716   0
0.287038759935832   -0.0642028685132792   -0.01095487744465   0
0.284073764481164   -0.0204450867675366   -0.00296499545466739   0
0.275431182100829   0.260213639410954   -0.00864258238033533   0
0.281715248759275   -0.0297167032416228   0.00628406665844572   0
0.282438686664911   -0.2117768695283   0.000723437905636726   0
0.297547311946353   -0.00819443771387993   0.0151086252814411   0
0.286963723601956   0.112608135459597   -0.0105835883443962   0
0.32581835980767   0.242167655060124   0.0388546362057132   0
0.29879871260474   -0.331592063169378   -0.0270196472029296   0
0.293125030950105   -0.019717232967125   -0.005673681654635   0
0.302846102960315   0.0075254194968673   0.0097210720102105   0
0.323527671404302   0.292452666217033   0.0206815684439866   0
0.345017165179865   -0.119243003537233   0.0214894937755626   0
0.327496947020121   -0.148959953426044   -0.0175202181597435   0
0.328472371354883   -0.0170400073830096   0.000975424334761665   0
0.343963920843673   0.267682548072815   0.0154915494887902   0
0.353126918729654   -0.0877058132472721   0.00916299788598146   0
0.332655822147682   -0.169592594807394   -0.0204710965819728   0
0.336510941391955   -0.0239211896161179   0.00385511924427367   0
0.347295675381583   0.0929452255252391   0.0107847339896279   0
0.40264429080063   0.315843487576885   0.0553486154190467   0
0.33862411377588   -0.291734435119785   -0.0640201770247501   0
0.341405255813747   -0.0929176687220802   0.00278114203786717   0
0.349989768923679   -0.0106631576383274   0.00858451310993169   0
0.361100744593874   0.0116645082288785   0.011110975670195   0
0.396915622072878   0.2304143065675   0.0358148774790046   0
0.417076487442651   -0.0568678714292742   0.020160865369773   0
0.401406282193303   -0.150403046580772   -0.0156702052493478   0
0.391347529343805   -0.0179243816158173   -0.0100587528494989   0
0.415937065707662   0.179600100219484   0.0245895363638575   0
0.452111883902646   0.0744156683809798   0.0361748181949842   0
0.419826026205201   -0.216285543574107   -0.0322858576974455   0
0.420809377800091   -0.0193012042414177   0.000983351594890436   0
0.445863249666588   0.155431944771539   0.0250538718664964   0
0.50607211247756   0.221950385268482   0.060208862810972   0
0.467080684146219   -0.314307874426948   -0.0389914283313408   0
0.467210598835525   -0.040624641458858   0.000129914689306065   0
0.504462069073087   0.152034079761371   0.0372514702375618   0
0.551426828895049   0.231959381535507   0.0469647598219624   0
0.48591496361632   -0.355409106286835   -0.065511865278729   0
0.491163635425608   -0.0143522448924689   0.00524867180928812   0
0.541433165417718   0.272918508479015   0.0502695299921097   0
0.576886249779148   0.0333607048095486   0.0354530843614304   0
0.50253579347744   -0.28960941800954   -0.0743504563017086   0
0.480892766664513   -0.0371640538942337   -0.0216430268129266   0
0.545455751948772   0.253081531927811   0.0645629852842584   0
0.55830413572286   0.0690588558364851   0.0128483837740886   0
0.499014368719729   -0.280440022958346   -0.0592897670031309   0
0.486983532098879   -0.0411771142938158   -0.0120308366208502   0
0.537076064572328   0.292640273299939   0.0500925324734495   0
0.535515782847247   -0.0115480173493374   -0.00156028172508138   0
0.478695193252711   -0.276357431642418   -0.0568205895945364   0
0.486512064357607   -0.0199717751010965   0.00781687110489598   0
0.497029216193575   0.266211839467293   0.0105171518359687   0
0.513920713375371   0.0181355773816682   0.0168914971817952   0
0.468633026941657   -0.258066344471686   -0.0452876864337134   0
0.46897214900594   -0.0128663990352991   0.00033912206428327   0
0.506254726168803   0.275484407202105   0.0372825771628629   0
0.490625959366451   -0.168824772190129   -0.0156287668023528   0
0.476814220927029   -0.120049073023312   -0.0138117384394211   0
0.482253383894038   0.020529369607785   0.00543916296700819   0
0.520233121315339   0.340504983102758   0.0379797374213011   0
0.482248320395986   -0.282651929236822   -0.0379848009193522   0
0.451877608107273   -0.101831950814158   -0.0303707122887137   0
0.472924533077425   0.0802526363098803   0.0210469249701518   0
0.507391877983132   0.305475887494914   0.0344673449057079   0
0.463827562356421   -0.356472504030196   -0.0435643156267111   0
0.474342444497116   -0.0136101859057415   0.0105148821406951   0
0.499332440114549   0.154815415213574   0.0249899956174328   0
0.54617197137669   0.262218416292633   0.0468395312621407   0
0.50326456658228   -0.390947125308417   -0.0429074047944102   0
0.49791442367188   -0.0120525833584739   -0.00535014291040026   0
0.521151762554345   0.288010343458223   0.0232373388824652   0
0.514601451051928   -0.0910948043882975   -0.00655031150241658   0
0.499632879850045   -0.186835361511772   -0.0149685712018827   0
0.499124376699085   -0.0241825659128611   -0.000508503150960515   0
0.540298913281111   0.308915862826108   0.0411745365820266   0
0.527109083447392   -0.0147956276428461   -0.0131898298337192   0
0.490713266311397   -0.263266296441265   -0.0363958171359953   0
0.499836105385055   0.0117326680260124   0.00912283907365824   0
0.563543330313206   0.414695456071447   0.0637072249281513   0
0.535639116030094   -0.32613430140332   -0.027904214283113   0
0.521891332697718   -0.106537508484892   -0.0137477833323757   0
0.540576682258401   0.0599202093097457   0.018685349560683   0
0.584466320611804   0.394291135295412   0.0438896383534031   0
0.55546842741082   -0.326961926053628   -0.0289978932009834   0
0.538186547109364   -0.108368835122288   -0.0172818803014562   0
0.549998812269172   0.0516114862581469   0.0118122651598077   0
0.610522664594444   0.410001426587041   0.0605238523252719   0
0.560902184416098   -0.325783376190816   -0.0496204801783463   0
0.534419361680506   -0.107245007839886   -0.0264828227355912   0
0.559393313770821   0.105933702903256   0.0249739520903144   0
0.606773008261739   0.334913005578826   0.0473796944909178   0
0.564706376605798   -0.369243674907439   -0.0420666316559402   0
0.557167337267046   -0.0681111579345439   -0.00753903933875266   0
0.587661435554095   0.136402906818773   0.0304940982870493   0
0.644320840197258   0.315415893409735   0.0566594046431624   0
0.588283492686349   -0.396790131030083   -0.0560373475109083   0
0.573601766160548   -0.0508772275138271   -0.0146817265258012   0
0.595737322465825   0.115137107919488   0.0221355563052765   0
0.641378748334594   0.326925807899782   0.0456414258687691   0
0.605341318072086   -0.350065952125171   -0.0360374302625081   0
0.584006656682524   -0.0738352362190595   -0.0213346613895613   0
0.594019293752737   0.0222765289343868   0.0100126370702124   0
0.656049023785189   0.325405834359265   0.0620297300324528   0
0.652369384624616   -0.0592749664288975   -0.00367963916057357   0
0.591779046862509   -0.247477424756556   -0.0605903377621065   0
0.601050282119766   -0.0304892479124968   0.00927123525725637   0
0.662233818578453   0.239485379076234   0.0611835364586877   0
0.67362280666724   0.0222958802161385   0.0113889880887866   0
0.626084299973055   -0.235575486135604   -0.0475385066941855   0
0.665785889946047   0.00813969209360427   0.0397015899729926   0
0.717402952081499   0.249110990374188   0.0516170621354523   0
0.7441782591263   0.130413775982127   0.0267753070448001   0
0.671474123579048   -0.335315560600794   -0.072704135547252   0
0.667184786421461   -0.0455705078558006   -0.00428933715758684   0
0.722839068567306   0.19951042693071   0.0556542821458449   0
0.795853462331006   0.184426893081829   0.0730143937637004   0
0.715190865939296   -0.349397745629394   -0.0806625963917101   0
0.696054228083021   -0.0285787620987035   -0.0191366378562751   0
0.749567308372637   0.196242438039976   0.0535130802896162   0
0.799368282499062   0.188676514937542   0.0498009741264248   0
0.721082407974636   -0.346594834588659   -0.0782858745244255   0
0.718641790981606   -0.0235350997063293   -0.00244061699303066   0
0.768059328090122   0.225488360115353   0.0494175371085165   0
0.767109946831124   0.0460403827133398   -0.000949381258998128   0
0.690688830341312   -0.273030105348931   -0.0764211164898118   0
0.704044810339867   0.03772587505089   0.0133559799985551   0
0.773226131168302   0.326060793173099   0.0691813208284343   0
0.766985207719321   -0.257957315433341   -0.00624092344898064   0
0.721270716543553   -0.0936982334004706   -0.0457144911757683   0
0.72240552884789   0.0138941635355649   0.00113481230433732   0
0.756591831229032   0.309719179892615   0.034186302381142   0
0.785057281949063   -0.166381441919845   0.0284654507200306   0
0.731192628185111   -0.143902690000802   -0.0538646537639516   0
0.755507874797642   0.0427331630210185   0.0243152466125313   0
0.798969203678872   0.294854144560051   0.0434613288812293   0
0.785750792672842   -0.19182292264852   -0.0132184110060294   0
0.742123982209173   -0.136937503066807   -0.0436268104636698   0
0.743858583566964   -0.0148932482922376   0.00173460135779158   0
0.779279810401566   0.193321210580047   0.0354212268346015   0
0.80261142538295   0.066272293629678   0.023331614981384   0
0.765066974524126   -0.219973835218083   -0.0375444508588235   0
0.752471949917404   -0.0587755317619038   -0.0125950246067222   0
0.769203253397468   0.144741899202424   0.0167313034800646   0
0.808617205040339   0.223107471214047   0.0394139516428708   0
0.808956601527239   -0.249788721159293   0.000339396486899735   0
0.739188494755566   -0.0863205850530954   -0.0697681067716724   0
0.768880934749328   0.00522720250597059   0.0296924399937613   0
0.797741070303516   0.24558394905649   0.0288601355541888   0
0.809297181823216   -0.00727206446084661   0.0115561115196998   0
0.743313703797058   -0.231862989521125   -0.0659834780261587   0
0.72571862035468   -0.051944266943297   -0.0175950834423778   0
0.766183936018304   0.141673611322376   0.0404653156636238   0
0.726343683991435   0.249515546812348   -0.0398402520268684   0
0.712297426413293   -0.320930715584015   -0.0140462575781427   0
0.700558388239874   -0.0733131345635665   -0.0117390381734186   0
0.724204251614315   0.124093204094405   0.0236458633744411   0
0.758919520257254   0.243384303009233   0.0347152686429385   0
0.723822234012952   -0.327124747542351   -0.0350972862443019   0
0.719645498825116   -0.0389919086678907   -0.00417673518783568   0
0.738359872979464   0.0731084783053375   0.0187143741543478   0
0.791790024418722   0.312877754080536   0.053430151439258   0
0.758526467533269   -0.274796578119376   -0.0332635568854524   0
0.744113304423123   -0.0825713586733763   -0.0144131631101461   0
0.747028348718608   0.0657797262644406   0.00291504429548439   0
0.779939620043917   0.302268817238906   0.0329112713253096   0
0.769492447069495   -0.287328056590937   -0.0104471729744221   0
0.738152254862945   -0.0858280290581642   -0.0313401922065504   0
0.748286057928049   0.0133504951650071   0.0101338030651044   0
0.776516995487703   0.311798666289921   0.0282309375596542   0
0.796813071605882   -0.101415341993183   0.0202960761181782   0
0.740963482747294   -0.194807966574304   -0.0558495888585873   0
0.761580782046133   -0.0260877226988594   0.0206172992988389   0
0.790016877419242   0.0711156188249562   0.0284360953731091   0
0.825770305850846   0.3365956925866   0.0357534284316037   0
0.818477207156681   -0.286007788072397   -0.00729309869416539   0
0.765823687360381   -0.0772552074747255   -0.0526535197963002   0
0.815572491162496   0.145597044781245   0.0497488038021157   0
0.856869045486094   0.285810304153591   0.041296554323598   0
0.815941926270645   -0.369486649865859   -0.0409271192154496   0
0.785934142477918   -0.0498675823109037   -0.0300077837927268   0
0.836810210767053   0.164873712375066   0.0508760682891354   0
0.854958969135508   0.180627864543399   0.0181487583684544   0
0.819966607106198   -0.304655728562022   -0.0349923620293098   0
0.804273239987817   -0.026741947868058   -0.0156933671183813   0
0.861032771998981   0.171144915650546   0.0567595320111649   0
0.870510428762344   0.243067305616179   0.00947765676336254   0
0.832738513502288   -0.387123455176678   -0.0377719152600561   0
0.819700491292094   -0.0226879299137339   -0.013038022210194   0
0.852203899623793   0.14988814451579   0.0325034083316993   0
0.880108452575022   0.189325219638773   0.027904552951229   0
0.831036878915431   -0.313282527266864   -0.0490715736595915   0
0.834463349254028   -0.0249153478436307   0.00342647033859755   0
0.870986335255037   0.133809207916605   0.0365229860010089   0
0.888250259155746   0.281732081978628   0.017263923900709   0
0.864199308175637   -0.353182064718248   -0.0240509509801089   0
0.848980251529592   -0.02856723054585   -0.0152190566460448   0
0.884037188430724   0.0493770234090454   0.035056936901132   0
0.941946054120935   0.315482877111558   0.0579088656902109   0
0.945095531243932   -0.179606638526398   0.00314947712299685   0
0.916750176326817   -0.110832244019079   -0.0283453549171151   0
0.920507253825303   0.00288884971529269   0.00375707749848553   0
0.967406980727475   0.186683498645599   0.0468997269021729   0
0.970054035479467   0.120705720467596   0.0026470547519919   0
0.935365095343658   -0.268979084994194   -0.0346889401358096   0
0.93702230177595   -0.00278483665177109   0.00165720643229261   0
0.97124184402869   0.283385298562017   0.0342195422527395   0
0.993654193122034   -0.0841889892479247   0.0224123490933437   0
0.945983774956658   -0.174916106952409   -0.0476704181653751   0
0.949418889204075   -0.0124741444365526   0.00343511424741683   0
0.962241536259998   0.242460452356727   0.0128226470559223   0
0.962519852288253   -0.0580322252134233   0.000278316028255343   0
0.908459564269098   -0.213023407829004   -0.0540602880191544   0
0.87393937295916   -0.0414031208286488   -0.0345201913099383   0
0.931659658228798   0.187085377371741   0.0577202852696375   0
0.976584923770585   0.15345679994648   0.0449252655417878   0
0.913557296496093   -0.274875980511254   -0.0630276272744924   0
