0.121217720761127   0   0   0
0.118105937618193   0.0123150161829666   -0.00311178314293373   0
0.0739999463014821   0.0465220438679771   -0.044105991316711   0
0.0756663752885818   -0.0316273201845141   0.00166642898709973   0
0.0756518932327705   -0.0225238413429438   -1.4482055811324e-05   0
0.0327537031936757   0.0249939664362587   -0.0428981900390948   0
0.053436252153103   0.0100381481940795   0.0206825489594273   0
0.0712879631597614   -0.0221799285195819   0.0178517110066584   0
0.0264502601383526   0.0137402113883953   -0.0448377030214088   0
0.0484565429451547   0.0045753385780827   0.0220062828068021   0
0.073966788701501   -0.0789120225759749   0.0255102457563463   0
0.0506848206546595   0.0940422937407708   -0.0232819680468415   0
0.0672128279894917   -0.00904853605646766   0.0165280073348322   0
0.0630369609803645   -0.0160029154753663   -0.00417586700912717   0
0.0728993173800174   0.0126900400431799   0.00986235639965283   0
0.036354712638735   -0.0204052776194368   -0.0365446047412823   0
0.0187406651023656   0.0386286949285528   -0.0176140475363694   0
0.0377106916315188   -0.0332823589126077   0.0189700265291531   0
0.035362300997001   0.00101352119071624   -0.00234839063451775   0
0.020984816454463   0.0012798219599732   -0.0143774845425381   0
0.0334650797205087   -0.074398584620328   0.0124802632660457   0
0.0254142998586918   0.0811083747823028   -0.0080507798618169   0
0.0381275055951409   -0.064917808919653   0.0127132057364491   0
0.027803183492228   0.0452119450823997   -0.0103243221029129   0
0.0575176618006374   -0.0347315493430948   0.0297144783084094   0
0.0250156950041869   0.00939632064781538   -0.0325019667964505   0
0.0409178564715028   0.0183981017824781   0.0159021614673159   0
0.0504762924790936   -0.0280377238696195   0.00955843600759083   0
0.0392486709162135   0.0363409284443852   -0.0112276215628801   0
0.0635980314378912   0.00889888465544963   0.0243493605216777   0
0.0609201126399205   -0.0132539824284136   -0.00267791879797072   0
0.0440801708344296   0.0368623306992071   -0.0168399418054909   0
0.0730193458654933   -0.0103162814516048   0.0289391750310636   0
0.0661346387674419   0.0127139435733313   -0.0068847070980514   0
0.0716976124030509   0.0123687699685832   0.00556297363560908   0
0.0800315339255409   -0.0174074896853217   0.00833392152248991   0
0.0807198773454377   0.0201146189728568   0.000688343419896806   0
0.099798388187598   -0.0305459570753812   0.0190785108421603   0
0.0993779048305004   0.055087965707954   -0.000420483357097573   0
0.0899655308193782   -0.0651923086043566   -0.00941237401112219   0
0.0956611481241209   0.0140608250962479   0.00569561730474265   0
0.107020903396533   0.0479019931064998   0.0113597552724119   0
0.120349218292694   -0.0344206760392633   0.0133283148961612   0
0.12549554087872   -0.0273898367517396   0.00514632258602614   0
0.123682804237048   0.0384916103372381   -0.00181273664167184   0
0.142526147731083   -0.0355566607186378   0.0188433434940348   0
0.132065149649756   0.0262781027508023   -0.0104609980813268   0
0.145588546943158   0.0231138023226222   0.0135233972934014   0
0.143261165260112   -0.0415335670904956   -0.00232738168304603   0
0.154913539040008   0.0586772048786484   0.0116523737798962   0
0.17980912568193   -0.0402782233439529   0.024895586641922   0
0.164281370594021   -0.0107593312863004   -0.0155277550879089   0
0.163480131774751   0.0263807905678709   -0.000801238819269662   0
0.18013938351852   -0.0708743018614153   0.016659251743769   0
0.177370646791035   0.0714006157495888   -0.00276873672748543   0
0.189697193953798   -0.0725227665756649   0.0123265471627637   0
0.181965202622438   0.100431454395504   -0.00773199133136013   0
0.196214744253993   -0.0721858771766568   0.0142495416315551   0
0.179085103892793   0.0393720749395695   -0.0171296403612002   0
0.199247094448984   -0.0332496237021331   0.0201619905561913   0
0.193936624831296   0.0587065305706677   -0.00531046961768805   0
0.209564643449444   -0.0721626180692006   0.0156280186181474   0
0.200905443565997   0.0666718237365445   -0.00865919988344679   0
0.215286303657269   -0.0215995029742446   0.0143808600912724   0
0.20994891969394   -0.0160718631005975   -0.00533738396332928   0
0.214765713065779   0.0402433613561079   0.00481679337183888   0
0.225669899782348   -0.0431431323755384   0.010904186716569   0
0.229122001784862   0.0166419214530036   0.00345210200251439   0
0.244407784524803   -0.0181960953635781   0.0152857827399406   0
0.254639245844337   0.0653553644604413   0.0102314613195336   0
0.265107152790339   -0.106942509641188   0.0104679069460022   0
0.259473723163931   0.0781094165622656   -0.00563342962640739   0
0.267192844541751   -0.0640744706535572   0.00771912137781999   0
0.274903794183729   0.0345829896634636   0.0077109496419776   0
0.304236987672526   -0.0233232412852609   0.0293331934887967   0
0.308779256041533   0.0999166521960863   0.00454226836900723   0
0.323506362049114   -0.0437444871720327   0.0147271060075813   0
0.353869193409447   -0.00580185851318477   0.0303628313603327   0
0.352804463586418   0.00297206799594016   -0.00106472982302908   0
0.376933899548797   -0.0634382986388493   0.024129435962379   0
0.375197681355792   0.00900120605764415   -0.00173621819300473   0
0.371507372214997   0.0452775015312017   -0.00369030914079477   0
0.37079324072831   -0.0721238932323962   -0.000714131486687197   0
0.360725694437688   0.0819108079722538   -0.0100675462906217   0
0.376952043145133   -0.0638116862385827   0.0162263487074444   0
0.384295242169419   0.0375524471483057   0.00734319902428648   0
0.431547452195367   0.0204471063265382   0.0472522100259476   0
0.450411142727797   -0.0276615695251678   0.0188636905324301   0
0.462648992550735   0.0378456615603766   0.012237849822938   0
0.466385314556001   -0.0804017530897561   0.00373632200526597   0
0.463051160029364   0.135375967718038   -0.00333415452663666   0
0.477750794563811   -0.101786541453952   0.0146996345344463   0
0.460805623283289   0.078191051055321   -0.0169451712805221   0
0.485898416429919   -0.0468958656911725   0.02509279314663   0
0.501442506180023   -0.00762436804183905   0.0155440897501045   0
0.501192316406646   0.036739401451995   -0.000250189773376652   0
0.503150742659009   -0.05605083664707   0.00195842625236309   0
0.492172758654014   0.0859653371798376   -0.0109779840049953   0
0.510230759226656   -0.101449940709085   0.018058000572642   0
0.499062484486635   0.0822905899440242   -0.0111682747400214   0
0.501052870580541   -0.0944220390254298   0.00199038609390584   0
0.521975081070747   0.0564288529792362   0.020922210490206   0
0.524252928525795   -0.0786073473869738   0.00227784745504844   0
0.528634809586694   0.126163793939971   0.00438188106089865   0
0.529396187468563   -0.0952661277400926   0.000761377881869474   0
0.536518109498619   0.078616801320688   0.00712192203005624   0
0.555278838687206   -0.0672221691453865   0.0187607291885868   0
0.572080271113156   -0.00539091150279131   0.01680143242595   0
0.55412580319813   0.0469003641288475   -0.0179544679150265   0
0.573179266009224   -0.0807302034093587   0.0190534628110941   0
0.551209557403282   0.107502399956557   -0.0219697086059416   0
0.577251449343761   -0.0921573181072322   0.0260418919404786   0
0.565296393168515   0.105525405673642   -0.0119550561752456   0
0.561054504171787   -0.121218123492073   -0.00424188899672795   0
0.567014657684731   0.103377346932442   0.00596015351294366   0
0.566421943972965   -0.0853709114386247   -0.000592713711766057   0
0.541137969006955   0.0636183710082949   -0.0252839749660095   0
0.53734250342656   0.0101441078204662   -0.00379546558039556   0
0.534010079191978   -0.042823240398423   -0.00333242423458191   0
0.571778092635353   0.0881382762750348   0.0377680134433753   0
0.570295534558364   -0.136965987562869   -0.00148255807698938   0
0.570468159406871   0.119543299967515   0.000172624848506775   0
0.583289394755296   -0.0578034247273928   0.0128212353484257   0
0.581520549439141   0.0276613686156076   -0.00176884531615562   0
0.593231490420266   0.0496502893736353   0.0117109409811251   0
0.623632275307532   -0.0808792161508782   0.0304007848872666   0
0.611152457047726   0.0789062783917967   -0.0124798182598064   0
0.635140615737405   -0.036757767416092   0.023988158689679   0
0.627509949402018   -0.0221492113325127   -0.00763066633538745   0
0.651120727483086   0.0743746316274762   0.0236107780810682   0
0.685039327751546   -0.104305604659535   0.0339186002684604   0
0.676121381670377   0.0997163436162821   -0.00891794608116891   0
0.693682420654778   -0.0357312365017933   0.0175610389844009   0
0.689629284523071   -0.0423367218127925   -0.0040531361317071   0
0.692013310814243   0.074198030045037   0.0023840262911724   0
0.710653721309417   -0.0872728026751287   0.0186404104951735   0
0.710557511321021   0.121008111217754   -9.6209988396323e-05   0
0.722810153474161   -0.0927451499957851   0.0122526421531404   0
0.715136568552086   0.0400255787824871   -0.00767358492207482   0
0.715677243387061   -0.00508986525729008   0.000540674834974886   0
0.698179330031735   -0.0742657694582197   -0.0174979133553258   0
0.68332222518473   -0.0165764978053681   -0.0148571048470056   0
0.704627777402722   0.148978271503986   0.0213055522179925   0
0.697089655498453   -0.120953343742952   -0.00753812190426861   0
0.688955021698442   0.111000127469024   -0.00813463380001178   0
0.716560005382948   -0.115742055621324   0.027604983684506   0
0.725797455570423   0.0829531849682533   0.00923745018747502   0
0.723842861492161   -0.0170271589846048   -0.00195459407826126   0
0.710142633685128   -0.0521723360215263   -0.0137002278070333   0
0.731555247223559   0.108134651248642   0.0214126135384309   0
0.750893716071782   -0.115264347033   0.019338468848223   0
0.742564963264126   0.115016666610291   -0.0083287528076561   0
0.758127208159325   -0.0994617837592078   0.015562244895199   0
0.760124571300818   0.0752079858858173   0.00199736314149312   0
0.761703596295877   -0.0478432564942509   0.00157902499505913   0
0.751796958870919   -0.0139931776906596   -0.00990663742495812   0
0.798774824305982   0.0741531635641237   0.046977865435063   0
0.798051522678863   -0.0921170644273702   -0.000723301627118533   0
0.789912365157694   0.115582778020483   -0.00813915752116945   0
0.790060093909332   -0.10634017043154   0.000147728751638043   0
0.803484711801973   0.0531927423306225   0.0134246178926412   0
0.80209925306816   0.00906023426006114   -0.00138545873381346   0
0.815915596534257   -0.0630683974071101   0.0138163434660973   0
0.801955063155571   0.0793692810933826   -0.0139605333786864   0
0.822363581116943   -0.10985291737501   0.0204085179613721   0
0.816258475535819   0.0848442234613004   -0.00610510558112343   0
0.810060767818237   -0.02712977984356   -0.00619770771758188   0
0.813876633322749   -0.00367230195718521   0.00381586550451152   0
0.79677847895604   0.072148192804611   -0.0170981543667093   0
0.796934150849749   -0.10464454458751   0.00015567189370902   0
0.797246041213909   0.107981193490175   0.000311890364160461   0
0.800031500348863   -0.0719602283275548   0.00278545913495354   0
0.789985520331898   0.0639030328457897   -0.0100459800169646   0
0.832283682701547   0.0592613197671905   0.0422981623696492   0
0.867070840981987   -0.0891353597700804   0.0347871582804393   0
0.872114816469999   0.0704033767857937   0.00504397548801205   0
0.877530531492215   -0.0400181336502853   0.00541571502221649   0
0.856004317656203   -0.0428464463888985   -0.0215262138360121   0
0.856705878844951   0.0814363965264051   0.000701561188747646   0
0.865243543217517   -0.0911870985002416   0.00853766437256587   0
0.84800794864276   0.101261148954227   -0.0172355945747564   0
0.863046364739208   -0.0538589680752455   0.0150384160964481   0
0.853217327924751   0.0155186669979904   -0.00982903681445713   0
0.874301363421909   0.00691414444289329   0.0210840354971582   0
0.856633816520696   -0.0205362694090475   -0.0176675469012139   0
0.855362757345029   0.0195970268744238   -0.00127105917566706   0
0.823522057754723   -0.0398230547480483   -0.031840699590306   0
0.836266166595793   0.0679562251001457   0.0127441088410705   0
0.839606636952067   -0.10289093254931   0.00334047035627394   0
0.846657463381478   0.0946809551340012   0.00705082642941146   0
0.84614252231558   -0.115998434741538   -0.000514941065898222   0
0.86147438813017   0.128489501343295   0.0153318658145896   0
0.858146564948791   -0.102526202726648   -0.00332782318137892   0
0.857167877501333   0.107048109929013   -0.000978687447457771   0
0.860396980498101   -0.123661531409006   0.00322910299676815   0
0.869611046566752   0.102696619675202   0.00921406606865116   0
0.878160514715034   -0.052168694282712   0.00854946814828117   0
0.894035661772331   -0.0376041423384786   0.0158751470572975   0
0.880517619694126   0.0680566162594203   -0.0135180420782048   0
0.880490680586166   -0.127883828862291   -2.69391079600334e-05   0
0.879245501359097   0.126577653324071   -0.00124517922706935   0
0.885751879209612   -0.104775742560361   0.00650637785051544   0
0.860061128097418   0.129574253163902   -0.0256907511121947   0
0.866455513791939   -0.0986043130952632   0.00639438569452111   0
0.856114170809275   0.0662151446280678   -0.0103413429826638   0
0.849260787175889   -0.0347335574024701   -0.00685338363338639   0
0.868497770537192   0.0383175191207223   0.0192369833613032   0
0.849036949528701   0.0178778023432785   -0.0194608210084908   0
0.835279201012992   -0.0827875986505308   -0.0137577485157089   0
0.841998347964563   0.125189596096576   0.0067191469515705   0
0.865150905706255   -0.110170531355288   0.0231525577416919   0
0.85250195418924   0.051036661176207   -0.012648951517015   0
0.864969893626543   0.0190788480360268   0.0124679394373031   0
0.851672152640793   -0.0398502716520059   -0.0132977409857495   0
0.877740128368757   0.0719090860527631   0.0260679757279639   0
0.865205733833753   -0.00787526954015327   -0.0125343945350044   0
0.854798402243946   -0.0544967850785167   -0.0104073315898067   0
0.875940679830816   0.0722024396645424   0.0211422775868702   0
0.878874017708239   0.00755501362176692   0.00293333787742289   0
0.888987780917557   -0.108935736939414   0.0101137632093179   0
0.882405783618903   0.11614262462636   -0.00658199729865394   0
0.869860075386067   -0.125281818182817   -0.0125457082328356   0
0.859962744846606   0.10716628113764   -0.00989733053946162   0
0.860709535079052   -0.0484671405805018   0.000746790232446171   0
0.867925176504841   -0.000857176455303366   0.00721564142578945   0
0.868876864468499   0.0479974280584882   0.000951687963657633   0
0.861862311412798   -0.127985751469934   -0.00701455305570142   0
0.877180033208014   0.123678769702158   0.0153177217952166   0
0.853946765961071   -0.130683779441032   -0.0232332672469432   0
0.848737227878499   0.145512149960845   -0.00520953808257152   0
0.821723023569318   -0.117216032072471   -0.0270142043091811   0
0.843246870107705   0.0886874965170934   0.0215238465383862   0
0.842816898358061   -0.0941810255812042   -0.000429971749643321   0
0.798530470854471   0.086148705598937   -0.0442864275035907   0
0.800274588928089   -0.0169129949025888   0.00174411807361874   0
0.784789383800017   0.0054211715310768   -0.0154852051280725   0
0.79335055077341   0.0514994000162417   0.00856116697339271   0
0.754434201681823   -0.0395340731693702   -0.0389163490915863   0
0.762057311183017   0.0132892398360537   0.00762310950119405   0
0.780809304689194   0.0200838111905034   0.0187519935061767   0
0.763386217821452   -0.0850428499688162   -0.0174230868677416   0
0.773940482514864   0.0944378465700498   0.0105542646934113   0
0.760921382302837   -0.0583117384133583   -0.0130191002120268   0
0.744181274302251   0.0363091960919038   -0.0167401080005856   0
0.776884969684781   0.0694379669184543   0.0327036953825295   0
0.783290234376187   -0.135571436239727   0.00640526469140656   0
0.788779586721673   0.141604840858356   0.0054893523454852   0
0.772050286100829   -0.138622543797467   -0.0167293006208434   0
0.781081160833861   0.0947605766915046   0.0090308747330321   0
0.762317354505911   -0.0599891916178691   -0.0187638063279507   0
0.762133247517862   -0.00616723189225798   -0.000184106988048605   0
0.769173152991817   0.0235887682899903   0.00703990547395461   0
0.762348956903184   -0.0722718504837612   -0.00682419608863283   0
0.782184003431731   0.125984237413617   0.0198350465285473   0
0.774380597295832   -0.12485975073881   -0.0078034061358988   0
0.767750389591156   0.0660601939369644   -0.00663020770467571   0
0.766292308426342   -0.0867820445112246   -0.00145808116481427   0
0.75623038491413   0.112403684351465   -0.0100619235122127   0
0.796188851242827   -0.0853815446335783   0.0399584663286972   0
0.790762001176397   0.0761704409705207   -0.00542685006642984   0
