0.174077055825057   0.0881731232644093   0   0   0
0.152652808297293   0.0782079988728775   -0.0214242475277643   -0.0099651243915319   0
0.221694957750599   0.0990973385999866   0.0690421494533066   0.0208893397271092   0
0.141481302829066   0.0423551510780271   -0.0802136549215329   -0.0567421875219595   0
0.107438529514974   0.064449016351299   -0.0340427733140921   0.0220938652732719   0
0.112197220592535   0.0678987457273881   0.0047586910775609   0.0034497293760891   0
0.114815678988281   0.031594456092035   0.00261845839574584   -0.0363042896353531   0
0.12872160933604   0.0602512565592619   0.0139059303477586   0.0286568004672269   0
0.117543832432246   0.0622078705531905   -0.0111777769037933   0.00195661399392856   0
0.0887269538619466   0.0660063992862813   -0.0288168785702997   0.00379852873309088   0
0.132169473938463   0.0637754417606809   0.0434425200765162   -0.00223095752560043   0
0.121212941504651   0.0631940528239209   -0.0109565324338116   -0.000581388936760033   0
0.12699764400732   0.0636756672742422   0.0057847025026689   0.000481614450321341   0
0.225681408733108   0.0997007798394902   0.0986837647257876   0.036025112565248   0
0.123611504432799   0.0411282570574356   -0.102069904300308   -0.0585725227820546   0
0.127582374376322   0.0663566292786373   0.0039708699435226   0.0252283722212017   0
0.125609462004779   0.0727028510871651   -0.00197291237154312   0.00634622180852781   0
0.103631645114704   0.0613457129952821   -0.0219778168900747   -0.011357138091883   0
0.116989409170574   0.0422741777111185   0.0133577640558699   -0.0190715352841636   0
0.0841700783729586   0.0412839137221751   -0.0328193307976154   -0.000990263988943335   0
0.0632667343436501   0.0405377408740216   -0.0209033440293085   -0.000746172848153488   0
0.0713163874829622   0.0238601819654781   0.00804965313931201   -0.0166775589085436   0
0.0849689524140436   0.034264086138133   0.0136525649310814   0.010403904172655   0
0.119282754227298   0.0407834961040664   0.0343138018132545   0.00651940996593336   0
0.0868570121128974   0.0433746848431087   -0.0324257421144007   0.00259118873904226   0
0.0744112456620637   0.0402996206527186   -0.0124457664508336   -0.00307506419039003   0
0.0871763417266405   0.041685159556274   0.0127650960645768   0.00138553890355542   0
0.137935539727258   0.0589428008958645   0.0507591980006176   0.0172576413395905   0
0.121021313127447   0.0131368798281032   -0.016914226599811   -0.0458059210677613   0
0.096226449613243   0.0312481119408713   -0.0247948635142041   0.0181112321127681   0
0.118946627780068   0.0105920301158939   0.0227201781668248   -0.0206560818249774   0
0.0825379952432212   0.0392865585441385   -0.0364086325368466   0.0286945284282446   0
0.142968278174895   0.04308974439296   0.0604302829316736   0.00380318584882142   0
0.17253813784066   0.0637975549010189   0.0295698596657649   0.020707810508059   0
0.141510364968966   0.0550821494391516   -0.0310277728716936   -0.00871540546186736   0
0.141274583776494   0.0502617091829558   -0.000235781192472223   -0.00482044025619575   0
0.138846334483702   0.0494390509504079   -0.00242824929279212   -0.000822658232547957   0
0.143136374084158   0.0496611880134731   0.00429003960045612   0.000222137063065238   0
0.139517343572511   0.0550779916756187   -0.00361903051164722   0.00541680366214563   0
0.147059940850049   0.0435764439820415   0.00754259727753859   -0.0115015476935772   0
0.176518290742234   0.0781483266315409   0.0294583498921851   0.0345718826494994   0
0.143874065523082   0.0680891824793043   -0.0326442252191527   -0.0100591441522366   0
0.196387494625422   0.0635293426136264   0.0525134291023399   -0.00455983986567791   0
0.211458602569203   0.0812870988245953   0.0150711079437811   0.0177577562109689   0
0.195745655542211   0.0643298289975928   -0.0157129470269914   -0.0169572698270025   0
0.180122375436951   0.069026067477729   -0.01562328010526   0.00469623848013626   0
0.215264496287103   0.0784389347122781   0.0351421208501514   0.00941286723454909   0
0.157181210117495   0.0661005779325151   -0.0580832861696079   -0.012338356779763   0
0.242915551484544   0.0891936652454619   0.0857343413670491   0.0230930873129468   0
0.161976781573293   0.0590756733738389   -0.0809387699112503   -0.030117991871623   0
0.266908195348906   0.0979542342826741   0.104931413775613   0.0388785609088352   0
0.203206070774399   0.0599085568284281   -0.0637021245745076   -0.038045677454246   0
0.174017042218428   0.0627563666152885   -0.0291890285559713   0.00284780978686042   0
0.182702933593853   0.07443909620255   0.00868589137542586   0.0116827295872615   0
0.230605936890293   0.0861464349123775   0.04790300329644   0.0117073387098275   0
0.232408797289819   0.102008774900716   0.00180286039952526   0.0158623399883387   0
0.254458760280895   0.121489899765546   0.0220499629910764   0.0194811248648301   0
0.253193651216238   0.119356849124883   -0.00126510906465704   -0.0021330506406637   0
0.193378548427637   0.0962190498890163   -0.0598151027886009   -0.0231377992358664   0
0.184993958070554   0.0956966203891235   -0.00838459035708281   -0.000522429499892785   0
0.183070825030779   0.0855394663398861   -0.00192313303977554   -0.0101571540492374   0
0.177108217890362   0.0754182948067808   -0.00596260714041658   -0.0101211715331053   0
0.178836153629628   0.102172604898084   0.00172793573926608   0.0267543100913033   0
0.170712121595422   0.0856995537890951   -0.00812403203420672   -0.016473051108989   0
0.216430892979745   0.0948277209431003   0.0457187713843239   0.00912816715400522   0
0.230118038526774   0.115834914265864   0.0136871455470289   0.0210071933227634   0
0.174805062474546   0.0948295708526618   -0.0553129760522282   -0.0210053434132019   0
0.216091572008929   0.111366113727426   0.0412865095343825   0.0165365428747643   0
0.30365228104727   0.167141379297924   0.087560709038341   0.0557752655704979   0
0.244184363540133   0.128358736253868   -0.0594679175071363   -0.0387826430440562   0
0.285768799077891   0.130071102733044   0.0415844355377576   0.00171236647917586   0
0.271465293636019   0.134923921653325   -0.014303505441872   0.00485281892028105   0
0.281314357395743   0.156910890735793   0.00984906375972439   0.0219869690824683   0
0.288805372712645   0.159406673625009   0.00749101531690199   0.00249578288921551   0
0.341013725007792   0.195365286539523   0.0522083522951467   0.0359586129145146   0
0.332956783246496   0.189381009358152   -0.00805694176129557   -0.00598427718137104   0
0.3244080193121   0.184942623779336   -0.00854876393439624   -0.00443838557881621   0
0.343911895773845   0.195183290771124   0.0195038764617448   0.0102406669917877   0
0.386929388196477   0.214004370423421   0.043017492422632   0.0188210796522978   0
0.321368717194596   0.199186895045018   -0.0655606710018813   -0.0148174753784035   0
0.297685043401579   0.182314475554445   -0.0236836737930166   -0.0168724194905724   0
0.352454919720579   0.21536953361323   0.0547698763190003   0.0330550580587841   0
0.335538751552202   0.227559841898922   -0.0169161681683778   0.0121903082856927   0
0.296673552607188   0.201089287134298   -0.0388651989450134   -0.0264705547646246   0
0.367928072582129   0.219789183152999   0.0712545199749404   0.0186998960187013   0
0.314936969896533   0.209834168029971   -0.0529911026855951   -0.00995501512302818   0
0.335031726414693   0.206799541835723   0.02009475651816   -0.00303462619424763   0
0.387235282949527   0.224725880531738   0.0522035565348333   0.0179263386960149   0
0.42327462811612   0.242366231008004   0.0360393451665937   0.0176403504762657   0
0.398535807278317   0.229884978280797   -0.0247388208378032   -0.0124812527272067   0
0.415529485182652   0.223658693016418   0.016993677904335   -0.00622628526437852   0
0.419666137319942   0.237107976800766   0.00413665213728925   0.0134492837843474   0
0.422227024207274   0.254442627559878   0.00256088688733258   0.0173346507591126   0
0.480806676657313   0.274042734020303   0.0585796524500389   0.0196001064604245   0
0.455341006041362   0.271764436260146   -0.0254656706159507   -0.00227829776015681   0
0.479441841965227   0.276272329831391   0.0241008359238651   0.00450789357124515   0
0.47534534988284   0.274722647080874   -0.00409649208238699   -0.00154968275051715   0
0.460277638095661   0.252562862067209   -0.0150677117871797   -0.0221597850136652   0
0.448476307944422   0.249928637644649   -0.0118013301512388   -0.00263422442256039   0
0.467406458241647   0.26251928111225   0.0189301502972246   0.0125906434676014   0
0.49560977534403   0.266760511156477   0.0282033171023836   0.00424123004422733   0
0.493019775428491   0.247695957441704   -0.00258999991553877   -0.0190645537147732   0
0.520411347704304   0.284096884210924   0.0273915722758127   0.0364009267692197   0
0.472886512262689   0.251640086139098   -0.0475248354416153   -0.0324567980718261   0
0.548477035155858   0.307117938816076   0.0755905228931691   0.0554778526769783   0
0.410932314616276   0.248284224510565   -0.137544720539582   -0.0588337143055113   0
0.440750926353127   0.260648695203779   0.0298186117368515   0.0123644706932148   0
0.357181105174126   0.216277705575055   -0.0835698211790015   -0.0443709896287249   0
0.351112031677483   0.227610337861162   -0.00606907349664265   0.0113326322861078   0
0.369421826684131   0.214303088432137   0.0183097950066476   -0.013307249429025   0
0.416007418287222   0.243367682057848   0.0465855916030916   0.029064593625711   0
0.378191320774036   0.226862737513684   -0.0378160975131862   -0.0165049445441649   0
0.381196662275904   0.219948142063646   0.00300534150186821   -0.00691459545003709   0
0.413775742083813   0.241450402726129   0.0325790798079084   0.0215022606624828   0
0.436819338587945   0.230790775898666   0.0230435965041325   -0.010659626827463   0
0.478774695637196   0.275948950525565   0.0419553570492511   0.045158174626899   0
0.379786938497179   0.244537642160581   -0.0989877571400174   -0.0314113083649846   0
0.441539126268794   0.278203016615165   0.061752187771615   0.0336653744545848   0
0.38155193528301   0.234743001049999   -0.0599871909857843   -0.0434600155651661   0
0.378399226821105   0.248187918709795   -0.0031527084619048   0.013444917659796   0
0.419652685614616   0.288873746664421   0.0412534587935114   0.0406858279546255   0
0.427935271072402   0.309240199123998   0.00828258545778543   0.0203664524595773   0
0.421550802772335   0.306796403282132   -0.00638446830006689   -0.00244379584186621   0
0.44853591051442   0.313205243394607   0.0269851077420854   0.006408840112475   0
0.472144150678328   0.311845797203049   0.0236082401639081   -0.0013594461915582   0
0.483569832402777   0.320437773760999   0.0114256817244489   0.00859197655795002   0
0.468918185885342   0.306693597888874   -0.0146516465174354   -0.0137441758721245   0
0.489478972251107   0.336160854516316   0.0205607863657652   0.0294672566274421   0
0.522256694504723   0.361135935690112   0.0327777222536164   0.0249750811737954   0
0.546676855224364   0.368377268356246   0.0244201607196403   0.00724133266613475   0
0.468967509435355   0.311438717771575   -0.0777093457890085   -0.0569385505846718   0
0.475173079368992   0.315477502384485   0.00620556993363641   0.00403878461291007   0
0.474871495175274   0.307523560465609   -0.000301584193717896   -0.00795394191887577   0
0.494626566803574   0.330085997131312   0.0197550716282998   0.022562436665703   0
0.496236274112443   0.345918276260814   0.00160970730886989   0.0158322791295016   0
0.523754550107204   0.360955784713339   0.027518275994761   0.0150375084525257   0
0.549966006791329   0.368983830250477   0.0262114566841245   0.00802804553713732   0
0.468726240245882   0.332130252815161   -0.0812397665454472   -0.0368535774353159   0
0.484414206861236   0.356384271689356   0.0156879666153539   0.0242540188741951   0
0.504281398801066   0.364721956580177   0.0198671919398308   0.00833768489082126   0
0.491121828612779   0.362844970090933   -0.0131595701882872   -0.001876986489244   0
0.466178415512559   0.344984943533138   -0.0249434131002203   -0.0178600265577948   0
0.505368513431488   0.364407373768318   0.0391900979189292   0.0194224302351797   0
0.516363008664447   0.36114165297944   0.0109944952329593   -0.00326572078887749   0
0.545942066243196   0.384201184582375   0.0295790575787485   0.0230595316029343   0
0.512909249302096   0.38809206237486   -0.0330328169410994   0.00389087779248554   0
0.55245915262307   0.396082223053184   0.0395499033209732   0.00799016067832414   0
0.603934156950077   0.428908764156784   0.0514750043270072   0.0328265411035999   0
0.467856803512314   0.373131630284825   -0.136077353437763   -0.0557771338719598   0
0.564579369811048   0.428118970823755   0.0967225662987339   0.0549873405389303   0
0.535981032140663   0.401420675557716   -0.0285983376703853   -0.0266982952660387   0
0.502645904437836   0.398262099000219   -0.0333351277028268   -0.00315857655749746   0
0.545393659915808   0.408395383805939   0.0427477554779722   0.0101332848057201   0
0.590205758152663   0.433329090694024   0.0448120982368553   0.0249337068880857   0
0.535081500248336   0.410569840978316   -0.0551242579043273   -0.022759249715708   0
0.515374837062307   0.402139692939481   -0.0197066631860287   -0.00843014803883546   0
0.611433670645876   0.435569290470483   0.0960588335835689   0.0334295975310022   0
0.482889684199652   0.371320476771204   -0.128543986446224   -0.0642488136992793   0
0.515530591618005   0.398544842796529   0.0326409074183523   0.0272243660253251   0
0.507554308606764   0.393917083369978   -0.00797628301124098   -0.00462775942655125   0
0.512826408249189   0.400260610773731   0.00527209964242559   0.0063435274037531   0
0.467064220662737   0.376379355057447   -0.0457621875864522   -0.0238812557162834   0
0.502895996461903   0.396523040457449   0.0358317757991655   0.0201436854000021   0
0.491921852826249   0.392177473436265   -0.0109741436356535   -0.00434556702118422   0
0.476853282404358   0.396098157654817   -0.0150685704218915   0.00392068421855146   0
0.531267813714514   0.429498338097705   0.0544145313101568   0.0334001804428887   0
0.433330382997558   0.38866011316529   -0.0979374307169569   -0.0408382249324155   0
0.502231816639976   0.415478779483935   0.0689014336424179   0.0268186663186445   0
0.504495377694425   0.417633713678278   0.00226356105444903   0.00215493419434365   0
0.488336511991895   0.408833275711233   -0.0161588657025298   -0.00880043796704494   0
0.504692244414435   0.422119179261097   0.0163557324225405   0.0132859035498641   0
0.526755500040825   0.438232881791132   0.0220632556263902   0.0161137025300343   0
0.502558893828902   0.427011698384201   -0.0241966062119231   -0.0112211834069305   0
0.54703373128011   0.449591576094454   0.0444748374512079   0.0225798777102526   0
0.52985421559629   0.435785665318067   -0.0171795156838201   -0.0138059107763871   0
0.524506607776642   0.430705626317686   -0.00534760781964838   -0.00508003900038079   0
0.534118719680644   0.43530046794951   0.00961211190400191   0.00459484163182422   0
0.504634784204666   0.42129828178318   -0.0294839354759775   -0.0140021861663298   0
0.520673240408272   0.422073313072862   0.0160384562036057   0.000775031289681982   0
0.533480121430743   0.454457759545054   0.0128068810224709   0.0323844464721915   0
0.543879376440438   0.502526249972039   0.0103992550096955   0.0480684904269849   0
0.546046183457956   0.4633575802865   0.00216680701751792   -0.0391686696855391   0
0.585721976074357   0.48264328448007   0.0396757926164012   0.0192857041935706   0
0.555234155178957   0.476874966437388   -0.0304878208954006   -0.00576831804268219   0
0.506058930322365   0.455628594386909   -0.0491752248565918   -0.0212463720504795   0
