0.63000311553586   0.0719908658488179   0   0   0
0.285200831283676   0.0490930438825349   -0.344802284252184   -0.022897821966283   0
0.210708566799288   0.0672567342991391   -0.0744922644843884   0.0181636904166042   0
0.206993967976799   0.0636750531035703   -0.0037145988224892   -0.00358168119556881   0
0.233540355910429   0.0767508138323731   0.0265463879336305   0.0130757607288028   0
0.343684491963865   0.0742274436846811   0.110144136053436   -0.00252337014769205   0
0.0819042498100068   0.187777614221111   -0.261780242153858   0.11355017053643   0
0.075041394505766   0.226671083066831   -0.00686285530424084   0.0388934688457193   0
0.241553665183971   0.150491925652707   0.166512270678205   -0.0761791574141232   0
0.377681816143867   0.144920732982509   0.136128150959896   -0.00557119267019818   0
0.463744321196088   0.13919911836302   0.0860625050522203   -0.005721614619489   0
0.351343429304434   0.11550065789896   -0.112400891891653   -0.0236984604640606   0
0.173287453233637   0.0806932273766671   -0.178055976070797   -0.0348074305222925   0
0.23031132019649   0.630367496093041   0.0570238669628525   0.549674268716374   1
0.280069010270612   0.532119809513093   0.049757690074122   -0.0982476865799482   0
0.204197601754502   0.395072579959648   -0.0758714085161102   -0.137047229553445   0
0.154465555876901   0.284639816987627   -0.0497320458776006   -0.110432762972021   0
0.0687009498264762   0.23693699215245   -0.0857646060504247   -0.0477028248351777   0
0.246697767140443   0.13450424890036   0.177996817313966   -0.10243274325209   0
0.233108007145379   0.113188707666942   -0.0135897599950637   -0.0213155412334178   0
0.135613206037908   0.0551059375786539   -0.0974948011074712   -0.0580827700882883   0
0.153261502374112   0.171525713307255   0.0176482963362045   0.116419775728601   0
0.273334782307997   0.0744642445393982   0.120073279933885   -0.0970614687678564   1
0.44641227174899   0.0893758898884347   0.173077489440994   0.0149116453490365   0
0.458828894342739   0.0990031025488066   0.0124166225937483   0.00962721266037196   0
0.35489085292074   0.0947269673548668   -0.103938041421999   -0.00427613519393984   0
0.272447381498079   0.113929100928615   -0.0824434714226602   0.019202133573748   0
0.0949784499612412   0.196807026798653   -0.177468931536838   0.082877925870038   0
0.223903506264328   0.221930994970081   0.128925056303087   0.025123968171428   0
0.234591152658492   0.221502866126293   0.0106876463941641   -0.000428128843787734   0
0.121904800468973   0.251224108608728   -0.11268635218952   0.029721242482435   0
0.136175818651037   0.26773401336261   0.014271018182064   0.0165099047538815   0
0.150648905071925   0.285573908839126   0.0144730864208888   0.0178398954765169   0
0.112738695747334   0.336634385479633   -0.0379102093245911   0.0510604766405063   0
0.227877343774782   0.394149520325092   0.115138648027447   0.057515134845459   0
0.393898741308487   0.40007342157679   0.166021397533705   0.00592390125169839   0
0.418611715933764   0.115993515406477   0.0247129746252771   -0.284079906170314   0
0.45383420817391   0.150627044345197   0.0352224922401465   0.0346335289387207   0
0.308815838334192   0.138199573336669   -0.145018369839718   -0.0124274710085287   0
0.260000553521815   0.210830766665613   -0.0488152848123776   0.0726311933289441   0
0.22388860614377   0.240840668690755   -0.036111947378045   0.0300099020251424   0
0.224025682595635   0.243292447717562   0.00013707645186492   0.00245177902680674   0
0.348143850323397   0.316499029629634   0.124118167727763   0.0732065819120724   0
0.462938375514496   0.43521063633178   0.114794525191098   0.118711606702146   0
0.491686948850587   0.550579828397393   0.0287485733360917   0.115369192065613   0
0.589028081242312   0.608006446155639   0.097341132391725   0.0574266177582464   0
0.389715208008361   0.544540592030357   -0.199312873233951   -0.0634658541252824   0
0.180038201037509   0.551654138924156   -0.209677006970852   0.00711354689379973   0
0.421478199172863   0.615068098586197   0.241439998135354   0.0634139596620408   0
0.224093073509736   0.517128843243741   -0.197385125663127   -0.0979392553424558   0
0.441649731939962   0.594092747138328   0.217556658430226   0.0769639038945863   0
0.498791349990154   0.633151918855886   0.057141618050192   0.0390591717175579   0
0.526099805121614   0.621460919842071   0.0273084551314602   -0.011690999013815   0
0.393880956179656   0.54378016547481   -0.132218848941958   -0.0776807543672606   0
0.332635379880448   0.499373324154087   -0.0612455762992078   -0.0444068413207233   0
0.289137492375167   0.459067556295714   -0.0434978875052807   -0.0403057678583727   0
0.247815882979058   0.454432060166099   -0.0413216093961097   -0.00463549612961495   0
0.20615257206215   0.419302081917953   -0.0416633109169076   -0.0351299782481457   0
0.419412669365149   0.509785292863795   0.213260097302999   0.0904832109458414   0
0.537814713538966   0.549120702720652   0.118402044173817   0.0393354098568571   0
0.562467521592136   0.55567443022061   0.0246528080531699   0.00655372749995853   0
0.368030267260724   0.502332164518859   -0.194437254331412   -0.0533422657017509   0
0.346765243729818   0.45566539720748   -0.0212650235309062   -0.0466667673113799   0
0.286658284270663   0.447487991762304   -0.0601069594591553   -0.00817740544517526   0
0.361435090927818   0.422391789823441   0.0747768066571553   -0.0250962019388633   0
0.295075462871788   0.402183020862393   -0.0663596280560297   -0.020208768961048   0
0.528842821504651   0.481204938129795   0.233767358632863   0.0790219172674022   0
0.564919374004822   0.53780864203195   0.0360765525001711   0.0566037039021547   0
0.589917190847156   0.611286201678935   0.024997816842334   0.0734775596469854   0
0.553820787311202   0.611223716406072   -0.0360964035359538   -6.24852728635661e-05   0
0.32044956877799   0.517394317931208   -0.233371218533212   -0.0938293984748637   0
0.281972220463293   0.466186943113822   -0.0384773483146973   -0.051207374817386   0
0.466140190209984   0.503311613767229   0.184167969746691   0.0371246706534072   0
0.574695509546577   0.561927913202005   0.108555319336593   0.0586162994347756   0
0.47428599346913   0.531909101627809   -0.100409516077447   -0.0300188115741963   0
0.35507242244866   0.488799340309968   -0.11921357102047   -0.0431097613178406   0
0.326745491163153   0.44071555677018   -0.0283269312855076   -0.0480837835397877   0
0.37866348248149   0.523357719533686   0.0519179913183376   0.0826421627635052   0
0.462944018009737   0.556483205831272   0.0842805355282469   0.0331254862975866   0
0.532461590923702   0.599362193369752   0.0695175729139649   0.04287898753848   0
0.543258167026507   0.658466723205699   0.0107965761028046   0.0591045298359464   0
0.773870456726447   0.653548423713385   0.23061228969994   -0.00491829949231359   0
0.760014640176753   0.478935411071214   -0.0138558165496937   -0.174613012642171   0
1.07917210832193   0.2309739181753   0.319157468145177   -0.247961492895914   1
0.758885082025599   0.304780230757217   -0.320287026296331   0.0738063125819175   1
0.785875607395343   0.557551675567781   0.0269905253697444   0.252771444810564   0
0.854554148537119   0.627225355750773   0.0686785411417751   0.0696736801829922   0
0.68064079312586   0.624955034722411   -0.173913355411258   -0.00227032102836222   0
0.484657753018561   0.523170781742683   -0.1959830401073   -0.101784252979728   0
0.408696996981872   0.51225612638235   -0.0759607560366889   -0.010914655360333   0
0.373890091361084   0.524103796544578   -0.0348069056207873   0.0118476701622278   0
0.354276428732932   0.528099339093745   -0.0196136626281527   0.00399554254916723   0
0.409219605412546   0.589974714692079   0.0549431766796146   0.0618753755983341   0
0.494399818488033   0.661007872778381   0.0851802130754868   0.0710331580863017   0
0.598283827670446   0.688907151083148   0.103884009182413   0.0278992783047678   0
0.774865859184027   0.70139763065076   0.176582031513581   0.0124904795676115   0
0.779875710446864   0.696055287333334   0.00500985126283671   -0.00534234331742622   0
0.471056189201458   0.580860845397702   -0.308819521245405   -0.115194441935632   0
0.48885401671767   0.521502692058306   0.0177978275162118   -0.0593581533393959   0
0.554749364565657   0.549061723154956   0.065895347847987   0.0275590310966507   0
0.539891061006755   0.562550446902238   -0.0148583035589016   0.0134887237472818   0
0.757473598302277   0.682059649103986   0.217582537295522   0.119509202201748   0
0.895765899074083   0.831909858437771   0.138292300771806   0.149850209333785   0
0.999522220643943   0.905264454279798   0.10375632156986   0.0733545958420264   0
1.05455785782479   0.949830432669432   0.0550356371808418   0.0445659783896344   0
0.647264456392439   0.814428106187501   -0.407293401432346   -0.135402326481931   0
0.562555856759131   0.858467728930373   -0.0847085996333083   0.0440396227428718   0
0.444427454702114   0.794028505533978   -0.118128402057017   -0.064439223396395   0
0.588824954210502   0.867009626755234   0.144397499508388   0.0729811212212559   0
0.683735650237722   0.986063338558939   0.0949106960272195   0.119053711803705   0
0.715191115107703   1.0077719933224   0.0314554648699815   0.0217086547634595   0
0.38074493547828   0.954486807536385   -0.334446179629423   -0.0532851857860135   0
0.457843175326443   0.976750175795351   0.0770982398481626   0.0222633682589666   0
0.471275367016992   0.997427581972496   0.0134321916905485   0.0206774061771445   0
0.642097378347708   1.11863336730182   0.170822011330717   0.12120578532932   0
0.689527373749585   1.19008020029629   0.0474299954018768   0.0714468329944709   0
0.787246470940963   1.25317322545109   0.0977190971913776   0.0630930251548076   0
0.869481974828691   1.25045576292736   0.082235503887728   -0.00271746252373273   0
0.689146499795943   0.609844117931265   -0.180335475032747   -0.640611644996097   1
0.691466380355546   0.43491179925499   0.00231988055960231   -0.174932318676275   0
0.621872474976984   0.378938827895414   -0.0695939053785612   -0.055972971359576   0
0.85364381959808   0.415705669686967   0.231771344621096   0.0367668417915537   0
0.885958119507491   0.47188502245557   0.0323142999094108   0.0561793527686024   0
0.889143124373686   0.557261835547716   0.00318500486619488   0.0853768130921465   0
0.582791985479348   0.568141344606694   -0.306351138894339   0.0108795090589779   0
0.53022037629084   0.501629685207427   -0.0525716091885076   -0.066511659399267   0
0.668928385355264   0.559940426540797   0.138708009064424   0.05831074133337   0
0.526554600657899   0.575887452065289   -0.142373784697364   0.0159470255244913   0
0.714172509878391   0.714670541500942   0.187617909220491   0.138783089435654   0
0.692788069062249   0.78810636468452   -0.0213844408161412   0.073435823183578   0
0.703680650492111   0.854898333936849   0.0108925814298612   0.0667919692523283   0
0.729997599355642   0.841065271996175   0.0263169488635311   -0.0138330619406736   0
0.342775660299867   0.715094090280433   -0.387221939055774   -0.125971181715742   1
0.322578241104387   0.622854560982136   -0.0201974191954803   -0.0922395292982965   0
0.4814299212845   0.732866187006878   0.158851680180113   0.110011626024741   0
0.557184361067322   0.821696894610324   0.0757544397828219   0.0888307076034464   0
0.607499977290535   0.853649042353033   0.0503156162232125   0.0319521477427087   0
0.658234693575172   0.869943746286793   0.050734716284637   0.0162947039337602   0
0.469257177293006   0.751271281526354   -0.188977516282165   -0.118672464760439   0
0.504082836551692   0.683961228775067   0.0348256592586859   -0.0673100527512865   0
0.619412063792755   0.555256013842714   0.115329227241063   -0.128705214932353   0
0.690698614287013   0.580969287228034   0.071286550494258   0.0257132733853201   0
0.959318143223091   0.68648060509329   0.268619528936078   0.105511317865256   0
1.00248672613955   0.777576389243044   0.043168582916462   0.0910957841497537   0
1.10386973201279   0.794348010886916   0.101383005873241   0.0167716216438719   0
1.11009477975982   0.796036659348205   0.00622504774702382   0.00168864846128891   0
0.787016146089139   0.610573722474404   -0.32307863367068   -0.185462936873801   0
0.733391721132711   0.517388214868197   -0.0536244249564277   -0.0931855076062063   0
0.82674409238349   0.510658796964167   0.0933523712507789   -0.0067294179040307   0
0.753878771799551   0.502857983952477   -0.0728653205839382   -0.00780081301168933   0
0.813575343600702   0.539823642782761   0.0596965718011504   0.0369656588302837   0
0.403294523269285   0.613447165024145   -0.410280820331417   0.0736235222413835   1
0.254516309247561   0.615441667365397   -0.148778214021724   0.00199450234125242   0
0.844894875909423   0.674644990698256   0.590378566661863   0.0592033233328593   1
1.10741717460449   0.726382202475391   0.26252229869507   0.0517372117771349   1
0.593596006716689   0.628022561652844   -0.513821167887804   -0.0983596408225472   1
0.611501740057214   0.595410296954545   0.0179057333405241   -0.0326122646982985   0
0.701992017186805   0.533759534239202   0.0904902771295917   -0.0616507627153432   0
0.788713430380135   0.520890455547997   0.0867214131933297   -0.012869078691205   0
1.01711823836858   0.580264415488749   0.228404807988443   0.0593739599407522   0
1.12010490079858   0.667255402520279   0.102986662430003   0.08699098703153   0
1.20019734875936   0.703608121305106   0.0800924479607799   0.0363527187848262   0
1.23493986187182   0.793484797233854   0.0347425131124626   0.0898766759287483   0
0.697756689083666   0.692537095004304   -0.537183172788158   -0.10094770222955   1
0.601972346674662   0.605577559547289   -0.0957843424090038   -0.0869595354570151   0
0.768946994498971   0.631630840990256   0.166974647824308   0.0260532814429673   0
0.954019870865382   0.721652648065136   0.185072876366411   0.0900218070748797   0
1.04397291452269   0.707596157959821   0.0899530436573083   -0.0140564901053146   0
1.15631423991621   0.745862468292406   0.112341325393519   0.0382663103325847   0
0.517836124816529   0.698117424119503   -0.63847811509968   -0.0477450441729026   1
0.553273332590683   0.676091132976481   0.0354372077741534   -0.0220262911430216   0
0.643076662495227   0.579818823421845   0.0898033299045443   -0.0962723095546366   0
0.887274540724572   0.58366433007041   0.244197878229345   0.00384550664856487   0
0.944862051854661   0.722523458867081   0.0575875111300889   0.138859128796671   0
0.669254622753553   0.669951853582032   -0.275607429101108   -0.052571605285049   0
0.745041013653611   0.619662502581244   0.0757863909000582   -0.050289351000788   0
1.00107374497686   0.617883686902569   0.256032731323252   -0.00177881567867422   0
1.08520393339363   0.698079063223954   0.0841301884167649   0.0801953763213843   0
1.05518803900205   0.717946308632588   -0.0300158943915732   0.0198672454086347   0
0.587929980976477   0.605705457927581   -0.467258058025578   -0.112240850705008   0
0.666211698610885   0.586839701070412   0.0782817176344081   -0.018865756857169   0
0.712119798646969   0.560726773877474   0.0459081000360846   -0.0261129271929375   0
0.672634665575601   0.56100274738543   -0.0394851330713686   0.000275973507955385   0
0.681862057665625   0.626181952384656   0.00922739209002443   0.0651792049992267   0
0.956683833776342   0.690303511895871   0.274821776110717   0.0641215595112145   0
