0.01857075   0   0   0
0.00286137   -0.0249988880593688   -0.01570938   0
0.0227238547567309   0.0397468740238177   0.0198624847567309   0
0.00712595   0.0656590848712908   -0.0155979047567309   0
0.00483860020010953   -0.0635765410299126   -0.00228734979989047   0
0.01890755   0.0296158901159078   0.0140689497998905   0
0.0106278   0.0351626026348836   -0.00827975   0
0.00589969876697531   -0.0376903800080578   -0.00472810123302469   0
0.0244597753088458   0.013600140924738   0.0185600765418705   0
0.0039741   -0.0397196912332483   -0.0204856753088458   0
0.00902045   0.0243243995421567   0.00504635   0
0.020049   0.0117970310271196   0.01102855   0
0.00560315   -0.0622004481511654   -0.01444585   0
0.02090655   0.0864240197295135   0.0153034   0
0.001876175   -0.0646353756987935   -0.019030375   0
0.0215071895578438   0.0372292543851067   0.0196310145578438   0
0.0060137   -0.0254268098974271   -0.0154934895578438   0
0.02154195   0.0311583657149527   0.01552825   0
0.01724595   -0.0377636321105149   -0.004296   0
0.01627555   -0.0291759053572298   -0.0009704   0
0.0171021   0.0574177600775861   0.000826549999999999   0
0.0126321   -0.00151259493525546   -0.00447   0
0.0147975502372859   -0.0482509150861911   0.0021654502372859   0
0.0170351401585341   0.02221142808838   0.00223758992124817   0
0.0093024474870649   0.0207020187105877   -0.00773269267146917   0
0.0163971105900826   0.00881650906921845   0.00709466310301774   0
0.0209904646314702   -0.0263680944406762   0.00459335404138754   0
0.0066128250597154   -0.0128775832868893   -0.0143776395717548   0
0.0220624336156304   0.0458514202255093   0.015449608555915   0
0.0208618150280602   -0.0121723481977477   -0.0012006185875702   0
0.0115855846044783   -0.0508249425941035   -0.00927623042358192   0
0.0205015573925495   0.0800417058300182   0.00891597278807116   0
0.0227561048739124   -0.0237336058624653   0.00225454748136293   0
0.0179247513658663   -0.051631145888006   -0.00483135350804613   0
0.0353633922810722   0.0917776254691492   0.017438640915206   0
0.02091937076139   -0.0460730001878826   -0.0144440215196822   0
0.0257888128994536   -0.0574554645471549   0.00486944213806358   0
0.0300731131604711   0.0946469001763203   0.00428430026101749   0
0.0248344717729711   -0.0344508945252739   -0.00523864138749996   0
0.0264182087979579   -0.0325037955536283   0.00158373702498676   0
0.025644132568923   0.075064105033288   -0.000774076229034845   0
0.0173939442577726   -0.0751424484190928   -0.00825018831115045   0
0.0295230381233876   0.00813643119632412   0.012129093865615   0
0.01894962882651   0.0285721570880627   -0.0105734092968776   0
0.0192608336640993   -0.0158626224783176   0.000311204837589243   0
0.0259164872923589   -0.0380110409693482   0.00665565362825962   0
0.0332007653610952   0.0815035912934848   0.00728427806873632   0
0.0263477637905478   -0.0449724114085907   -0.00685300157054745   0
0.0248173449697485   -0.0412483588584497   -0.00153041882079929   0
0.0186092587062758   0.0520512854479048   -0.00620808626347272   0
0.0234485199140585   0.0127912227657045   0.00483926120778278   0
0.0316836318016101   -0.0277517343293793   0.00823511188755158   0
0.0278878464332135   0.0168658996326264   -0.0037957853683966   0
0.028816566485704   0.013092302883692   0.000928720052490499   0
0.0371925356660544   -0.0400665632942385   0.00837596918035034   0
0.0246476616814354   -0.0070069358230459   -0.0125448739846189   0
0.0395187241873077   0.0251459843914367   0.0148710625058723   0
0.0355192539834735   0.0305428092204813   -0.00399947020383419   0
0.0269468097752777   -0.0266104263757637   -0.00857244420819586   0
0.0431508354043407   -0.027233713875587   0.016204025629063   0
0.0497368384989687   0.0788438885135217   0.00658600309462809   0
0.041585929231442   -0.0170825522993374   -0.00815090926752677   0
0.0381662742444491   -0.0509557416226817   -0.00341965498699285   0
0.0401406166648599   0.0331917233629919   0.00197434242041073   0
0.0454688599000459   0.0295400937601353   0.00532824323518602   0
0.0413369804130938   -0.00251886229179435   -0.00413187948695208   0
0.0241620435248972   -0.0222600046363753   -0.0171749368881966   0
0.0458440122086298   -0.0496219601205855   0.0216819686837327   0
0.0419219906426806   0.0662065104779584   -0.00392202156594921   0
0.0359353468443676   -0.0432767900844869   -0.00598664379831301   0
0.0503633504537029   0.0293541040058641   0.0144280036093353   0
0.039298222047982   0.0244076471289858   -0.0110651284057209   0
0.03086779932642   -0.058026462213477   -0.008430422721562   0
0.0447030320724724   -0.0188586423267442   0.0138352327460524   0
0.0461897572160758   0.0776340930306295   0.00148672514360334   0
0.0460394788068971   -0.00715470814976057   -0.000150278409178702   0
0.0498211366654255   -0.0679022213479109   0.00378165785852838   0
0.0323197997139138   0.042065955957718   -0.0175013369515117   0
0.0458119183548615   0.0301044370558061   0.0134921186409478   0
0.0486833133029175   -0.0671621525802114   0.00287139494805597   0
0.0560019367878915   0.0687922880534377   0.00731862348497404   0
0.047001911124283   -0.0394766067613542   -0.00900002566360852   0
0.0506976366043576   0.0380409530559043   0.00369572548007459   0
0.0680221997803842   0.0385526830447065   0.0173245631760266   0
0.0504352055013906   -0.0419644635687431   -0.0175869942789936   0
0.0608739501549103   0.00465224544665127   0.0104387446535197   0
0.0541257444734712   -0.0237106099507909   -0.00674820568143906   0
0.0457539035267604   -0.00426448886917891   -0.00837184094671079   0
0.0488090445195345   -0.0173346608252915   0.00305514099277407   0
0.0535303861587743   0.0323877335957706   0.00472134163923985   0
0.0623686968825909   0.00716729353553489   0.00883831072381652   0
0.0567692634976226   -0.0268382440535485   -0.00559943338496832   0
0.0515549813500703   -0.00288020428599586   -0.00521428214755221   0
0.0675002078660688   0.0398824743569279   0.0159452265159985   0
0.0651880331381842   0.00979627932631524   -0.00231217472788464   0
0.0570581311130368   -0.0194911008630675   -0.00812990202514738   0
0.0685392357699012   -0.0376806343417594   0.0114811046568644   0
0.0666271905412612   0.047711473265986   -0.00191204522863998   0
0.0608906945519182   0.0121726877213199   -0.005736495989343   0
0.067807206711621   -0.0428726300591809   0.0069165121597028   0
0.0621100060036135   -0.00378199283768879   -0.00569720070800753   0
0.0761204832966955   0.0653690128287086   0.014010477293082   0
0.0762716592386386   -0.0452081874545811   0.000151175941943055   0
0.074599786671947   0.0216682348572111   -0.00167187256669157   0
0.090439960117044   0.0247796709245133   0.015840173445097   0
0.0815824027945518   -0.00540450091098954   -0.00885755732249213   0
0.0770247344466373   -0.022772841585311   -0.00455766834791449   0
0.111103513568024   0.0515116790805342   0.0340787791213863   0
0.087526615489422   -0.0268842817189445   -0.0235768980786016   0
0.0846015911536095   -0.0318841952603692   -0.00292502433581246   0
0.101235806704545   -0.0114552672343222   0.0166342155509355   0
0.0980787811101362   0.0261253004430554   -0.00315702559440884   0
0.0900557741169466   0.00817952634970326   -0.00802300699318959   0
0.0836259793615746   -0.0455978385558857   -0.00642979475537199   0
0.0860716072949872   0.0318349295480484   0.00244562793341266   0
0.10455096675861   0.0502985730322452   0.0184793594636229   0
0.0915175186451479   -0.063439802071984   -0.0130334481134622   0
0.0831732017167489   0.0171381721734259   -0.00834431692839903   0
0.0988481428832252   -0.00433500932912997   0.0156749411664763   0
0.095509369873458   0.0358923522359836   -0.00333877300976719   0
0.117278517096739   0.00752539456877602   0.0217691472232806   0
0.10024821802198   -0.0403078840626949   -0.0170302990747583   0
0.10440024063939   0.00213913665941576   0.0041520226174095   0
0.112830633969725   0.0397548651884552   0.00843039333033492   0
0.0918569406551976   -0.0131996465808605   -0.0209736933145271   0
0.12168220410927   0.0366568737292981   0.0298252634540722   0
0.117095171075967   -0.0401703879276623   -0.00458703303330271   0
0.11322598663316   0.0349489183189908   -0.00386918444280723   0
0.141737131715272   0.0254167161711265   0.0285111450821126   0
0.117415715563984   -0.0589046454177711   -0.024321416151288   0
0.116535630433239   0.00958558069627666   -0.000880085130745265   0
0.120982072592606   0.0414643938917689   0.00444644215936646   0
0.121202576974852   -0.043381154134483   0.000220504382246689   0
0.138799045943668   0.0245290184386551   0.0175964689688158   0
0.12883611910824   -0.0584544026322683   -0.00996292683542851   0
0.13267498134868   0.0286557183257322   0.00383886224044008   0
0.146924648909305   0.0940009969604832   0.0142496675606252   0
0.132956582930895   -0.0906661331028334   -0.0139680659784097   0
0.124466648338511   0.0205409459208455   -0.00848993459238442   0
0.145545850958117   0.0663131429546717   0.0210792026196066   0
0.123133318414473   -0.049993152862866   -0.0224125325436443   0
0.0993729251155716   -0.0239377439386912   -0.0237603932989014   0
0.118253194387604   0.00839280715573804   0.0188802692720326   0
0.106603089985997   -0.0597327213952234   -0.0116501044016075   0
0.108843304886819   0.0293063334412692   0.00224021490082218   0
0.114983928386199   0.056029132045765   0.00614062349938001   0
0.107703355460554   -0.0876243554623103   -0.00728057292564459   0
0.103211221130808   0.0309307783261052   -0.00449213432974649   0
0.124328347393595   0.0317527382870147   0.0211171262627875   0
0.104681464025789   -0.0304439976109362   -0.0196468833678065   0
0.1220781235956   0.0522722300783325   0.0173966595698109   0
0.112690635272202   -0.0513309655012525   -0.00938748832339745   0
0.106609584788822   0.0316225727593628   -0.00608105048338033   0
0.125305548730653   0.0192805356482102   0.0186959639418309   0
0.117398717087794   -0.0101768881591595   -0.00790683164285834   0
0.133130146023543   0.0311042546635358   0.015731428935749   0
0.118350596915827   -0.0592358023845514   -0.0147795491077167   0
0.127003873487741   0.0106863561521403   0.00865327657191375   0
0.133664410414665   0.0639938252329842   0.00666053692692448   0
0.120486282056755   -0.0692191399309179   -0.0131781283579097   0
0.123475656238679   0.0295449975794206   0.00298937418192398   0
0.125669972123415   -0.0294362509831418   0.00219431588473611   0
0.112910525737196   0.022953007846072   -0.0127594463862194   0
0.135314707407362   0.0556199082795759   0.0224041816701661   0
0.139742821970397   -0.0360748863067093   0.00442811456303466   0
0.135271102180261   0.0210600542354756   -0.00447171979013614   0
0.139273626032318   0.0283678073840722   0.00400252385205752   0
0.126250529964442   -0.0594319821301771   -0.013023096067876   0
0.129112728764983   0.0167004151455026   0.00286219880054059   0
0.156147142288132   0.0621239776653538   0.0270344135231488   0
0.146956819231875   -0.0726096220897154   -0.00919032305625647   0
0.154417082858407   0.0314502128512776   0.00746026362653149   0
0.183701345429885   0.0536647102844867   0.0292842625714786   0
0.158063810641462   -0.0739662678914902   -0.025637534788423   0
0.147132860212292   0.00189288005845345   -0.0109309504291696   0
0.160422604290979   0.0177864640275262   0.0132897440786864   0
0.135661816382328   -0.0258608708561703   -0.0247607879086508   0
0.14542862951032   0.0526230058920692   0.00976681312799221   0
0.152375575104739   -0.0533010487721697   0.00694694559441883   0
0.142137079685827   0.0319883832080835   -0.0102384954189126   0
0.1612891588708   0.0560629360235672   0.019152079184973   0
0.158465904281931   -0.0860222899355213   -0.00282325458886887   0
0.148013059557966   0.0501492428630109   -0.0104528447239646   0
0.189338710592287   0.000235024414827312   0.0413256510343214   0
0.151644384369023   -0.0173837589131541   -0.0376943262232644   0
0.189167479640397   0.0763344653930896   0.0375230952713739   0
0.141030420730777   -0.109010274780351   -0.0481370589096199   0
0.154459058897496   0.0347336860045523   0.0134286381667185   0
0.165134410637214   0.0270533635184523   0.0106753517397184   0
0.146376238564572   -0.057661579464367   -0.0187581720726419   0
0.172717106151939   0.0459465505057125   0.0263408675873665   0
0.194079238092976   0.0254596717844655   0.0213621319410373   0
0.164711465208862   -0.0525734414622365   -0.0293677728841143   0
0.174942014153976   0.0459115783893026   0.0102305489451147   0
0.171204091301873   -0.035478491076743   -0.00373792285210336   0
0.161677726697472   -0.00774934217468748   -0.00952636460440065   0
0.198396189542541   0.0658116431332981   0.0367184628450692   0
0.197794527767454   -0.043090264999272   -0.000601661775087664   0
0.161806368287067   -0.00880010803975301   -0.0359881594803865   0
0.203510727106706   0.0445478470663518   0.0417043588196384   0
0.16840256707218   -0.0779547021451284   -0.0351081600345258   0
0.168954166924791   0.0436949537512495   0.000551599852610829   0
0.179666794100218   -0.00921789474262352   0.010712627175427   0
0.162181672449448   -0.015785885983813   -0.0174851216507698   0
0.195394062432818   0.0459247727763047   0.0332123899833702   0
0.158911695658501   -0.0677192210568456   -0.0364823667743172   0
0.159261595151656   0.0190361719170912   0.000349899493155226   0
0.171374849539686   0.0035934241035806   0.0121132543880299   0
0.16281307780243   -0.0321880354831669   -0.00856177173725634   0
0.179904708350699   0.0832844874096211   0.0170916305482692   0
0.203547733966139   0.00454021878733202   0.02364302561544   0
0.165483845110331   -0.0287687922777938   -0.0380638888558078   0
0.156545215619961   -0.00946961503423704   -0.00893862949037019   0
0.192458394245354   0.0282651945789744   0.035913178625393   0
0.168265880538807   -0.0529642862272723   -0.0241925137065469   0
0.151711053148584   -0.00923271674239212   -0.0165548273902227   0
0.180390897688187   0.0548752272861295   0.0286798445396031   0
0.16047627750621   -0.0399954121263075   -0.0199146201819775   0
0.155514402299273   -0.0257199755387189   -0.004961875206937   0
0.1817487842394   0.063252622228724   0.0262343819401274   0
0.169045963526935   -0.0459667899656327   -0.0127028207124646   0
0.158268031941861   -0.0100480335182679   -0.0107779315850743   0
0.192744426348727   0.0789198654754169   0.0344763944068662   0
0.174305717525989   -0.068283329823781   -0.018438708822738   0
0.172798613598316   0.0247203438375166   -0.00150710392767367   0
0.204846578386118   0.0423668849081574   0.0320479647878023   0
0.175155706008254   -0.077616521088026   -0.0296908723778637   0
0.204859974790709   0.0864217649889466   0.0297042687824549   0
0.174012935169343   -0.0789421658764474   -0.0308470396213661   0
0.210329372558257   0.0547030643540539   0.0363164373889137   0
0.19424145445167   -0.00184673811513858   -0.0160879181065873   0
0.1756679329495   -0.042253635541957   -0.0185735215021696   0
0.232276053465483   0.0954226295216676   0.0566081205159832   0
0.206764906521271   -0.0815872701225625   -0.025511146944212   0
0.177053693521203   0.0337816093383822   -0.0297112130000684   0
0.21575623946366   0.0363154041664548   0.0387025459424568   0
0.173889236120296   -0.0828597194344241   -0.0418670033433637   0
0.189197327484428   0.0296829458983775   0.0153080913641324   0
0.213278254897798   0.0320065896456703   0.0240809274133695   0
0.177050075973579   -0.0704587353105757   -0.036228178924219   0
0.202988405268626   0.042329279238427   0.0259383292950473   0
0.206950537830903   -0.0213643938264029   0.00396213256227684   0
0.18157011078686   -0.000695453857350981   -0.0253804270440433   0
0.227045237072923   0.0892395147971698   0.0454751262860638   0
0.205617070540118   -0.102456559159956   -0.0214281665328051   0
0.205616734517409   0.0351871533596448   -3.36022709712669e-07   0
0.23893197631824   0.066926088143771   0.0333152418008313   0
0.191206700497786   -0.0891589373221916   -0.047725275820454   0
0.180457110688115   -0.00520706450631409   -0.0107495898096711   0
0.234903016732097   0.108022459861135   0.0544459060439826   0
0.216866159080324   -0.0517095934981982   -0.0180368576517731   0
0.177878609833539   -0.033100051930806   -0.038987549246785   0
0.228128847901931   0.0700366195605094   0.050250238068392   0
0.246343851323841   0.00511784492950296   0.0182150034219093   0
0.188639165075979   -0.053606130604285   -0.0577046862478615   0
0.223835797360615   0.0627778781290762   0.0351966322846363   0
0.222891619961922   -0.0522871738912102   -0.00094417739869318   0
0.191909700601194   -0.0210133568351919   -0.0309819193607281   0
0.246710125621143   0.0906661648613981   0.0548004250199485   0
0.203920918535838   -0.103522521540108   -0.0427892070853044   0
0.216987319972274   0.0375567928524588   0.0130664014364356   0
0.241228530666462   0.0465466012234279   0.0242412106941877   0
0.189296054304818   -0.0775720015459889   -0.0519324763616439   0
0.231444505561074   0.0766162389486524   0.0421484512562562   0
0.230334820621329   -0.0201750454584306   -0.00110968493974456   0
0.191220920385715   -0.0374763990197733   -0.0391139002356143   0
0.209287697715035   0.0162690175548434   0.0180667773293202   0
0.255713233850973   0.081868495921029   0.0464255361359379   0
0.225607509421229   -0.0700146072184967   -0.0301057244297441   0
0.188663078217255   -0.028191005558496   -0.0369444312039743   0
0.241346748586966   0.073031461608463   0.0526836703697108   0
0.231791226542874   -0.0626663169169828   -0.00955552204409152   0
0.238295080925226   0.029211348352773   0.00650385438235185   0
0.267505600885757   0.0415141693062591   0.0292105199605312   0
0.228611983484047   -0.0756347227283052   -0.0388936174017105   0
0.256067090515669   0.0711563800635728   0.0274551070316228   0
0.24962225095614   -0.060625643328181   -0.00644483955952965   0
0.25487765133493   0.0295314947768676   0.00525540037878994   0
0.274135897600369   0.0324172013852918   0.0192582462654393   0
0.24471927887572   -0.0572657714024518   -0.0294166187246488   0
0.268528455934208   0.0800045420073308   0.023809177058488   0
0.244439468016951   -0.0943949309248985   -0.0240889879172572   0
0.240941808873865   0.0360984779065364   -0.00349765914308617   0
0.259674930051805   0.0440214267671945   0.0187331211779406   0
0.247073713748367   -0.0863724396557562   -0.0126012163034384   0
0.289442216427839   0.0966787936671188   0.042368502679472   0
0.277420316603543   -0.0635985344635411   -0.0120218998242961   0
0.268672380068011   0.011814824164691   -0.00874793653553152   0
0.28845318511762   0.0647247998419421   0.0197808050496087   0
0.242611689205843   -0.101016873546476   -0.0458414959117772   0
0.269607044692827   0.0759360545074003   0.026995355486984   0
0.279868928852865   0.00847526717414038   0.010261884160038   0
0.261646945834573   -0.0464269179685763   -0.0182219830182919   0
0.307383484891922   0.069363340518554   0.045736539057349   0
0.309519226647025   -0.0409146765472312   0.00213574175510306   0
0.279845603074999   -0.0235113289966107   -0.029673623572026   0
0.304277066814528   0.0809893814708585   0.0244314637395284   0
0.264765392504293   -0.113295416536801   -0.0395116743102342   0
0.276091922885296   0.0538523869589567   0.0113265303810022   0
0.296778342192688   -0.00406024168813601   0.0206864193073921   0
0.260291817651482   -0.0510806552664016   -0.0364865245412054   0
0.295454973970248   0.0965607195004883   0.0351631563187658   0
0.280623843913895   -0.100046510175529   -0.0148311300563533   0
0.269182940872671   0.0383062490299821   -0.0114409030412236   0
0.328655522063741   0.125890911576614   0.0594725811910696   0
0.303977394837774   -0.102886762637314   -0.0246781272259667   0
0.317214837602862   0.050723926728968   0.0132374427650878   0
0.353878166002174   0.0194693419879183   0.0366633283993125   0
0.326624397223034   -0.0633251839816394   -0.0272537687791408   0
0.382611655639423   0.109375723501514   0.0559872584163889   0
0.350778905353372   -0.109748157283397   -0.0318327502860504   0
0.322374093444464   -0.0221188938402587   -0.0284048119089081   0
0.3399200511503   0.0661630872795166   0.0175459577058359   0
0.328217377738919   -0.0373322141111133   -0.0117026734113805   0
0.303773983082098   -0.0479599175456283   -0.0244433946568218   0
0.331566749379929   0.0932117391185445   0.0277927662978313   0
0.325771071833872   -0.0549551854763141   -0.00579567754605642   0
0.285258436417821   -0.0228295273828761   -0.0405126354160514   0
0.306958353943104   0.0531867959897924   0.0216999175252832   0
0.318761024764325   0.00346502092167689   0.0118026708212207   0
0.288005659228183   -0.0425079495918927   -0.0307553655361423   0
0.286513406121882   -0.0122651395955076   -0.00149225310630052   0
0.326071065195031   0.0728245286147855   0.0395576590731495   0
0.316970365725394   -0.0670911067846297   -0.00910069946963754   0
0.277614209969231   -0.0395417807650532   -0.0393561557561634   0
0.315161636209406   0.105876337378303   0.0375474262401755   0
0.299570933804454   -0.0560783114360058   -0.0155907024049523   0
0.283956559534641   -0.0363702708379158   -0.0156143742698131   0
0.305066431444534   0.0628230487672675   0.0211098719098932   0
0.326530662228775   0.0264643047449787   0.0214642307842414   0
0.309808863065766   -0.0621121278534641   -0.0167217991630093   0
0.316878639296435   0.0701539785299115   0.00706977623066879   0
0.313242148863228   -0.0323974299185859   -0.00363649043320707   0
0.296999273161568   -0.0467403334762134   -0.0162428757016592   0
0.320342318113019   0.0423019029835471   0.0233430449514502   0
0.31253610159708   -0.0027245479403985   -0.00780621651593921   0
0.298662712341033   -0.0694292320625087   -0.0138733892560468   0
0.303402816115375   0.0763890697609885   0.00474010377434214   0
0.303650536998274   -0.0368580875803823   0.000247720882898816   0
0.281290192435503   -0.0235333899380188   -0.0223603445627704   0
0.324359546443299   0.112850224518022   0.0430693540077954   0
0.315853557656472   -0.0757642957769089   -0.00850598878682723   0
0.312033010652174   0.0155094421482144   -0.00382054700429707   0
0.342267110903896   0.0823305050617256   0.0302341002517218   0
0.311193574716064   -0.113077885761623   -0.0310735361878323   0
0.317250963218951   0.0580458542514811   0.00605738850288745   0
0.325609241779257   -0.00651745094976491   0.00835827856030535   0
0.306793982302277   -0.0433452751282267   -0.0188152594769796   0
0.347911865461269   0.103012848022858   0.0411178831589916   0
0.34226938029314   -0.0488431964385644   -0.00564248516812887   0
0.324265613564497   -0.0271113234650025   -0.0180037667286425   0
0.374684113858928   0.102334885149491   0.0504185002944304   0
0.338439654998583   -0.102285186304269   -0.0362444588603447   0
0.348804701818582   0.0146206438662351   0.010365046819999   0
0.352464263266948   0.0405492846757729   0.00365956144836593   0
0.328525073550087   -0.0921617873260829   -0.0239391897168612   0
0.339610312436184   0.0223225416991968   0.0110852388860971   0
0.375440341450879   0.0910960620077558   0.0358300290146948   0
0.321271828258988   -0.0994529609519963   -0.054168513191891   0
0.306584281693061   0.00137502451412475   -0.014687546565927   0
0.361058274420837   0.090949973982158   0.0544739927277764   0
0.352016326242832   -0.0615799849865198   -0.00904194817800497   0
0.329579895365206   -0.00436465897954286   -0.0224364308776263   0
0.378531966885942   0.11093282769837   0.0489520715207364   0
0.428520750136971   0.137792715892162   0.049988783251029   0
0.385333678640218   -0.040771727509353   -0.0431870714967536   0
0.376890864384111   0.0716563698145475   -0.00844281425610643   0
0.373519122023411   0.000655930954746586   -0.00337174236069987   0
0.350170295664324   -0.0739517467336155   -0.0233488263590874   0
0.316530785125239   -0.0840324530695649   -0.0336395105390852   0
0.331830214567348   0.0551440150234828   0.0152994294421097   0
0.304255041462442   -0.134928219056733   -0.0275751731049061   0
0.29636727212884   -0.00546714139965032   -0.00788776933360213   0
0.283293764069667   0.0557408863182278   -0.0130735080591735   0
0.28521114450579   -0.0453413971067438   0.00191738043612311   0
