0.004308655   0   0   0
0.0151560871950019   0.0672814436848735   0.0108474321950019   0
0.0325867317976581   0.226571650256144   0.0174306446026562   0
0.0158985008494834   -0.228364707312933   -0.0166882309481747   0
0.0206028096807207   0.102400912583488   0.00470430883123732   0
0.0230985261444318   -0.084578153932841   0.00249571646371108   0
0.0280511967275017   0.169953863772842   0.00495267058306985   0
0.0273990725401883   -0.195143328447084   -0.000652124187313374   0
0.0320309109615228   0.0802928940074436   0.00463183842133448   0
0.0127777481549959   -0.0433696855102328   -0.0192531628065269   0
0.0116960361398681   0.0433905187525043   -0.00108171201512778   0
0.00734945496718804   -0.0895182368023317   -0.00434658117268003   0
0.0285839203756675   0.201892126516767   0.0212344654084795   0
0.00452139587369045   0.11039215098725   -0.0240625245019771   0
0.03267744519844   -0.284553955617847   0.0281560493247496   0
0.0337527389653418   0.157390232505488   0.00107529376690176   0
0.013313885765433   -0.137540419631293   -0.0204388531999087   0
0.0169362172943997   -0.00879052269824029   0.00362233152896672   0
0.0110125898086009   -0.017046688614975   -0.00592362748579886   0
0.0109219867730006   0.20009276196876   -9.06030356002865e-05   0
0.0242085964332404   -0.151197681121276   0.0132866096602398   0
0.0345419003861253   -0.0222837314110942   0.0103333039528849   0
0.0116717653894998   0.122258604629191   -0.0228701349966255   0
0.0263147532156868   0.127077237363976   0.014642987826187   0
0.0533212146266615   -0.248067792635897   0.0270064614109747   0
0.0617751582856127   0.0640459475487283   0.00845394365895118   0
0.0483063662683554   -0.0296752900668858   -0.0134687920172573   0
0.0321533315960415   0.151450615361075   -0.0161530346723139   0
0.0489633540367437   -0.206377988707247   0.0168100224407022   0
0.0609885450909636   0.107919151180348   0.01202519105422   0
0.0473962432147581   -0.0981222482929761   -0.0135923018762055   0
0.0146970127102381   0.216953264872718   -0.03269923050452   0
0.0631345530954524   -0.268165691706932   0.0484375403852143   0
0.0664536363938235   0.0510233876696474   0.00331908329837105   0
0.0340647093722374   0.00946792308116541   -0.0323889270215861   0
0.0294758762180618   0.177660373994983   -0.00458883315417564   0
0.0680061366840155   -0.181225934678902   0.0385302604659537   0
0.0683822796187726   0.0172519980787714   0.000376142934757073   0
0.045395950073327   0.0308833039969156   -0.0229863295454456   0
0.0444296232283428   0.095093602656713   -0.00096632684498419   0
0.0601599073906368   -0.12081010937844   0.015730284162294   0
0.0600829740582139   -0.0231808964486504   -7.69333324229654e-05   0
0.0352988976149044   0.185677539436925   -0.0247840764433095   0
0.0489566268299298   -0.14402679844641   0.0136577292150254   0
0.0607553558190963   0.0268166042916406   0.0117987289891665   0
0.0388480333201695   -0.0525263595489053   -0.0219073224989268   0
0.0272496958172766   0.254685278704997   -0.0115983375028929   0
0.0335818618023927   -0.304184321158758   0.0063321659851161   0
0.0468002153894883   0.117207517468417   0.0132183535870957   0
0.0345829424691643   -0.10115325014607   -0.0122172729203241   0
0.0560596210847433   0.211153403674918   0.0214766786155791   0
0.0367251312028289   -0.0573941256232766   -0.0193344898819144   0
0.0580541278047048   0.029326198401545   0.0213289966018759   0
0.0627730837559778   -0.0815876645082721   0.00471895595127295   0
0.0523990002523903   0.0423946653372591   -0.0103740835035875   0
0.216175502464138   0.043695916418783   0.163776502211748   0
0.226349256669231   -0.189695399201019   0.0101737542050934   0
0.101317483597798   0.0777742685691589   -0.125031773071434   0
0.0996220690414027   0.0414104014532171   -0.00169541455639501   0
0.0669846698627753   0.0212199638527429   -0.0326373991786273   0
0.0633939619145083   -0.0672709907177134   -0.00359070794826705   0
0.0769517852318743   0.00522726532666065   0.013557823317366   0
0.0762366018638029   -0.0699146264866967   -0.000715183368071318   0
0.0547134375516678   0.120492296117551   -0.0215231643121351   0
0.0607185387834926   0.100106197845863   0.0060051012318248   0
0.0636928930260025   -0.219851585286808   0.00297435424250987   0
0.0741676753394363   0.0493080175524291   0.0104747823134338   0
0.072929004254566   0.117426590535922   -0.00123867108487032   0
0.0868382863744011   0.156950630213491   0.0139092821198351   0
0.1172238903742   -0.211267997543549   0.030385603999799   0
0.106809132151235   0.0236619782599907   -0.0104147582229651   0
0.0743063531306747   -0.162734328037578   -0.0325027790205604   0
0.0775933978735396   0.263466708333348   0.00328704474286494   0
0.104046531838993   -0.270797046955851   0.026453133965453   0
0.104223314957775   0.00904970947512527   0.000176783118782553   0
0.0813069821280983   0.209309143933361   -0.0229163328296768   0
0.121176485191734   -0.12787665564426   0.0398695030636355   0
0.132311161503376   -0.016369238431367   0.0111346763116423   0
0.0826961199914035   -0.0486864606550013   -0.0496150415119727   0
0.0688741851711699   0.210933759927177   -0.0138219348202336   0
0.0975464922565773   -0.185158410316347   0.0286723070854074   0
0.102009241525486   0.0780399429977126   0.00446274926890901   0
0.0651841370696506   -0.0765645942827409   -0.0368251044558357   0
0.0636425726901616   0.247386707457546   -0.00154156437948905   0
0.0885889255506296   -0.32946233650884   0.024946352860468   0
0.0899555583322954   0.0736527985230916   0.00136663278166578   0
0.0644930393248372   0.0571050625267399   -0.0254625190074582   0
0.0874547557870497   0.173276880408372   0.0229617164622125   0
0.108471359409454   -0.246491141015721   0.0210166036224046   0
0.113047045273749   -0.0366635500635323   0.00457568586429452   0
0.0973690842914346   0.229532706403285   -0.0156779609823141   0
0.132161315143161   -0.238388827659862   0.0347922308517267   0
0.10877935956312   0.00349434604965428   -0.0233819555800415   0
0.0790962579684557   0.274249550413972   -0.029683101594664   0
0.109432985605278   -0.225814820625961   0.0303367276368223   0
0.128603123333675   0.0829207275460773   0.0191701377283973   0
0.0819521737681657   -0.0189416069510421   -0.0466509495655097   0
0.0687856174696608   0.187429643825953   -0.0131665562985049   0
0.109332884327509   -0.179613308186429   0.0405472668578484   0
0.092492161296039   -0.0377205754091171   -0.0168407230314701   0
0.0791773319765986   0.161661899989754   -0.0133148293194404   0
0.116519246916225   -0.123024542033144   0.0373419149396259   0
0.141226165360124   -0.098908435105345   0.0247069184438991   0
0.093119647283458   0.158096579987833   -0.0481065180766657   0
0.0987638915685409   0.084304746809213   0.00564424428508287   0
0.114882801768925   -0.200399971795418   0.0161189102003837   0
0.111192469648859   -0.0607581057011134   -0.00369033212006528   0
0.097413652109304   0.223927901538792   -0.0137788175395553   0
0.131371390681857   -0.184216059433822   0.0339577385725526   0
0.125749615489054   0.0338386330800303   -0.00562177519280235   0
0.0929489983669135   0.0552811369062805   -0.0328006171221407   0
0.0882204944978304   0.230112937976147   -0.00472850386908313   0
0.129949441163638   -0.334270944813379   0.0417289466658072   0
0.142108316769936   0.0722583845597733   0.0121588756062985   0
0.105218816079722   -0.0336603881937449   -0.036889500690214   0
0.0963663552453583   0.133078418860111   -0.00885246083436383   0
0.132947223189809   -0.0920818611878273   0.0365808679444507   0
0.0944413777606643   -0.083531476398037   -0.0385058454291448   0
0.0876223601201822   0.33638401302589   -0.00681901764048208   0
0.112737557910613   -0.265041120822692   0.0251151977904311   0
0.139349389316232   0.073863307382192   0.026611831405619   0
0.0937625096191144   -0.0288607521628785   -0.045586879697118   0
0.104778053932646   0.0373147564931209   0.0110155443135317   0
0.135959156046267   -0.0152295151604777   0.0311811021136207   0
0.0955895184757199   -0.116657329562128   -0.0403696375705469   0
0.0747514677328312   0.307370302725146   -0.0208380507428887   0
0.118172679459732   -0.310616913192518   0.0434212117269005   0
0.12707966619454   0.0532349861762444   0.00890698673480796   0
0.0864510753580457   0.0852991302099847   -0.040628590836494   0
0.0945386537709312   0.0320708143561922   0.00808757841288547   0
0.121335721666097   -0.102005895118434   0.0267970678951656   0
0.101887296388772   -0.0907022105745937   -0.0194484252773245   0
0.0939681493453155   0.278066521717159   -0.00791914704345673   0
0.120955985937741   -0.185452208083321   0.0269878365924256   0
0.13144927772689   -0.030743982663932   0.0104932917891488   0
0.104971766623376   -0.0224641313693258   -0.0264775111035139   0
0.108141143894877   0.271636793786069   0.0031693772715011   0
0.173172474350545   -0.254100925751103   0.0650313304556675   0
0.184254178713808   0.0208975192833247   0.0110817043632638   0
0.125991987493253   0.229618881900693   -0.0582621912205553   0
0.144067198098153   -0.138583630020176   0.0180752106049002   0
0.152508776433817   -0.0554357407511395   0.00844157833566392   0
0.119197916498161   -0.0387337750497296   -0.0333108599356563   0
0.0995941473873465   0.182126696611206   -0.0196037691108142   0
0.126987711222543   -0.0909729648620998   0.0273935638351966   0
0.148477843590593   -0.0200479054559966   0.0214901323680496   0
0.129200055097599   -0.0674573052470456   -0.0192777884929941   0
0.127911857306008   0.16250368021818   -0.00128819779159073   0
0.163637579860312   -0.150036546140201   0.0357257225543042   0
0.155409637162211   0.0206275749741152   -0.00822794269810126   0
0.113627510261831   0.147129132262612   -0.0417821269003798   0
0.137812204683076   -0.0605490317644601   0.0241846944212449   0
0.161932108354281   0.0100736125187745   0.0241199036712048   0
0.145827847886506   -0.0914084453102477   -0.0161042604677744   0
0.10746240988997   0.20029231501402   -0.0383654379965359   0
0.120817387491867   -0.0181144363899479   0.0133549776018969   0
0.162194074870886   -0.153260051581687   0.0413766873790185   0
0.192647803267783   0.128088647301774   0.0304537283968974   0
0.18106038991815   -0.0381678361387435   -0.0115874133496332   0
0.131762449972944   0.0555083461635241   -0.0492979399452063   0
0.159088408378211   0.00888063951135309   0.0273259584052675   0
0.186082044619578   -0.0204542431867751   0.0269936362413665   0
0.127001310022928   -0.0543568321371176   -0.0590807345966492   0
0.147422879486776   0.252941690623664   0.0204215694638476   0
0.130962111918228   -0.121316571786627   -0.016460767568548   0
0.175094908438038   -0.190218654752641   0.0441327965198102   0
0.19931766510817   0.118299110320882   0.0242227566701315   0
0.204485143560412   -0.0952630596582544   0.00516747845224272   0
0.184273346971754   0.0421232692882641   -0.0202117965886583   0
0.220741308887966   0.0956161169451775   0.0364679619162121   0
0.268054680287409   -0.103281585651544   0.0473133713994427   0
0.249651277489346   -0.0110677260060545   -0.0184034027980629   0
0.256577192752191   0.0570542852430219   0.00692591526284489   0
0.236316240220922   -0.0418997070518543   -0.020260952531269   0
0.202609438297979   0.107472953084125   -0.0337068019229431   0
0.250311759008546   -0.125286377180571   0.0477023207105673   0
0.241704200703029   0.0267506848149739   -0.0086075583055174   0
0.195091449453641   -0.0837098442917149   -0.0466127512493879   0
0.19534179571375   0.0816391569194387   0.000250346260109363   0
0.236961357015342   -0.0375484825768757   0.0416195613015921   0
0.240568438215324   0.0657605325100627   0.00360708119998135   0
0.224560707465621   -0.0543522111530345   -0.0160077307497031   0
0.23197784820616   0.437395171817607   0.00741714074053898   0
0.241780845099958   0.308316044906202   0.00980299689379871   0
0.223980729739195   -0.813013413032432   -0.0178001153607628   1
0.209002563624977   0.284066508674811   -0.0149781661142186   0
0.180595191748036   -0.076005216399859   -0.0284073718769405   0
0.135160181975582   -0.145818847138341   -0.0454350097724541   0
0.137724502936079   0.0642310631165482   0.00256432096049669   0
0.214443973416864   0.112772792468567   0.0767194704807847   0
0.205783540410239   0.0222894531186771   -0.00866043300662453   0
0.155987278135983   -0.0441487362428722   -0.0497962622742562   0
0.209099330039703   0.00243764979200495   0.0531120519037198   0
0.225005929126107   -0.107990859555085   0.0159065990864039   0
0.225449894295612   -0.00168171391742833   0.000443965169505067   0
0.202071972596127   -0.167127894172319   -0.0233779216994845   0
0.199267755375531   0.114910541355093   -0.00280421722059609   0
0.232455577792774   -0.0342733387539335   0.0331878224172431   0
0.270745175980829   0.301283191752902   0.0382895981880547   0
0.214196476774648   -0.24703000290167   -0.0565486992061805   0
0.232919497267833   -0.0433649026577031   0.0187230204931845   0
0.222246963237971   0.342504556517879   -0.010672534029862   0
0.242330556397274   -0.207632761776125   0.0200835931593033   0
0.260232700440495   -0.126731965243261   0.0179021440432209   0
0.226938363674484   -0.0102970856007876   -0.0332943367660108   0
0.159357300698336   -0.00447306007530329   -0.0675810629761479   0
0.180145565745066   0.0128186738565858   0.0207882650467299   0
0.251595544341827   0.086792788617637   0.0714499785967602   0
0.197912884594814   -0.146342565044855   -0.0536826597470129   0
0.1671419254281   0.0803742610533237   -0.0307709591667137   0
0.251208093394326   -0.0277898225812989   0.0840661679662263   0
0.235501634700935   0.047985742058468   -0.0157064586933914   0
0.172089122709899   -0.00880464990457847   -0.0634125119910362   0
0.2291812937863   0.0409870586086195   0.0570921710764018   0
0.213930637389786   -0.0464618979901265   -0.0152506563965146   0
0.19578344481835   0.00421499936658348   -0.0181471925714355   0
0.193656498866066   0.248838844882799   -0.00212694595228455   0
0.220092002369696   -0.330288384019248   0.0264355035036308   0
0.262603090096613   0.136873035847926   0.0425110877269168   0
0.256734850756208   -0.0198638103769575   -0.00586823934040503   0
0.188593839270242   -0.153639017929797   -0.0681410114859659   0
0.218621054014132   0.107208335398577   0.0300272147438896   0
0.251283879691998   0.0812986418742094   0.0326628256778661   0
0.185292548228578   -0.0996056502810988   -0.0659913314634198   0
0.168596030129597   0.165104038836347   -0.0166965180989812   0
0.224431977576219   -0.160181628499213   0.055835947446622   0
0.230782824775025   0.0181970504494675   0.00635084719880619   0
0.169969153701164   0.0235532493090113   -0.060813671073861   0
0.230641888435059   -0.06659137937148   0.0606727347338943   0
0.267720347649632   0.148170961978825   0.0370784592145737   0
0.190927889883301   -0.216889796085858   -0.0767924577663311   0
0.174067132256322   0.249134691277258   -0.0168607576269789   0
0.182565522297647   -0.180543146938173   0.0084983900413243   0
0.194803917344499   0.0596296292060461   0.0122383950468527   0
0.241285035768777   -0.00817180288043617   0.0464811184242777   0
0.269391148534822   0.000343156825590607   0.0281061127660447   0
0.221883032679755   0.152920844666135   -0.0475081158550672   0
0.272524490183492   -0.114815742672331   0.0506414575037379   0
0.301298159907844   -0.0113377938106171   0.0287736697243512   0
0.230456082903685   0.100028134408087   -0.0708420770041589   0
0.289249218994296   0.0235745999503283   0.0587931360906109   0
0.311832201929002   0.127813811416366   0.0225829829347066   0
0.188424077284778   -0.256667239884649   -0.123408124644224   0
0.24397879019028   0.0588194552980741   0.0555547129055016   0
0.287155146325923   0.0634584132308356   0.0431763561356438   0
0.275047683301428   -0.0817791848926356   -0.0121074630244956   0
0.218483536276936   0.0329921073543751   -0.0565641470244923   0
0.244744228918605   -0.0692230617152747   0.0262606926416694   0
0.224234283196292   -0.0724668034611409   -0.0205099457223126   0
0.18638269027236   0.0721689210193525   -0.0378515929239322   0
0.161186908361815   0.369666852237554   -0.0251957819105455   0
0.165738810768027   -0.442994606666095   0.00455190240621284   0
0.230367788386859   0.185806348052886   0.0646289776188313   0
0.183938011768782   -0.170297328945782   -0.046429776618077   0
0.14862665427843   -0.0688305548021641   -0.0353113574903516   0
0.194447572208295   0.0900502033066065   0.0458209179298646   0
0.241815122582728   0.0979707414562872   0.0473675503744337   0
0.178799324741601   -0.0509119081845783   -0.0630157978411275   0
0.207626553570064   0.113769220464085   0.0288272288284626   0
0.212801900375208   -0.0940918909219569   0.00517534680514445   0
0.163785234902211   0.00498411061029508   -0.0490166654729969   0
0.175612289117853   -0.0115970236024642   0.0118270542156421   0
0.249781633034161   0.0477697443687525   0.0741693439163081   0
0.191337184162933   -0.155613050291147   -0.0584444488712288   0
0.149930733901926   0.131940397289216   -0.0414064502610071   0
0.152324490494513   -0.055015279385821   0.00239375659258723   0
0.234381735152635   0.064390988546532   0.0820572446581224   0
0.226998498790302   0.00438188148729701   -0.00738323636233337   0
0.210952452994481   -0.0613806271305659   -0.0160460457958203   0
0.193936706454592   0.160546369888624   -0.0170157465398896   0
0.224446925605259   -0.0403210298502147   0.0305102191506668   0
0.254515045346189   -0.00210390084597428   0.0300681197409301   0
0.214917928740688   -0.0703544967854523   -0.0395971166055009   0
0.156650613938282   0.0254234751193955   -0.0582673148024057   0
0.223035310139958   -0.0221459050142402   0.0663846962016754   0
0.198496321730058   -0.0502775483183088   -0.0245389884099   0
0.168157925745339   0.0208504663258554   -0.0303383959847184   0
0.166329036317941   -0.00645287575019915   -0.00182888942739798   0
0.219345829879952   -0.0378744360085181   0.0530167935620112   0
0.220457941142024   0.0889180332998759   0.00111211126207142   0
0.162156757689658   -0.168098117782805   -0.0583011834523656   0
0.14801070055219   0.216808971908576   -0.0141460571374684   0
0.22680514402599   -0.165136781287099   0.0787944434738   0
0.22910893849202   0.0721247486271475   0.00230379446602977   0
0.156476020821837   -0.0367440908224446   -0.0726329176701824   0
0.163266646175398   0.0930059865339156   0.00679062535356048   0
0.216599246780644   -0.0628752624125774   0.0533326006052467   0
0.181171060964031   -0.0617566518012416   -0.0354281858166138   0
0.155312419416744   0.065323241434509   -0.025858641547287   0
0.196112030460226   -0.0212970438445952   0.0407996110434821   0
0.188152383221539   -0.0202517295928027   -0.00795964723868639   0
0.149557829828573   0.0554625623229147   -0.038594553392966   0
0.146508009129552   -0.0133248490381401   -0.00304982069902099   0
0.184048556364686   -0.0524297832016049   0.0375405472351336   0
0.187992533004299   -0.00403214748707392   0.00394397663961313   0
0.151595282767679   -0.00127047859490215   -0.0363972502366203   0
0.143030601410756   0.0770587950700687   -0.00856468135692304   0
0.192652624864554   -0.125897069771013   0.049622023453798   0
0.167628806396827   -0.0454889923943514   -0.0250238184677265   0
0.128511851417   0.180783743735979   -0.0391169549798277   0
0.150262730045186   -0.112645623047428   0.0217508786281866   0
0.172974700205442   0.0127184345792365   0.0227119701602557   0
0.147897973794589   -0.082325354168132   -0.0250767264108527   0
0.161233414916892   0.141048798783657   0.0133354411223023   0
0.198145079790724   -0.0602459147687257   0.0369116648738327   0
0.171644226121948   -0.0493161401285075   -0.0265008536687761   0
0.14634853046506   0.126098292103359   -0.0252956956568886   0
0.156053728581   0.134318816302743   0.00970519811594059   0
0.155806198945758   -0.300223478066264   -0.00024752963524266   0
0.189209312422222   0.178448654387835   0.0334031134764643   0
0.131790169647863   -0.199847252262501   -0.057419142774359   0
0.145555829523494   0.107030382722937   0.0137656598756312   0
0.181133603003763   0.0123009768815253   0.0355777734802693   0
0.16356983964207   -0.0631578072716917   -0.0175637633616935   0
0.15894958888547   0.143128536326871   -0.0046202507565998   0
0.197382342544261   -0.115992796684122   0.0384327536587908   0
0.213378552588914   0.0459515765697927   0.0159962100446531   0
0.162271158565717   -0.00712193179836762   -0.0511073940231974   0
0.17855692534318   0.0396052205797306   0.0162857667774633   0
0.205547395825172   0.00658431429070916   0.026990470481992   0
0.211935564822926   -0.0378565078192865   0.00638816899775346   0
0.165435611976382   -0.0318139900047023   -0.0464999528465437   0
0.18295606257621   -0.018250376086624   0.0175204505998279   0
0.20919670519005   0.0731101891848485   0.0262406426138397   0
0.211526410592915   -0.106909814752038   0.00232970540286553   0
0.181887711680593   0.198810381131113   -0.0296386989123222   0
0.222088448078823   -0.204915105742691   0.0402007363982299   0
0.232120833093047   0.0556570144656472   0.0100323850142237   0
0.189418270718858   -0.0519623270385859   -0.0427025623741888   0
0.188703493711358   0.175365134862581   -0.000714777007499862   0
0.246753918723315   -0.120773698054678   0.0580504250119574   0
0.250336944551743   0.0259345756374175   0.00358302582842779   0
0.19378235975808   0.0180855893085379   -0.0565545847936629   0
0.223162179227289   -0.0530942341027329   0.0293798194692085   0
0.269843788057503   0.0723766859620157   0.0466816088302141   0
0.208214710100079   -0.123655580729311   -0.0616290779574236   0
0.177275527355837   0.185653239131551   -0.0309391827442424   0
0.197247203582136   -0.193289906258348   0.0199716762262991   0
0.218713213572026   0.102359013393597   0.0214660099898899   0
0.16477674639117   -0.101071045583808   -0.0539364671808555   0
0.217647906735833   0.0421697045140918   0.0528711603446632   0
0.276906665876289   0.0824408534289426   0.0592587591404552   0
0.20086708586332   -0.0754058106105066   -0.0760395800129683   0
0.199588246741191   0.0804092958180151   -0.00127883912212942   0
0.295472400795696   -0.0178420623654206   0.0958841540545053   0
0.332965248679573   -0.070908897105263   0.037492847883877   0
0.292174292922431   0.21226797776737   -0.0407909557571421   0
0.351681208545524   -0.195462783695032   0.0595069156230925   0
0.376048185470439   0.0174192540075909   0.0243669769249159   0
0.367475859590535   0.070532798663051   -0.00857232587990447   0
0.329396838897947   -0.0533384042004214   -0.0380790206925881   0
0.26492336570499   0.0612483315972367   -0.0644734731929566   0
0.28181048052718   0.135845387579585   0.0168871148221897   0
0.279164520858382   -0.251874628091438   -0.00264595966879794   0
0.31229767251808   0.0147884202759784   0.0331331516596981   0
0.335391884024588   0.0470173413239207   0.0230942115065076   0
0.308997713607302   -0.0141923751269803   -0.0263941704172861   0
0.292119694271993   0.041737388927036   -0.0168780193353089   0
0.344602000284535   -0.0476850318903402   0.052482306012542   0
0.320410472198907   0.0166832854680765   -0.0241915280856273   0
0.252819253255444   0.0400725485541015   -0.0675912189434633   0
0.262789001553   0.135052269819284   0.00996974829755559   0
0.288721496474787   -0.239749816447559   0.0259324949217872   0
0.314143833423307   0.131052685727837   0.02542233694852   0
0.266577544976392   -0.134912022471258   -0.0475662884469147   0
0.243931674661656   0.118877611717013   -0.0226458703147362   0
0.297917986699377   -0.0636655167953555   0.0539863120377207   0
0.284588697168545   0.0261354485797397   -0.0133292895308313   0
0.223852825792975   0.0918265653897981   -0.0607358713755704   0
0.269436176884973   -0.06442072011313   0.0455833510919979   0
0.310553165859954   -0.0127450694996948   0.0411169889749816   0
0.244799720419821   -0.0172447160111662   -0.0657534454401335   0
0.251227060503959   0.239483427010917   0.00642734008413828   0
0.260755294632099   -0.285269601141336   0.00952823412813925   0
0.319351760089873   0.120481954921076   0.0585964654577748   0
