0.003275635   0   0   0
0.0090517   -0.00616562783510337   0.005776065   0
0.0213405   0.0312847107979518   0.0122888   0
0.0298194   0.0500399031366796   0.0084789   0
0.0381296516513723   -0.0230539966131707   0.00831025165137232   0
0.0215323007051761   -0.00396277682239031   -0.0165973509461963   0
0.0122074741679647   0.000520899992217438   -0.00932482653721137   0
0.0313340967160775   0.0136327222685269   0.0191266225481128   0
0.0384162932005744   0.00652270028616077   0.00708219648449689   0
0.0279421932376022   -0.027876266688431   -0.0104740999629723   0
0.0178829699558379   0.00537492956999197   -0.0100592232817643   0
0.018162637922029   -0.0056139843938033   0.0002796679661911   0
0.0308894002142321   0.024038147743401   0.0127267622922031   0
0.0248188050071916   0.00421770784754603   -0.00607059520704045   0
0.0227481824269918   -0.053429852570866   -0.00207062258019979   0
0.0248643615205901   0.00762715300887253   0.00211617909359824   0
0.0223487706026886   0.00471056869256245   -0.00251559091790143   0
0.0309800591895416   0.0447960642018119   0.00863128858685294   0
0.0349767814663528   -0.0146045443660146   0.00399672227681121   0
0.0157721718944031   -0.0420426201683217   -0.0192046095719497   0
0.0311886019770845   0.0191328075156729   0.0154164300826814   0
0.0271543960061252   -0.0170962268369252   -0.00403420597095927   0
0.0360167266189267   0.0546210213773349   0.00886233061280142   0
0.0389933989207468   -0.0124812182166063   0.00297667230182017   0
0.0331294636238636   -0.0320760626374013   -0.00586393529688325   0
0.0417180369086023   -0.00855205758946156   0.00858857328473868   0
0.0345919656309183   0.00745042448390536   -0.00712607127768396   0
0.048507433102438   0.0431752108065988   0.0139154674715197   0
0.0414911016341456   -0.0477356657306147   -0.00701633146829242   0
0.0383382783641232   0.0014590135148046   -0.00315282327002236   0
0.0293908298455062   0.00162639990986327   -0.00894744851861701   0
0.0507846543963085   0.0476388089096431   0.0213938245508023   0
0.0599286269576777   -0.00583774721696864   0.00914397256136921   0
0.0422078095077499   -0.0503750064756793   -0.0177208174499279   0
0.0349146775856047   -0.00339418685964163   -0.0072931319221452   0
0.0313222317034966   0.0231898596581175   -0.00359244588210811   0
0.0473859845617087   0.0362997327678879   0.0160637528582122   0
0.0243809340495294   -0.0559922269957399   -0.0230050505121794   0
0.020751988614878   -0.0108057131280932   -0.00362894543465138   0
0.0196704507838534   0.00721565194861038   -0.00108153783102454   0
0.0255220344758701   0.0581190543840765   0.00585158369201663   0
0.0292388189130238   -0.00724322487499657   0.00371678443715377   0
0.0335795150805889   -0.0422718846040668   0.00434069616756511   0
0.00629018141552372   -0.00010701956682823   -0.0272893336650652   0
0.0326713708175828   0.026327066002973   0.0263811894020591   0
0.0366273199357884   0.0344540427982766   0.00395594911820559   0
0.0283788431478892   -0.0362783209334907   -0.00824847678789913   0
0.01536468760179   -0.0432392328777006   -0.0130141555460992   0
0.015460884686137   -0.00474167686752881   9.6197084346961e-05   0
0.0300800757375713   0.0325690752066084   0.0146191910514343   0
0.0242338107797763   0.0267934864662613   -0.00584626495779503   0
0.0236837559720793   -0.0433041012057312   -0.000550054807697001   0
0.0240144208083502   -0.00585105746576875   0.000330664836270981   0
0.0166760001381634   -0.00690355555826293   -0.00733842067018686   0
0.0133231265816446   0.0716670994865494   -0.00335287355651877   0
0.0244237027128981   0.0104739283283704   0.0111005761312535   0
0.0126474353755228   -0.0770087538295527   -0.0117762673373753   0
0.0364409623591094   -0.00427987105767237   0.0237935269835866   0
0.0384109088158885   0.000517187136762777   0.00196994645677914   0
0.0225358880311615   0.0743447708058778   -0.015875020784727   0
0.0242136824495578   -0.00318245446189072   0.00167779441839629   0
0.022562748709555   -0.0644080754308898   -0.00165093374000285   0
0.0342462281050775   0.000517518798974499   0.0116834793955225   0
0.0294989171015649   0.0033689256742168   -0.00474731100351257   0
0.031632872686446   0.0632022633429134   0.00213395558488104   0
0.0379122951743231   -0.0453164987114824   0.00627942248787709   0
0.0342312262535338   -0.0207206034580237   -0.00368106892078923   0
0.0428717531547186   -0.00892818075062238   0.00864052690118475   0
0.0351812618721831   0.0510795113125972   -0.00769049128253549   0
0.045049539794403   0.0269986194174917   0.00986827792221989   0
0.0426333730052716   -0.0419119767533528   -0.00241616678913136   0
0.0429749243814675   -0.0265705391584834   0.000341551376195855   0
0.042920937886441   -0.00346758469593983   -5.39864950265187e-05   0
0.0438522183513357   0.0664097398226142   0.000931280464894733   0
0.0626954401988095   -0.00366217699274746   0.0188432218474738   0
0.055539790955817   -0.0540455773458737   -0.00715564924299254   0
0.0582708178313124   0.000112287489959666   0.00273102687549547   0
0.0569313978400856   0.0308054083719329   -0.00133941999122687   0
0.0437345832886813   0.069050557871218   -0.0131968145514043   0
0.0689911440643609   -0.0449508252978785   0.0252565607756796   0
0.0622761398291561   -0.0622768113340021   -0.00671500423520481   0
0.0673394394852602   -0.00567920357013918   0.00506329965610415   0
0.0653447757627381   0.026711083741866   -0.00199466372252213   0
0.0656532210172778   0.0652302156373169   0.000308445254539672   0
0.0672757526666183   -0.0130776116304774   0.00162253164934052   0
0.0648564136010534   -0.0718855839943328   -0.00241933906556492   0
0.0767306822974519   0.0176785475314645   0.0118742686963985   0
0.0816511426693644   0.0330123227792589   0.00492046037191249   0
0.0751152587803182   0.0114020291562294   -0.0065358838890462   0
0.0697288074885174   -0.0296753494245862   -0.00538645129180076   0
0.0883255862457901   -0.0130386984141612   0.0185967787572726   0
0.0828976425527584   -0.0135854884932223   -0.00542794369303168   0
0.0678058509552273   0.0448007149992386   -0.0150917915975311   0
0.0814011940066146   0.0572085055510097   0.0135953430513873   0
0.058162115629713   0.0444261153637563   -0.0232390783769016   0
0.0650577422086718   -0.066327994447312   0.00689562657895886   0
0.100490988266871   -0.017297996767712   0.0354332460581997   0
0.109036052382412   -0.0288831452732531   0.0085450641155401   0
0.170365172204239   -0.045582447214799   0.0613291198218274   0
0.281751395155179   0.0588521111305376   0.11138622295094   0
0.241800463059648   0.0747078579022098   -0.0399509320955317   0
0.226078656801261   0.0331138109123747   -0.0157218062583863   0
0.207246137272302   -0.0768270494116903   -0.018832519528959   0
0.195142373909852   -0.0480225195833703   -0.0121037633624503   0
0.206809556232298   -0.0133214664926554   0.0116671823224458   0
0.209103394760995   0.0382055915184752   0.00229383852869705   0
0.197673633679988   -0.000295987407143566   -0.0114297610810072   0
0.213978725262957   -0.0487991513331753   0.0163050915829691   0
0.221420153552296   -0.00341389265003354   0.00744142828933941   0
0.224734192929358   0.0289262203750237   0.0033140393770619   0
0.226103775985503   0.0202469815505207   0.00136958305614476   0
0.212706324644455   0.0594920051755942   -0.0133974513410475   0
0.213178420086562   -0.0139114885916268   0.000472095442106024   0
0.207232805712253   -0.0534141767063654   -0.00594561437430827   0
0.22507315529123   0.00368427080017915   0.0178403495789765   0
0.234466252943339   0.00778654293488591   0.00939309765210966   0
0.223020935193515   0.0355384388761843   -0.0114453177498244   0
0.216921617557616   -0.0275093597690364   -0.00609931763589924   0
0.224077477580529   -0.0581732863596184   0.00715586002291332   0
0.239838682174936   0.014826928847004   0.015761204594407   0
0.235502926115627   0.0195400103946163   -0.00433575605930897   0
0.216747464890601   0.0426231974010878   -0.0187554612250257   0
0.215883009134369   -0.0196616904900596   -0.000864455756232507   0
0.232725061820966   -0.0469743808055415   0.0168420526865972   0
0.234656911654489   0.0216491986506368   0.00193184983352257   0
0.226249908658788   0.0500278440874217   -0.00840700299570049   0
0.209434296263321   0.00169140218500717   -0.0168156123954672   0
0.225007269437812   -0.0681847653381614   0.0155729731744907   0
0.270558292353519   -0.0102446707446919   0.0455510229157078   0
0.255281358247273   0.0182515806190152   -0.0152769341062466   0
0.238254524793864   0.0644110479099998   -0.0170268334534088   0
0.240354201636356   -0.00934060796014263   0.00209967684249177   0
0.27164871929157   -0.055655807774169   0.0312945176552138   0
0.280792514389629   0.00834074122272485   0.00914379509805935   0
0.257643223365665   0.0222748857897514   -0.0231492910239639   0
0.243814438405132   0.0587156770244736   -0.0138287849605329   0
0.262411299664287   -0.051122770788047   0.0185968612591544   0
0.278898773524105   -0.0452304210291907   0.0164874738598184   0
0.282623694133122   0.0216463222379243   0.00372492060901708   0
0.253618991650315   0.0573584164179427   -0.0290047024828071   0
0.250322955674245   -0.029944843730466   -0.00329603597606998   0
0.257273366588484   -0.0664341090922233   0.00695041091423909   0
0.248188364727277   0.0102885769367667   -0.00908500186120675   0
0.278908071252877   0.0583441572146769   0.0307197065255999   0
0.268030455861498   0.0411241462617391   -0.010877615391379   0
0.291965761974328   -0.0842692734945114   0.0239353061128299   0
0.294597960125321   -0.014828506713066   0.00263219815099253   0
0.302860225973138   0.0284130173778343   0.00826226584781703   0
0.292667772843202   0.0598994099903336   -0.0101924531299358   0
0.285266264900443   -0.00833091179773512   -0.0074015079427584   0
0.281593395061479   -0.0651080977437426   -0.00367286983896475   0
0.335210971734966   -0.0283374909046578   0.053617576673487   0
0.299505120434943   0.056818543718509   -0.0357058513000222   0
0.264686819933011   0.0572186683930009   -0.0348183005019329   0
0.28928588397077   -0.0625112190671015   0.0245990640377597   0
0.311703066540498   -0.0465591751263036   0.0224171825697275   0
0.319533331157721   0.0366047939262234   0.00783026461722353   0
0.301886840300302   0.0667288487741352   -0.0176464908574194   0
0.29706085367059   -0.0340486778029387   -0.00482598662971145   0
0.300794106752859   -0.0735980772556339   0.00373325308226802   0
0.335402059645957   0.0205101306509398   0.0346079528930983   0
0.317540300948557   0.0364907792127853   -0.0178617586974001   0
0.321559282368741   0.0770297253825118   0.0040189814201847   0
0.295914324415869   -0.0446199283407263   -0.0256449579528727   0
0.311935294185349   -0.0845366333991771   0.0160209697694799   0
0.325819806987697   0.00959960731650378   0.0138845128023482   0
0.327014426869443   0.0404409313682072   0.0011946198817458   0
0.323356356038891   0.0572057257541246   -0.00365807083055164   0
0.321033104484179   -0.0363324944624281   -0.00232325155471164   0
0.334342768008372   -0.053246398759422   0.0133096635241925   0
0.349232416144679   0.0230176338044324   0.0148896481363068   0
0.331688701786404   0.0352690588188132   -0.0175437143582748   0
0.323481972878706   0.0386340498885844   -0.00820672890769775   0
0.324032298986536   -0.0570209274598617   0.000550326107830068   0
0.345573322029855   -0.0482512087625003   0.0215410230433189   0
0.348812350387354   0.0155263509391984   0.00323902835749856   0
0.328650460630287   0.0248649809790251   -0.0201618897570664   0
0.345680630919278   0.0594037216742566   0.0170301702889905   0
0.320037558448223   -0.0275277952168655   -0.0256430724710544   0
0.328143091127179   -0.0688536616388321   0.00810553267895553   0
0.325197830660431   0.0167746997247859   -0.00294526046674842   0
0.341080087921444   0.0585366907963484   0.0158822572610136   0
0.341337478896619   0.0270348822622977   0.000257390975175242   0
0.347918663868798   -0.0666276174257254   0.00658118497217919   0
0.392609609121135   -0.0121972510193449   0.044690945252336   0
0.424400500309849   0.0409884673814851   0.0317908911887143   0
0.455648839610889   0.0625839079422017   0.0312483393010405   0
0.448387092243688   0.0138860755079584   -0.00726174736720081   0
0.449249369062161   -0.118771050665502   0.000862276818472896   0
0.448322833931644   -0.0534827124560513   -0.000926535130517825   0
0.457931159628552   0.0187965316636096   0.00960832569690806   0
0.456078908736745   0.0852226937837526   -0.00185225089180679   0
0.448470077727879   0.0711367325710389   -0.00760883100886567   0
0.435565638311265   -0.0337855877452528   -0.0129044394166138   0
0.448929196271249   -0.062341813884665   0.0133635579599841   0
0.450738791362026   -0.00171213986740533   0.00180959509077666   0
0.463598140167484   0.0577335375711241   0.0128593488054577   0
0.455367975361136   0.0704149606784828   -0.00823016480634803   0
0.460690585159389   -0.0790610625771809   0.005322609798253   0
0.468088120384132   -0.0902028422969777   0.00739753522474373   0
0.465860406294096   -0.00484660499640768   -0.00222771409003675   0
0.44867105159961   0.0799833352567638   -0.0171893546944856   0
0.441169740102945   0.0336448559400528   -0.00750131149666522   0
0.438128819945116   -0.0718108289742039   -0.00304092015782875   0
0.440227085798057   -0.0052551868251309   0.00209826585294104   0
0.434822732327784   0.0359591084777723   -0.0054043534702729   0
0.423695165075671   0.0547901013302818   -0.0111275672521135   0
0.419954907567467   -0.0290278257990159   -0.0037402575082035   0
0.411250118557126   -0.0644643329013807   -0.00870478901034144   0
0.416926813915224   0.0106364459262802   0.00567669535809834   0
0.400384780990112   0.0344256956685465   -0.0165420329251122   0
0.393925552215771   0.044433344038409   -0.00645922877434119   0
0.404462902773851   -0.052106162693832   0.0105373505580806   0
0.453211215329012   -0.0446878458880274   0.0487483125551604   0
0.462169610561696   0.012728658504302   0.00895839523268432   0
0.483048205956973   0.0761527461111088   0.0208785953952766   0
0.468614240120005   0.0144745019842148   -0.0144339658369675   0
0.447581285571124   -0.0781167206332211   -0.0210329545488813   0
0.46069214918506   -0.0338750605592037   0.0131108636139365   0
0.460275898519573   0.0306325967062689   -0.000416250665487727   0
0.430558220072791   0.076414383795535   -0.0297176784467817   0
0.436874347829556   0.004126220480064   0.00631612775676516   0
0.451015310498713   -0.0744985381071152   0.0141409626691564   0
0.468100796794077   -0.000674886083570886   0.0170854862953647   0
0.46834103458324   0.0299040748797121   0.000240237789163267   0
0.436358132938129   0.0309449362860572   -0.0319829016451113   0
0.454090529093594   -0.00244983207689708   0.0177323961554646   0
0.459844551664473   -0.0615656654628645   0.00575402257087898   0
0.480908619843989   -0.0372389972392596   0.0210640681795158   0
0.48238522720073   0.0253336240151867   0.0014766073567416   0
0.477834850249278   0.0790298660675736   -0.004550376951452   0
0.455760095884885   0.00720395902230195   -0.0220747543643927   0
0.464751965471906   -0.0889172726247912   0.00899186958702092   0
0.461353988041179   -0.00208399491426964   -0.00339797743072767   0
0.455997458858325   0.0376265591849011   -0.00535652918285345   0
0.462690946084155   0.0789151657598312   0.0066934872258293   0
0.435806761272987   -0.0138098988630327   -0.0268841848111679   0
0.448570893037544   -0.0953982719134863   0.0127641317645576   0
0.4640143362893   -0.00426414833631528   0.0154434432517562   0
0.47674019980803   0.0467512413321036   0.0127258635187291   0
0.437464238850732   0.065344783809469   -0.039275960957298   0
0.456519650229046   -0.0506640910670173   0.019055411378314   0
0.47344710409955   -0.064161556986323   0.0169274538705044   0
0.47749397935262   0.012490265768755   0.00404687525306968   0
0.475866103013495   0.0827660575613684   -0.00162787633912481   0
0.464194189417802   0.0282345061030295   -0.0116719135956931   0
0.491289802376866   -0.0942241114194663   0.0270956129590643   0
0.516862338899827   -0.0142311693436522   0.0255725365229615   0
0.537295806954139   0.0339276761390443   0.020433468054312   0
0.549171104460167   0.138357725529882   0.0118752975060279   0
0.785383790531134   0.381259669448509   0.236212686070967   0
1.01224473056357   0.51829805128577   0.22686094003244   1
1.24916156245709   0.250079873976642   0.236916831893521   0
1.24715013806769   -0.365713560681767   -0.00201142438940782   0
1.17329706204077   -0.314070943062979   -0.0738530760269178   0
1.11460136274589   -0.0674541358060442   -0.0586956992948768   0
1.01440287625824   -0.0454149891250761   -0.100198486487647   0
1.08203628785741   -0.00389899404609984   0.0676334115991679   0
1.12664355117757   0.0116426648125832   0.0446072633201546   0
1.11189188753532   0.0839047041529403   -0.0147516636422493   0
1.12594221382457   -0.0496557530256468   0.0140503262892551   0
1.1567109905401   -0.0381179402312531   0.0307687767155229   0
1.15287787697464   0.0354710815057834   -0.00383311356545635   0
1.16541534435628   0.0349169850197659   0.0125374673816383   0
1.15111431754309   0.0430408471314124   -0.0143010268131898   0
1.1561890577062   -0.0357724289317843   0.00507474016310727   0
1.16359903498261   -0.00420723596999195   0.00740997727641401   0
1.14522049247604   0.0219324603268478   -0.0183785425065743   0
1.12850728711019   0.02076065338047   -0.0167132053658441   0
1.12121876303146   -0.00942175120458333   -0.0072885240787286   0
1.11903743772485   -0.0423405220604707   -0.00218132530661008   0
1.14382029845623   0.00638409183932498   0.0247828607313783   0
1.14189119283286   -0.00117048341646309   -0.00192910562337167   0
1.10523799424717   0.0221562621587235   -0.0366531985856924   0
1.0872045848603   -0.0225157105649391   -0.0180334093868699   0
1.10924042492171   -0.0199224393290809   0.0220358400614151   0
1.11579885535454   0.00312764278548061   0.00655843043282767   0
1.14827377738739   0.0104671073278263   0.0324749220328482   0
1.14077748691408   0.0325004401782759   -0.00749629047330913   0
1.12266155817325   -0.00271016412880787   -0.0181159287408239   0
1.14171915015712   -0.0444040980885322   0.0190575919838669   0
1.14958027831487   -0.000835048981420949   0.00786112815775097   0
1.1674323409788   0.00221177923305205   0.0178520626639314   0
1.13234365181578   0.0357992760482299   -0.0350886891630224   0
1.1269765319085   -0.0187880389822075   -0.005367119907286   0
1.15668449042619   -0.0364296834930843   0.0297079585176967   0
1.16055018996832   0.0142135255090885   0.00386569954212623   0
1.14036158404867   0.0361134146383   -0.0201886059196448   0
1.14640808225791   -0.0291350349944361   0.00604649820923231   0
1.15008234880084   -0.0306347880444986   0.00367426654293079   0
1.16138319755895   0.0024637492616798   0.011300848758113   0
1.16762856751088   0.00769086292353371   0.00624536995192604   0
1.16484195864986   0.0402234714081033   -0.00278660886101245   0
1.1434133074559   -0.00521081040480698   -0.021428651193959   0
1.1556770512441   -0.0461977845394871   0.0122637437881923   0
1.16922223417546   0.00871914377423688   0.0135451829313615   0
1.16928341993344   0.037234149611164   6.11857579855268e-05   0
1.15885283769295   -0.0159968287344584   -0.0104305822404946   0
1.15846720764508   -0.0503425881063759   -0.000385630047864183   0
1.14072814109289   -0.0150956235231132   -0.0177390665521906   0
1.14284977415199   -0.0011089249591073   0.00212163305909385   0
1.16582778325542   0.01832821358499   0.0229780091034335   0
1.16067700719408   0.0257265450122776   -0.00515077606134406   0
1.17462075239851   -0.027399191124809   0.013943745204436   0
1.1699586147297   -0.0141377595875376   -0.00466213766880874   0
1.18893569136865   -0.0065206188331165   0.0189770766389454   0
1.18390130155146   0.0305757401616662   -0.00503438981718629   0
1.13896749860795   -0.00187719739221537   -0.044933802943514   0
1.14299325128596   -0.0369563915876081   0.00402575267801031   0
1.13012306321491   0.0132025165960599   -0.0128701880710507   0
1.12732658572627   0.00281452155377493   -0.00279647748863932   0
1.14264295604981   0.0365427680527908   0.0153163703235408   0
1.12441068955053   -0.0114578272772209   -0.0182322664992802   0
1.14492054273757   -0.0506573932520427   0.0205098531870427   0
1.15977224081735   0.00095838153740746   0.0148516980797777   0
1.15676249584617   0.00596603934383511   -0.00300974497118567   0
1.13342285687437   0.0270227812581616   -0.0233396389717995   0
1.11059901389701   -0.00617656040879888   -0.0228238429773608   0
1.11701983461821   -0.0484198601746468   0.00642082072120775   0
1.15145791320797   -0.00303655936352853   0.034438078589756   0
1.14040269110926   0.0304506740131312   -0.0110552220987055   0
1.13756079463308   0.0190318355966484   -0.00284189647618094   0
1.13873204692116   -0.0397445087922037   0.00117125228807535   0
1.17355531459685   -0.00569544727661409   0.0348232676756872   0
1.1549908938496   0.0172889575846763   -0.0185644207472442   0
1.13809965078327   0.026682510723555   -0.0168912430663313   0
1.10700421494049   -0.0384081320575883   -0.0310954358427842   0
1.11850696764236   -0.0319289320174238   0.0115027527018712   0
1.14728279164054   0.000765743203298475   0.0287758239981786   0
1.14815714812052   0.0465474041612965   0.00087435647998646   0
1.13421412207594   0.00907509272836982   -0.0139430260445796   0
1.13008750980013   -0.0397658216144934   -0.00412661227581634   0
1.13056909033924   -0.00288535651279809   0.000481580539115622   0
1.14503573885982   0.0100191776981983   0.0144666485205767   0
1.12356854842473   0.0473031123577308   -0.02146719043509   0
1.13138644112986   -0.0047638929125291   0.00781789270513622   0
1.14822231184699   -0.0445428033628085   0.0168358707171277   0
1.14731213093266   0.00324379918942563   -0.000910180914327929   0
1.14744737584235   -0.00610131692497473   0.000135244909688081   0
1.12205926215708   0.0318031550969371   -0.0253881136852678   0
1.10514984967718   0.00387657019602394   -0.0169094124799014   0
1.1215990295597   -0.0472850635164993   0.0164491798825126   0
1.12676718001069   0.00551474066476054   0.00516815045099772   0
1.11451353012615   0.00511448791135971   -0.0122536498845442   0
1.08745807039685   0.0604070988313781   -0.0270554597292945   0
1.0970968982852   -0.0344209420894939   0.0096388278883428   0
1.08937659244175   -0.0251459956518475   -0.00772030584344652   0
1.09615259105849   -0.0026969715369719   0.00677599861674349   0
1.04533314273788   0.0429925368402456   -0.0508194483206157   0
1.07378702525419   0.00262681540515264   0.028453882516315   0
1.09024530909069   -0.0386245516912112   0.0164582838364946   0
1.11867959750659   -0.0162871811301044   0.0284342884158992   0
1.1159576628216   0.00569620696332895   -0.00272193468498627   0
1.06630870152198   0.0382109451582964   -0.0496489612996167   0
1.03683179207104   0.0421677262563349   -0.0294769094509415   0
1.08837554548533   -0.0724739422072517   0.0515437534142917   0
1.08737982877029   -0.0208371707969333   -0.000995716715046946   0
1.07622282535704   0.0244896489586273   -0.0111570034132431   0
1.05759139329717   0.0385097157288006   -0.0186314320598742   0
1.05838424559349   -0.0267738386514637   0.000792852296319202   0
1.07689764194479   -0.0386117625660348   0.0185133963513009   0
1.09754552811318   0.010332550937295   0.0206478861683945   0
1.07032968385645   0.0384298295391675   -0.0272158442567341   0
1.05616780438787   0.00925042696849565   -0.0141618794685781   0
1.07343993388836   -0.0446588143554725   0.0172721295004887   0
1.11293815878759   -0.00155009480574719   0.0394982248992235   0
1.08595627458441   0.0328095966640517   -0.0269818842031753   0
1.08164339603275   0.0369810360987577   -0.00431287855166462   0
1.07172918414005   -0.0479291774929564   -0.00991421189269404   0
1.07535561481272   -0.029908715167113   0.00362643067267232   0
1.0957791284091   0.00337732379719802   0.0204235135963735   0
1.08070227726754   0.0491352680984252   -0.0150768511415553   0
1.05740381927684   -0.00539208851560879   -0.0232984579907005   0
1.03712818432559   -0.0488125996302698   -0.0202756349512487   0
1.04220357201173   0.00638230374470949   0.00507538768613314   0
