0.323476301445237   0.0424502457481991   0   0   0
0.160278823640087   0.0310942598415644   -0.163197477805151   -0.0113559859066347   0
0.209662848889473   0.0337270115189591   0.0493840252493864   0.00263275167739469   0
0.0886252154460005   0.0777695087088442   -0.121037633443473   0.0440424971898851   0
0.175705047506581   0.0412364502876305   0.0870798320605808   -0.0365330584212137   0
0.110819576917244   0.0986298140976272   -0.0648854705893376   0.0573933638099967   0
0.145703142123154   0.0508661273326612   0.0348835652059102   -0.047763686764966   0
0.126225714942162   0.0806401657207499   -0.0194774271809917   0.0297740383880887   0
0.112616655747407   0.0758434248502466   -0.0136090591947551   -0.00479674087050329   0
0.114260685454534   0.0576065722952685   0.00164402970712708   -0.018236852554978   0
0.0879189332083824   0.100445165447746   -0.0263417522461518   0.0428385931524772   0
0.122307344344361   0.0653487133872581   0.0343884111359783   -0.0350964520604876   0
0.100453685300939   0.0941000368799609   -0.0218536590434221   0.0287513234927028   0
0.137015510408129   0.0555770090915524   0.03656182510719   -0.0385230277884085   0
0.09907625739732   0.0814333129932861   -0.0379392530108086   0.0258563039017337   0
0.122942197817023   0.0490328347041511   0.023865940419703   -0.0324004782891351   0
0.121385867122371   0.042041145354908   -0.00155633069465155   -0.00699168934924309   0
0.117411204719396   0.053726177900745   -0.00397466240297505   0.011685032545837   0
0.0848347733653482   0.0466058473695362   -0.0325764313540481   -0.00712033053120884   0
0.102313923459029   0.0501480678173646   0.0174791500936805   0.00354222044782845   0
0.052302086656079   0.0451835120338717   -0.0500118368029497   -0.00496455578349293   0
0.0833399915868726   0.0401232924821418   0.0310379049307936   -0.00506021955172982   0
0.104022662251609   0.0364750255053797   0.0206826706647367   -0.00364826697676213   0
0.0885484450229364   0.0370345017759305   -0.0154742172286729   0.0005594762705508   0
0.0788522035417527   0.0409525440848172   -0.00969624148118373   0.00391804230888673   0
0.0981337806528924   0.0346759116439842   0.0192815771111397   -0.00627663244083303   0
0.0764602328520519   0.0360236464156615   -0.0216735478008405   0.00134773477167727   0
0.0817033252884049   0.0382831733539358   0.00524309243635296   0.00225952693827432   0
0.0785241157004172   0.0452789243661165   -0.00317920958798772   0.00699575101218071   0
0.104525298197757   0.0384149318008167   0.0260011824973398   -0.00686399256529979   0
0.0674381251507632   0.0197063995684473   -0.0370871730469937   -0.0187085322323694   0
0.128243400594066   0.0479975265725371   0.0608052754433024   0.0282911270040898   0
0.0697565193699485   0.045696796852448   -0.0584868812241171   -0.00230072972008907   0
0.0876392080742404   0.0689329159601751   0.0178826887042919   0.0232361191077271   0
0.0798408455806926   0.0586069657908725   -0.00779836249354779   -0.0103259501693026   0
0.100395167048668   0.055510671289852   0.0205543214679756   -0.00309629450102052   0
0.100547741260806   0.0696421993485272   0.000152574212137824   0.0141315280586752   0
0.0540064964359881   0.0655122958768047   -0.0465412448248179   -0.0041299034717225   0
0.149468191202342   0.0769705550665643   0.0954616947663543   0.0114582591897596   0
0.103314824437251   0.0393350891961503   -0.0461533667650914   -0.0376354658704139   0
0.140976494138881   0.0502753186497609   0.0376616697016302   0.0109402294536106   0
0.178395414440871   0.0710381145059644   0.0374189203019895   0.0207627958562034   0
0.103237282088643   0.060365589194445   -0.0751581323522279   -0.0106725253115193   0
0.131730827734437   0.065143793108822   0.0284935456457946   0.00477820391437692   0
0.0961273094385253   0.0581360191195536   -0.035603518295912   -0.00700777398926836   0
0.136912099795818   0.0725900643553579   0.0407847903572926   0.0144540452358043   0
0.101335440094421   0.076468820111958   -0.0355766597013968   0.00387875575660016   0
0.0917765509066995   0.102344483952507   -0.00955888918772159   0.0258756638405491   0
0.121491441339256   0.0697781844557989   0.029714890432557   -0.0325662994967083   0
0.0967290924225489   0.091136757484357   -0.0247623489167076   0.0213585730285581   0
0.0927857912213933   0.100481447872294   -0.00394330120115553   0.00934469038793681   0
0.115790537849256   0.098693998638595   0.0230047466278627   -0.00178744923369877   0
0.0665188216322456   0.133101196321727   -0.0492717162170105   0.0344071976831323   0
0.114834353880056   0.122311564177319   0.0483155322478107   -0.010789632144408   0
0.0860346927187521   0.141131657610908   -0.0287996611613042   0.0188200934335885   0
0.130537194293006   0.143929108265154   0.0445025015742539   0.0027974506542465   0
0.112377080888445   0.124759795448584   -0.0181601134045611   -0.0191693128165704   0
0.108898643302945   0.158467614496851   -0.00347843758549968   0.0337078190482668   0
0.0907674510818719   0.154531191487479   -0.0181311922210734   -0.00393642300937141   0
0.102158873733651   0.16202996240533   0.0113914226517794   0.00749877091785017   0
0.111328873222763   0.16439774351511   0.00916999948911157   0.00236778110978081   0
0.0760269845476039   0.162503675115395   -0.0353018886751589   -0.00189406839971484   0
0.102451715961825   0.171210547349813   0.0264247314142212   0.00870687223441735   0
0.100628750274114   0.169035944988255   -0.00182296568771112   -0.00217460236155745   0
0.105965826140129   0.173122148426718   0.00533707586601477   0.00408620343846242   0
0.115389527511859   0.168614534641953   0.00942370137172993   -0.00450761378476441   0
0.0702819954185281   0.157486975991334   -0.0451075320933307   -0.0111275586506195   0
0.140689629262785   0.18390248183626   0.0704076338442573   0.0264155058449263   0
0.064535698129175   0.180773445444934   -0.0761539311336104   -0.00312903639132633   0
0.0957647953302256   0.190926581443791   0.0312290972010506   0.0101531359988569   0
0.107798700585258   0.164714948164343   0.0120339052550319   -0.0262116332794482   0
0.086608759514959   0.269328691608822   -0.0211899410702985   0.104613743444479   0
0.0846837633482358   0.23703926520244   -0.00192499616672323   -0.0322894264063825   0
0.0508085274740373   0.240176625900544   -0.0338752358741985   0.00313736069810469   0
0.0466960772584807   0.232772429829077   -0.00411245021555654   -0.00740419607146742   0
0.0860995308945409   0.22847332700189   0.0394034536360602   -0.00429910282718696   0
0.0551946797665319   0.250692536920926   -0.030904851128009   0.0222192099190364   0
0.0933483321197545   0.24642533862828   0.0381536523532227   -0.00426719829264621   0
0.0589675663758477   0.241084775977233   -0.0343807657439069   -0.00534056265104732   0
0.0851389078603901   0.251013065389055   0.0261713414845425   0.00992828941182222   0
0.118139301435551   0.2353377091309   0.0330003935751609   -0.015675356258155   0
0.0766837951423904   0.262159170644286   -0.0414555062931606   0.0268214615133862   0
0.142589928668051   0.239530752823604   0.065906133525661   -0.0226284178206822   0
0.116820149889478   0.247798611038581   -0.0257697787785739   0.00826785821497703   0
0.0774450908351201   0.267777239396406   -0.0393750590543575   0.0199786283578247   0
0.124824397442327   0.258519589764992   0.0473793066072069   -0.00925764963141334   0
0.0936358561267531   0.274843673543525   -0.0311885413155739   0.016324083778533   0
0.144655594023494   0.248527831762441   0.0510197378967412   -0.0263158417810848   0
0.0882390353831001   0.270925401213618   -0.0564165586403941   0.0223975694511776   0
0.17629273036033   0.249623437390007   0.0880536949772298   -0.0213019638236117   0
0.130901334058831   0.245959100058933   -0.0453913963014992   -0.00366433733107394   0
0.0935357567819922   0.261165396241635   -0.0373655772768385   0.015206296182702   0
0.0972526386757192   0.236950177670349   0.00371688189372704   -0.0242152185712854   0
0.0659885525924762   0.272670420688865   -0.031264086083243   0.0357202430185156   0
0.0848903305764561   0.251248056188366   0.0189017779839799   -0.0214223645004984   0
0.069205013735689   0.280160711565576   -0.0156853168407671   0.0289126553772099   0
0.119145340841344   0.298871225139612   0.0499403271056549   0.0187105135740355   0
0.181514983836514   0.267927065496736   0.0623696429951703   -0.0309441596428754   0
0.103573489549643   0.312148872670173   -0.0779414942868712   0.0442218071734369   0
0.169282141741561   0.276230492912282   0.0657086521919182   -0.0359183797578909   0
0.206138747748816   0.323598167583196   0.0368566060072549   0.0473676746709141   0
0.181116471733771   0.290753677981036   -0.0250222760150447   -0.0328444896021605   0
0.211254079740014   0.282291963821927   0.0301376080062422   -0.00846171415910923   0
0.143717035518584   0.297265929197512   -0.0675370442214293   0.0149739653755849   0
0.228874649116869   0.301081887570346   0.085157613598285   0.00381595837283433   0
0.183736751871176   0.341371700872143   -0.0451378972456934   0.0402898133017972   0
0.286692759963013   0.308450966782631   0.102956008091838   -0.0329207340895117   0
0.157679599948535   0.310002362732125   -0.129013160014478   0.00155139594949361   0
0.224850048678351   0.305728467440064   0.0671704487298164   -0.00427389529206151   0
0.214221601669159   0.314504572577971   -0.0106284470091918   0.00877610513790783   0
0.246140471219002   0.313906461081438   0.0319188695498429   -0.000598111496533105   0
0.225850283793889   0.30146916871543   -0.0202901874251133   -0.0124372923660082   0
0.196172090536928   0.311065440669809   -0.0296781932569614   0.00959627195437895   0
0.224144524899628   0.294684034246697   0.0279724343627005   -0.0163814064231123   0
0.16387244482951   0.29442076927719   -0.0602720800701186   -0.000263264969506571   0
0.170288972732852   0.290341516015623   0.00641652790334246   -0.00407925326156772   0
0.190219857241899   0.299824831387349   0.0199308845090469   0.00948331537172686   0
0.163346301622217   0.319201362816017   -0.0268735556196815   0.0193765314286676   0
0.232720649762091   0.310890650072899   0.069374348139874   -0.00831071274311751   0
0.165754602396615   0.335406398412746   -0.0669660473654762   0.024515748339847   0
0.15224292292491   0.347105898146459   -0.0135116794717055   0.0116994997337126   0
0.152134438093956   0.329450224938169   -0.000108484830954159   -0.0176556732082904   0
0.104820610201525   0.365398727693543   -0.0473138278924308   0.0359485027553743   0
0.122012007031532   0.331175308216147   0.0171913968300068   -0.0342234194773959   0
0.110367919603162   0.347825123201214   -0.0116440874283697   0.0166498149850673   0
0.13628669083657   0.340910620518546   0.0259187712334085   -0.00691450268266858   0
0.174921769557708   0.317958327591824   0.0386350787211379   -0.0229522929267214   0
0.0807001806482489   0.350537043312387   -0.0942215889094594   0.0325787157205621   0
0.119844817625336   0.364142378831879   0.0391446369770869   0.0136053355194928   0
0.156539727800102   0.335947617971988   0.0366949101747661   -0.0281947608598919   0
0.0760134672182502   0.367968266430286   -0.0805262605818517   0.0320206484582985   0
0.0889300058367394   0.363481622677048   0.0129165386184891   -0.00448664375323787   0
0.140171425619061   0.357896319581118   0.0512414197823218   -0.00558530309592981   0
0.0279508124019678   0.362748150601419   -0.112220613217093   0.00485183102030096   0
0.124265955077205   0.342681606390451   0.0963151426752374   -0.0200665442109683   0
0.0758960435620329   0.369427904434343   -0.0483699115151723   0.0267462980438917   0
0.0467653234991484   0.365603345269501   -0.0291307200628845   -0.00382455916484181   0
0.0690567792132677   0.33851570087606   0.0222914557141193   -0.0270876443934412   0
0.071312557412352   0.352271064252019   0.00225577819908433   0.0137553633759591   0
0.0529192667422745   0.347407129491466   -0.0183932906700775   -0.00486393476055325   0
0.0584419921253793   0.378267387989964   0.00552272538310483   0.0308602584984984   0
0.045614236118234   0.36088795269654   -0.0128277560071454   -0.0173794352934242   0
0.0299895119262852   0.363482335084526   -0.0156247241919488   0.00259438238798659   0
0.0415085208651188   0.389939286040148   0.0115190089388336   0.0264569509556211   0
0.087714882727902   0.381618626317886   0.0462063618627832   -0.00832065972226198   0
0.0749707101581011   0.394578769604971   -0.0127441725698009   0.012960143287085   0
0.0518190590966297   0.4001819365057   -0.0231516510614714   0.00560316690072993   0
0.0957536888621822   0.392826966670199   0.0439346297655525   -0.00735496983550105   0
0.0687590766485415   0.383705663622848   -0.0269946122136408   -0.00912130304735181   0
0.0853112375642858   0.369137537681079   0.0165521609157443   -0.0145681259417687   0
0.101061087852991   0.420500143727383   0.0157498502887054   0.0513626060463043   0
0.0950228017629158   0.396775229188391   -0.00603828609007535   -0.0237249145389927   0
0.107271445222902   0.418076986038158   0.0122486434599859   0.0213017568497672   0
0.0895392852589856   0.426568614103874   -0.0177321599639161   0.00849162806571646   0
0.114777637228904   0.439756732434252   0.0252383519699188   0.0131881183303773   0
0.100952300023754   0.407667109940513   -0.0138253372051502   -0.032089622493739   0
0.100155919014804   0.382240050783863   -0.000796381008950159   -0.0254270591566498   0
0.121416347698405   0.377357335042331   0.021260428683601   -0.00488271574153187   0
0.104967330978262   0.374976951426018   -0.0164490167201431   -0.00238038361631332   0
0.0921120372034513   0.377087433407028   -0.0128552937748107   0.00211048198101066   0
0.130729398184046   0.386782560552114   0.038617360980595   0.00969512714508614   0
0.110107950387273   0.406189861145315   -0.0206214477967737   0.0194073005932003   0
0.112338497259577   0.384508821441069   0.00223054687230438   -0.0216810397042456   0
0.104037361467023   0.404902321995688   -0.00830113579255409   0.0203935005546191   0
0.130448024267528   0.388546570744744   0.0264106628005051   -0.0163557512509447   0
0.0981592782790297   0.404465369952732   -0.0322887459884984   0.0159187992079881   0
0.0763553608776777   0.401152210692525   -0.021803917401352   -0.00331315926020653   0
0.128066320245254   0.408826850486242   0.0517109593675765   0.0076746397937168   0
0.138829596541083   0.385433827768788   0.0107632762958292   -0.0233930227174535   0
0.18929133742422   0.380911348323005   0.0504617408831368   -0.00452247944578282   0
0.0886168797351836   0.406125118594012   -0.100674457689037   0.0252137702710061   0
0.16268959816156   0.410005181073666   0.0740727184263768   0.00388006247965478   0
0.0787239690273553   0.433502312033915   -0.0839656291342051   0.0234971309602488   0
0.0950348412221539   0.413156187996138   0.0163108721947985   -0.0203461240377774   0
0.0813656749472337   0.431453674147642   -0.0136691662749201   0.0182974861515046   0
0.116216326156569   0.444282137904226   0.0348506512093351   0.012828463756584   0
0.0836634784673247   0.437663373389012   -0.0325528476892442   -0.00661876451521415   0
0.0889464366631401   0.42989222138229   0.00528295819581547   -0.00777115200672207   0
0.0911294205596085   0.426911411055034   0.00218298389646839   -0.00298081032725639   0
0.105549987828943   0.444225450258368   0.0144205672693344   0.0173140392033344   0
0.105594450704807   0.428177880946109   4.4462875864501e-05   -0.0160475693122595   0
0.0997053752144788   0.407449916555704   -0.00588907549032862   -0.0207279643904049   0
0.0987907062644781   0.386054531777572   -0.000914668950000683   -0.0213953847781323   0
0.187129938702737   0.33013285576984   0.0883392324382586   -0.0559216760077315   0
0.0896483147805585   0.35981913567826   -0.0974816239221783   0.0296862799084199   0
