0.0276815839803289   0.00673693696833546   0   0   0
0.0275917969365987   0.00270528   -8.97870437301211e-05   -0.00403165696833546   0
0.0659503547183031   0.00377107   0.0383585577817043   0.00106579   0
0.156341661220086   0.0207607238699666   0.0903913065017828   0.0169896538699666   0
0.0456232978797018   0.0153011836503104   -0.110718363340384   -0.00545954021965622   0
0.0682336249077857   0.0109487583462692   0.022610327028084   -0.00435242530404113   0
0.0461078038811978   0.0134071712391998   -0.0221258210265879   0.00245841289293053   0
0.155235429556561   0.0230455321290809   0.109127625675363   0.00963836088988114   0
0.0676481640212364   0.0161873402000305   -0.0875872655353246   -0.00685819192905035   0
0.064504272882113   0.00935970603718407   -0.00314389113912336   -0.00682763416284647   0
0.101868016091763   0.00896186705550941   0.0373637432096496   -0.000397838981674659   0
0.186955029530205   0.0455148676569811   0.0850870134384429   0.0365530006014716   0
0.118835469689819   0.0329092988140894   -0.068119559840386   -0.0126055688428917   0
0.11851035320279   0.0412798721245963   -0.000325116487029625   0.00837057331050695   0
0.131082737281345   0.0520637071251654   0.0125723840785547   0.0107838350005691   0
0.193791926731972   0.0381130526340058   0.0627091894506274   -0.0139506544911596   0
0.151091055588245   0.0490318793733475   -0.0427008711437274   0.0109188267393416   0
0.142735647724071   0.0533534321543844   -0.00835540786417385   0.00432155278103691   0
0.149164017959426   0.0512818387727566   0.00642837023535545   -0.00207159338162783   0
0.22852288390717   0.0295891903114127   0.0793588659477441   -0.0216926484613439   0
0.178892820408786   0.0555566057517016   -0.0496300634983846   0.0259674154402889   0
0.159682036942106   0.0626590684859941   -0.0192107834666799   0.00710246273429253   0
0.167539453699867   0.0701365405646907   0.00785741675776172   0.00747747207869658   0
0.227881620885406   0.0573256423737449   0.0603421671855388   -0.0128108981909457   0
0.201435351867864   0.0646467762647141   -0.0264462690175427   0.00732113389096915   0
0.1760915029226   0.0817038950571208   -0.0253438489452636   0.0170571187924067   0
0.241296157808387   0.072634530471481   0.0652046548857871   -0.00906936458563977   0
0.269835641543162   0.0602317904780565   0.0285394837347754   -0.0124027399934245   0
0.196335559854042   0.0760393089979288   -0.0735000816891206   0.0158075185198723   0
0.172512546723724   0.0756401553380875   -0.0238230131303181   -0.000399153659841361   0
0.210192782532726   0.0738047688216182   0.0376802358090028   -0.00183538651646931   0
0.278048944745057   0.0566098512820207   0.067856162212331   -0.0171949175395975   0
0.215613010728156   0.0747666784495774   -0.0624359340169012   0.0181568271675567   0
0.202895005221913   0.0780054782855826   -0.0127180055062435   0.0032387998360052   0
0.22760443628621   0.0912726325454131   0.0247094310642976   0.0132671542598305   0
0.270257143495024   0.0741091307395553   0.0426527072088136   -0.0171635018058578   0
0.207219503098429   0.0832284988038953   -0.0630376403965946   0.00911936806434001   0
0.211936947133576   0.0838794733286994   0.00471744403514612   0.000650974524804129   0
0.293528491315988   0.0728832038397737   0.0815915441824124   -0.0109962694889258   0
0.269888135436684   0.0817255857385709   -0.0236403558793036   0.0088423818987972   0
0.212001090010585   0.0873528753122214   -0.0578870454260994   0.00562728957365057   0
0.222155946866862   0.0909865527598035   0.0101548568562776   0.00363367744758206   0
0.28199208153606   0.0765654039072641   0.0598361346691977   -0.0144211488525393   0
0.238170362301694   0.0876175589803494   -0.0438217192343666   0.0110521550730852   0
0.214703845569799   0.10694076133651   -0.0234665167318948   0.0193232023561611   0
0.238215489695465   0.0996327263727888   0.0235116441256658   -0.00730803496372172   0
0.296137744139463   0.0723101901039888   0.0579222544439983   -0.0273225362688   0
0.228796817535057   0.0709896396345974   -0.0673409266044063   -0.00132055046939143   0
0.200873972230453   0.0892155958069272   -0.0279228453046034   0.0182259561723298   0
0.254705236635626   0.0886681880999747   0.0538312644051723   -0.000547407706952427   0
0.314476300833449   0.0710689848444629   0.0597710641978236   -0.0175992032555118   0
0.24525463369855   0.0921210746513793   -0.069221667134899   0.0210520898069164   0
0.219673844841324   0.104259032552796   -0.0255807888572263   0.0121379579014168   0
0.288824927445953   0.0972382795940596   0.0691510826046291   -0.00702075295873654   0
0.307687621941881   0.0766438742978361   0.0188626944959283   -0.0205944052962234   0
0.240803811024784   0.0924653100929343   -0.0668838109170969   0.0158214357950982   0
0.23285033595752   0.0971396294957032   -0.00795347506726413   0.00467431940276891   0
0.318619864910664   0.0727036056523334   0.0857695289531442   -0.0244360238433699   0
0.276855425262284   0.0773331382704239   -0.0417644396483805   0.00462953261809053   0
0.221909533550612   0.0929495110042678   -0.0549458917116723   0.0156163727338439   0
0.247896754421957   0.0977967531394192   0.0259872208713453   0.00484724213515142   0
0.330681761357714   0.0812041495019343   0.0827850069357569   -0.0165926036374849   0
0.251627024493356   0.0995580537053382   -0.0790547368643578   0.0183539042034039   0
0.24442021732459   0.11240051609301   -0.00720680716876568   0.0128424623876718   0
0.281182563266288   0.0915707906331763   0.0367623459416976   -0.0208297254598338   0
0.32229670246723   0.0792934583085673   0.0411141392009418   -0.012277332324609   0
0.238861322242091   0.103606496778593   -0.0834353802251388   0.0243130384700252   0
0.214456220114176   0.0955553399395476   -0.0244051021279147   -0.00805115683904491   0
0.219166660868778   0.105024928648797   0.00471044075460189   0.00946958870924987   0
0.331195685654705   0.086422796893557   0.112029024785927   -0.0186021317552405   0
0.30419838734017   0.0916683063598353   -0.0269972983145349   0.00524550946627836   0
0.249135154110073   0.0956693442456882   -0.0550632332300965   0.0040010378858529   0
0.279804072620897   0.107167110793296   0.0306689185108233   0.0114977665476074   0
0.335573800440216   0.0857007756312007   0.0557697278193195   -0.0214663351620949   0
0.251013593819399   0.109755591140702   -0.0845602066208176   0.0240548155095016   0
0.249976010971233   0.113925727738129   -0.0010375828481656   0.00417013659742718   0
0.334968446873732   0.107361854853754   0.0849924359024987   -0.0065638728843755   0
0.288845317417402   0.100013484666589   -0.0461231294563292   -0.0073483701871646   0
0.219067049381531   0.119849248862391   -0.0697782680358718   0.0198357641958017   0
0.238696344184594   0.123686734214478   0.0196292948030629   0.00383748535208737   0
0.322373045476758   0.101723025462859   0.0836767012921646   -0.0219637087516197   0
0.262474352322737   0.118392362601658   -0.0598986931540217   0.0166693371387994   0
0.202830209563097   0.122447708553815   -0.0596441427596391   0.00405534595215679   0
0.30241175256443   0.133797103892481   0.0995815430013325   0.0113493953386656   0
0.346585176685328   0.120867442134565   0.044173424120898   -0.0129296617579152   0
0.247073712230682   0.127172592505274   -0.0995114644546456   0.00630515037070875   0
0.23562566405307   0.139164769633275   -0.0114480481776127   0.0119921771280009   0
0.360778798483572   0.111732858056583   0.125153134430503   -0.0274319115766921   0
0.295255352928969   0.141425487046767   -0.0655234455546032   0.029692628990184   0
0.232546448312611   0.151691382927732   -0.0627089046163576   0.0102658958809648   0
0.255951301422693   0.143768600895146   0.0234048531100813   -0.00792278203258587   0
0.381433866223229   0.157183453548879   0.125482564800536   0.0134148526537329   0
0.274341160528656   0.163421865290519   -0.107092705694572   0.00623841174164019   0
0.25750238679354   0.174432860097152   -0.0168387737351162   0.0110109948066329   0
0.344359576961945   0.160672517710264   0.0868571901684052   -0.013760342386888   0
0.329843197760405   0.161266242302078   -0.0145163792015399   0.000593724591814199   0
0.249509514660263   0.185641904198608   -0.0803336831001425   0.0243756618965297   0
0.245704140368574   0.183240131395582   -0.00380537429168887   -0.00240177280302603   0
0.367798359854201   0.183297707858705   0.122094219485626   5.7576463122988e-05   0
0.344424580746918   0.18620122360958   -0.0233737791072829   0.00290351575087594   0
0.260973563845478   0.1697967986064   -0.0834510169014392   -0.0164044250031801   0
0.285231422918023   0.190992327115705   0.0242578590725445   0.0211955285093047   0
0.336046255534026   0.158655397679223   0.0508148326160033   -0.0323369294364818   0
0.282212405765675   0.164739337097769   -0.0538338497683512   0.00608393941854607   0
0.264210664327635   0.191515414782675   -0.0180017414380404   0.0267760776849055   0
0.336244524776375   0.191719642669583   0.0720338604487401   0.000204227886907854   0
0.36438740064839   0.19150985385116   0.028142875872015   -0.000209788818423207   0
0.262898800985569   0.191029062818312   -0.10148859966282   -0.000480791032847788   0
0.304434958055756   0.197060173534697   0.0415361570701868   0.00603111071638554   0
0.411632479468081   0.194247606804383   0.107197521412325   -0.00281256673031474   0
0.343449363609485   0.207430708200811   -0.0681831158585963   0.0131831013964285   0
0.302372499232536   0.20704618122067   -0.0410768643769486   -0.000384526980141076   0
0.309672105063695   0.216217508590268   0.0072996058311588   0.0091713273695978   0
0.376523139929009   0.20457615829889   0.066851034865314   -0.0116413502913778   0
0.377538014965712   0.215534009147797   0.00101487503670294   0.0109578508489067   0
0.321495752569828   0.206909312840342   -0.0560422623958839   -0.00862469630745472   0
0.324067540503535   0.22210655363181   0.00257178793370666   0.0151972407914678   0
0.381341602967943   0.215956470820817   0.0572740624644081   -0.00615008281099247   0
0.380165145740322   0.208516950451042   -0.001176457227621   -0.0074395203697748   0
0.306689828284539   0.213649561660918   -0.0734753174557827   0.00513261120987574   0
0.298843786791511   0.216953950862464   -0.00784604149302809   0.00330438920154588   0
0.416444653113964   0.220688317751461   0.117600866322453   0.00373436688899731   0
0.344990180355673   0.219325615784391   -0.071454472758291   -0.00136270196706992   0
0.260183960006992   0.211759225989507   -0.0848062203486813   -0.00756638979488475   0
0.309120387762179   0.253007636170393   0.0489364277551871   0.0412484101808863   0
0.39987905488096   0.226108424545886   0.0907586671187812   -0.0268992116245073   0
0.333691031064681   0.243407133682977   -0.0661880238162791   0.017298709137091   0
0.301605288032223   0.234860444379939   -0.0320857430324585   -0.00854668930303756   0
0.405823466202054   0.252111184906699   0.104218178169832   0.0172507405267602   0
0.393722240794751   0.260726586896125   -0.0121012254073032   0.00861540198942534   0
0.303986778495792   0.258029248665156   -0.0897354622989587   -0.00269733823096857   0
0.324740336888475   0.271527710402019   0.0207535583926822   0.0134984617368624   0
0.432247457767897   0.259925495651932   0.107507120879422   -0.0116022147500867   0
0.346187905372574   0.263059903576163   -0.0860595523953234   0.0031344079242307   0
0.310117007832866   0.261119383205676   -0.0360708975397075   -0.00194052037048698   0
0.369254811541515   0.269013636668687   0.0591378037086491   0.00789425346301165   0
0.42418003401788   0.262676853015687   0.0549252224763648   -0.006336783653   0
0.337967538892421   0.261101330863446   -0.0862124951254594   -0.00157552215224172   0
0.328885054699967   0.260584975933476   -0.00908248419245422   -0.000516354929970098   0
0.389718511724565   0.259846129005095   0.0608334570245985   -0.000738846928380443   0
0.424276260493844   0.245665403870106   0.0345577487692787   -0.0141807251349886   0
0.340478711877395   0.266558865288326   -0.083797548616449   0.0208934614182197   0
0.316486253640012   0.26743913011277   -0.0239924582373828   0.000880264824443644   0
0.400303501462778   0.268973075867572   0.0838172478227656   0.00153394575480192   0
0.418964118342657   0.271517000540781   0.0186606168798795   0.0025439246732093   0
0.330249997465617   0.260404343354546   -0.0887141208770402   -0.0111126571862347   0
0.308621078773064   0.266725490680329   -0.0216289186925526   0.00632114732578309   0
0.423599689214959   0.276605392099761   0.114978610441895   0.0098799014194314   0
0.403308972305465   0.286220517307744   -0.0202907169094946   0.00961512520798302   0
0.313233042455869   0.273657481594648   -0.0900759298495959   -0.0125630357130961   0
0.367841396920249   0.288663834301532   0.0546083544643801   0.0150063527068845   0
0.463026117666434   0.291414902957471   0.0951847207461849   0.0027510686559391   0
0.351449348431961   0.291026128427058   -0.111576769234473   -0.000388774530413305   0
0.30150355913813   0.294522883356052   -0.0499457892938309   0.00349675492899376   0
0.425888599310066   0.297643856932845   0.124385040171936   0.00312097357679331   0
0.406832402360923   0.292011135814634   -0.019056196949143   -0.00563272111821139   0
0.328262581682713   0.290792573201625   -0.0785698206782098   -0.00121856261300868   0
0.342929421000882   0.307397197792709   0.0146668393181685   0.0166046245910841   0
0.46433976246391   0.314274757053541   0.121410341463028   0.00687755926083222   0
0.404231817163432   0.305135148120468   -0.060107945300478   -0.00913960893307336   0
0.300464446329029   0.308546375168179   -0.103767370834402   0.00341122704771063   0
0.408121029893878   0.316090676243036   0.107656583564849   0.0075443010748576   0
0.465930163923151   0.329558042120792   0.0578091340292726   0.0134673658777561   0
0.347710289737434   0.319984540489459   -0.118219874185717   -0.00957350163133386   0
0.338276293187034   0.34182456707882   -0.00943399655039989   0.0218400265893611   0
0.474630600218738   0.342537111748494   0.136354307031705   0.000712544669673965   0
0.412585724100532   0.337561297186526   -0.0620448761182069   -0.00497581456196788   0
0.336145251791484   0.322062800864086   -0.0764404723090479   -0.0154984963224397   0
0.419696191100181   0.342054844174882   0.0835509393086976   0.0199920433107955   0
0.478708925651789   0.337474438430898   0.0590127345516076   -0.0045804057439835   0
0.343654405364692   0.32215820338198   -0.135054520287097   -0.0153162350489184   0
0.347422243516805   0.337967144607893   0.00376783815211279   0.0158089412259134   0
0.492288746533536   0.32613524692181   0.144866503016731   -0.0118318976860831   0
0.428230089299305   0.329649140224455   -0.064058657234231   0.00351389330264512   0
0.354948216794274   0.326173172729047   -0.0732818725050308   -0.00347596749540846   0
0.395595132195633   0.347842637760899   0.040646915401359   0.0216694650318523   0
0.491164219902153   0.340711473702457   0.0955690877065199   -0.00713116405844205   0
0.402816762497483   0.343921963942098   -0.08834745740467   0.00321049023964148   0
0.3183637269103   0.334536244637506   -0.0844530355871826   -0.00938571930459281   0
0.428200819089958   0.352642750482234   0.109837092179658   0.0181065058447282   0
0.496566504736516   0.356093494006897   0.068365685646558   0.00345074352466324   0
0.369221573606425   0.353279407276648   -0.127344931130091   -0.00281408673024852   0
0.35418029522132   0.351280722316942   -0.0150412783851055   -0.0019986849597064   0
0.499555661075541   0.36014175152223   0.145375365854221   0.00886102920528842   0
0.40974246594424   0.356081964748108   -0.0898131951313015   -0.00405978677412294   0
0.31802714512507   0.361957024210403   -0.0917153208191693   0.00587505946229505   0
0.392914464450624   0.361199479679474   0.074887319325554   -0.000757544530928911   0
0.450104507665104   0.345653545604555   0.0571900432144802   -0.0155459340749189   0
0.347059453733885   0.345373703202292   -0.10304505393122   -0.000279842402262531   0
0.358329047059468   0.35021349570628   0.0112695933255834   0.00483979250398764   0
0.484043597894281   0.379971314001123   0.125714550834813   0.0297578182948431   0
0.381400217656188   0.36992213940128   -0.102643380238093   -0.010049174599843   0
0.359790858137524   0.374204054205249   -0.0216093595186642   0.00428191480396906   0
0.466293284716306   0.378980502164442   0.106502426578783   0.0047764479591928   0
0.482683566963766   0.38034966974378   0.0163902822474595   0.00136916757933814   0
0.392457742268671   0.372971150587341   -0.0902258246950951   -0.007378519156439   0
0.346930566914751   0.369956046987088   -0.0455271753539201   -0.00301510360025303   0
0.447899138085934   0.366347652725079   0.100968571171183   -0.0036083942620091   0
0.500892152253058   0.362754881505404   0.0529930141671242   -0.00359277121967438   0
0.388177886333173   0.353733125413807   -0.112714265919885   -0.00902175609159761   0
0.349517896084433   0.37079600917819   -0.0386599902487404   0.0170628837643833   0
0.479249645391605   0.373399304059692   0.129731749307173   0.00260329488150202   0
0.475678256643879   0.383767924355573   -0.0035713887477265   0.0103686202958811   0
0.356148458893634   0.380040218051715   -0.119529797750245   -0.00372770630385849   0
0.415711813118182   0.382689345738698   0.0595633542245482   0.00264912768698283   0
0.542231799038653   0.382664815234838   0.126519985920471   -2.45305038599763e-05   0
0.45405923406748   0.377995246797169   -0.0881725649711732   -0.00466956843766897   0
0.364111130617926   0.382628650199642   -0.089948103449554   0.00463340340247326   0
0.382306596343252   0.389454634562018   0.0181954657253263   0.00682598436237608   0
0.497591315132779   0.391653331582616   0.115284718789526   0.00219869702059777   0
0.488630852194171   0.38445029100451   -0.00896046293860797   -0.00720304057810578   0
0.408967378044264   0.382363574709778   -0.0796634741499069   -0.00208671629473212   0
0.39316567175864   0.382004505267294   -0.0158017062856241   -0.000359069442483984   0
0.496072409725395   0.386634822661565   0.102906737966755   0.00463031739427117   0
0.509351603520594   0.374630943776792   0.0132791937951988   -0.0120038788847729   0
0.397787493655394   0.37128246713597   -0.1115641098652   -0.00334847664082233   0
0.369839689292432   0.376429943875949   -0.0279478043629621   0.0051474767399789   0
0.427773887806333   0.383702606480817   0.0579341985139009   0.00727266260486786   0
0.531380690727881   0.374540218270982   0.103606802921548   -0.00916238820983439   0
0.492556142498725   0.37319231067313   -0.0388245482291563   -0.00134790759785225   0
0.374867522071995   0.364867839065   -0.11768862042673   -0.00832447160813038   0
0.385265682595719   0.377832776597402   0.0103981605237234   0.0129649375324026   0
0.512584295010772   0.371251619911786   0.127318612415053   -0.00658115668561643   0
0.456636728742705   0.361189941197429   -0.0559475662680666   -0.0100616787143563   0
0.372679532012043   0.367060022273228   -0.0839571967306617   0.00587008107579845   0
0.462573555162745   0.393644358233003   0.0898940231507018   0.0265843359597747   0
0.530011574908092   0.382512098080116   0.0674380197453466   -0.0111322601528863   0
0.403241122793019   0.377194586469888   -0.126770452115072   -0.00531751161022803   0
0.380911961249129   0.365113173475787   -0.0223291615438909   -0.0120814129941014   0
0.50039420093918   0.370423788205985   0.119482239690051   0.00531061473019817   0
0.502945034578598   0.375483617903821   0.00255083363941888   0.0050598296978358   0
0.415564684990392   0.363630910133091   -0.087380349588206   -0.0118527077707299   0
0.347194472946977   0.367730163430759   -0.0683702120434158   0.00409925329766775   0
0.344025100580844   0.370783352299035   -0.00316937236613229   0.00305318886827599   0
0.505318513149637   0.381167405815742   0.161293412568793   0.0103840535167073   0
0.487356449340726   0.378416091771901   -0.0179620638089107   -0.00275131404384071   0
0.403211420017948   0.366294585431098   -0.0841450293227785   -0.0121215063408031   0
0.4212798650397   0.37215102496189   0.0180684450217524   0.00585643953079146   0
0.541807804853935   0.369833240461394   0.120527939814235   -0.00231778450049597   0
0.447542650027905   0.368520015818293   -0.0942651548260302   -0.00131322464310069   0
0.355339532054907   0.368579284960472   -0.0922031179729985   5.92691421785752e-05   0
0.481211239546252   0.380573614430586   0.125871707491345   0.011994329470114   0
0.502545718378149   0.368325788889062   0.0213344788318975   -0.0122478255415234   0
0.379991832813299   0.369172462806088   -0.12255388556485   0.000846673917025864   0
0.360609834839886   0.370082220253149   -0.0193819979734126   0.000909757447060511   0
0.514915758558077   0.361555883553981   0.154305923718191   -0.0085263366991673   0
0.457260657583659   0.360656638170033   -0.0576551009744184   -0.000899245383948366   0
0.358091427917634   0.36138496825491   -0.0991692296660249   0.000728330084877438   0
0.392924708427251   0.383974452270994   0.0348332805096169   0.0225894840160839   0
0.516622197423311   0.388280884151744   0.12369748899606   0.00430643188074981   0
0.453519330468956   0.395801818367289   -0.0631028669543546   0.00752093421554517   0
0.375294767246547   0.38758408247698   -0.0782245632224087   -0.00821773589030905   0
0.440887082829164   0.399538488238395   0.0655923155826166   0.0119544057614153   0
0.569022148942737   0.38743847567902   0.128135066113573   -0.0121000125593756   0
0.43631205594212   0.385605815264254   -0.132710093000616   -0.00183266041476582   0
0.358228993287031   0.373294526511493   -0.078083062655089   -0.0123112887527607   0
0.459363910185596   0.391978989748252   0.101134916898564   0.0186844632367582   0
0.542671978750184   0.388424587774525   0.0833080685645882   -0.00355440197372614   0
0.409697398988131   0.370425085942151   -0.132974579762053   -0.0179995018323743   0
0.374781752859234   0.382344843977515   -0.0349156461288972   0.0119197580353636   0
0.519473003755546   0.395657956460501   0.144691250896312   0.0133131124829867   0
0.559766755127607   0.384519850553531   0.0402937513720604   -0.0111381059069702   0
0.404156366585459   0.372479988174268   -0.155610388542148   -0.0120398623792636   0
0.408848356335561   0.392610860736394   0.00469198975010204   0.0201308725621268   0
0.563183080950138   0.400483435792556   0.154334724614577   0.00787257505616118   0
0.507186776537254   0.386034018169138   -0.0559963044128847   -0.014449417623418   0
0.40702324203786   0.397252012480793   -0.100163534499394   0.0112179943116552   0
0.409568559462576   0.402352956671453   0.00254531742471692   0.00510094419066015   0
0.526918144374143   0.401274811236019   0.117349584911566   -0.00107814543543411   0
0.504754938609579   0.39108396359126   -0.0221632057645638   -0.0101908476447588   0
0.412574741471845   0.384966387718642   -0.0921801971377338   -0.00611757587261774   0
0.419224515767578   0.39962659908351   0.00664977429573238   0.0146602113648678   0
0.560182514200292   0.405478180443415   0.140957998432714   0.00585158135990482   0
0.492927030808425   0.382834795751996   -0.0672554833918667   -0.0226433846914189   0
0.412370198999346   0.394072441416705   -0.0805568318090792   0.011237645664709   0
0.505900340544104   0.421649362144866   0.0935301415447579   0.027576920728161   0
0.556680753143882   0.399270858809621   0.0507804125997785   -0.0223785033352448   0
0.446811752148978   0.393112714864249   -0.109869000994904   -0.00615814394537273   0
0.416492684227995   0.376191002292732   -0.0303190679209837   -0.0169217125715169   0
0.532941379200611   0.390455473576133   0.116448694972617   0.0142644712834014   0
0.52234294138193   0.38480937039863   -0.0105984378186814   -0.00564610317750314   0
0.399641560989074   0.376830357180207   -0.122701380392856   -0.00797901321842281   0
0.374643045954359   0.384143732601565   -0.0249985150347153   0.00731337542135768   0
0.509997347598681   0.376811165567795   0.135354301644322   -0.00733256703377011   0
0.506731774442614   0.379840837239182   -0.00326557315606735   0.0030296716713869   0
0.409692496303764   0.377927732965799   -0.0970392781388493   -0.00191310427338282   0
0.392657841527315   0.375611480195648   -0.0170346547764494   -0.0023162527701508   0
0.490936095475986   0.371421361239795   0.098278253948671   -0.00419011895585275   0
0.504231607438735   0.37549375079208   0.0132955119627485   0.00407238955228506   0
0.395320793017784   0.363922567022492   -0.10891081442095   -0.011571183769588   0
0.392153163575152   0.39008275560035   -0.00316762944263238   0.0261601885778578   0
0.502559751727096   0.368155440464694   0.110406588151944   -0.0219273151356566   0
0.471635399452681   0.367370467218178   -0.0309243522744146   -0.00078497324651533   0
0.360668572414467   0.362857343015157   -0.110966827038214   -0.0045131242030208   0
0.456268737845023   0.384343708553493   0.0956001654305551   0.0214863655383358   0
0.502891555719521   0.376419360279117   0.0466228178744983   -0.00792434827437571   0
0.396538313204525   0.333705659342784   -0.106353242514996   -0.042713700936333   0
0.391221446541073   0.321693599791374   -0.00531686666345155   -0.0120120595514108   0
0.386840296602001   0.415618168982709   -0.00438114993907246   0.0939245691913358   0
0.421812855833928   0.459985761637712   0.0349725592319273   0.0443675926550022   0
0.532771922283269   0.476923370824258   0.110959066449341   0.0169376091865461   0
0.483463025643113   0.460315152950294   -0.0493088966401564   -0.0166082178739638   0
0.332278890932411   0.440411698003303   -0.151184134710702   -0.0199034549469911   0
0.339258198225814   0.470600931689195   0.00697930729340313   0.0301892336858923   0
0.498708566838018   0.473081153037721   0.159450368612204   0.00248022134852632   0
0.447458836845729   0.462950577087755   -0.0512497299922888   -0.0101305759499669   0
0.347630393982338   0.468044012964573   -0.099828442863391   0.00509343587681804   0
0.498247275444614   0.481117209123636   0.150616881462276   0.0130731961590633   0
0.542791091246349   0.458101319762291   0.0445438158017353   -0.0230158893613453   0
0.411220105646629   0.468713672341227   -0.131570985599721   0.0106123525789362   0
0.359939741336255   0.48634808174996   -0.0512803643103737   0.0176344094087336   0
0.444547216315245   0.467250061982014   0.0846074749789905   -0.0190980197679461   0
0.555104027130791   0.477366799999203   0.110556810815546   0.0101167380171886   0
0.449754728832918   0.476101088954918   -0.105349298297873   -0.00126571104428475   0
0.39530695789168   0.476833058041987   -0.0544477709412384   0.000731969087068352   0
0.446145821291897   0.461388457272126   0.0508388634002169   -0.0154446007698605   0
0.560287765377522   0.464249251806885   0.114141944085625   0.00286079453475907   0
0.534478592382341   0.445024586525565   -0.0258091729951813   -0.0192246652813203   0
0.389952295492733   0.419342696448931   -0.144526296889608   -0.0256818900766341   0
0.355333046237161   0.4319467201221   -0.0346192492555722   0.0126040236731696   0
0.384836789608998   0.471946325367398   0.0295037433718371   0.0399996052452978   0
0.515721764610271   0.476334655571535   0.130884975001273   0.00438833020413648   0
0.55660951610171   0.453630413567722   0.0408877514914391   -0.0227042420038127   0
0.450078685884546   0.457037094169893   -0.106530830217164   0.00340668060217153   0
0.377258760620461   0.451137969980914   -0.072819925264085   -0.00589912418897948   0
0.378171706547647   0.469015972206374   0.000912945927186326   0.0178780022254599   0
0.493675691649133   0.472363521399949   0.115503985101486   0.00334754919357511   0
0.561323397427232   0.462842184426928   0.0676477057780985   -0.00952133697302138   0
0.470097612078215   0.444490310423118   -0.0912257853490166   -0.0183518740038093   0
0.349798973535787   0.449837813099899   -0.120298638542428   0.00534750267678108   0
0.364360797596887   0.466613733476898   0.0145618240611007   0.0167759203769991   0
0.408048138638825   0.487465066817316   0.0436873410419378   0.0208513333404172   0
0.560858270523178   0.497341939666554   0.152810131884352   0.00987687284923805   0
0.59168326677175   0.482478082782524   0.0308249962485724   -0.0148638568840297   0
0.498924720111161   0.452865022373113   -0.0927585466605894   -0.0296130604094111   0
0.383654520170739   0.448536084080827   -0.115270199940422   -0.00432893829228626   0
0.361268548739314   0.450424493415145   -0.0223859714314252   0.00188840933431833   0
0.391566786378314   0.470296456165151   0.0302982376389999   0.0198719627500062   0
0.492002968084797   0.448425650874535   0.100436181706483   -0.0218708052906166   0
0.527259965569177   0.442446813487791   0.03525699748438   -0.00597883738674371   0
0.417174757785032   0.456770203098968   -0.110085207784145   0.0143233896111772   0
0.416139400403386   0.475272949672775   -0.0010353573816454   0.0185027465738068   0
0.46554825434539   0.476702291132002   0.0494088539420037   0.00142934145922707   0
0.552257597317556   0.463982886289142   0.086709342972166   -0.0127194048428603   0
0.525030231327007   0.456262699755579   -0.0272273659905496   -0.00772018653356221   0
0.400325703517786   0.453364485271244   -0.124704527809221   -0.00289821448433553   0
0.393554090115006   0.470413162558723   -0.00677161340277999   0.0170486772874796   0
0.456757479593931   0.478700991254551   0.0632033894789251   0.00828782869582784   0
0.543168752025877   0.454505399119746   0.086411272431946   -0.0241955921348049   0
0.490926233756407   0.444213684461758   -0.0522425182694701   -0.0102917146579887   0
0.382969102306296   0.428387650348726   -0.107957131450111   -0.0158260341130316   0
0.3875182381452   0.445043913288737   0.00454913583890432   0.0166562629400105   0
0.43719126564012   0.454088706949975   0.04967302749492   0.00904479366123806   0
0.568668791066549   0.45251033542064   0.131477525426429   -0.00157837152933493   0
0.523412543359528   0.43313091852089   -0.0452562477070204   -0.0193794168997496   0
0.385792227914314   0.433501321805943   -0.137620315445214   0.000370403285053167   0
0.361946189166788   0.431827003020307   -0.0238460387475264   -0.00167431878563656   0
0.435598130325751   0.450828920672244   0.0736519411589635   0.0190019176519368   0
0.53780137067568   0.431981258733235   0.102203240349929   -0.0188476619390088   0
0.465112419274093   0.419452444899598   -0.0726889514015865   -0.012528813833637   0
0.415490239400446   0.429245858234241   -0.0496221798736474   0.00979341333464318   0
0.454762124531947   0.45077874467997   0.0392718851315009   0.0215328864457295   0
0.569231383754234   0.432524289875436   0.114469259222287   -0.0182544548045347   0
0.608892080370643   0.451047764986426   0.0396606966164094   0.0185234751109901   0
0.508287613876445   0.430574292813099   -0.100604466494198   -0.0204734721733271   0
0.404686173335895   0.429470845371662   -0.10360144054055   -0.00110344744143676   0
0.411017787827498   0.450728121660941   0.00633161449160285   0.021257276289279   0
0.457193183527226   0.446492156330041   0.0461753956997284   -0.00423596533089982   0
0.571475452165051   0.435609288832608   0.114282268637825   -0.0108828674974337   0
0.552606245275286   0.427565972707429   -0.018869206889765   -0.00804331612517856   0
0.450190363336322   0.434991943540625   -0.102415881938964   0.00742597083319574   0
0.453992826093376   0.433199510166505   0.00380246275705326   -0.00179243337411972   0
0.527358475653791   0.435300371408353   0.0733656495604152   0.00210086124184783   0
0.581507404603974   0.440541414508897   0.0541489289501832   0.00524104310054441   0
0.484085825533035   0.425078261983602   -0.0974215790709391   -0.0154631525252951   0
