0.247246093520201   0   0   0
0.297132847302347   0.304237669186934   0.0498867537821462   0
0.331348403704469   0.227207015072712   0.034215556402122   0
0.330249604939204   0.0706208533783693   -0.00109879876526575   0
0.307506909584565   0.0362281971092918   -0.0227426953546383   0
0.280745533525918   -0.126619046539522   -0.0267613760586471   0
0.261702591466134   -0.248461096373882   -0.0190429420597847   0
0.230605674363729   -0.215405108382958   -0.031096917102405   0
0.23932408860038   -0.0844326048298068   0.0087184142366514   0
0.241532669493176   0.0131590790435368   0.00220858089279655   0
0.237566979220366   0.0295565647306385   -0.00396569027281005   0
0.254980758388726   0.280295960028436   0.0174137791683598   0
0.277394824693617   0.0890728151485283   0.0224140663048908   0
0.286816114852988   0.044773478494219   0.00942129015937115   0
0.277512937214723   0.144380920378228   -0.00930317763826566   0
0.316104140530759   -0.171650516705773   0.0385912033160367   1
0.274314905660087   -0.0177563724842926   -0.0417892348706722   0
0.114137674939215   -0.290845059018823   -0.160177230720872   0
0.159029654563166   -0.176791833722   0.0448919796239509   0
0.03111735618172   -0.0232405891916864   -0.127912298381446   0
0.0594891193515671   -0.0628305737278528   0.0283717631698472   0
0.171631459380477   0.0104632494415439   0.11214234002891   0
1.85994054527349   1.04573085783772   1.68830908589301   1
1.30116789447226   -0.86553363025261   -0.558772650801228   1
1.02620014659057   0.137204104553672   -0.274967747881696   1
1.09288833463259   0.242824730252849   0.0666881880420251   0
0.939593880596292   0.436153580197413   -0.153294454036299   0
0.845895311212032   -0.0102253740363201   -0.0936985693842606   0
0.849192830589878   -0.214798761767259   0.00329751937784661   0
0.77394260981742   -0.319394697510345   -0.0752502207724579   0
0.754813095839129   -0.150117210767978   -0.0191295139782917   0
0.727496559865062   -0.0640284667728918   -0.0273165359740666   0
0.727233000331049   0.00534710786588821   -0.000263559534012914   0
0.723506450933404   -0.00312454811361507   -0.0037265493976455   0
0.72808699138513   0.0360352856447649   0.00458054045172585   0
0.719094088326764   0.0354733400492759   -0.00899290305836553   0
0.702560539331843   -0.0569799886850669   -0.0165335489949212   0
0.696976791488246   -0.00912695074966152   -0.00558374784359683   0
0.687931543807413   -0.00398468583589173   -0.00904524768083348   0
0.699092596126758   -0.00439743830455364   0.0111610523193451   0
0.716552529635127   0.0543101633332356   0.0174599335083695   0
0.697437535168025   -0.00477091009049868   -0.0191149944671023   0
0.693056090780176   -0.125914229347771   -0.0043814443878486   0
0.717649441561303   -0.0339174396675417   0.0245933507811268   0
0.725883278593225   0.0735764791362259   0.00823383703192215   0
0.755381370904128   0.082344198701765   0.0294980923109028   0
0.742906606864214   0.155189084782174   -0.0124747640399139   0
0.725632486847509   -0.0848024174537745   -0.0172741200167055   0
0.704527904876379   -0.0346885726424857   -0.0211045819711297   0
0.706919992933606   -0.056926908673041   0.00239208805722724   0
0.69083098626473   -0.0213139330508401   -0.0160890066688758   0
0.680732426864624   0.00451792451291899   -0.0100985594001068   0
0.637842118575592   -0.0257016970227321   -0.0428903082890311   0
0.331635933210652   0.0757314056723779   -0.30620618536494   0
0.397469142042134   -0.0252637079200426   0.0658332088314819   0
0.444764711140902   -0.193288487103889   0.047295569098768   0
0.480367425458367   0.0477129856810403   0.0356027143174653   0
0.517525535577956   0.0324429553780361   0.0371581101195886   0
0.509449778182551   0.168730858419442   -0.00807575739540523   0
0.509172017133208   0.100505365057442   -0.000277761049342296   0
0.498636163533593   -0.0949350611914015   -0.0105358535996154   0
0.507246164779488   -0.0595444925856883   0.00861000124589562   0
0.488025947145487   -0.0171532489251454   -0.0192202176340012   0
0.467745607842821   -0.0206221757023985   -0.0202803393026663   0
0.444652672822845   -0.0355713233809954   -0.023092935019976   0
0.43218712552406   -0.148028480765224   -0.0124655472987846   0
0.444464397908876   0.0653744839427228   0.0122772723848161   0
0.473867422562735   0.0891016398977796   0.0294030246538589   0
0.451113881179132   0.184830618146154   -0.0227535413836035   0
0.224150387255967   0.248296374593394   -0.226963493923165   0
0.312379668774078   -0.0814160205971316   0.0882292815181106   0
0.54041676888103   -0.0010362548274061   0.228037100106952   0
0.295872829820938   -0.114623505571041   -0.244543939060092   0
0.344877126164522   -0.378650455666814   0.0490042963435841   0
0.562023731656413   0.228827126784221   0.217146605491891   0
0.577995849240287   0.0713679693134638   0.0159721175838735   0
0.57249321027524   0.00239782405697497   -0.00550263896504666   0
0.546148869086305   -0.0345349337828288   -0.0263443411889348   0
0.421906060320885   0.0257229203100125   -0.12424280876542   0
0.263809542504744   0.0239310144996765   -0.15809651781614   0
0.294204277285617   0.0130501763657203   0.0303947347808732   0
0.194444458484608   -0.00839198993894152   -0.0997598188010093   0
0.169364569100712   0.11028632954247   -0.0250798893838957   0
0.12201492137916   -0.232487648349406   -0.0473496477215528   0
0.133596533834125   -0.074511645176437   0.0115816124549654   1
0.187237508321256   0.0844382236885854   0.0536409744871313   0
0.251049985100423   -0.0805523128683978   0.0638124767791666   0
0.291256089531618   0.19016511476401   0.0402061044311954   0
0.338238421657712   -0.0268047563616107   0.0469823321260936   0
0.351865329480612   -0.101513726076656   0.0136269078229007   0
0.321073373052017   0.0129875103066966   -0.030791956428595   0
0.328544240593638   -0.0258102773422929   0.00747086754162007   0
0.336923962316796   -0.0166578161451386   0.00837972172315876   0
0.340199910048122   -0.00162938346882452   0.00327594773132522   0
0.344590819391637   0.0145362975265638   0.00439090934351577   0
0.347436870943845   -0.0230657556872665   0.00284605155220763   0
0.329808153829996   -0.0760531691006709   -0.0176287171138494   0
0.372372513665295   0.165899614904463   0.042564359835299   0
0.396375431773338   0.0754717394967283   0.0240029181080433   0
0.432656754038926   -0.00582381663401405   0.0362813222655885   0
0.42916404020753   0.0510139516121933   -0.00349271383139682   0
0.455543786392702   0.0226056089027438   0.0263797461851728   0
0.416715417773629   -0.166899426234141   -0.0388283686190735   0
0.420017725422392   -0.0765070259136861   0.00330230764876333   0
0.417477718368298   0.0211868045329203   -0.00254000705409407   0
0.492194493975197   0.000783081338864733   0.0747167756068987   0
0.34357726010717   -0.0585096050670306   -0.148617233868027   0
0.400943914986248   0.0719402342070554   0.0573666548790784   0
0.42364601013169   -0.0363034594678596   0.0227020951454415   0
0.411891907425662   -0.0202479515698548   -0.0117541027060281   0
0.421472062340436   -0.034806215151364   0.00958015491477371   0
0.469441235761197   0.0630779274875369   0.0479691734207617   0
0.498560300237594   0.014517058465949   0.0291190644763969   0
0.515535597026529   0.084587740363484   0.0169752967889353   0
0.506883509627459   0.154524202415939   -0.00865208739907075   0
0.541858671999443   -0.130633607780481   0.0349751623719846   0
0.49658801571952   -0.0907893870722586   -0.0452706562799235   0
0.45424901967203   0.0499332762516162   -0.0423389960474902   0
0.406754656187548   -0.0548365150751498   -0.047494363484482   0
0.402754388181246   0.00506479952062022   -0.00400026800630127   0
0.318268834346453   -0.0316800864731119   -0.0844855538347932   0
0.412173653996104   -0.0266391963033837   0.0939048196496508   0
0.279861366110032   0.132617801958522   -0.132312287886071   0
0.0647277681611416   0.0178332600432541   -0.215133597948891   0
0.0693920025183198   0.242991417220031   0.00466423435717817   1
0.298852602885289   0.80588599140097   0.22946060036697   1
0.512088108365057   1.34575460341747   0.213235505479768   1
0.27327587530159   -0.284445322487985   -0.238812233063467   1
0.245369893118899   -0.267307463377687   -0.0279059821826911   0
0.27219959031621   -0.912976016428876   0.0268296971973113   1
0.210071423514123   -0.756228381769814   -0.062128166802087   1
0.244671685301446   -0.27137851573726   0.0346002617873234   0
0.235428943585958   -0.160966870361571   -0.00924274171548875   0
0.224710973504856   -0.0299286971028053   -0.0107179700811018   0
0.254617018220503   0.0656524349365233   0.0299060447156473   0
0.21796302849394   0.0199566233148954   -0.0366539897265634   0
0.220527698149802   -0.0554031265273615   0.00256466965586186   0
0.209217578598812   -0.0389168517512323   -0.0113101195509898   0
0.212347387920125   0.0301263512568268   0.00312980932131307   0
0.206773497443459   0.0182251276529781   -0.00557389047666626   0
0.205505059510101   -0.0105375613162876   -0.00126843793335801   0
0.24884702041104   0.123049935071464   0.0433419609009393   0
0.345686186798865   0.210440790862258   0.0968391663878254   0
0.376170925175166   0.0791643463010355   0.0304847383763002   0
0.376885366949952   -0.122306605830962   0.000714441774786467   0
0.391679785586709   0.0199313276997141   0.0147944186367566   0
0.409970557510536   -0.141291703084352   0.0182907719238278   0
0.212229583765435   -0.137133969085121   -0.197740973745101   0
0.164430792080445   0.191001954753235   -0.0477987916849906   0
0.123587294328189   -0.0762935033687891   -0.0408434977522556   0
0.109178624315843   0.0791061543715286   -0.0144086700123462   0
0.112632472322739   -0.125419756450036   0.0034538480068956   0
0.132408264838387   -0.03076686196643   0.0197757925156486   0
0.113243317341963   -0.00209788888841708   -0.0191649474964244   0
0.138888105172238   0.0315388390232034   0.0256447878302748   0
0.148411903887828   -0.0172189877941515   0.00952379871559075   0
0.163724163335082   0.0919215176215913   0.0153122594472533   0
0.170057969493964   -0.0628274659846625   0.00633380615888232   0
0.203291408554936   0.00262095129276763   0.0332334390609722   0
0.225542435089275   -0.0133189436964601   0.0222510265343392   0
0.221708008803246   0.00124767349434973   -0.00383442628602984   0
0.211888939476557   0.0040510881683346   -0.00981906932668866   0
0.211804904486416   -0.013657440498036   -8.40349901404247e-05   0
0.229121499146741   -0.0225196120560557   0.0173165946603245   0
0.224199245042217   0.0366223140770209   -0.00492225410452407   0
0.196717005336981   0.0069983264954841   -0.0274822397052354   0
0.200146126759076   0.0397389519903257   0.00342912142209426   1
0.344161443772182   0.271699304135059   0.144015317013106   0
0.297255272705969   -0.17475845480266   -0.0469061710662125   0
0.225569266552981   -0.106474044113854   -0.0716860061529876   0
0.196417335360197   -0.0682018514102738   -0.0291519311927847   0
0.211495234226448   -0.0183514743462195   0.015077898866251   0
0.208045373635176   -0.0280595429844248   -0.00344986059127173   0
0.196452563300279   0.0384024614206936   -0.0115928103348973   0
0.202898629697812   0.0337321122171658   0.00644606639753373   0
0.215780066323908   -0.0932724705549706   0.0128814366260953   0
0.237198508164048   -0.0177814291399938   0.0214184418401404   0
0.270537318517243   0.0531615193985098   0.0333388103531945   0
0.270757972045146   -0.0287737733336347   0.000220653527903181   0
0.261328169795661   -0.0161407853045697   -0.00942980224948448   0
0.269265521243437   0.0925890959593395   0.00793735144777596   0
0.393037811716742   0.822072331908214   0.123772290473305   1
0.390448344161942   0.143963013632161   -0.00258946755479961   0
0.417597596265738   -0.00970633789563857   0.027149252103796   0
0.472255040905666   -0.431736955983766   0.0546574446399281   1
0.38051136544992   -0.224865459008849   -0.0917436754557463   0
0.305956661273492   -0.219622524859341   -0.0745547041764277   0
0.316974614804281   -0.0387919799482811   0.011017953530789   0
0.317124674083412   -0.0372215344579187   0.000150059279130199   0
0.338603775660432   0.0224252659352756   0.0214791015770202   0
0.316549642347373   0.064373162266346   -0.0220541333130584   0
0.319178033413172   -0.0778360096292283   0.00262839106579882   0
0.332312306086835   -0.015803581066867   0.0131342726736624   0
0.328423524867282   -0.00431758545224781   -0.00388878121955277   0
0.328792477835944   -0.0166186285629507   0.000368952968662628   0
0.336542469612306   0.0708905161853284   0.00774999177636176   0
0.469867743024029   0.498294122797248   0.133325273411723   1
0.471578746726981   0.0831318328148989   0.00171100370295213   0
0.0755711966431987   -0.419418916043457   -0.396007550083783   1
0.0875626812095912   -0.133008853580189   0.0119914845663926   0
0.199587268471645   -0.0326371992956783   0.112024587262054   0
0.296553092246987   -0.0225316949440989   0.0969658237753421   1
3.15037390557677   0.551820376455051   2.85382081332979   1
1.8365680455644   -0.534339924819178   -1.31380586001237   1
1.17778663494086   -0.0296737780735025   -0.658781410623544   1
0.680513946316966   0.389981716110402   -0.497272688623893   1
0.65967925162053   0.358424505017064   -0.0208346946964358   0
0.460505435703532   -0.1299494170608   -0.199173815916998   0
0.393990848754448   -0.438433427530815   -0.0665145869490846   1
0.36726455379229   -0.112342986634488   -0.0267262949621574   0
0.346395072356334   -0.157065662119593   -0.020869481435956   0
0.343740656209736   -0.0269874830575432   -0.00265441614659806   0
0.337292873107704   0.0101480701484659   -0.0064477831020317   0
0.341338852795137   0.0355854202459172   0.0040459796874322   0
0.34327394474785   -0.0151165339044937   0.00193509195271335   0
0.339337104925545   -0.0343322290025053   -0.00393683982230547   0
0.351026245150915   -0.0415121908010073   0.01168914022537   0
0.312522868446455   0.0131303999921434   -0.03850337670446   0
0.339592621030699   0.186131323710715   0.0270697525842444   0
0.376907815584262   0.353073818867263   0.0373151945535629   0
0.354415522143853   0.114243243891704   -0.0224922934404088   0
0.354843561727503   -0.357277458356237   0.000428039583649564   1
0.333161108619479   -0.0627696544168024   -0.0216824531080241   0
0.315399287819523   -0.216598072033672   -0.0177618207999553   0
0.292288801314218   -0.0132708534839917   -0.0231104865053051   0
0.290146595886205   -0.011687478600625   -0.00214220542801358   0
0.288094340681729   -0.00405976345037003   -0.00205225520447583   0
0.284214413834432   0.0199515959141265   -0.00387992684729632   0
0.299252481923292   0.0683731700834305   0.0150380680888593   0
0.28749557501529   0.00707231200297564   -0.0117569069080013   0
0.158057362037047   0.704922452328155   -0.129438212978244   1
0.555113404439354   0.0571740399890005   0.397056042402308   0
0.498756782932947   -0.54213839027159   -0.0563566215064075   1
0.380524214575761   -0.253780264425408   -0.118232568357185   0
0.261022760617728   -0.0559170501020052   -0.119501453958033   0
0.433106949595016   0.144783243828495   0.172084188977288   1
2.13054262231691   1.74207772962208   1.69743567272189   1
1.26429991353973   -0.209297342551287   -0.866242708777179   1
0.827808134011892   -1.19372796158481   -0.436491779527836   1
0.831405666738867   -0.286088752432247   0.00359753272697505   0
0.842704138135829   0.449801841077221   0.0112984713969622   1
0.837177755549113   -0.0301983675489205   -0.00552638258671612   0
0.857052540709874   -0.0455680500381019   0.019874785160761   0
0.859138655958979   0.00967567448836826   0.00208611524910463   0
0.827848483502567   0.00475036126307604   -0.0312901724564114   0
0.840951487125892   -0.0105925832964016   0.0131030036233253   0
0.846261559628139   -0.000216748916106568   0.00531007250224647   0
0.842840693390809   -0.0117743450275943   -0.00342086623732962   0
0.827716650208421   -0.0231298951754892   -0.0151240431823881   0
0.799215402771524   -0.0312780394358542   -0.0285012474368966   0
0.80941085277194   -0.0116406754868822   0.0101954500004159   0
0.775149019600909   0.0415984431761816   -0.0342618331710317   0
0.777538149865973   -0.096337450186685   0.00238913026506438   0
0.85222785104469   -0.338033980213822   0.0746897011787169   0
0.892597772227782   0.00307091046168165   0.0403699211830926   0
0.941250544540613   -0.067891142707107   0.0486527723128302   0
0.93726710239771   0.294724016559033   -0.00398344214290236   0
0.92772810531548   0.14823871700536   -0.00953899708223049   0
0.895669647322745   -0.0313404021441086   -0.032058457992735   0
0.866485905541025   -0.0896082797441783   -0.0291837417817198   0
0.864217377751975   0.00746138356597886   -0.00226852778904985   0
0.933116802364259   -0.0331010831635961   0.0688994246122839   0
0.896990342834999   0.0076897540440054   -0.0361264595292596   0
0.902178540012591   0.012078482805024   0.00518819717759145   0
0.868924734843013   -0.0165399274447114   -0.033253805169578   0
0.876236331475276   -0.018944405688667   0.00731159663226311   0
0.860989311838568   -0.0344627471717406   -0.0152470196367084   0
0.907662949860795   -0.234865454832458   0.0466736380222273   0
0.972656293930826   0.136080460944119   0.0649933440700311   0
0.990961427930094   -0.087615102216247   0.0183051339992675   0
0.748583769153626   0.562042582070096   -0.242377658776467   1
0.522938916288509   -0.0868317656474042   -0.225644852865118   0
0.651702321089353   -0.0674981636908972   0.128763404800844   0
0.65362797707641   -0.281314196118758   0.00192565598705707   0
0.595387328996427   0.0233020182347763   -0.0582406480799829   0
0.29053223897057   0.195376970593733   -0.304855090025857   0
0.388234700709828   -0.16723911922724   0.0977024617392582   0
0.50595135698479   0.043260688062518   0.117716656274961   0
0.49176250957754   -0.0823555025783805   -0.0141888474072497   0
0.457701321742684   0.0118631125486364   -0.0340611878348557   0
0.595473971920816   -0.229329699125042   0.137772650178132   0
0.692463194081225   0.244625897705589   0.0969892221604093   0
0.716954763216097   0.00968438183306314   0.024491569134872   0
0.777842390112065   0.00682121169070199   0.0608876268959677   0
0.835539510395678   0.19561300561277   0.0576971202836133   0
0.809322720316346   -0.175362488738476   -0.0262167900793324   0
0.777909369234135   -0.036684611466225   -0.0314133510822104   0
0.76765259073506   0.00376952844567663   -0.0102567784990751   0
0.754238569761087   -0.0230281475372333   -0.0134140209739732   0
0.538242873262155   0.014270871595033   -0.215995696498932   0
1.61715959995945   0.11218489161798   1.07891672669729   1
1.51855871421144   1.13632006981449   -0.0986008857480081   1
1.2402398112205   0.453311431572503   -0.278318902990944   1
1.25778873853044   0.7397466809423   0.0175489273099461   1
1.22092404493236   -0.275970696533081   -0.0368646935980799   1
1.27661792085704   -0.651022284016996   0.0556938759246788   1
0.782065182099691   -1.20232164500062   -0.49455273875735   1
0.461073398117632   -0.385113473430391   -0.320991783982059   1
0.344471273979562   0.0100086034555262   -0.11660212413807   0
0.72749032873092   0.765251912713677   0.383019054751358   1
0.413419007423159   0.660298070837556   -0.314071321307761   1
1.07211968835294   -0.0792217420097343   0.658700680929779   1
0.991778435892059   0.375682860423319   -0.0803412524608783   1
0.454826737743066   -1.46700837259991   -0.536951698148993   1
0.345912723081994   -0.159926709950231   -0.108914014661073   0
0.347771241327183   -0.0194514907816064   0.00185851824518973   0
0.348819944065703   -0.0317620952621953   0.00104870273851942   0
0.353209296945522   -0.20797881462374   0.00438935287981934   0
0.455435619338782   0.3542630128826   0.10222632239326   0
0.612828162620852   -0.042349369763425   0.15739254328207   0
0.497364229898723   -0.15526405431198   -0.115463932722129   0
0.389335362790872   0.0308934958207123   -0.108028867107851   0
0.378633750995933   -0.208708134035251   -0.0107016117949393   0
0.351036186341594   -0.00226473534560452   -0.0275975646543392   0
0.326338008210046   0.031155794651848   -0.0246981781315476   0
0.337332007139109   -0.00924310802370214   0.0109939989290632   0
0.347234759298734   -0.00852885203975111   0.00990275215962516   0
0.342098309366255   0.016014400498911   -0.00513644993247925   0
0.364424807572152   0.0304706070644901   0.0223264982058969   0
0.42801500854789   0.367114728907068   0.0635902009757376   0
0.489096089578265   0.0589762707096538   0.0610810810303752   0
0.472174154202663   -0.303522739437882   -0.0169219353756019   1
0.459164275267033   0.0451676017219162   -0.0130098789356295   0
0.428259034995761   -0.232122465690037   -0.0309052402712728   0
0.411293549954895   -0.0168808979850848   -0.0169654850408652   0
0.383144546351961   -0.0098316634914614   -0.0281490036029343   0
0.387356491522667   0.0109676439085495   0.00421194517070606   0
0.376981765498346   0.024320475268042   -0.010374726024321   0
0.370710022067788   -0.0282263735805493   -0.00627174343055792   0
0.418985629417347   0.232964575391022   0.0482756073495584   0
0.469640001262935   0.159182861599248   0.0506543718455889   0
0.482182243879324   -0.0207209138380242   0.0125422426163887   0
0.430560114375159   -0.0208985310684927   -0.0516221295041651   0
0.413437921360934   -0.0812345344146787   -0.0171221930142248   0
0.398223882208865   -0.150835078407573   -0.0152140391520692   0
0.382810421952564   -0.0733421139118843   -0.0154134602563011   0
0.397693580528087   -0.00701042716315685   0.0148831585755231   0
0.422238955112209   -0.0184054077604606   0.0245453745841219   0
0.433405424609857   0.00195968432131267   0.0111664694976476   0
0.440755221821307   0.0159488317986397   0.00734979721145096   0
0.422436768192294   -0.0169700283080321   -0.0183184536290135   0
0.492002108356509   0.291006843187995   0.069565340164215   0
0.571278435567981   0.193744732013028   0.0792763272114721   0
0.486730509509626   -0.0559416870014527   -0.0845479260583552   1
0.647495740468054   -0.166846807053464   0.160765230958428   1
0.976384676502031   0.174087058767551   0.328888936033977   1
3.14481683141169   0.457047998754825   2.16843215490966   1
2.12717517829491   -0.285152728216223   -1.01764165311677   1
1.53122936520105   -0.122667961574666   -0.595945813093867   1
1.50256504865546   -0.0073784405420938   -0.0286643165455815   0
1.30092216989526   0.576934094372575   -0.201642878760202   1
1.22354327181602   0.173986502198024   -0.0773788980792434   0
1.09740450291631   -0.461205036644345   -0.126138768899707   0
0.978764477959458   -0.348405399805298   -0.118640024956855   0
0.991011604491718   -0.0506959800593056   0.0122471265322607   0
1.00255793668508   0.0194915950367922   0.0115463321933641   0
1.00042739530363   0.0466429146169735   -0.00213054138145519   0
1.03610519825402   -0.0144852039830267   0.0356778029503917   0
1.02292756296573   0.0273946300152815   -0.0131776352882924   0
1.02049258178649   0.00466290026153049   -0.00243498117923968   0
0.966371476982842   0.372189178108341   -0.0541211048036446   0
0.912379777266024   0.560121290791282   -0.0539916997168179   0
0.890887169546318   0.0339870242369595   -0.0214926077197064   0
0.663460361382841   -0.947873709013294   -0.227426808163477   1
0.585290914680896   -0.172935533189611   -0.0781694467019448   0
0.592591711152164   -0.049808180063575   0.00730079647126802   0
0.607018629962253   0.00995051074072217   0.0144269188100883   0
0.610872230686786   0.0141874504154416   0.00385360072453356   0
0.603080007817578   -0.0029594888594342   -0.00779222286920811   0
0.93901134491842   -0.0466662586569229   0.335931337100842   1
0.899585674262046   -0.000278589905233328   -0.0394256706563739   0
0.796545447431752   -0.0314431783931087   -0.103040226830294   0
0.948086898913939   0.15047371426263   0.151541451482187   1
0.79509380361502   0.503355605154703   -0.152993095298919   1
0.813104565146605   0.498698811976157   0.0180107615315853   1
