0.138599963166157   0   0   0
0.175806008394025   -0.0312285447335534   0.0372060452278683   0
0.140625871852977   -0.0053769290402278   -0.0351801365410477   0
0.0901052250190853   0.00686074785555452   -0.050520646833892   0
0.108460360846129   -0.0143594350200315   0.0183551358270436   0
0.127682493751728   -0.0281296407101225   0.0192221329055988   0
0.0877017096299154   -0.0217861330424392   -0.0399807841218123   0
0.067416305440394   -0.030855947097409   -0.0202854041895214   0
0.0781037404962144   0.00513882427418189   0.0106874350558204   0
0.0586392283317874   -0.0197460359262852   -0.019464512164427   0
0.0443301656160622   0.00892347415349179   -0.0143090627157252   0
0.05075119040429   -0.0231772026250534   0.00642102478822787   0
0.0565529530017222   0.00169526320920227   0.00580176259743218   0
0.047545393799426   -0.028313646162221   -0.00900755920229616   0
0.0779671747093769   -0.0111274387437113   0.0304217809099509   0
0.046124392408925   0.0138948967116974   -0.0318427823004519   0
0.0497360310679039   -0.0302615371909037   0.00361163865897886   0
0.0412739689952045   -0.00933019562715219   -0.00846206207269941   0
0.038647512850908   -0.010624538769343   -0.00262645614429646   0
0.0992400020549299   0.0167412904417949   0.0605924892040219   0
0.0427707621073964   -0.0547636878290657   -0.0564692399475335   0
0.0257706569300241   0.0530592873186944   -0.0170001051773723   0
0.0635825715819595   0.00178323879811294   0.0378119146519353   0
0.0701754193896445   -0.0349959708813585   0.00659284780768507   0
0.055915005943776   0.0530734162497029   -0.0142604134458686   0
0.0478006633948735   -0.041517589460187   -0.00811434254890244   0
0.0592458615142231   0.0238348264763378   0.0114451981193496   0
0.0639847066485422   -0.0022362553839818   0.00473884513431912   0
0.0581118820612446   -0.0249032217260464   -0.00587282458729762   0
0.0622251648736667   0.032905012064563   0.0041132828124221   0
0.0241072924008504   0.101805797843719   -0.0381178724728163   0
0.054440999785915   0.00800094352841987   0.0303337073850646   0
0.066407892531084   -0.0242350895570055   0.011966892745169   0
0.0655279417123146   -0.00678141116379849   -0.00087995081876939   0
0.0749451602720449   0.019552711008632   0.00941721855973032   0
0.0801594876600705   -0.031857513195563   0.00521432738802562   0
0.072675716042293   0.0483932036569972   -0.00748377161777757   0
0.0777496806171736   -0.0366347660533555   0.00507396457488062   0
0.0666323422039178   0.0372323560289467   -0.0111173384132558   0
0.0860916173382461   -0.0086325367283159   0.0194592751343284   0
0.0932415584127056   0.0294849605352303   0.00714994107445953   0
0.0847631152890218   -0.0302055698248428   -0.00847844312368386   0
0.0748812726794223   0.0317444397576775   -0.00988184260959947   0
0.0871218189130168   -0.0425870709894714   0.0122405462335945   0
0.064869894455614   0.0553997475121809   -0.0222519244574028   0
0.0907886442902553   -0.0182269558674142   0.0259187498346412   0
0.0804633153540326   0.00983858221322437   -0.0103253289362226   0
0.096235601981712   0.00133437807891545   0.0157722866276794   0
0.121141790156669   -0.00698926847646292   0.0249061881749573   0
0.111930079711454   0.00970555210191559   -0.00921171044521506   0
0.126887455348608   0.00954476786757685   0.0149573756371538   0
0.125956489386038   0.037313063760952   -0.000930965962570446   0
0.154754202086648   -0.0416701482841033   0.0287977127006101   0
0.145591492594631   0.0327763387092518   -0.0091627094920167   0
0.159188477127154   -0.0292325259090861   0.0135969845325231   0
0.136829942857   0.0394793590875643   -0.0223585342701538   0
0.167249820715905   -0.0141015340919124   0.030419877858905   0
0.130113529358979   0.0141814498867105   -0.037136291356926   0
0.139158745660181   0.000782297300961354   0.00904521630120178   0
0.141858207671507   0.0137491956230055   0.00269946201132612   0
0.143785380248967   -0.00128187463264989   0.00192717257745958   0
0.136213108924407   0.00164741710852928   -0.0075722713245594   0
0.12267072005761   0.0235671127021367   -0.0135423888667976   0
0.150947904036459   0.0153865957092841   0.028277183978849   0
0.16732467493233   -0.0207109510969167   0.0163767708958714   0
0.146685262628016   0.0225915813215813   -0.0206394123043144   0
0.172374047717638   -0.0231774878737194   0.025688785089622   0
0.17095332879912   0.0154686674500707   -0.00142071891851794   0
0.176060110556281   -0.000233568661583305   0.00510678175716139   0
0.199852469667133   0.000202538722179846   0.0237923591108521   0
0.167523235810178   0.0253051095391414   -0.0323292338569555   0
0.201748611128187   -0.0459298815566833   0.0342253753180092   0
0.185841956519511   0.0242548532206629   -0.0159066546086757   0
0.239826015445098   -0.0339241940058954   0.0539840589255868   0
0.222589490805384   0.0205827626930189   -0.0172365246397146   0
0.233685159242088   0.0110726486295739   0.0110956684367042   0
0.213395930779502   -0.0046839409770319   -0.020289228462586   0
0.234903501263822   0.01341935477106   0.0215075704843202   0
0.233521268006449   -0.0193422089828701   -0.00138223325737266   0
0.208008654363226   0.0377021797010283   -0.0255126136432235   0
0.230101813270132   -0.0368609963331719   0.0220931589069056   0
0.1873679026868   0.0271195238725395   -0.042733910583332   0
0.21661474566107   -0.0244622996394178   0.0292468429742703   0
0.185184773720978   0.0390967449977503   -0.0314299719400914   0
0.195355839133848   0.00418647308991976   0.0101710654128698   0
0.176745947680562   -0.00316891343108655   -0.0186098914532861   0
0.190548301325779   0.00408377078145111   0.0138023536452172   0
0.191689142305974   -0.00335614471593071   0.00114084098019479   0
0.189428474438903   0.00372229511780869   -0.00226066786707146   0
0.200300614940394   -0.00345724764356803   0.0108721405014914   0
0.181585234026614   0.00114137776908357   -0.0187153809137805   0
0.199551740578033   -0.0105611833149479   0.0179665065514193   0
0.172790746139659   0.0112562881733412   -0.026760994438374   0
0.202005386651792   -0.0174947856048293   0.0292146405121333   0
0.202356968124401   0.0409489007449947   0.000351581472609358   0
0.209776918721627   -0.0125864175675343   0.00741995059722536   0
0.193642408337508   0.0339575682027688   -0.0161345103841192   0
0.207096171929306   -0.0315507320988647   0.013453763591798   0
0.214038966509021   0.0137784718647289   0.00694279457971586   0
0.220414218763808   0.000643624074206983   0.00637525225478702   0
0.204605400027101   -0.00133743021436944   -0.0158088187367075   0
0.223540240896376   0.00911517007268903   0.0189348408692755   0
0.248310587642115   -0.0183659214944868   0.0247703467457387   0
0.244995422502646   0.00660377851434912   -0.00331516513946911   0
0.290901027335866   -0.0317719694391123   0.0459056048332205   0
0.237923423261036   0.0523502472773841   -0.0529776040748307   0
0.264648663745521   -0.0196351474058841   0.0267252404844855   0
0.243291766055697   0.0284016156960194   -0.0213568976898243   0
0.232419280988373   0.0091767481165041   -0.0108724850673235   0
0.218047947314667   -0.00500777323536683   -0.014371333673706   0
0.23893014877336   0.00783316131060818   0.0208822014586927   0
0.217305474829536   -0.00911516190866335   -0.0216246739438244   0
0.233398520756607   0.028132005041853   0.0160930459270717   0
0.217829496034169   -0.0347142489052354   -0.0155690247224385   0
0.224165036583657   0.0371440842571221   0.00633554054948859   0
0.227396320186481   -0.0275172111176719   0.00323128360282326   0
0.203634974730822   0.0438126498917138   -0.0237613454556588   0
0.330844006472767   0.0398759188218075   0.127209031741945   0
0.315455311231912   -0.00768110048888737   -0.0153886952408552   0
0.274174435562855   0.0133279185668379   -0.0412808756690574   0
0.263859377761621   0.0221082283657271   -0.0103150578012333   0
0.243246236431831   -0.0539634837620834   -0.0206131413297908   0
0.238784368610683   0.0353356797791429   -0.00446186782114766   0
0.29792325918896   -0.0576939128447456   0.0591388905782775   0
0.269212900846335   0.0527656417934234   -0.0287103583426258   0
0.2981936435007   -0.000886902734763662   0.0289807426543652   0
0.269459916033815   0.0098865870904461   -0.0287337274668844   0
0.28519699566352   0.0091766436469749   0.0157370796297049   0
0.286554491897892   -0.0284755962394719   0.00135749623437187   0
0.268660969650349   0.0122967061782578   -0.0178935222475435   0
0.294812049831593   -0.0492309928921817   0.0261510801812441   0
0.259124361509879   0.0549080109378142   -0.0356876883217138   0
0.279772102371573   -0.0273928087795412   0.0206477408616941   0
0.251074591926702   0.0101691892233495   -0.028697510444871   0
0.305992268434698   -0.0222334269999802   0.0549176765079963   0
0.265909154700736   0.0165660054552538   -0.0400831137339624   0
0.314155585574791   -0.0209722310917787   0.0482464308740552   0
0.273017043637682   0.0190616273361501   -0.0411385419371093   0
0.299386150632273   -0.0122415048030851   0.0263691069945909   0
0.290820054684009   0.0291694912173043   -0.00856609594826391   0
0.319386501002954   -0.0184790744198375   0.0285664463189451   0
0.324178368706812   0.01575493000756   0.00479186770385831   0
0.341101121504712   -0.00322743102678413   0.0169227527978998   0
0.343386929784624   -0.0222402754193951   0.00228580827991126   0
0.344930885287984   0.0305114244024097   0.00154395550336062   0
0.34824294836987   -0.0388030124183999   0.00331206308188597   0
0.194546494717336   0.0475904997349189   -0.153696453652534   0
0.118374988086092   -0.0328787381873287   -0.0761715066312438   0
0.167525802582983   0.00619775029287306   0.0491508144968904   0
0.190541149121004   -0.0238730412440791   0.0230153465380208   0
0.157770219676029   0.030591372150144   -0.0327709294449744   0
0.187928380715899   -0.0128337180891749   0.0301581610398702   0
0.18259637390242   0.00582575171851563   -0.00533200681347895   0
0.201850765711329   0.00694138313677262   0.0192543918089091   0
0.1931804237507   -0.039652582625087   -0.00867034196062946   0
0.20788049566638   0.0322090279238324   0.0147000719156804   0
0.202208932051727   -0.0208679962560433   -0.00567156361465326   0
0.213239967592264   0.0367716710543868   0.0110310355405373   0
0.209843537630421   -0.028997985556108   -0.00339642996184322   0
0.201659302441643   0.0518335284357627   -0.00818423518877834   0
0.219263640199418   -0.0322908793785427   0.0176043377577755   0
0.145178256281063   0.0642312857109598   -0.0740853839183554   0
0.465200285895895   -0.000414022725747087   0.320022029614832   0
0.343480744997576   -0.0108239022997997   -0.121719540898319   0
0.299151946659975   -0.0358602909949444   -0.0443287983376013   0
0.272837258335239   -0.00468518804653018   -0.0263146883247358   0
0.293410953969002   -0.000221729903684298   0.0205736956337632   0
0.309724707100515   -0.00623220648420753   0.016313753131513   0
0.280888341389866   0.0449816306900342   -0.0288363657106492   0
0.312414334949599   -0.0505460918192735   0.0315259935597325   0
0.282047145493001   0.0331969163917769   -0.0303671894565978   0
0.317041293787576   -0.040905499653227   0.0349941482945751   0
0.285792980362097   0.0257238352705097   -0.0312483134254789   0
0.292964640964144   -0.0170498053127919   0.00717166060204733   0
0.285706451086163   -0.00441837226717612   -0.00725818987798149   0
0.326061568016686   0.0411951947242221   0.0403551169305232   0
0.324155579861353   -0.0271674648065516   -0.0019059881553331   0
0.351333988249429   0.0108528446163292   0.0271784083880762   0
0.373039007559196   -0.0223332873948726   0.021705019309767   0
0.376511988819081   0.0150195042499801   0.00347298125988516   0
0.371571099178879   -0.0164908794842414   -0.00494088964020278   0
0.375434622919224   -0.00880543907208542   0.0038635237403456   0
0.385140283126162   0.011058501018107   0.00970566020693758   0
0.355599916415204   0.0160108600423513   -0.0295403667109578   0
0.378727267871288   -0.00930205467817835   0.0231273514560837   0
0.364573392299136   0.027145564071283   -0.0141538755721511   0
0.375095979203657   -0.0182702906914353   0.0105225869045202   0
0.35934509447083   0.0108712128544313   -0.0157508847328263   0
0.371652933552259   -0.00761087536567795   0.0123078390814289   0
0.348937219501231   0.0204488599685073   -0.0227157140510286   0
0.355953526197241   -0.0155860180106061   0.00701630669601044   0
0.341095584343304   0.0155342085160907   -0.0148579418539371   0
0.375371614776943   -0.0112181634397639   0.0342760304336394   0
0.363065609661326   0.00663351074796337   -0.0123060051156179   0
0.373957705052657   0.007046293108393   0.0108920953913315   0
0.313365411308029   -0.0187602047454281   -0.0605922937446283   0
0.401766777674327   0.056816846768051   0.0884013663662988   0
0.50803061028894   0.0207678277256231   0.106263832614612   0
0.461028497993063   -0.0365310151537434   -0.0470021122958764   0
0.398585023991118   0.00711860361606786   -0.0624434740019453   0
0.411255484867375   -0.0288118385493599   0.0126704608762574   0
0.39039014522462   -0.0322557491616646   -0.0208653396427552   0
0.39796858247667   0.020637595922219   0.00757843725204971   0
0.384507749250909   -0.00642484074492966   -0.0134608332257608   0
0.408546224736259   0.00519568449746688   0.0240384754853501   0
0.423003542407448   -0.0356577075499114   0.0144573176711892   0
0.419780995720388   0.0146389879623688   -0.00322254668706085   0
0.396263434501595   0.00337032254569358   -0.0235175612187924   0
0.413208115208608   0.0355860468551513   0.0169446807070125   0
0.414150186255542   -0.0358001504751737   0.000942071046934168   0
0.391151065001107   0.0395128079741326   -0.0229991212544352   0
0.405440470840665   -0.0400838251461176   0.0142894058395582   0
0.381051777533579   0.0240284462969319   -0.0243886933070861   0
0.388205903351559   -0.0605565990382917   0.00715412581798031   0
0.394157993322792   0.0208154683234659   0.0059520899712327   0
0.392992373928872   0.0226694116854038   -0.00116561939392024   0
0.386542129174492   -0.00183914692127718   -0.00645024475437916   0
0.360975950994661   0.0185188446630684   -0.0255661781798313   0
0.327345047844228   -0.00791867219988107   -0.033630903150433   0
0.338974755352169   -0.0565485311770476   0.0116297075079404   0
0.328862125173773   0.0239408203340187   -0.010112630178396   0
0.362821158079638   0.00333553898961569   0.0339590329058659   0
0.367739897462191   -0.037463233352942   0.00491873938255216   0
0.389330900919886   0.0060747989773301   0.0215910034576953   0
0.383451431950898   -0.0309560100194525   -0.00587946896898783   0
0.388040499256379   -0.047944458888133   0.00458906730548109   0
0.3931411171755   0.0498694797945602   0.00510061791912059   0
0.403053594905504   -0.00887915022493596   0.00991247773000414   0
0.399385821343222   0.0176332353339617   -0.00366777356228187   0
0.395636865384787   -0.0240778971194712   -0.00374895595843511   0
0.407106376873109   -0.00669968172481883   0.0114695114883222   0
0.418935450675578   -0.0214463304157209   0.0118290738024693   0
0.455758608516888   0.0382505135609191   0.0368231578413096   0
0.462494744160947   -0.012609146049415   0.00673613564405912   0
0.483241765911743   0.0146656914988473   0.020747021750796   0
0.494091750105686   -0.0147665100224098   0.0108499841939431   0
0.526074027918362   0.00639077981720798   0.0319822778126762   0
0.543111630386654   -0.0167675157747278   0.017037602468292   0
0.577874065769524   0.00370087580427547   0.0347624353828695   0
0.595479411027157   0.0311070493635297   0.0176053452576331   0
0.61094383615722   0.00659432547014016   0.0154644251300629   0
0.592033376626901   -0.0186063826381634   -0.0189104595303189   0
0.609194498998883   -0.0252978458636202   0.017161122371982   0
0.913685797473377   -0.0967271819283679   0.304491298474494   0
0.879082735148008   -0.0702888972760574   -0.0346030623253689   0
0.878847236789819   0.10802003449374   -0.00023549835818848   0
0.666594511855726   0.0680194763141898   -0.212252724934093   0
0.710532986347045   -0.00347113380800884   0.0439384744913184   0
0.738350688978227   -0.0111303827204026   0.0278177026311821   0
0.753017924334614   0.00531727342283289   0.0146672353563866   0
0.75607132587822   -0.00219827778621806   0.00305340154360667   0
0.768256459024075   0.0210838087940358   0.0121851331458546   0
0.766986624643898   -0.0130527063081236   -0.00126983438017647   0
0.75872222969461   0.00944382091914053   -0.00826439494928866   0
0.778753888250967   0.00310669586694517   0.0200316585563577   0
0.772725861577054   0.0156206423057796   -0.00602802667391356   0
0.755491064743199   -0.0168658017042067   -0.0172347968338548   0
0.776358406236772   0.0324957597400414   0.0208673414935725   0
0.779895076440575   -0.0134866473422082   0.00353667020380322   0
0.781092825271107   0.00546146929117203   0.00119774883053214   0
