1.77566106906949e-09   0.00301275   0   0   0
0.205155445137803   0.0228229763487374   0.205155443362142   0.0198102263487374   0
0.237127275575797   0.0350004029276093   0.0319718304379943   0.0121774265788719   0
0.162690857901912   0.0190663472010857   -0.0744364176738855   -0.0159340557265235   0
0.258321536674277   0.00951023604112432   0.0956306787723656   -0.00955611115996142   0
0.110852414262613   0.0211844622582802   -0.147469122411664   0.0116742262171559   0
0.223800974201477   0.0134870777105912   0.112948559938864   -0.00769738454768908   0
0.331896305783659   0.0213612754385126   0.108095331582182   0.0078741977279214   0
0.164614526606281   0.0321022115443006   -0.167281779177378   0.010740936105788   0
0.245039690498682   0.0485744610604238   0.0804251638924012   0.0164722495161232   0
0.239074817313242   0.0466377068063493   -0.00596487318544031   -0.00193675425407447   0
0.157136783873159   0.0503512974506767   -0.0819380334400825   0.00371359064432744   0
0.272269064667109   0.0642863036750442   0.11513228079395   0.0139350062243675   0
0.173452480753077   0.0610939682154875   -0.0988165839140323   -0.00319233545955668   0
0.189377976333217   0.0512569465848533   0.0159254955801398   -0.00983702163063427   0
0.246190958558961   0.0702681673867828   0.0568129822257441   0.0190112208019296   0
0.19541939928679   0.0563616982885541   -0.0507715592721705   -0.0139064690982287   0
0.162756881449541   0.0438899466853948   -0.0326625178372492   -0.0124717516031592   0
0.233533712538211   0.0761318301618646   0.0707768310886703   0.0322418834764698   0
0.472589634181928   0.179202508083714   0.239055921643716   0.103070677921849   1
0.398038525863333   0.20037809109836   -0.0745511083185945   0.0211755830146455   0
0.383834829657136   0.0836911205159185   -0.0142036962061974   -0.116686970582441   0
0.389687057330366   0.0818686989591413   0.00585222767323013   -0.00182242155677725   0
0.209039618176962   0.0298888974131884   -0.180647439153404   -0.0519798015459529   0
0.256249891804153   0.0459327527417528   0.0472102736271909   0.0160438553285644   0
0.328932942203438   0.0463453800967529   0.0726830503992848   0.000412627355000084   0
0.24628413545793   0.0263111731774735   -0.0826488067455076   -0.0200342069192794   0
0.175772199283988   0.0364015475497869   -0.0705119361739419   0.0100903743723135   0
0.183622365226815   0.0408823282998233   0.00785016594282745   0.00448078075003635   0
0.360466670933444   0.0167209129527218   0.176844305706629   -0.0241614153471015   0
0.162899294350835   0.0492982710168673   -0.197567376582609   0.0325773580641455   0
0.211477304931002   0.0414661546115021   0.0485780105801669   -0.00783211640536518   0
0.405073716691123   0.0228210068426549   0.193596411760121   -0.0186451477688473   0
0.675381332274264   0.118439868788386   0.270307615583141   0.0956188619457307   0
0.30064579058229   0.167001080682072   -0.374735541691974   0.0485612118936866   0
0.52151827441038   0.176654579417008   0.22087248382809   0.00965349873493579   1
0.582692325580525   0.187157158468658   0.0611740511701451   0.0105025790516503   0
0.354339837105793   0.130957291575622   -0.228352488474732   -0.0561998668930363   0
0.142607661621843   0.101955963325215   -0.21173217548395   -0.0290013282504075   0
0.151274383442736   0.0773473546171102   0.00866672182089351   -0.0246086087081044   0
0.019825543111171   0.0819897230439431   -0.131448840331565   0.00464236842683294   0
0.192047611633157   0.0805445990862206   0.172222068521986   -0.00144512395772259   0
0.353874099949982   0.074201067178141   0.161826488316825   -0.00634353190807951   0
0.115053931811825   0.0776622720142155   -0.238820168138158   0.00346120483607446   0
0.187270869954326   0.086318898643651   0.0722169381425011   0.00865662662943553   0
0.24484635389748   0.0845885017095113   0.0575754839431542   -0.00173039693413972   0
0.296896595225088   0.0845594086770508   0.0520502413276084   -2.90930324604866e-05   0
0.279716240777399   0.0874772088431097   -0.0171803544476891   0.00291780016605886   0
0.311347873756816   0.0844259131936162   0.0316316329794163   -0.00305129564949344   0
0.274117304461721   0.0921799257317389   -0.0372305692950943   0.00775401253812266   0
0.506709863904789   0.126151213480093   0.232592559443068   0.0339712877483541   0
0.304115897165028   0.0894748695699525   -0.202593966739761   -0.0366763439101405   0
0.137969375589033   0.0699160745249796   -0.166146521575996   -0.0195587950449729   0
0.302241321987911   0.0617216293194695   0.164271946398878   -0.00819444520551007   0
0.209958443807432   0.0644546331710336   -0.0922828781804793   0.00273300385156403   0
0.235423191657368   0.0627663408727393   0.0254647478499359   -0.0016882922982943   0
0.316284182712381   0.0827488134813727   0.0808609910550136   0.0199824726086334   0
0.334916450908044   0.0678661601343033   0.0186322681956625   -0.0148826533470693   0
0.309910020140415   0.0669148851076567   -0.0250064307676291   -0.000951275026646575   0
0.192275837727573   0.0695608175306329   -0.117634182412841   0.00264593242297613   0
0.400578294987185   0.131538353404055   0.208302457259612   0.0619775358734219   0
0.181285011676531   0.0794328830568928   -0.219293283310654   -0.052105470347162   0
0.295213765505557   0.0947615578993006   0.113928753829026   0.0153286748424079   0
0.319969233187833   0.0818776386442141   0.0247554676822763   -0.0128839192550865   0
0.148925697371609   0.0701081309561523   -0.171043535816225   -0.0117695076880618   0
0.393869589795265   0.0947786295915382   0.244943892423656   0.0246704986353859   0
0.284437328894011   0.0737513717363955   -0.109432260901253   -0.0210272578551427   0
0.202451977616915   0.0728362313213863   -0.081985351277096   -0.000915140415009175   0
0.345836720982945   0.076069558598233   0.14338474336603   0.00323332727684664   0
0.263076893054936   0.0768307645443054   -0.082759827928009   0.000761205946072457   0
0.240880453246335   0.0711654639268585   -0.0221964398086008   -0.00566530061744693   0
0.43603510899423   0.110035048303938   0.195154655747894   0.0388695843770796   0
0.322131088432101   0.0951276182372922   -0.113904020562129   -0.014907430066646   0
0.225037736662187   0.0912232404581798   -0.0970933517699135   -0.00390437777911233   0
0.552142894620777   0.119551539992172   0.327105157958589   0.0283282995339926   0
0.260228095358534   0.0742995643697862   -0.291914799262243   -0.0452519756223862   0
0.260689703279589   0.178746002101446   0.000461607921055207   0.104446437731659   0
0.52903788523171   0.175235089229098   0.268348181952121   -0.00351091287234745   0
0.192660191532968   0.1064658689868   -0.336377693698742   -0.0687692202422985   0
0.239906916827861   0.103710329701626   0.0472467252948923   -0.00275553928517355   0
0.464537674535618   0.111829893893147   0.224630757707758   0.00811956419152078   0
0.190325912652193   0.0659799235272746   -0.274211761883426   -0.0458499703658724   0
0.295980323262518   0.0722247586125769   0.105654410610325   0.00624483508530232   0
0.408928572608958   0.0721382603559304   0.112948249346441   -8.64982566464861e-05   0
0.191283065140017   0.076382425026409   -0.217645507468941   0.00424416467047864   0
0.398597462388611   0.0699125026502056   0.207314397248594   -0.00646992237620347   0
0.334626918148272   0.0706062331749294   -0.0639705442403392   0.00069373052472381   0
0.184100084986783   0.0767301289342394   -0.150526833161488   0.00612389575931001   0
0.494369817505568   0.115818639157305   0.310269732518784   0.0390885102230655   0
0.278197557492818   0.0927980526482776   -0.216172260012749   -0.0230205865090273   0
0.208849180568778   0.0853447202122662   -0.0693483769240405   -0.0074533324360114   0
0.510634105348869   0.125466910249436   0.301784924780091   0.0401221900371697   0
0.286744954504347   0.100062407271712   -0.223889150844522   -0.0254045029777237   0
0.19083201170276   0.107853543034246   -0.0959129428015865   0.00779113576253403   0
0.422253351527948   0.121948866953695   0.231421339825187   0.0140953239194488   0
0.47276657217943   0.119801086487435   0.0505132206514827   -0.00214778046625948   0
0.190920477945755   0.0987207283677673   -0.281846094233675   -0.0210803581196682   0
0.220078602852417   0.109657082805729   0.0291581249066622   0.0109363544379617   0
0.570996656041077   0.142473199534237   0.35091805318866   0.032816116728508   0
0.172703199777129   0.119270085515983   -0.398293456263948   -0.0232031140182535   0
0.186871937678007   0.1183155494188   0.0141687379008781   -0.000954536097183475   0
0.442484392093653   0.146625302472911   0.255612454415647   0.0283097530541105   0
0.188398171614084   0.130874744116999   -0.254086220479569   -0.0157505583559114   0
0.275158868085421   0.155883138597476   0.0867606964713364   0.0250083944804771   0
0.377631198860489   0.178685246575291   0.102472330775068   0.0228021079778146   0
0.21271398307495   0.160567995265588   -0.164917215785539   -0.0181172513097025   0
0.524586149925825   0.252947814439283   0.311872166850875   0.0923798191736948   0
0.300815322425388   0.187778519436702   -0.223770827500437   -0.0651692950025808   0
0.237763946318612   0.165005176446953   -0.0630513761067754   -0.0227733429897496   0
0.597070081599438   0.21237098952188   0.359306135280826   0.0473658130749274   0
0.252282975881155   0.162552896312623   -0.344787105718283   -0.0498180932092567   0
0.241397038296434   0.142777639938201   -0.0108859375847214   -0.0197752563744227   0
0.603057260120828   0.186950570304934   0.361660221824394   0.0441729303667331   0
0.189808967499036   0.147121280274099   -0.413248292621792   -0.0398292900308348   0
0.219601267617015   0.136566981825119   0.0297923001179797   -0.0105542984489796   0
0.515999556440517   0.164301021723847   0.296398288823501   0.0277340398987274   0
0.194800637759326   0.126899643596121   -0.321198918681191   -0.037401378127726   0
0.183841186458367   0.10825419364445   -0.0109594513009588   -0.0186454499516713   0
0.511862429414389   0.174949011969209   0.328021242956022   0.0666948183247595   0
0.19049140152167   0.123375119499729   -0.321371027892719   -0.0515738924694798   0
0.179418156151294   0.0865388864510631   -0.0110732453703761   -0.0368362330486662   0
0.517709235909849   0.155632923846153   0.338291079758556   0.06909403739509   0
0.374119708736722   0.16956271989023   -0.143589527173127   0.0139297960440766   0
0.212850684177547   0.108093208515128   -0.161269024559175   -0.0614695113751014   0
0.409402016419607   0.175292643511707   0.196551332242059   0.067199434996579   0
0.412912667685904   0.182441937748897   0.00351065126629752   0.00714929423718993   0
0.190083290559718   0.131788727288272   -0.222829377126187   -0.0506532104606254   0
0.406327454747572   0.206655640050816   0.216244164187854   0.0748669127625443   0
0.391680410481096   0.192183671151122   -0.0146470442664756   -0.0144719688996945   0
0.216312361645006   0.13712310523195   -0.17536804883609   -0.0550605659191715   0
0.559229409049631   0.224577479403546   0.342917047404625   0.0874543741715955   0
0.412924098253953   0.209383117023968   -0.146305310795679   -0.0151943623795781   0
0.201395711330803   0.133659551064645   -0.21152838692315   -0.0757235659593224   0
0.372919583554927   0.214880565167194   0.171523872224124   0.0812210141025483   0
0.444562148629818   0.221038795476207   0.0716425650748908   0.00615823030901358   0
0.205797395073407   0.145810230604106   -0.23876475355641   -0.0752285648721013   0
0.332570315667409   0.206297322878443   0.126772920594002   0.0604870922743371   0
0.485719481253161   0.217287674581009   0.153149165585752   0.0109903517025662   0
0.192576447005468   0.146227221441102   -0.293143034247693   -0.0710604531399073   0
0.376112233315536   0.228550954206217   0.183535786310067   0.0823237327651157   0
0.585686965260667   0.244505724765066   0.209574731945131   0.0159547705588482   0
0.210916794461702   0.152894093093823   -0.374770170798965   -0.091611631671243   0
0.292718455766851   0.196702340521338   0.0818016613051488   0.0438082474275156   0
0.622385337567202   0.236611678010427   0.329666881800351   0.0399093374890888   0
0.208427168355591   0.163547549027829   -0.413958169211611   -0.0730641289825985   0
0.245273241434731   0.179250535498844   0.03684607307914   0.0157029864710159   0
0.615347028485886   0.250914360259352   0.370073787051155   0.0716638247605078   0
0.234912395660113   0.172900477754755   -0.380434632825773   -0.0780138825045974   0
0.197736120722138   0.133905632126939   -0.0371762749379751   -0.0389948456278163   0
0.590283004686947   0.228317751884567   0.392546883964809   0.0944121197576279   0
0.303768783692301   0.202339599707132   -0.286514220994646   -0.0259781521774343   0
0.197957955111711   0.15213279353651   -0.105810828580591   -0.0502068061706218   0
0.475074896817796   0.261688053736453   0.277116941706086   0.109555260199942   0
0.328691287047588   0.210684415250921   -0.146383609770208   -0.0510036384855317   0
0.208383781881532   0.184851468985237   -0.120307505166056   -0.025832946265684   0
0.45443627684528   0.280021710238242   0.246052494963748   0.0951702412530051   0
0.42483449422315   0.283051130265033   -0.0296017826221296   0.00302942002679063   0
0.214084731324422   0.224958298690357   -0.210749762898728   -0.0580928315746754   0
0.340114838927633   0.267490044353524   0.126030107603211   0.0425317456631663   0
0.466580428152971   0.303053845733415   0.126465589225338   0.0355638013798914   0
0.195524671759065   0.229337643313309   -0.271055756393907   -0.0737162024201061   0
0.385508213099501   0.302170362313716   0.189983541340436   0.0728327190004072   0
0.546144241157041   0.333294339592274   0.16063602805754   0.0311239772785578   0
0.219955990690956   0.231080364303439   -0.326188250466085   -0.102213975288835   0
0.488809160370394   0.330230713309862   0.268853169679438   0.0991503490064227   0
0.514744633057296   0.325758405890393   0.0259354726869012   -0.00447230741946858   0
0.237766730557683   0.241356321162617   -0.276977902499612   -0.0844020847277757   0
0.522383151611688   0.346458134406327   0.284616421054005   0.10510181324371   0
0.442259659465172   0.321650230533199   -0.080123492146516   -0.0248079038731281   0
0.233831036050414   0.240967449723718   -0.208428623414758   -0.080682780809481   0
0.598563748154038   0.348712035382348   0.364732712103624   0.10774458565863   0
0.374754158378316   0.303135134392737   -0.223809589775722   -0.0455769009896115   0
0.194750186105405   0.239753992070044   -0.180003972272911   -0.0633811423226931   0
0.562646998130808   0.359117934849403   0.367896812025403   0.119363942779359   0
0.402598734518677   0.323846505797886   -0.160048263612132   -0.0352714290515173   0
0.216248646756945   0.256654135956271   -0.186350087761732   -0.0671923698416147   0
0.614096304840902   0.361462510622336   0.397847658083957   0.104808374666065   0
0.404649436988228   0.31344184716309   -0.209446867852674   -0.048020663459246   0
0.219596184462663   0.251074658657087   -0.185053252525565   -0.0623671885060037   0
0.578019073654356   0.372801310768756   0.358422889191693   0.121726652111669   0
0.349226607624748   0.33596096179646   -0.228792466029608   -0.0368403489722958   0
0.245423066016542   0.292312158328969   -0.103803541608206   -0.0436488034674915   0
0.609753929292334   0.373899921848802   0.364330863275791   0.0815877635198331   0
0.203744570920479   0.280432149118214   -0.406009358371855   -0.093467772730588   0
0.380065550906222   0.335726829560135   0.176320979985743   0.0552946804419214   0
0.620815421125281   0.386212053020099   0.240749870219059   0.0504852234599643   0
0.202456482290318   0.278335783384476   -0.418358938834963   -0.107876269635623   0
0.378871617696707   0.320912272934816   0.176415135406389   0.0425764895503402   0
0.752045291751873   0.413728854859677   0.373173674055166   0.0928165819248611   0
0.216597061597566   0.292651448065617   -0.535448230154307   -0.12107740679406   1
0.343210039064827   0.329402138949495   0.12661297746726   0.0367506908838782   0
0.658400021635662   0.406561205338446   0.315189982570835   0.0771590663889508   0
0.200120541215264   0.272280625203961   -0.458279480420398   -0.134280580134485   0
0.410398566812812   0.351291057080553   0.210278025597548   0.0790104318765921   0
0.615644921015198   0.395607295054389   0.205246354202387   0.0443162379738353   0
0.201385952532072   0.297477568907741   -0.414258968483126   -0.0981297261466472   0
0.349752432882489   0.333578823771613   0.148366480350417   0.0361012548638712   0
0.693313378900343   0.428638600889085   0.343560946017853   0.0950597771174727   0
0.226796749604001   0.316480707362171   -0.466516629296341   -0.112157893526914   0
0.458897144373333   0.378410340658818   0.232100394769332   0.0619296332966467   0
0.54803676187848   0.382365159141507   0.0891396175051468   0.00395481848268942   0
0.25766931997312   0.360458124721166   -0.29036744190536   -0.0219070344203406   0
0.655876043887296   0.449145935757789   0.398206723914176   0.0886878110366227   0
0.367250226265431   0.367477933821968   -0.288625817621865   -0.0816680019358214   0
0.33147179172631   0.37306064455039   -0.0357784345391209   0.00558271072842237   0
0.738978864159835   0.456698895546344   0.407507072433525   0.0836382509959534   0
0.355357954864106   0.381179199021435   -0.383620909295729   -0.0755196965249088   0
0.376769696467182   0.314614456303664   0.0214117416030761   -0.0665647427177709   0
0.662050683221428   0.382719647702466   0.285280986754246   0.0681051913988026   0
0.278528727674418   0.288741187179475   -0.38352195554701   -0.0939784605229917   0
0.410224136444127   0.332464886442162   0.13169540876971   0.0437236992626877   0
0.613536646278028   0.37451742511731   0.203312509833901   0.0420525386751476   0
0.186544353511142   0.229533770070985   -0.426992292766886   -0.144983655046325   0
0.343854603630917   0.321699119863577   0.157310250119775   0.0921653497925915   0
0.598008319935944   0.379722392695638   0.254153716305027   0.0580232728320608   0
0.156952470566729   0.285367722907655   -0.441055849369214   -0.0943546697879829   0
0.364624541518107   0.349724994494692   0.207672070951378   0.0643572715870375   0
0.59417441748299   0.41701003879673   0.229549875964882   0.0672850443020375   0
0.217864207196249   0.355347733096751   -0.376310210286741   -0.0616623056999784   0
0.449284505140896   0.385827271437297   0.231420297944647   0.0304795383405461   0
0.61461203779259   0.44707543902176   0.165327532651694   0.0612481675844631   0
0.241108498589929   0.392672125289662   -0.373503539202661   -0.0544033137320984   0
0.40712338926759   0.397121130807088   0.166014890677661   0.0044490055174255   0
0.67615556916405   0.467479091880054   0.269032179896459   0.0703579610729665   0
0.273904543310713   0.415030865383829   -0.402251025853337   -0.0524482264962252   0
0.471457375144604   0.432435006858834   0.197552831833892   0.0174041414750053   0
0.666319778587346   0.478262776723477   0.194862403442742   0.0458277698646424   0
0.28780045237282   0.435725632124735   -0.378519326214526   -0.0425371445987415   0
0.472715439078734   0.435751165435619   0.184914986705913   2.55333108837297e-05   0
0.636490591556553   0.46023314148918   0.163775152477819   0.0244819760535616   0
0.235058652002537   0.388477208929301   -0.401431939554015   -0.0717559325598792   0
0.422640664139314   0.408708872017724   0.187582012136776   0.0202316630884224   0
0.536022435308645   0.436528306207341   0.113381771169331   0.0278194341896172   0
0.22261464004993   0.413945599029631   -0.313407795258714   -0.02258270717771   0
0.452877370728556   0.431421371804295   0.230262730678626   0.0174757727746644   0
0.568419806927063   0.456605139083267   0.115542436198507   0.025183767278972   0
0.243959645425816   0.451629617733658   -0.324460161501247   -0.00497552134960932   0
0.439300985991382   0.445778367387595   0.195341340565565   -0.00585125034606249   0
0.538744131047207   0.466661188202426   0.0994431450558254   0.0208828208148305   0
0.290720960398524   0.437195114647339   -0.248023170648683   -0.0294660735550868   0
0.586430068448754   0.502465321762109   0.29570910805023   0.0652702071147702   0
0.325968665589194   0.448113246274031   -0.260461402859559   -0.0543520754880787   0
0.393024889564494   0.450418224644885   0.0670562239752993   0.00230497837085419   0
0.681184418083392   0.500062553711283   0.288159528518899   0.0496443290663987   0
0.309969628373894   0.458420831809594   -0.371214789709498   -0.0416417219016896   0
0.480849012563112   0.485536176490486   0.170879384189218   0.0271153446808917   0
0.751021043103321   0.528052336528303   0.270172030540209   0.0425161600378172   0
0.322195925118941   0.471268916846051   -0.42882511798438   -0.0567834196822519   0
0.491296752298772   0.50365230449587   0.169100827179831   0.0323833876498186   0
0.8581757713709   0.566510063817272   0.366879019072129   0.0628577593214029   0
0.419922672855831   0.49241520772337   -0.438253098515069   -0.0740948560939021   0
0.405881071196477   0.470505964798269   -0.014041601659354   -0.0219092429251013   0
0.826332122040533   0.558402674471792   0.420451050844056   0.0878967096735228   0
0.409764778168317   0.467822878093301   -0.416567343872216   -0.0905797963784904   0
0.435905349902671   0.472823414891067   0.026140571734354   0.00500053679776546   0
0.757836137831761   0.548853539806614   0.32193078792909   0.0760301249155468   0
0.326066445792111   0.479505900629492   -0.43176969203965   -0.0693476391771219   0
0.469902274977596   0.512137332572524   0.143835829185484   0.0326314319430325   0
0.744569325279386   0.563628800919098   0.27466705030179   0.0514914683465737   0
0.286588977009881   0.504555184272989   -0.457980348269505   -0.0590736166461086   0
0.529594419895726   0.517048105622194   0.243005442885845   0.0124929213492051   0
0.688948836764161   0.546153432765922   0.159354416868435   0.0291053271437272   0
0.255282873225232   0.453611537085974   -0.433665963538928   -0.0925418956799476   0
0.690457961432302   0.514825539088729   0.43517508820707   0.0612140020027546   0
0.529394716665174   0.49044093307273   -0.161063244767128   -0.0243846060159987   0
0.297412937499783   0.439539560127129   -0.231981779165391   -0.050901372945601   0
0.688848001529191   0.51413912011196   0.391435064029407   0.0745995599848306   0
0.313664379168133   0.439912215710703   -0.375183622361058   -0.0742269044012567   0
0.341886403476023   0.437615588816829   0.0282220243078904   -0.00229662689387394   0
0.634930229863093   0.492022454580327   0.29304382638707   0.0544068657634982   0
0.204072840459602   0.47508420678365   -0.430857389403491   -0.0169382477966769   0
0.403939891512463   0.489441081547105   0.199867051052861   0.0143568747634549   0
0.610050790915486   0.529296905830745   0.206110899403023   0.0398558242836395   0
0.224454183581862   0.502235083317812   -0.385596607333624   -0.0270618225129322   0
0.566032670015442   0.52192375437989   0.34157848643358   0.0196886710620779   0
0.709923339753138   0.583525335627769   0.143890669737697   0.0616015812478784   0
0.299492140115914   0.538773479915261   -0.410431199637225   -0.0447518557125078   0
0.603812757170805   0.572168690270841   0.304320617054892   0.0333952103555806   0
0.663967065878271   0.570372719070609   0.0601543087074653   -0.00179597120023234   0
0.29229963752714   0.537510283547441   -0.37166742835113   -0.0328624355231685   0
0.548500745708117   0.547223742618136   0.256201108180976   0.00971345907069543   0
0.733232743197063   0.597730649256001   0.184731997488946   0.0505069066378645   0
0.234675469492148   0.53826955839175   -0.498557273704915   -0.0594610908642501   0
0.336586533445383   0.517540363574668   0.101911063953235   -0.0207291948170819   0
0.750065736177843   0.59552307660178   0.41347920273246   0.0779827130271119   0
0.355034035490143   0.571233354365359   -0.3950317006877   -0.0242897222364212   0
0.281073478923075   0.590460929098827   -0.0739605565670688   0.0192275747334679   0
0.579646859020013   0.603393849298491   0.298573380096938   0.0129329201996639   0
0.352141979907949   0.581659543612284   -0.227504879112064   -0.0217343056862074   0
0.415629907547186   0.584416906699533   0.0634879276392376   0.00275736308724894   0
0.53016384887746   0.592341375122488   0.114533941330274   0.00792446842295569   0
0.304834442474049   0.613943016701876   -0.225329406403411   0.0216016415793879   0
0.693328626234407   0.615108488005368   0.388494183760358   0.00116547130349198   0
0.663175520184182   0.617088175213438   -0.030153106050225   0.0019796872080694   0
0.289346046329667   0.595390728784048   -0.373829473854514   -0.0216974464293893   0
0.564335686576917   0.620084012179801   0.274989640247249   0.0246932833957532   0
0.808862820546482   0.655338244525871   0.244527133969565   0.0352542323460696   0
0.374495801830971   0.582708196661931   -0.43436701871551   -0.0726300478639397   0
0.439416739185049   0.58547345146044   0.0649209373540781   0.00276525479850853   0
0.965083533899532   0.545100478665732   0.525666794714483   -0.040372972794708   1
1.30744021735489   0.379723629269881   0.342356683455357   -0.165376849395851   0
0.452897015930432   0.407815085215885   -0.854543201424457   0.0280914559460045   1
0.415195005468286   0.463627255929332   -0.0377020104621462   0.0558121707134468   1
0.536604340723442   0.498051613919491   0.121409335255156   0.0344243579901589   0
0.257896592979299   0.534345776587887   -0.278707747744144   0.0362941626683962   0
0.115603776950842   0.604130834677409   -0.142292816028457   0.0697850580895212   0
0.372902498084581   0.661998505083397   0.257298721133739   0.0578676704059885   0
0.541195666074806   0.708080139473835   0.168293167990225   0.0460816343904377   0
0.527066415201034   0.742909906996645   -0.0141292508737717   0.0348297675228104   0
0.534930006522162   0.770909059540587   0.00786359132112802   0.0279991525439418   0
0.526875106277009   0.817562843511457   -0.00805490024515276   0.0466537839708703   0
0.206862735856413   0.820215475074836   -0.320012370420597   0.00265263156337925   0
0.299542587174111   0.860133485437186   0.0926798513176984   0.03991801036235   0
0.319978850122067   0.863444761947499   0.0204362629479555   0.00331127651031227   0
0.538645589732242   0.822055094342006   0.218666739610175   -0.0413896676054929   0
0.759470059427631   0.857584536747598   0.220824469695389   0.0355294424055924   0
0.335322998300176   0.796553736364511   -0.424147061127455   -0.0610308003830876   0
0.335178750372335   0.818329463024076   -0.000144247927841346   0.0217757266595654   0
0.908072206778296   0.84123502335638   0.572893456405961   0.0229055603323044   0
0.878433589778634   0.887742687244853   -0.0296386169996619   0.0465076638884724   0
0.388089405783745   0.836514625775421   -0.490344183994889   -0.0512280614694316   0
0.514321915401327   0.859622731019291   0.126232509617583   0.02310810524387   0
1.0201741932131   0.891999224914467   0.505852277811773   0.0323764938951757   0
0.72063060329825   0.89370830211351   -0.29954358991485   0.00170907719904267   0
0.444392147363294   0.932865373059505   -0.276238455934956   0.0391570709459959   0
0.639902500043569   0.914545569840093   0.195510352680275   -0.0183198032194126   0
0.823092252636361   0.931808879145999   0.183189752592792   0.0172633093059059   0
0.415145367309055   0.969944303471813   -0.407946885327307   0.0381354243258142   0
0.73696653257686   0.942427116356179   0.321821165267805   -0.0275171871156341   0
0.921338962085811   0.989012504147805   0.184372429508951   0.0465853877916266   0
0.472272098722177   0.995472554017076   -0.449066863363634   0.00646004986927029   0
0.936201867627297   0.961913663713388   0.46392976890512   -0.0335588903036879   0
0.892811823780151   0.970078482973272   -0.043390043847146   0.00816481925988455   0
0.441467410258979   0.99930457129768   -0.451344413521172   0.0292260883244077   0
0.909955408550776   0.965048534516931   0.468487998291797   -0.0342560367807494   0
0.891052763530651   1.00986661379514   -0.0189026450201254   0.0448180792782051   0
0.469735877915004   1.0191928043424   -0.421316885615646   0.00932619054726747   0
0.878460540708238   1.00328256816754   0.408724662793234   -0.0159102361748646   0
0.966825130061274   1.0367515352606   0.0883645893530363   0.0334689670930606   0
0.505607332789488   1.04252783208867   -0.461217797271786   0.00577629682807079   0
0.960397757817853   0.994869775869281   0.454790425028365   -0.0476580562193893   0
0.84907496076406   1.01722862090487   -0.111322797053793   0.02235884503559   0
0.474315784936924   1.02848248533466   -0.374759175827136   0.0112538644297859   0
0.997878061940741   1.01928001121549   0.523562277003818   -0.00920247411916875   0
0.6260110628689   0.998301604855066   -0.371866999071841   -0.0209784063604219   0
0.521975593776414   1.01554953164671   -0.104035469092486   0.017247926791643   0
0.989061340459205   1.01815882016762   0.467085746682791   0.00260928852091369   0
0.551910219339894   1.00944793151691   -0.437151121119311   -0.00871088865071656   0
0.688368011988035   1.00460222374942   0.136457792648141   -0.00484570776748128   0
0.914733003628184   1.03092550250906   0.226364991640149   0.0263232787596375   0
0.491562859137394   1.03000389038166   -0.42317014449079   -0.00092161212740316   0
0.943027317145161   1.03370358557616   0.451464458007767   0.00369969519450097   0
0.959110266183842   1.08078974112545   0.0160829490386807   0.0470861555492867   0
0.541107804109172   1.07802983643024   -0.41800246207467   -0.0027599046952056   0
0.984828828945218   1.05756711599353   0.443721024836046   -0.0204627204367114   0
1.03237368800015   1.10562627018608   0.0475448590549361   0.0480591541925546   0
0.610266819684701   1.10950479593031   -0.422106868315453   0.00387852574422287   0
1.0212887665093   1.09139107298094   0.4110219468246   -0.0181137229493669   0
1.09521840445302   1.09848491891092   0.0739296379437149   0.00709384592998319   0
0.666210867222909   1.09311870543687   -0.429007537230107   -0.00536621347405619   0
1.08149630412685   1.10325564452886   0.415285436903943   0.010136939091993   0
1.03505796746828   1.10968478305992   -0.0464383366585752   0.0064291385310582   0
0.65384108328431   1.12356609017004   -0.381216884183967   0.0138813071101223   0
1.142780407576   1.11616194311837   0.488939324291686   -0.00740414705167525   0
1.08221634062984   1.12386080592211   -0.0605640669461571   0.00769886280374599   0
0.680500242349464   1.14059765743172   -0.401716098280375   0.0167368515096133   0
1.09130890511353   1.11877961189615   0.410808662764065   -0.0218180455355756   0
1.07472511278571   1.1442174083641   -0.0165837923278225   0.0254377964679529   0
0.645506203748849   1.14503428885983   -0.429218909036858   0.000816880495728478   0
1.09457040131343   1.11940422412321   0.44906419756458   -0.0256300647366183   0
1.12028163462034   1.14034057543031   0.0257112333069065   0.0209363513070968   0
0.744731284345864   1.16520331751477   -0.375550350274471   0.0248627420844618   0
1.20479561644135   1.14713835786499   0.460064332095485   -0.0180649596497857   0
1.12046409580942   1.17450664420977   -0.0843315206319337   0.0273682863447824   0
0.822399486022657   1.17553458290632   -0.298064609786758   0.00102793869655082   0
