0.193114326647024   0.201154333296756   0   0   0
0.218317975358604   0.211711833231831   0.0252036487115797   0.0105574999350746   1
0.187349388080132   0.368832235569629   -0.0309685872784717   0.157120402337798   0
0.11846302309645   0.29913928700322   -0.0688863649836824   -0.0696929485664082   0
0.0726357758618988   0.280007406028144   -0.045827247234551   -0.0191318809750761   0
0.0357399824194543   0.285133871749854   -0.0368957934424445   0.00512646572171033   0
0.261955511272819   0.358008525214572   0.226215528853365   0.0728746534647171   0
0.0600999600039601   0.292552236724611   -0.201855551268859   -0.065456288489961   0
0.162684997430126   0.261552193278626   0.102585037426166   -0.0310000434459841   0
0.123786681550803   0.247748032659414   -0.0388983158793223   -0.0138041606192126   0
0.0648539707809013   0.240535554415293   -0.058932710769902   -0.00721247824412058   0
0.189826076782986   0.245184657922269   0.124972106002084   0.00464910350697559   0
0.234032373771002   0.255560192886879   0.0442062969880163   0.0103755349646105   0
0.0947036024552393   0.260289764363699   -0.139328771315763   0.00472957147681968   0
0.163490949313685   0.219342437789617   0.068787346858446   -0.0409473265740819   0
0.158629497358334   0.210462194034588   -0.00486145195535154   -0.00888024375502935   0
0.049985194832079   0.227053454161905   -0.108644302526255   0.0165912601273176   0
0.167075529850185   0.239855482009173   0.117090335018106   0.0128020278472671   0
0.128823560464909   0.23676381243248   -0.0382519693852757   -0.00309166957669271   0
0.114695599039457   0.190369927466505   -0.0141279614254517   -0.0463938849659745   0
0.0848141609476272   0.187090797670149   -0.0298814380918303   -0.00327912979635667   0
0.120678030682059   0.190369927466505   0.0358638697344319   0.00327912979635667   0
0.145599727858296   0.177514475687484   0.0249216971762374   -0.0128554517790209   0
0.172300135481549   0.149921348862837   0.0267004076232521   -0.0275931268246473   0
0.183632814765907   0.12165385762894   0.0113326792843587   -0.0282674912338967   0
0.151325530378089   0.156089529240761   -0.0323072843878181   0.034435671611821   0
0.185029122873779   0.1772723623682   0.0337035924956898   0.0211828331274389   0
0.19580194075006   0.129220252110892   0.010772817876281   -0.0480521102573082   0
0.259593152047584   0.109393013514815   0.0637912112975239   -0.019827238596077   0
0.253463313962435   0.131032760186041   -0.0061298380851485   0.0216397466712259   0
0.261159060851811   0.15905702566329   0.0076957468893758   0.0280242654772492   0
0.216602893658193   0.131086827919599   -0.0445561671936181   -0.0279701977436913   0
0.245128088212285   0.142084100704512   0.0285251945540924   0.0109972727849136   0
0.22460245618031   0.149078783745844   -0.0205256320319754   0.00699468304133127   0
0.240710667167037   0.170883262802922   0.0161082109867268   0.0218044790570784   0
0.205498993625273   0.175419944741391   -0.0352116735417639   0.00453668193846857   0
0.223140782406534   0.147319726300494   0.0176417887812607   -0.0281002184408964   0
0.22851546659699   0.128866266945   0.0053746841904562   -0.0184534593554941   0
0.210844606641953   0.189118497359962   -0.0176708599550366   0.0602522304149621   0
0.220350610626088   0.1915054268983   0.00950600398413509   0.00238692953833755   0
0.292286466937831   0.125562359745477   0.071935856311743   -0.065943067152823   0
0.309796767874053   0.112250686271132   0.0175103009362219   -0.0133116734743451   0
0.265353685126097   0.160479662156993   -0.0444430827479559   0.0482289758858611   0
0.285171832805135   0.142899526531371   0.0198181476790379   -0.0175801356256217   0
0.283305041274666   0.14289828845672   -0.00186679153046954   -1.2380746507723e-06   0
0.272320097468035   0.19799851488325   -0.0109849438066308   0.0551002264265296   0
0.247408439108067   0.176016395771417   -0.024911658359968   -0.0219821191118331   0
0.299724209689508   0.164015957242733   0.0523157705814409   -0.0120004385286838   0
0.236343087997703   0.191043717812285   -0.0633811216918047   0.0270277605695521   0
0.234886760491093   0.208842959857401   -0.00145632750661023   0.017799242045116   0
0.320998183683086   0.171723426108496   0.0861114231919928   -0.0371195337489053   0
0.349843645496099   0.166970129092422   0.0288454618130131   -0.00475329701607391   0
0.287060283786246   0.199125741525926   -0.0627833617098529   0.0321556124335045   0
0.274680746446871   0.202874429805292   -0.0123795373393753   0.00374868827936609   0
0.371607557848666   0.244713145149995   0.0969268114017959   0.0418387153447026   0
0.416526700861395   0.292654403214871   0.044919143012729   0.0479412580648764   0
0.321218970582374   0.30862832313168   -0.0953077302790215   0.0159739199168085   0
0.300840182328159   0.294771506284105   -0.0203787882542148   -0.0138568168475751   0
0.37227628014151   0.274558895547754   0.0714360978133509   -0.0202126107363506   0
0.25692236930357   0.251200669219351   -0.11535391083794   -0.0233582263284027   0
0.272259690224242   0.308974616207384   0.0153373209206716   0.0577739469880322   0
0.251975662582639   0.230478568910973   -0.0202840276416025   -0.0784960472964109   0
0.323221976124768   0.165488451818397   0.0712463135421287   -0.0649901170925755   0
0.23983003639388   0.183707492556652   -0.0833919397308874   0.0182190407382551   0
0.279060662491151   0.231362315768369   0.0392306260972704   0.0476548232117166   0
0.234393298124669   0.18317050423922   -0.0446673643664817   -0.0481918115291494   0
0.277943658905901   0.120531864062994   0.0435503607812323   -0.062638640176226   0
0.235606418134142   0.215701473208924   -0.0423372407717597   0.0951696091459299   0
0.244805475545381   0.241571760550566   0.00919905741123908   0.0258702873416424   0
0.230673079164453   0.231397081071154   -0.0141323963809277   -0.0101746794794125   0
0.272022739700121   0.175011980079222   0.0413496605356684   -0.0563851009919316   0
0.229208337747561   0.230819996690603   -0.0428144019525604   0.0558080166113811   0
0.200823419624903   0.233805969010208   -0.0283849181226577   0.00298597231960526   0
0.256775090904472   0.199323964332566   0.055951671279569   -0.0344820046776425   0
0.2563508226357   0.180285007796683   -0.000424268268772454   -0.019038956535883   0
0.245899329584283   0.204121103155088   -0.0104514930514165   0.0238360953584049   0
0.288827166485859   0.15854304186955   0.0429278369015755   -0.0455780612855374   0
0.408082634432354   0.16783979380722   0.119255467946495   0.00929675193766924   0
0.396171914230741   0.184082539449699   -0.0119107202016122   0.0162427456424794   0
0.323572870224004   0.218391941056098   -0.0725990440067376   0.0343094016063985   0
0.331701867352658   0.226898249470859   0.00812899712865428   0.00850630841476108   0
0.355938088220143   0.179130342707482   0.0242362208674844   -0.0477679067633765   0
0.257862275864385   0.224059441068414   -0.098075812355758   0.0449290983609317   0
0.245850156056997   0.235802491991179   -0.0120121198073871   0.0117430509227651   0
0.333161547200453   0.230478911831972   0.087311391143456   -0.00532358015920675   0
0.321536431557918   0.194896597321509   -0.011625115642535   -0.035582314510463   0
0.260298392159844   0.267431394916061   -0.0612380393980743   0.0725347975945515   0
0.268193612732015   0.27200213542636   0.00789522057217079   0.0045707405102996   0
0.392946988245234   0.200665796217716   0.124753375513219   -0.0713363392086441   0
0.292084744912037   0.235343546905922   -0.100862243333196   0.034677750688206   0
0.230778382854721   0.262575931579324   -0.0613063620573168   0.0272323846734021   0
0.214065930803222   0.269271293410549   -0.0167124520514982   0.00669536183122471   0
0.214415893403171   0.279814968036915   0.000349962599948683   0.0105436746263664   0
0.284556592445176   0.309746642185872   0.070140699042005   0.0299316741489564   0
0.170511991484617   0.305716866619263   -0.114044600960559   -0.00402977556660922   0
0.205133382349144   0.230308074973008   0.0346213908645271   -0.075408791646255   0
0.221036642032492   0.233964113524516   0.0159032596833482   0.00365603855150817   0
0.168908664340732   0.253672251350616   -0.0521279776917602   0.0197081378261   0
0.163357854263883   0.289614766264602   -0.00555081007684893   0.0359425149139862   0
0.194345417018797   0.267774855819329   0.0309875627549138   -0.0218399104452728   0
0.23467264099004   0.27013488082377   0.0403272239712429   0.00236002500444105   0
0.245043588742003   0.341749988392465   0.0103709477519636   0.0716151075686949   0
0.320809634864291   0.402907100645422   0.0757660461222882   0.0611571122529567   0
0.269978350710793   0.314185714402724   -0.0508312841534982   -0.0887213862426979   0
0.323012434935499   0.353853914879901   0.0530340842247059   0.0396682004771776   0
0.258120569862942   0.347889626588236   -0.0648918650725569   -0.00596428829166512   0
0.261589289532274   0.444576112858642   0.0034687196693321   0.0966864862704058   0
0.21097050772563   0.432944022218231   -0.0506187818066445   -0.0116320906404112   0
0.289267277458478   0.408335401685196   0.0782967697328481   -0.0246086205330353   0
0.185136228161454   0.436657197221542   -0.104131049297024   0.0283217955363464   0
0.216463523624651   0.493359288880578   0.0313272954631972   0.0567020916590364   0
0.247614597412269   0.473554631466539   0.0311510737876175   -0.019804657414039   0
0.238788064409761   0.406771920405185   -0.00882653300250821   -0.066782711061354   0
0.243623254281052   0.475437646709587   0.00483518987129111   0.0686657263044015   0
0.284479932997479   0.475185108013709   0.040856678716427   -0.000252538695878379   0
0.312050831867758   0.403266262323046   0.0275708988702796   -0.0719188456906624   0
0.3513038196118   0.412671511966237   0.0392529877440415   0.00940524964319073   0
0.377020287534186   0.450003998360292   0.0257164679223858   0.0373324863940555   0
0.324860428065654   0.485810416130099   -0.0521598594685316   0.0358064177698066   0
0.317477233713868   0.503549556761298   -0.00738319435178603   0.0177391406311993   0
0.321237346667538   0.460803043792573   0.00376011295367001   -0.0427465129687253   0
0.306851681844764   0.415202709621325   -0.0143856648227745   -0.0456003341712484   0
0.279172374355361   0.474398471073105   -0.0276793074894023   0.0591957614517807   0
0.292169071742715   0.522359037870027   0.0129966973873541   0.0479605667969212   0
0.282633332352732   0.471894775016899   -0.00953573938998314   -0.0504642628531272   0
0.305690237963203   0.436996872795733   0.0230569056104712   -0.0348979022211665   0
0.258145575319915   0.407095714810277   -0.0475446626432883   -0.0299011579854563   0
0.287583562781325   0.486579855572803   0.0294379874614094   0.0794841407625265   0
0.299479895081382   0.428601179109729   0.0118963323000575   -0.0579786764630741   0
0.382052772351216   0.408362981922946   0.0825728772698339   -0.0202381971867834   0
0.307171556360611   0.463911676142668   -0.0748812159906049   0.0555486942197228   0
0.302369445997773   0.496193022448422   -0.00480211036283823   0.0322813463057534   0
0.308755134394701   0.435754373973458   0.00638568839692844   -0.0604386484749641   0
0.291950546287826   0.450425348338101   -0.0168045881068753   0.0146709743646437   0
0.291245664292192   0.481820911884021   -0.000704881995634232   0.0313955635459201   0
0.297828624582997   0.47380031025317   0.00658296029080568   -0.00802060163085155   0
0.357380323735093   0.432150940969993   0.0595516991520958   -0.0416493692831774   0
0.276661038937542   0.495716729298599   -0.0807192847975514   0.063565788328606   0
0.270922075560483   0.512574074014674   -0.00573896337705893   0.016857344716075   0
0.275569905492236   0.465714367948317   0.00464782993175339   -0.0468597060663569   0
0.291455122063844   0.435409956720388   0.0158852165716074   -0.030304411227929   0
0.266506464510713   0.513307461632402   -0.0249486575531305   0.0778975049120146   0
0.259161361662961   0.524097490507491   -0.00734510284775225   0.0107900288750892   0
0.262395959467748   0.469453575688534   0.00323459780478702   -0.0546439148189576   0
0.260161711169976   0.456173873078566   -0.00223424829777191   -0.0132797026099675   0
0.268380926872608   0.513844122941238   0.00821921570263168   0.0576702498626715   0
0.235827435458663   0.473642617187791   -0.0325534914139444   -0.0402015057534472   0
0.289147524354074   0.453506185595632   0.053320088895411   -0.0201364315921586   0
0.239533849238077   0.4972355479295   -0.0496136751159969   0.0437293623338678   0
0.255028811964452   0.516061375353019   0.015494962726375   0.0188258274235195   0
0.260240703102128   0.502581761995747   0.00521189113767573   -0.0134796133572721   0
0.272438220603057   0.475814905017172   0.012197517500929   -0.0267668569785758   0
0.246471181382327   0.508318218198748   -0.0259670392207299   0.0325033131815765   0
0.264858335015627   0.504625495558092   0.0183871536332997   -0.00369272264065568   0
0.317183096286057   0.443086088578168   0.0523247612704301   -0.0615394069799244   0
0.35986209867609   0.4102692985403   0.0426790023900332   -0.0328167900378676   0
0.304306369833101   0.39343214677343   -0.0555557288429892   -0.01683715176687   0
0.299516550986753   0.463590913027855   -0.00478981884634827   0.0701587662544245   0
0.296345562117421   0.452444221471001   -0.00317098886933204   -0.011146691556854   0
0.308912584809748   0.450871350366432   0.0125670226923278   -0.00157287110456877   0
0.268572021472826   0.497111059094444   -0.0403405633369226   0.0462397087280121   0
0.264701972461052   0.48010893397879   -0.00387004901177368   -0.0170021251156542   0
0.338374607500326   0.480134802834165   0.0736726350392743   2.58688553751441e-05   0
0.251801251608168   0.493546235030813   -0.0865733558921584   0.0134114321966475   0
0.294478216845134   0.444321778700203   0.0426769652369663   -0.0492244563306092   0
0.324268106956635   0.40109158130466   0.029789890111501   -0.0432301973955435   0
0.250467724046433   0.447098082340721   -0.0738003829102027   0.046006501036061   0
0.280483174491804   0.504682158467337   0.0300154504453716   0.0575840761266161   0
0.270432496867518   0.489876329505978   -0.0100506776242866   -0.0148058289613587   0
0.309173081433362   0.42864848244361   0.0387405845658438   -0.0612278470623682   0
0.307889553343403   0.423930011825655   -0.00128352808995885   -0.00471847061795511   0
0.318529164557973   0.484683011559101   0.0106396112145699   0.0607529997334463   0
0.36547109678255   0.451932687117507   0.0469419322245774   -0.0327503244415949   0
0.36246018493138   0.466485747732447   -0.00301091185117019   0.0145530606149402   0
0.30981799489539   0.520010020573162   -0.0526421900359896   0.053524272840715   0
0.311484938691809   0.513854582461322   0.00166694379641885   -0.00615543811183938   0
0.409711220404519   0.484808794910695   0.0982262817127096   -0.0290457875506277   0
0.402788750442462   0.476063131898305   -0.00692246996205648   -0.00874566301238988   0
0.303219893414004   0.531602646917611   -0.099568857028458   0.0555395150193061   0
0.322422454666234   0.559992083645162   0.0192025612522303   0.0283894367275511   0
0.245519212140822   0.508725184913476   -0.0769032425254123   -0.0512668987316863   0
0.236032700476353   0.464612899159098   -0.00948651166446859   -0.0441122857543773   0
0.225663782927168   0.456867907144943   -0.0103689175491855   -0.00774499201415563   0
0.222719007559391   0.4704475292953   -0.00294477536777712   0.0135796221503576   0
0.349798786341519   0.435222189711247   0.127079778782129   -0.0352253395840536   0
0.324992214905773   0.385353331970271   -0.0248065714357467   -0.0498688577409755   0
0.31981793831022   0.474990461908418   -0.00517427659555231   0.089637129938147   0
0.24136700160314   0.455967055077722   -0.0784509367070809   -0.0190234068306967   0
0.293356150010529   0.439153787194475   0.0519891484073894   -0.0168132678832467   0
0.275896310037394   0.394995152303231   -0.0174598399731348   -0.0441586348912439   0
0.24832529967162   0.427530955792969   -0.027571010365774   0.0325358034897385   0
0.29326941038915   0.470726957981748   0.0449441107175302   0.0431960021887783   0
0.218391203281196   0.417803219709052   -0.074878207107954   -0.0529237382726961   0
0.261385085152558   0.405273527273865   0.0429938818713615   -0.0125296924351868   0
0.239869395175458   0.38461385733096   -0.0215156899771001   -0.0206596699429049   0
0.234229640028755   0.428443289856137   -0.0056397551467032   0.0438294325251773   0
0.253662362908966   0.416223117261343   0.0194327228802113   -0.0122201725947939   0
0.27572923526186   0.40457639723234   0.0220668723528937   -0.0116467200290036   0
0.251895633604475   0.470079402504779   -0.0238336016573846   0.0655030052724392   0
0.259715434909056   0.466836344121792   0.00781980130458065   -0.00324305838298722   0
0.279167974615642   0.417233527460941   0.0194525397065867   -0.0496028166608505   0
0.267085330226596   0.421568314634176   -0.0120826443890462   0.00433478717323521   0
0.297072554662998   0.476633420792384   0.0299872244364018   0.0550651061582079   0
0.31988085665574   0.451307203632127   0.0228083019927418   -0.0253262171602575   0
0.319145635865901   0.457101172370242   -0.000735220789839286   0.0057939687381155   0
0.291707890928579   0.523270047578208   -0.0274377449373211   0.0661688752079657   0
0.306009649330886   0.493695099373085   0.0143017584023062   -0.0295749482051233   0
0.396243825082486   0.447455408266567   0.0902341757516007   -0.0462396911065179   0
0.313632932755219   0.499795376278633   -0.0826108923272669   0.0523399680120658   0
0.321942434916555   0.51604320085677   0.00830950216133514   0.0162478245781369   0
0.331154099162067   0.480200560539812   0.00921166424551223   -0.0358426403169572   0
0.364174420668297   0.407437760729476   0.0330203215062305   -0.072762799810336   0
0.292418050774914   0.434657373916801   -0.0717563698933837   0.027219613187325   0
0.319658129288151   0.483842852302532   0.0272400785132369   0.0491854783857308   0
0.274424548004999   0.384249321885543   -0.0452335812831514   -0.0995935304169887   0
0.369193738732512   0.354240370928061   0.0947691907275124   -0.0300089509574827   0
0.318259636808833   0.394974986765618   -0.050934101923679   0.0407346158375572   0
0.246742987072075   0.461233445940339   -0.0715166497367579   0.0662584591747216   0
0.206312197718987   0.409204529886339   -0.0404307893530876   -0.0520289160540001   0
0.229899539845125   0.467589706054357   0.0235873421261375   0.0583851761680177   0
0.291088064698641   0.515072697748823   0.0611885248535161   0.0474829916944655   0
0.264198040363455   0.46156532200356   -0.0268900243351852   -0.0535073757452626   0
0.317703237262402   0.450130182459752   0.0535051968989464   -0.0114351395438076   0
0.290635959039758   0.498724921158197   -0.0270672782226437   0.0485947386984449   0
0.327820510093557   0.549839482863181   0.0371845510537989   0.0511145617049835   0
0.353439070874514   0.521347652421587   0.0256185607809573   -0.0284918304415936   0
0.389140212866776   0.503313501472243   0.0357011419922619   -0.0180341509493437   0
0.315254542733328   0.527208147550377   -0.0738856701334479   0.0238946460781334   0
0.298205702249705   0.436199905128944   -0.0170488404836229   -0.0910082424214325   0
0.333669743322645   0.444708067578608   0.0354640410729398   0.00850816244966379   0
0.281982000332929   0.48556753791517   -0.0516877429897162   0.0408594703365618   0
0.311559012676571   0.512969447342871   0.0295770123436424   0.0274019094277005   0
0.300178002956979   0.479682214237979   -0.0113810097195926   -0.033287233104892   0
0.319722942477014   0.460603249292979   0.0195449395200352   -0.0190789649449996   0
0.304899077012378   0.528967126046128   -0.014823865464636   0.0683638767531488   0
0.293206982888556   0.525498107857916   -0.011692094123822   -0.00346901818821177   0
0.366305010070842   0.500022727635955   0.0730980271822864   -0.0254753802219613   0
0.290019745910516   0.489684038060003   -0.0762852641603269   -0.0103386895759521   0
0.277127510505832   0.571470281245666   -0.0128922354046836   0.081786243185663   0
0.360361424094381   0.621043383227299   0.0832339135885486   0.0495731019816337   0
0.307792534768275   0.582512235641624   -0.0525688893261052   -0.0385311475856757   0
0.336005756685641   0.622889610873638   0.0282132219173654   0.0403773752320147   0
0.282735512400706   0.589964229252622   -0.0532702442849343   -0.0329253816210164   0
0.321999967888896   0.603919945742242   0.0392644554881895   0.0139557164896202   0
0.327231670608149   0.631169821799173   0.00523170271925288   0.0272498760569311   0
0.405740957060709   0.631881088430608   0.0785092864525601   0.000711266631434948   0
0.84147540979047   0.633077855897679   0.435734452729761   0.00119676746707087   0
0.616378908051444   0.6270829368847   -0.225096501739027   -0.00599491901297944   0
0.604510192698061   0.644050186861436   -0.0118687153533831   0.016967249976736   0
0.440460976515695   0.630250385232417   -0.164049216182365   -0.0137998016290186   0
0.281420542976255   0.560250779165456   -0.159040433539441   -0.0699996060669614   0
0.286936597743892   0.614290948695527   0.00551605476763717   0.0540401695300713   0
0.259400952887706   0.591444046404645   -0.0275356448561856   -0.0228469022908817   0
0.267305844812062   0.54858240862267   0.00790489192435545   -0.0428616377819752   0
0.230526178684765   0.621332506747595   -0.0367796661272972   0.0727500981249249   0
0.241253285541234   0.607519065697736   0.0107271068564691   -0.0138134410498589   0
0.310539226473581   0.552927533400436   0.0692859409323473   -0.0545915322973003   0
0.247950931616458   0.611433968280838   -0.0625882948571226   0.0585064348804021   0
0.275670480061685   0.669504564995199   0.0277195484452269   0.0580705967143609   0
0.25546228385005   0.598229088196431   -0.0202081962116351   -0.0712754767987681   0
0.316025609762817   0.544554202137694   0.0605633259127664   -0.0536748860587369   0
0.252720890889534   0.598763715422244   -0.0633047188732821   0.0542095132845504   0
0.246181417442909   0.630833701767352   -0.00653947344662514   0.0320699863451077   0
0.299674679530587   0.543819953983752   0.0534932620876777   -0.0870137477835998   0
0.166328180248207   0.222678223911348   -0.13334649928238   -0.321141730072404   0
0.336961447033099   0.372644321202873   0.170633266784892   0.149966097291525   0
0.0851214060091232   0.539300764736385   -0.251840041023976   0.166656443533512   0
0.436673819586199   0.533379462349341   0.351552413577076   -0.00592130238704391   0
0.265494455564518   0.542943092228893   -0.17117936402168   0.00956362987955173   0
0.188438789389791   0.578637726769723   -0.0770556661747273   0.0356946345408297   0
0.232353723392353   0.631327501796684   0.0439149340025618   0.0526897750269615   0
0.220728085537387   0.648512004644024   -0.0116256378549659   0.0171845028473393   0
0.226842198020303   0.637567116758926   0.00611411248291621   -0.0109448878850975   0
0.213049169494596   0.664904401988414   -0.0137930285257076   0.0273372852294881   0
0.194043795673322   0.698527544290603   -0.0190053738212731   0.0336231423021889   0
0.169908821160292   0.763167448615286   -0.0241349745130307   0.064639904324683   0
0.197400987544693   0.728751458086083   0.0274921663844011   -0.0344159905292026   0
0.202151720396396   0.717157369149593   0.00475073285170269   -0.0115940889364908   0
0.226833791368532   0.698019911632276   0.024682070972136   -0.0191374575173169   0
0.248869745038986   0.719216543975825   0.0220359536704549   0.0211966323435495   0
0.348876455145787   0.742004906257488   0.1000067101068   0.022788362281663   0
0.330681211345565   0.794170694684879   -0.018195243800222   0.0521657884273903   0
0.211430009341153   0.786167886564067   -0.119251202004412   -0.00800280812081111   0
0.225329300194293   0.802973705715611   0.0138992908531405   0.0168058191515432   0
0.135758675062775   0.737812409682937   -0.0895706251315189   -0.0651612960326734   0
0.216146617706338   0.657636063413287   0.0803879426435639   -0.0801763462696502   0
0.0785156285920835   0.671039540034155   -0.137630989114255   0.0134034766208676   0
0.271869496052978   0.73049390376409   0.193353867460894   0.0594543637299357   0
0.0812415287266925   0.644453168241301   -0.190627967326285   -0.0860407355227899   0
0.206323813661463   0.588690651011253   0.12508228493477   -0.0557625172300478   0
0.0887813276155099   0.62922738258001   -0.117542486045953   0.0405367315687574   0
0.255542664902849   0.749208894275155   0.166761337287339   0.119981511695145   0
0.111862814047654   0.673525700465469   -0.143679850855195   -0.0756831938096861   0
0.0945002155747297   0.609694780441001   -0.0173625984729242   -0.063830920024468   0
0.0833788720595835   0.600745104397949   -0.0111213435151462   -0.00894967604305152   0
0.197065189245342   0.702650122025253   0.113686317185758   0.101905017627304   0
0.124840408500573   0.689408749224364   -0.0722247807447686   -0.0132413728008883   0
0.14087813372078   0.646249730867025   0.0160377252202069   -0.0431590183573389   0
0.139698382993505   0.70376895412805   -0.00117975072727508   0.057519223261025   0
0.0943348718905156   0.714783062212552   -0.0453635111029894   0.0110141080845012   0
0.163953176071707   0.660857279630224   0.0696183041811909   -0.0539257825823275   0
0.131825626607955   0.622665128767962   -0.0321275494637514   -0.0381921508622624   0
0.0753953083646456   0.685734790964636   -0.0564303182433095   0.0630696621966739   0
0.0923931094045979   0.686449065631486   0.0169978010399523   0.000714274666850367   0
0.106268330857222   0.660547639721294   0.0138752214526246   -0.025901425910192   0
0.145845180898239   0.485361451352495   0.0395768500410163   -0.175186188368799   0
0.23397478288416   0.192038198879806   0.0881296019859216   -0.293323252472689   1
0.423960989825715   0.136603295042287   0.189986206941555   -0.0554349038375196   0
0.441968159926663   0.121846147735856   0.0180071701009475   -0.0147571473064304   0
0.389370317540564   0.114623590913095   -0.0525978423860981   -0.00722255682276146   0
0.276104383544068   0.137199429035549   -0.113265933996496   0.0225758381224542   0
0.20385660318962   0.16999411748785   -0.0722477803544488   0.0327946884523014   0
0.255933378729016   0.167620553256276   0.0520767755393966   -0.00237356423157445   0
0.253399405740213   0.215382543853234   -0.00253397298880348   0.0477619905969578   0
0.260714243689216   0.244368617382122   0.00731483794900351   0.0289860735288885   0
0.250697354892343   0.24343582500119   -0.0100168887968727   -0.000932792380932107   0
0.324607697938604   0.210190406024728   0.0739103430462605   -0.033245418976462   0
0.228934511871845   0.24097964206883   -0.0956731860667588   0.0307892360441024   0
0.280175311087826   0.304419429841333   0.0512407992159807   0.063439787772503   0
0.173072225495052   0.247914666623039   -0.107103085592774   -0.0565047632182945   0
0.340739112357959   0.265887629120034   0.167666886862908   0.0179729624969947   0
0.247148106231871   0.2574711313842   -0.0935910061260886   -0.00841649773583353   0
0.262873285841297   0.264266586588713   0.0157251796094259   0.00679545520451341   0
0.238891575012619   0.252076379508275   -0.0239817108286771   -0.0121902070804382   0
0.217454465997275   0.312957504625165   -0.0214371090153445   0.0608811251168895   0
0.259271828794877   0.362401313067644   0.041817362797602   0.0494438084424793   0
0.191733554685141   0.327823266844351   -0.0675382741097359   -0.0345780462232931   0
0.201938224863447   0.338916028005054   0.0102046701783057   0.0110927611607031   0
0.226220393588288   0.382623537610456   0.0242821687248413   0.043707509605402   0
0.185523859309847   0.354127850084542   -0.0406965342784409   -0.0284956875259137   0
0.292506144586742   0.364052082673005   0.106982285276895   0.00992423258846281   0
0.183976799535403   0.396074844764878   -0.108529345051339   0.0320227620918734   0
0.224297042193382   0.454170078055281   0.0403202426579791   0.0580952332904026   0
0.182503249499055   0.400545462006715   -0.0417937926943273   -0.0536246160485663   0
0.191904185061939   0.403059047907686   0.00940093556288371   0.00251358590097089   0
0.209759149260789   0.503047137133291   0.0178549641988502   0.0999880892256053   0
0.203255514363209   0.490548269561977   -0.00650363489758049   -0.0124988675713139   0
0.256876063735588   0.456249201225602   0.0536205493723797   -0.034299068336375   0
0.169190634169566   0.501392062229998   -0.0876854295660221   0.0451428610043959   0
0.223195432050681   0.536420561173786   0.0540047978811145   0.0350284989437887   0
0.260688875602623   0.514396480720368   0.0374934435519426   -0.0220240804534184   0
0.271315382550806   0.486884653939516   0.0106265069481823   -0.0275118267808517   0
0.226235378274752   0.512594271406002   -0.0450800042760539   0.0257096174664855   0
0.235347285892997   0.530416491594341   0.00911190761824518   0.0178222201883396   0
0.298765394722565   0.533657155934641   0.063418108829568   0.00324066434029968   0
0.401064253031219   0.548381939561744   0.102298858308655   0.0147247836271027   0
0.377776809482771   0.574718380399914   -0.023287443548448   0.0263364408381699   0
0.225367362925602   0.525652075404495   -0.152409446557169   -0.0490663049954192   0
0.259739445900637   0.550258659527499   0.0343720829750351   0.0246065841230045   0
0.213124436602188   0.612483696404647   -0.0466150092984492   0.0622250368771481   0
0.177762423528624   0.603886978684339   -0.0353620130735636   -0.00859671772030768   0
0.272861947964552   0.58705993098533   0.0950995244359279   -0.0168270476990099   0
0.17721457933322   0.587359402805931   -0.0956473686313326   0.000299471820601416   0
0.221921288120721   0.62458044213776   0.0447067087875012   0.0372210393318292   0
0.207838158881496   0.61703239284903   -0.0140831292392248   -0.00754804928872987   0
0.272147709311047   0.582387229492114   0.0643095504295507   -0.0346451633569165   0
0.206010252102268   0.630996147446638   -0.0661374572087788   0.0486089179545246   0
0.213019545306739   0.65151190562913   0.00700929320447147   0.0205157581824914   0
0.284398142216664   0.625486303247521   0.0713785969099248   -0.0260256023816088   0
0.166861907078357   0.627345681746714   -0.117536235138308   0.00185937849919338   0
0.226328630383454   0.665589440315312   0.0594667233050971   0.0382437585685972   0
0.308677795561262   0.635475202772697   0.0823491651778079   -0.0301142375426149   0
0.369431290692776   0.675702922966375   0.060753495131514   0.0402277201936779   0
0.346090934904918   0.72283339980311   -0.0233403557878579   0.047130476836735   0
0.380881373241145   0.73149283602319   0.0347904383362269   0.0086594362200807   0
0.447659593384438   0.729744713189681   0.066778220143293   -0.00174812283350922   0
0.522165195058317   0.75454600593056   0.0745056016738793   0.0248012927408785   0
0.489471726113327   0.762366771638173   -0.0326934689449895   0.00782076570761336   0
0.491216468416614   0.716379091925504   0.00174474230328631   -0.0459876797126688   0
0.455599206306694   0.736133704132682   -0.0356172621099192   0.0197546122071774   0
0.368154565855158   0.767467308746112   -0.0874446404515363   0.0313336046134304   0
0.410313774141205   0.708205722466262   0.0421592082860471   -0.0592615862798501   0
0.502007226758739   0.708486163772287   0.0916934526175337   0.000280441306025558   0
0.32053858224713   0.725269466396801   -0.181468644511609   0.0167833026245132   0
0.230350669345674   0.688199947434792   -0.0901879129014559   -0.0370695189620091   0
