0.0245949900095548   0   0   0
0.0210737   0.00734564985508229   -0.00352129000955479   0
0.00475621   0.00489732815623092   -0.01631749   0
0.0301868996252497   0.0034546648630245   0.0254306896252497   0
0.0192182981718231   -0.0192194572907682   -0.0109686014534266   0
0.0146245036135419   0.0233131884424187   -0.00459379455828123   0
0.0237363633057488   0.00411694757818104   0.00911185969220694   0
0.0216833280619581   -0.00767991644198245   -0.00205303524379073   0
0.00190325787036991   -0.0271330955954037   -0.0197800701915882   0
0.0135676747086052   0.00687318963746814   0.0116644168382353   0
0.0118673080507502   0.0212199417217218   -0.00170036665785502   0
0.0128884993610583   -0.010650303937423   0.00102119131030811   0
0.0391787435523716   -0.0278357641194692   0.0262902441913133   0
0.0228228083060017   0.0414830969743917   -0.0163559352463699   0
0.0256264101564187   0.0107480872282463   0.00280360185041701   0
0.0242393458959808   -0.0221646885278732   -0.00138706426043794   0
0.033002798408696   -0.016738620480164   0.0087634525127152   0
0.0284580824445798   0.0116434241575452   -0.00454471596411619   0
0.0388290667295394   0.00361321351346619   0.0103709842849596   0
0.0363391257019487   0.013709881028938   -0.00248994102759077   0
0.0201654047157186   -0.00978948585408501   -0.0161737209862301   0
0.015509983224214   0.0118299110231135   -0.00465542149150457   0
0.0303727098302753   -0.0225989828874949   0.0148627266060613   0
0.0466657278433298   0.0205588278255488   0.0162930180130545   0
0.0390391813971413   -0.00828955065663311   -0.00762654644618854   0
0.0184450561730523   0.0146833696491273   -0.0205941252240889   0
0.028647589795917   -0.014800796105003   0.0102025336228646   0
0.0164324403743023   0.00390068716938413   -0.0122151494216147   0
0.0272340769640721   -0.0223176645758719   0.0108016365897698   0
0.0188218877693839   0.0359979699198702   -0.00841218919468814   0
0.0200646507835012   -0.0198161229445107   0.00124276301411731   0
0.0186153581014333   0.00159147537185252   -0.00144929268206789   0
0.0157417981755488   -0.00644576234562547   -0.00287355992588458   0
0.0354537311630596   0.0198767889165407   0.0197119329875108   0
0.0230846887692904   -0.0185898574850332   -0.0123690423937692   0
0.0157759378331369   0.01105159935116   -0.00730875093615346   0
0.0138391865142067   -0.0222864668803279   -0.00193675131893022   0
0.032592375532951   0.0454272117328564   0.0187531890187443   0
0.0280940893421979   -0.0250165105427349   -0.00449828619075301   0
0.0224659893521852   0.00190821964443318   -0.00562809999001272   0
0.0495155175336227   -0.0074717551625583   0.0270495281814375   0
0.0635914042734944   0.0402422209768568   0.0140758867398717   0
0.0430999618753312   -0.0225836685300602   -0.0204914423981632   0
0.0502581830285129   -0.0126506972977904   0.00715822115318171   0
0.0652415806339217   0.0434069174017092   0.0149833976054088   0
0.0566384398324362   -0.0410506255277801   -0.00860314080148544   0
0.0381738817203923   -0.00835748213866414   -0.018464558112044   0
0.0450022256879035   -0.00640380935731936   0.0068283439675112   0
0.0482409363565323   0.0329520412210433   0.00323871066862882   0
0.0379207998322161   -0.0218008590154571   -0.0103201365243162   0
0.033243262837378   -0.0143432383603172   -0.00467753699483805   0
0.0549631565235088   0.0362172684805323   0.0217198936861307   0
0.0393915043105518   -0.0216300329760901   -0.0155716522129569   0
0.0194180097671138   0.00434769347857818   -0.0199734945434381   0
0.0383016879389146   -0.0187818860203506   0.0188836781718009   0
0.0585234613442549   0.0503894934413341   0.0202217734053403   0
0.0473197128892917   -0.0471243525310288   -0.0112037484549632   0
0.0301622363147612   0.0255998614615149   -0.0171574765745305   0
0.0357882653940157   -0.00758258390484076   0.00562602907925447   0
0.0400196313821417   0.0171972761300097   0.00423136598812602   0
0.0340150669976442   -0.0239089686501774   -0.00600456438449747   0
0.0397107431131048   -0.0153811080913765   0.00569567611546058   0
0.0581980012677411   0.0404087677815981   0.0184872581546363   0
0.0488094504792361   -0.0381434513905356   -0.00938855078850505   0
0.0345663281802537   0.018361521750128   -0.0142431222989824   0
0.0420145541050955   -0.0080475273049755   0.00744822592484185   0
0.0476515673594269   0.0232166028796901   0.00563701325433137   0
0.0369506753450461   -0.0113147911960641   -0.0107008920143808   0
0.0263218308237193   -0.0164045073215594   -0.0106288445213268   0
0.0494098862364861   0.0261034384790232   0.0230880554127668   0
0.0377660901123283   -0.0287784025471392   -0.0116437961241578   0
0.0315163762899941   0.023416739847139   -0.00624971382233422   0
0.0459769593523756   -0.00139009756432371   0.0144605830623816   0
0.0611094982539539   0.0209699560314173   0.0151325389015783   0
0.0371894869489013   -0.00658778466126958   -0.0239200113050526   0
0.02896977642242   -0.0306085980833183   -0.00821971052648134   0
0.0461816889796822   0.035858985039423   0.0172119125572622   0
0.0396965395741871   -0.0262815057690499   -0.00648514940549513   0
0.0316715298277885   -0.00580653577690506   -0.00802500974639852   0
0.03871012584893   0.0083948175734315   0.00703859602114147   0
0.0378799489165772   -0.0021660331789973   -0.000830176932352794   0
0.0419180746564355   -0.000849379399464008   0.00403812573985827   0
0.0356107350619164   -0.00838589976026436   -0.00630733959451912   0
0.0539004447159993   0.0254263865922974   0.018289709654083   0
0.0350253186555811   -0.0168481176500815   -0.0188751260604182   0
0.0318507757863525   -0.0189277757668222   -0.00317454286922862   0
0.0338281767779465   0.00320630464490907   0.001977400991594   0
0.0519643516366028   0.0312711592494878   0.0181361748586562   0
0.0374538081795764   -0.0259479600236497   -0.0145105434570264   0
0.0340798870642568   0.00647733598897911   -0.00337392111531952   0
0.0523581260383715   -0.000813617780258409   0.0182782389741147   0
0.0411164338247786   -0.00398010078922574   -0.0112416922135929   0
0.0356724901226772   0.0110483599690119   -0.00544394370210146   0
0.0291813442128224   -0.022233538136752   -0.00649114590985474   0
0.0510871513848641   0.0316906900964773   0.0219058071720417   0
0.0403497936819075   -0.0224671696430393   -0.0107373577029567   0
0.0334676106444724   -0.000941988228544709   -0.0068821830374351   0
0.0408616909498983   0.00871034428127535   0.00739408030542592   0
0.0365122096938134   -0.00597615656105798   -0.00434948125608491   0
0.0315508374017236   0.0118719966453193   -0.00496137229208979   0
0.0338938963356605   -0.0181455818225983   0.0023430589339369   0
0.0669952406033443   0.0344907826164753   0.0331013442676839   0
0.0292876853124739   -0.0168243593322076   -0.0377075552908704   0
0.0338089014339789   -0.0108145141071823   0.00452121612150498   0
0.0489607656848828   0.00855432398135386   0.0151518642509039   0
0.0473760191664781   -0.00142970366818407   -0.00158474651840475   0
0.0349753491027609   0.00337607115649106   -0.0124006700637172   0
0.0431576452100031   -0.0332913936344151   0.00818229610724212   0
0.0468971102901074   0.0471306380993105   0.00373946508010437   0
0.0431576452100031   -0.0228248009365529   -0.00373946508010437   0
0.0339911113303537   0.000689295038376947   -0.00916653387964936   0
0.0431576700300769   0.0142489294880612   0.00916655869972322   0
0.0570179055888587   -0.0251056149388574   0.0138602355587817   0
0.0335571255608254   0.0388059683867898   -0.0234607800280333   0
0.0392711158742975   -0.0306525279025007   0.0057139903134721   0
0.0547768368508305   0.0321958074053621   0.015505720976533   0
0.0334096780475826   -0.0300478821760665   -0.0213671588032478   0
0.031685807612439   0.000181479128982018   -0.00172387043514359   0
0.0448640781382221   0.0172049636182819   0.0131782705257831   0
0.0366850320681678   -0.028042031942026   -0.00817904607005431   0
0.0387165526048614   0.0136500279068107   0.00203152053669359   0
0.0436336613522748   -0.00421490522076795   0.00491710874741341   0
0.0563486316839415   0.0284428139351833   0.0127149703316667   0
0.0349639457910931   -0.00982514774642917   -0.0213846858928484   0
0.0263139684031618   -0.0309836586015573   -0.0086499773879313   0
0.0466630459385272   0.0367267225478893   0.0203490775353654   0
0.0360559831428644   -0.0173340465283252   -0.0106070627956628   0
0.0393148014340973   0.00891630745155271   0.00325881829123287   0
0.0424211745643611   0.00657923232419647   0.00310637313026382   0
0.0455626283747163   -0.0232644571921509   0.00314145381035513   0
0.0533535943701547   0.00231608591667126   0.0077909659954384   0
0.0434794860010155   -0.00547219058579387   -0.0098741083691392   0
0.0508346564242348   0.0219626524734079   0.00735517042321936   0
0.0342601568916796   -0.000650959644282884   -0.0165744995325552   0
0.038130798359266   -0.0159354524643373   0.00387064146758638   0
0.0518376346781708   0.0196524636238463   0.0137068363189049   0
0.0409074367467274   -0.0266758258178438   -0.0109301979314435   0
0.0472583031450823   0.0278575707003776   0.00635086639835498   0
0.0501796353437328   -0.0142124641476791   0.00292133219865048   0
0.052722039413584   -0.0117200245976333   0.00254240406985112   0
0.0400369768729171   0.0225452166453215   -0.0126850625406668   0
0.032871941685083   -0.0142134655140643   -0.00716503518783407   0
0.0543462313071937   0.0267063398569098   0.0214742896221106   0
0.0416063684671289   -0.0318022572881615   -0.0127398628400648   0
0.040155748699906   0.000383250230362724   -0.00145061976722295   0
0.036938184082464   0.0168325597204675   -0.00321756461744193   0
0.0379527038740984   0.0041560508520036   0.00101451979163432   0
0.034385415524536   0.00133282923418396   -0.00356728834956238   0
0.0341536204134715   -0.0284863227960329   -0.000231795111064442   0
0.0472166231894552   0.0349051348126714   0.0130630027759837   0
0.0415522275367097   -0.0420629855984046   -0.00566439565274547   0
0.0322511476559362   0.0222680933934033   -0.00930107988077353   0
0.0493668388895066   0.000971864827494839   0.0171156912335704   0
0.0441167619902288   -0.00865978318315783   -0.00525007689927773   0
0.0397971128398468   0.00636302999950154   -0.00431964915038204   0
0.038759236973559   0.000363020548068582   -0.00103787586628785   0
0.0564444382425374   0.0232423267602713   0.0176852012689785   0
0.03410556554589   -0.030537154953484   -0.0223388726966474   0
0.0443069653839269   0.0096039666227615   0.0102013998380369   0
0.0439275151940956   -0.0151070575323249   -0.000379450189831335   0
0.050820398939599   0.016340411390392   0.00689288374550345   0
0.0311293232301154   0.0136886115449437   -0.0196910757094837   0
0.0376374670306398   -0.0130297899620214   0.00650814380052446   0
0.0425493104107752   0.0325309681168581   0.00491184338013533   0
0.0453323000727682   -0.0452432769243637   0.00278298966199305   0
0.0479917092202914   0.0102152743300276   0.00265940914752316   0
0.0633761770762411   0.00235642569617384   0.0153844678559498   0
0.0663004066645976   0.0427432451107509   0.00292422958835652   0
0.057258382073479   -0.0409450095714251   -0.00904202459111866   0
0.0420643521180643   -0.000181683894555473   -0.0151940299554147   0
0.0630837485712527   0.0187390084087196   0.0210193964531884   0
0.0699864613661173   -0.00874673282008889   0.0069027127948646   0
0.0480788199826337   0.00996083655497192   -0.0219076413834836   0
0.0536336971059473   -0.0359524981162168   0.00555487712331358   0
0.0614495404685912   0.037793265901173   0.00781584336264388   0
0.0464588857271136   -0.038898888096411   -0.0149906547414776   0
0.0445918560386871   0.0155352407585741   -0.00186702968842645   0
0.0610034075025322   -0.00243759617337511   0.016411551463845   0
0.0734576463516393   0.0363763047063707   0.0124542388491071   0
0.0467561734326067   -0.0246951032412806   -0.0267014729190325   0
0.055704922893134   -0.0107440558036809   0.00894874946052723   0
0.0654587531865947   0.0352156326638278   0.00975383029346075   0
0.0601933280666969   -0.0197652037517933   -0.00526542511989782   0
0.0508629016551602   -0.0139509979945187   -0.00933042641153668   0
0.0576410159961943   0.00176413293242231   0.00677811434103407   0
0.0652972843047856   0.0223975034699465   0.00765626830859134   0
0.0447987704114187   -0.0154552559960557   -0.020498513893367   0
0.0433267008795096   -0.0126167749421425   -0.00147206953190904   0
0.071985137033981   0.0277632752354545   0.0286584361544714   0
0.0498381676887554   -0.0217924355208114   -0.0221469693452257   0
0.0319206782061961   -0.00585904632770988   -0.0179174894825592   0
0.0465305142818398   0.0152822889239125   0.0146098360756437   0
0.0784619894069321   0.0156644629168144   0.0319314751250922   0
0.0375399543390106   -0.00907668480977449   -0.0409220350679215   0
0.0461908605538476   -0.0279742290905275   0.00865090621483706   0
0.062827565222699   0.0348820146980481   0.0166367046688514   0
0.0401608561884891   -0.0214441561257983   -0.02266670903421   0
0.0490820944916524   0.00242957045140217   0.00892123830316339   0
0.0471287124169014   0.00483872742555157   -0.00195338207475101   0
0.0586701426052681   0.00422995131581895   0.0115414301883667   0
0.0421213880501047   -0.00477752700662643   -0.0165487545551635   0
0.0452205209046457   -0.00763692028881158   0.00309913285454105   0
0.069431751679419   0.0352136867293919   0.0242112307747733   0
0.0443839703849825   -0.0332705584894092   -0.0250477812944365   0
0.0355310202345078   -0.0254955579527953   -0.00885295015047469   0
0.091659074538056   0.0552584785104293   0.0561280543035482   0
0.182775309759367   0.0398819616818223   0.0911162352213109   0
0.206402604937535   0.0323146339608198   0.0236272951781678   0
0.400125268784742   0.119211334229843   0.193722663847208   0
0.634824369518255   0.415572857212522   0.234699100733513   0
0.731928680779528   0.362187999150389   0.0971043112612728   1
1.53290193416156   1.03354368411069   0.800973253382032   1
1.25984234932044   -0.175285704795014   -0.273059584841118   1
1.19680907794278   0.405286220220165   -0.0630332713776605   1
1.75890540970087   0.183912764701126   0.562096331758093   1
4.27556496163446   -0.327182870432728   2.51665955193358   1
3.32834290401395   -0.613070122952736   -0.947222057620508   1
2.50882155622914   -0.208946106074652   -0.819521347784809   1
2.04633482872922   0.136606868847089   -0.462486727499918   1
1.60217054123586   -0.255167302969164   -0.444164287493364   0
1.24439309570178   -0.398101440269964   -0.357777445534081   0
1.00469585310184   -0.280864973115262   -0.239697242599934   0
1.14777744894389   -0.484091338737496   0.143081595842051   0
1.05176897989019   0.0298272029044474   -0.0960084690537042   0
0.952474810245132   0.248226263157259   -0.0992941696450579   0
0.684361280531533   -0.240076926116196   -0.268113529713598   1
0.448237770354374   0.0695547289228968   -0.23612351017716   0
0.65519913659316   -0.00107521783408066   0.206961366238787   0
0.618594652431218   -0.02972442922404   -0.0366044841619416   0
0.584023513938865   0.045081651854816   -0.0345711384923532   0
0.612015300162114   0.0203835414795358   0.0279917862232487   0
0.609720315696691   -0.037482858471891   -0.0022949844654232   0
0.507436807356791   0.0547682661061853   -0.1022835083399   0
0.439515375842703   -0.0167598529779241   -0.0679214315140875   0
0.554594014833508   -0.0229698807914066   0.115078638990805   0
0.509062117025764   -0.00102634279757038   -0.0455318978077444   0
0.478387301302397   0.0180986702405795   -0.0306748157233666   0
0.445585894626953   -0.00568994817264115   -0.0328014066754438   0
0.471388071964333   0.00259950053516178   0.0258021773373794   0
0.432868686972736   0.000144712170252109   -0.0385193849915964   0
0.481723283139553   0.0928189069556155   0.0488545961668166   0
0.565857532494141   -0.00967398843181216   0.0841342493545883   0
0.559627179207059   -0.0313374912474748   -0.0062303532870821   0
0.46155138275867   0.00124158497987242   -0.0980757964483897   0
0.471340459299117   0.0889968719893199   0.00978907654044725   0
0.412958329158467   -0.0784433677136644   -0.0583821301406503   0
0.501670640275144   -0.00867877144877105   0.0887123111166769   0
0.498687166608208   0.0597969055226303   -0.00298347366693563   0
0.542019266842739   0.0837057282322243   0.0433321002345308   0
0.42325165508625   -0.126121647643904   -0.118767611756489   0
0.42343456834653   0.0157369066684298   0.000182913260280249   0
0.482102859846952   0.162252936982026   0.0586682915004219   0
0.470941278288382   -0.00330076074420077   -0.0111615815585703   0
0.46008421869022   -0.10272492874961   -0.0108570595981621   0
0.475555445936226   -0.0133464421334373   0.015471227246006   0
0.520738940966402   0.126033227562779   0.0451834950301765   0
0.55805879286904   0.0251785445706342   0.037319851902638   0
0.569009599773433   -0.0586272810578288   0.0109508069043929   0
0.520116333844852   -0.0127045956567574   -0.0488932659285807   0
0.580932720480788   0.136211873527886   0.060816386635936   0
0.52665344872061   -0.0956666764864992   -0.0542792717601782   0
0.54470717875498   -0.0473747885884821   0.0180537300343702   0
0.560559484480684   0.0939750512941883   0.0158523057257034   0
0.611830541034477   0.119034474523373   0.0512710565537928   0
0.539907992491536   -0.110393057378245   -0.0719225485429411   0
0.552318462929132   -0.0230332236623042   0.0124104704375965   0
0.695205465396096   0.136137040923743   0.142887002466964   0
0.556630162469292   0.020436622504961   -0.138575302926805   0
0.37920158242128   -0.132447435114297   -0.177428580048012   1
0.284928589301236   -0.118771397149261   -0.0942729931200434   0
0.217832834161368   -0.116832145495979   -0.067095755139868   0
0.228204691607807   0.165496177590206   0.0103718574464384   0
0.382122231271549   0.0352162876825018   0.153917539663742   0
0.371881608089274   -0.120725276858456   -0.0102406231822753   0
0.340880612519842   -0.020731879051225   -0.0310009955694318   0
0.311888061883811   0.0833747925186494   -0.0289925506360306   0
0.331941126508561   -0.0139121175989664   0.0200530646247498   0
0.310275536210724   -0.093346762091423   -0.0216655902978366   0
0.319481614855225   0.00772540421244056   0.0092060786445009   0
0.293266130201942   0.105233550283182   -0.026215484653283   0
0.264619313050389   -0.090660470776208   -0.0286468171515528   0
0.308819823345219   -0.0241555660863118   0.0442005102948299   0
0.29313350440409   0.0359574280786963   -0.0156863189411296   0
0.286332502451176   0.099274233047987   -0.00680100195291405   0
0.259876645694457   -0.119412348995682   -0.0264558567567184   0
0.250341085574262   -0.0381719341165557   -0.00953556012019524   0
0.284699776973345   0.112294356041736   0.0343586913990831   0
0.296363025906257   0.00421911045846718   0.0116632489329114   0
0.260123771446695   -0.112725566232975   -0.0362392544595615   0
0.278972949630251   0.0195223692032938   0.0188491781835557   0
0.296268581474715   0.130611957187303   0.0172956318444644   0
0.26329596917029   -0.108481336608785   -0.0329726123044249   0
0.247175860999355   -0.0455236289589553   -0.0161201081709353   0
0.304869208977374   0.142298135728125   0.0576933479780194   0
0.300113146795509   -0.0226359198446415   -0.00475606218186586   0
0.279155332172413   -0.0773534682563953   -0.020957814623096   0
0.284868422010588   0.0881228536723297   0.00571308983817553   0
0.30967831292748   0.0331618707570291   0.0248098909168916   0
0.290167003642299   -0.106713951710945   -0.0195113092851806   0
0.310152932278578   0.0452465983237822   0.0199859286362786   0
0.336473247609301   0.125954275141173   0.0263203153307233   0
0.326327683502718   -0.107679089877613   -0.0101455641065832   0
0.299886692590301   -0.061617101683501   -0.0264409909124164   0
0.321813783770988   0.0868109658972153   0.0219270911806861   0
0.330987998610977   0.0600281624132081   0.0091742148399892   0
0.294617237710661   -0.123070442314986   -0.036370760900316   0
0.290302933255716   -0.00314415723149808   -0.00431430445494518   0
0.33046894684164   0.135010229861299   0.0401660135859241   0
0.293964154615512   -0.115846305582145   -0.036504792226128   0
0.26498383191327   -0.0648097242965233   -0.028980322702242   0
0.304631434824219   0.0764216127530372   0.0396476029109494   0
0.312933268108494   0.0729093278694321   0.00830183328427464   0
0.290307321209029   -0.111052472421869   -0.0226259468994645   0
0.276002741860932   -0.0186368251963721   -0.0143045793480969   0
0.303779079818134   0.11188698220265   0.027776337957202   0
0.294999245124882   -0.0320580761124495   -0.00877983469325283   0
0.299222578356919   -0.0609590425044512   0.00422333323203733   0
0.313634009159163   0.0688577243163526   0.0144114308022442   0
0.32189610176781   0.0479429981472982   0.00826209260864719   0
0.300325187429543   -0.104900899152081   -0.0215709143382675   0
0.313330185067291   0.0233308461858807   0.0130049976377478   0
0.337088763228115   0.0903094770782447   0.0237585781608242   0
0.295781992803416   -0.071121885270203   -0.0413067704246988   0
0.281780027074418   -0.0396596875002154   -0.0140019657289975   0
0.315989397901354   0.0731716735328444   0.0342093708269351   0
0.3093421943541   0.0204360032057436   -0.00664720354725323   0
0.283937412453977   -0.0943330868939373   -0.0254047819001231   0
0.294116495007119   0.0323720105480638   0.0101790825531415   0
0.316534165994147   0.0825616185196745   0.0224176709870278   0
0.290210888348129   -0.082298482169206   -0.0263232776460179   0
0.287312848934067   -0.0462322559455691   -0.00289803941406169   0
0.320548487392142   0.0999825018132341   0.0332356384580747   0
0.326998875717119   0.00313118600720153   0.00645038832497752   0
0.299752191020032   -0.0660256702033137   -0.0272466846970868   0
0.320364130240871   0.0430358640579313   0.0206119392208389   0
0.341441735603386   0.0588839451891404   0.0210776053625146   0
0.314772893985505   -0.0596605589167852   -0.0266688416178808   0
0.288817026366625   -0.0366768359968623   -0.0259558676188797   0
0.316861964615939   0.0330676529652988   0.0280449382493135   0
0.338744497907379   0.100949507848194   0.0218825332914404   0
0.301023998703546   -0.0950087697770629   -0.0377204992038332   0
0.296880575511893   -0.0621231564239635   -0.00414342319165356   0
0.312557264437771   0.0575925244611057   0.0156766889258781   0
0.335839510980412   0.0841245150877671   0.0232822465426417   0
0.290125746911421   -0.113357447308507   -0.0457137640689911   0
0.288697549492219   -0.0304414002516867   -0.00142819741920175   0
0.295469023498018   0.0676203538854779   0.00677147400579881   0
0.324336047679332   0.0668933381310359   0.0288670241813138   0
0.292842568547778   -0.104636437294761   -0.0314934791315543   0
0.280255213388458   -0.0319790999430251   -0.0125873551593201   0
0.320122328692345   0.111580452459011   0.0398671153038876   0
0.31449329934183   -0.040124396069484   -0.00562902935051518   0
0.290474844008225   -0.0405974401193955   -0.0240184553336054   0
0.302604691586912   0.0404776250860336   0.012129847578687   0
0.33217471461642   0.0634692226230509   0.0295700230295081   0
0.292518496523164   -0.0844183606343813   -0.0396562180932556   0
0.280179825832072   -0.0230038272799981   -0.0123386706910927   0
0.31453377823514   0.0584712037094994   0.0343539524030688   0
0.32449339617362   0.0425671478917967   0.00995961793847971   0
0.293804758563251   -0.070174828830408   -0.0306886376103696   0
0.279645590893407   -0.0248625150014975   -0.014159167669844   0
0.340315005644403   0.122249055261426   0.0606694147509964   0
0.315257669427601   -0.0628497142957514   -0.0250573362168021   0
0.285392957918394   -0.0388926366826692   -0.0298647115092073   0
0.295852151925603   0.0158186607675898   0.0104591940072092   0
0.336360893307694   0.0675663763412637   0.0405087413820913   0
0.299227958292541   -0.0768861938415861   -0.0371329350151534   0
0.295170856670848   -0.0197458025534226   -0.00405710162169237   0
0.326180446494609   0.081869098642505   0.0310095898237607   0
0.334643354969137   -0.0119548818088449   0.00846290847452819   0
0.290888749700934   -0.0884326815968128   -0.0437546052682034   0
0.305004583391152   0.0387578151378343   0.0141158336902178   0
0.333557618609214   0.0786857818007442   0.0285530352180626   0
0.31540100234622   -0.0742873645404594   -0.0181566162629946   0
0.31414327027339   -0.0520999130793367   -0.00125773207282981   0
