0.139425025158757   0.638495490766045   0   0   0
0.108606061618247   0.239162138566753   -0.0308189635405102   -0.399333352199292   0
0.114119778193396   0.141082959338327   0.00551371657514974   -0.0980791792284256   0
0.102870525526946   0.179101037925001   -0.0112492526664507   0.0380180785866737   0
0.121745540021473   0.167744113373942   0.0188750144945269   -0.0113569245510584   0
0.0808570064131118   0.181684073636767   -0.0408885336083608   0.0139399602628242   0
0.0734803287049949   0.181621435944907   -0.00737667770811685   -6.26376918593519e-05   0
0.0849099463333949   0.157166644064835   0.0114296176283999   -0.0244547918800723   0
0.0771781193171588   0.164544782297434   -0.00773182701623608   0.00737813823259925   0
0.0895527075508972   0.150645108806785   0.0123745882337384   -0.0138996734906487   0
0.0810051473362033   0.137649696232583   -0.00854756021469391   -0.012995412574202   0
0.0769840643714659   0.132237269744638   -0.00402108296473742   -0.00541242648794565   0
0.0678519536409969   0.115596963302124   -0.00913211073046892   -0.0166403064425142   0
0.0693625802952139   0.0986512718540542   0.00151062665421699   -0.0169456914480694   0
0.107153562760974   0.0782975033738784   0.0377909824657601   -0.0203537684801758   0
0.079268878807638   0.0898024608943012   -0.027884683953336   0.0115049575204228   0
0.0785110964566793   0.0771341615488397   -0.000757782350958719   -0.0126682993454615   0
0.0795236798759967   0.0656757109329811   0.00101258341931741   -0.0114584506158586   0
0.0448130877429797   0.076848387022311   -0.034710592133017   0.0111726760893299   0
0.079820619820257   0.0692262974473032   0.0350075320772773   -0.00762208957500779   0
0.0587414957198912   0.0703391301909009   -0.0210791241003658   0.00111283274359765   0
0.0827831274819936   0.0443150110588105   0.0240416317621024   -0.0260241191320903   0
0.0797448686857029   0.0589181216640647   -0.00303825879629069   0.0146031106052541   0
0.07056401073784   0.0550670585368503   -0.0091808579478629   -0.00385106312721433   0
0.123054443445859   0.0682291929937069   0.0524904327080186   0.0131621344568566   0
0.126800231609923   0.0452220869164062   0.00374578816406398   -0.0230071060773006   0
0.236214833587393   0.0480520469508324   0.109414601977471   0.00282996003442615   0
0.210219075465382   0.0268203164842163   -0.0259957581220114   -0.0212317304666161   0
0.167047117561184   0.0381181503437995   -0.0431719579041982   0.0112978338595832   0
0.191431380049066   0.0338004965671734   0.0243842624878823   -0.00431765377662609   0
0.17103851651403   0.0406550972629509   -0.0203928635350365   0.00685460069577754   0
0.175022297796595   0.0338250989498183   0.00398378128256535   -0.00682999831313261   0
0.200296174030859   0.0372060782588007   0.0252738762342636   0.00338097930898235   0
0.162385222604768   0.0486965704768827   -0.0379109514260908   0.011490492218082   0
0.195911333579709   0.0430248308413874   0.0335261109749411   -0.00567173963549527   0
0.181680626422439   0.0778056694261414   -0.0142307071572695   0.034780838584754   0
0.15645195265711   0.424923739523167   -0.0252286737653297   0.347118070097026   0
0.177243192019327   0.322266472538992   0.0207912393622172   -0.102657266984175   0
0.192837814078742   0.337037159300829   0.0155946220594154   0.014770686761837   0
0.198651629906628   0.344794264790473   0.0058138158278859   0.00775710548964342   0
0.239421448696394   0.341343837190717   0.0407698187897657   -0.00345042759975583   0
0.198039808798635   0.360782102175066   -0.0413816398977588   0.0194382649843496   0
0.23951319587171   0.34970022954032   0.0414733870730745   -0.0110818726347463   0
0.239504625624684   0.357579999072431   -8.57024702585751e-06   0.00787976953211134   0
0.219569689158955   0.378605881237102   -0.0199349364657292   0.0210258821646706   0
0.244360614399457   0.367151867480015   0.0247909252405021   -0.0114540137570869   0
0.19420544746299   0.394667255604797   -0.0501551669364672   0.0275153881247825   0
0.241736275496045   0.385669667131893   0.0475308280330559   -0.00899758847290472   0
0.226497642655393   0.401403146232426   -0.0152386328406527   0.0157334791005328   0
0.189722778788948   0.423925242132649   -0.0367748638664451   0.0225220959002234   0
0.242740274384639   0.398419835818888   0.0530174955956916   -0.0255054063137606   0
0.224509962657451   0.412042945227427   -0.0182303117271884   0.0136231094085387   0
0.201844996153707   0.42956104592981   -0.0226649665037439   0.0175181007023831   0
0.244130208825045   0.382349129487701   0.0422852126713379   -0.0472119164421095   0
0.213419226690802   0.40992476237206   -0.0307109821342427   0.0275756328843595   0
0.213830851908629   0.451108831063259   0.000411625217826755   0.0411840686911988   0
0.281994134759094   0.447663168945941   0.0681632828504649   -0.00344566211731762   0
0.222325535343514   0.471971524253328   -0.0596685994155801   0.0243083553073868   0
0.21110662163253   0.43405688079041   -0.0112189137109842   -0.0379146434629185   0
0.18450106985557   0.452079857850911   -0.0266055517769593   0.0180229770605014   0
0.162209196063756   0.445887094912614   -0.0222918737918143   -0.00619276293829762   0
0.220454636874551   0.436312941209257   0.0582454408107947   -0.00957415370335657   0
0.192217911997738   0.449629496743986   -0.0282367248768131   0.0133165555347289   0
0.196607108688674   0.467604445505911   0.00438919669093621   0.0179749487619246   0
0.218157233790127   0.436330200056402   0.0215501251014529   -0.0312742454495083   0
0.175052646131671   0.468345117731455   -0.0431045876584558   0.0320149176750524   0
0.226313246604458   0.455752371422519   0.0512606004727866   -0.0125927463089354   0
0.195225768332462   0.513124007977604   -0.0310874782719958   0.0573716365550845   0
0.1964064132166   0.518859819786616   0.00118064488413872   0.00573581180901273   0
0.22427484619103   0.510051192660354   0.0278684329744292   -0.00880862712626196   0
0.214554279018993   0.519145622805394   -0.0097205671720364   0.00909443014503908   0
0.262085650652606   0.47915911959729   0.0475313716336131   -0.0399865032081037   0
0.214772541406205   0.499722175398741   -0.0473131092464014   0.0205630558014511   0
0.231955806074023   0.49056188819888   0.0171832646678186   -0.00916028719986145   0
0.233624547944004   0.490952361824699   0.00166874186998009   0.000390473625819343   0
0.200236845459321   0.520665961309408   -0.0333877024846826   0.0297135994847093   0
0.330590982071139   0.559300696563351   0.130354136611818   0.0386347352539432   0
0.26196286408705   0.553775622427757   -0.0686281179840892   -0.005525074135594   0
0.281095046830142   0.53963564555448   0.0191321827430929   -0.0141399768732776   0
0.28028207251312   0.538572311922921   -0.000812974317022208   -0.00106333363155886   0
0.242430217388448   0.580591755068267   -0.0378518551246726   0.0420194431453458   0
0.270471987969716   0.573183684378969   0.0280417705812679   -0.00740807068929727   0
0.284158260267056   0.589363628746719   0.0136862722973405   0.0161799443677493   0
0.254816054454758   0.588408470147439   -0.0293422058122985   -0.000955158599279304   0
0.417194361036016   0.628386103021065   0.162378306581259   0.0399776328736252   0
0.344694868985963   0.657760084870236   -0.0724994920500536   0.0293739818491715   0
0.324843472166457   0.662558752364083   -0.0198513968195053   0.00479866749384672   0
0.2848079792855   0.692406101272404   -0.0400354928809571   0.0298473489083207   0
0.301897694848702   0.672907532746142   0.0170897155632017   -0.0194985685262618   0
0.307968919544246   0.686390827078495   0.00607122469554361   0.0134832943323527   0
0.267807555727914   0.682243249444434   -0.0401613638163312   -0.00414757763406048   0
0.315488893393983   0.67242720314637   0.0476813376660686   -0.00981604629806365   0
0.271121040697398   0.724078865614271   -0.0443678526965853   0.051651662467901   0
0.292400295308401   0.71641585090173   0.0212792546110031   -0.00766301471254116   0
0.266540848353962   0.747096144034688   -0.0258594469544384   0.0306802931329583   0
0.279425642119849   0.721868780451995   0.0128847937658867   -0.025227363582694   0
0.332029735984535   0.699857822506472   0.0526040938646858   -0.022010957945523   0
0.283445188728955   0.71882913226858   -0.0485845472555804   0.0189713097621087   0
0.287595654187681   0.710316461086184   0.0041504654587261   -0.0085126711823964   0
0.268041546889657   0.726840227347111   -0.019554107298024   0.0165237662609271   0
0.275769636473996   0.762782491906605   0.00772808958433951   0.0359422645594941   0
0.313736612167739   0.748029504102278   0.0379669756937424   -0.014752987804327   0
0.280225382489238   0.798062452525646   -0.0335112296785001   0.0500329484233684   0
0.185698713414202   0.950216512484392   -0.0945266690750363   0.152154059958745   0
0.29363286332766   0.918758206391785   0.107934149913457   -0.0314583060926065   0
0.207901563260332   0.849007245323177   -0.0857313000673272   -0.0697509610686078   0
0.262638978099691   0.839093687344417   0.0547374148393587   -0.00991355797876048   0
0.238885014807878   0.868055806275149   -0.0237539632918133   0.0289621189307325   0
0.287286165407055   0.873398800940899   0.0484011505991776   0.0053429946657495   0
0.27990313363571   0.89249701083393   -0.00738303177134564   0.0190982098930309   0
0.287119267415128   0.886333513837765   0.0072161337794186   -0.00616349699616459   0
0.290687426124282   0.874618426610285   0.00356815870915378   -0.0117150872274805   0
0.243336153096411   0.9125696055825   -0.0473512730278711   0.0379511789722154   0
0.321897522528521   0.861437458548936   0.0785613694321103   -0.0511321470335642   0
0.319160240157213   0.9293367173346   -0.00273728237130827   0.0678992587856641   0
0.33370820900273   0.953448072401166   0.0145479688455172   0.0241113550665663   0
0.271836037013656   0.979144259770234   -0.061872171989074   0.0256961873690678   0
0.326325359944887   0.938860997537042   0.0544893229312305   -0.0402832622331918   0
0.255666370266017   0.956690555339735   -0.0706589896788701   0.0178295578026922   0
0.259666428772782   0.94458959645446   0.00400005850676466   -0.0121009588852743   0
0.266865469638843   0.930558974013066   0.00719904086606105   -0.0140306224413945   0
0.273876826865655   0.975256973720517   0.00701135722681245   0.0446979997074508   0
0.270505026092603   0.934812622700667   -0.00337180077305166   -0.0404443510198493   0
0.275115595979672   0.978928843736357   0.00461056988706843   0.0441162210356894   0
0.320695525192495   0.935756828717937   0.0455799292128229   -0.0431720150184199   0
0.293481141649698   0.95737500923567   -0.0272143835427968   0.0216181805177337   0
0.306330310960587   0.964145106068713   0.0128491693108893   0.00677009683304286   0
0.330784134195762   0.984662868991844   0.0244538232351751   0.0205177629231312   0
0.333796022242877   1.03547308290088   0.00301188804711433   0.0508102139090343   0
0.321155429500172   1.01523725233477   -0.0126405927427045   -0.0202358305661103   0
0.284996789975593   1.04530168238086   -0.0361586395245788   0.0300644300460888   0
0.335753030429273   1.03065098680931   0.0507562404536792   -0.0146506955715495   0
0.321330747594764   1.05903204620033   -0.0144222828345084   0.0283810593910188   0
0.344157171935672   1.05688400576234   0.0228264243409083   -0.00214804043798655   0
0.372518691391788   1.09135142806992   0.0283615194561153   0.0344674223075785   0
0.282682205732604   1.33501011946286   -0.0898364856591842   0.243658691392946   0
0.303664281566008   1.26869577319752   0.0209820758334048   -0.066314346265345   0
0.259725604395153   1.34444482789412   -0.0439386771708552   0.0757490546966011   0
0.299243773334133   1.38623248790941   0.0395181689389799   0.0417876600152856   0
0.279115937348694   1.39364027805331   -0.0201278359854392   0.0074077901439018   0
0.319832610598106   1.40335600094577   0.0407166732494126   0.00971572289246092   0
0.331222874946764   1.41648674466415   0.011390264348658   0.013130743718385   0
0.341984371619874   1.4318675818068   0.0107614966731094   0.0153808371426456   0
0.353004002494306   1.4196966261914   0.0110196308744321   -0.012170955615397   0
0.296701894254149   1.44095280333674   -0.0563021082401574   0.0212561771453346   0
0.34215033076997   1.39659267059154   0.0454484365158215   -0.0443601327452001   0
0.314177747919693   1.45576773505683   -0.0279725828502774   0.059175064465296   0
0.367815416168219   1.42133515551936   0.0536376682485261   -0.0344325795374703   0
0.337874604446679   1.45805765813273   -0.0299408117215396   0.0367225026133677   0
0.352835311080113   1.47430038733869   0.0149607066334336   0.0162427292059564   0
0.359014939035968   1.49854709013497   0.00617962795585542   0.0242467027962885   0
0.371541910936034   1.49520112758627   0.012526971900066   -0.00334596254870534   0
0.426630835777256   1.5036054759725   0.0550889248412218   0.00840434838623461   0
0.525167272283612   1.54639313248685   0.0985364365063565   0.0427876565143483   0
0.499699237144795   1.59028948085883   -0.0254680351388176   0.0438963483719788   0
0.489942464671363   1.61332251127061   -0.00975677247343171   0.0230330304117765   0
0.52653922189345   1.61707348039638   0.0365967572220869   0.00375096912576889   0
0.50066571822824   1.64218771723066   -0.0258735036652097   0.0251142368342845   0
0.546305351588285   1.63787673610692   0.0456396333600448   -0.00431098112374317   0
0.538127191592183   1.65667342522599   -0.00817815999610239   0.0187966891190681   0
0.589018996972933   1.62139294564704   0.0508918053807501   -0.0352804795789414   0
0.546816343826014   1.6694262245017   -0.0422026531469186   0.0480332788546554   0
0.563677994029393   1.66345881459543   0.0168616502033782   -0.00596740990626476   0
0.591772767948611   1.73227306256087   0.028094773919218   0.0688142479654306   0
0.561048677421211   1.83762195215753   -0.0307240905273997   0.105348889596664   0
0.30163928502163   1.69238908591738   -0.259409392399581   -0.145232866240154   1
0.375829978560785   1.58622348926594   0.0741906935391551   -0.10616559665144   0
0.364284611669832   1.67274356684527   -0.0115453668909532   0.0865200775793384   0
0.398498290001463   1.69446439757641   0.0342136783316312   0.0217208307311401   0
0.369948880107522   1.75010951838478   -0.0285494098939404   0.0556451208083639   0
0.43063223762626   1.72725808203848   0.0606833575187379   -0.0228514363462975   0
0.394960205280228   1.7566508633423   -0.0356720323460322   0.0293927813038199   0
0.418551427197423   1.75378324550213   0.0235912219171953   -0.00286761784016609   0
0.400805622915897   1.77278522648007   -0.0177458042815267   0.0190019809779371   0
0.404731261615655   1.77607393851551   0.00392563869975859   0.00328871203543968   0
0.384009335538864   1.75342798549078   -0.0207219260767911   -0.0226459530247327   0
0.373688659108087   1.76057092343854   -0.0103206764307773   0.00714293794776588   0
0.418231300427168   1.77151863259013   0.044542641319081   0.0109477091515846   0
0.385272155349955   1.793278255952   -0.0329591450772127   0.0217596233618715   0
0.394878224784553   1.76012182355824   0.00960606943459796   -0.0331564323937559   0
0.374029469850973   1.78315350197508   -0.02084875493358   0.0230316784168376   0
0.382305316767894   1.78380887481983   0.00827584691692118   0.000655372844751145   0
0.363266318942453   1.76170058306378   -0.0190389978254413   -0.0221082917560571   0
0.548135307847333   0.656638789643637   0.18486898890488   -1.10506179342014   1
0.373796178205449   0.587979601396009   -0.174339129641883   -0.0686591882476274   1
