0.00913083020280741   0   0   0
0.00923878177186256   0.00928104575162356   0.000107951569055154   0
0.0364519687799575   0.0332428653518823   0.027213187008095   0
0.0148421248072976   0.0390034586189752   -0.0216098439726599   0
0.0361716986276844   0.090302802095939   0.0213295738203867   0
0.0253441160126966   -0.0485612726697366   -0.0108275826149878   0
0.017473370661473   -0.0632675269397272   -0.00787074535122362   0
0.0311827950649874   -0.00603164743850405   0.0137094244035144   0
0.0131169183598902   0.00415781661966629   -0.0180658767050971   0
0.035516413245639   0.0866635546372478   0.0223994948857488   0
0.0425696063299747   -0.0195707441170413   0.00705319308433575   0
0.0190941833144285   -0.0852792551028287   -0.0234754230155462   0
0.0409656030638205   0.0453929959895759   0.021871419749392   0
0.0425290344479216   0.00695332528365067   0.00156343138410107   0
0.045279348640992   0.0743316473182392   0.00275031419307039   0
0.0218954329692861   -0.032093644201933   -0.0233839156717059   0
0.0252832000095419   -0.0842928528002416   0.00338776704025582   0
0.036145845293071   0.0325216585951197   0.0108626452835291   0
0.0471331944177615   0.00911730449455549   0.0109873491246904   0
0.0376356455115692   0.0126500627656715   -0.00949754890619225   0
0.038602464540007   0.0686174928263232   0.000966819028437808   0
0.024342130892806   -0.0699631860751979   -0.014260333647201   0
0.0351501310492578   -0.0302211857311869   0.0108080001564518   0
0.0405537696133171   0.0276106410553385   0.00540363856405924   0
0.0353619293006055   0.0129845254559379   -0.00519184031271154   0
0.0385715998765611   0.0581771630310153   0.00320967057595552   0
0.0302547704825305   -0.0340862143474776   -0.00831682939403054   0
0.0416175363322209   -0.0776679956583013   0.0113627658496904   0
0.06252097513415   0.0105890474904683   0.0209034388019291   0
0.0595901081315515   0.0200929714669271   -0.00293086700259849   0
0.0301037569757314   0.0491165104825915   -0.02948635115582   0
0.0369534658381998   0.0234920439096904   0.00684970886246836   0
0.0337312620784488   -0.0926697693482137   -0.00322220375975098   0
0.0524942903599287   0.0127718366106921   0.0187630282814798   0
0.053991513036055   0.00326927159762626   0.00149722267612637   0
0.0678141442902585   0.00906876664831091   0.0138226312542035   0
0.0312574116237253   0.0659898986112096   -0.0365567326665332   0
0.0445893699720292   -0.0422956749957495   0.0133319583483039   0
0.0487732133299109   -0.0502687376760232   0.00418384335788172   0
0.0728501269017083   0.0166307284066259   0.0240769135717974   0
0.0770005472597598   0.0162192231299424   0.00415042035805149   0
0.0556357692042179   0.0447453045179189   -0.0213647780555419   0
0.0429484531552069   0.0273806327579443   -0.012687316049011   0
0.0538523050843926   -0.0995915994781354   0.0109038519291857   0
0.0784088817341027   0.000112050449166692   0.02455657664971   0
0.0880156248902574   0.0132803506608473   0.00960674315615474   0
0.0762274991614739   0.0280502074202184   -0.0117881257287835   0
0.0386973733786274   0.0604909610760257   -0.0375301257828465   0
0.0451976568811396   0.00969700963478237   0.00650028350251219   0
0.0638972393269263   -0.0783983518622393   0.0186995824457867   0
0.0866706681683025   -0.0363253725602538   0.0227734288413761   0
0.0983049710109947   0.00990591364163339   0.0116343028426922   0
0.0971064781110019   0.0202451800552592   -0.00119849289999271   0
0.0746323903004754   0.0366353896785335   -0.0224740878105265   0
0.0669421876123346   0.018196052955088   -0.00769020268814086   0
0.087875705652373   -0.073896332447182   0.0209335180400384   0
0.105489206835344   0.00206024773536952   0.017613501182971   0
0.12457953849449   -0.000606409627339419   0.0190903316591454   0
0.0848535474025689   0.0417619571861902   -0.0397259910919207   0
0.0641722161638508   0.0162386384238548   -0.020681331238718   0
0.0929289086774401   -0.0626589758525816   0.0287566925135893   0
0.110872056499925   -0.00668924593030917   0.0179431478224846   0
0.111771817161226   0.0160478675490486   0.000899760661301152   0
0.0855764359666988   0.0529517271232306   -0.0261953811945271   0
0.0745964524496474   0.0214200479086907   -0.0109799835170514   0
0.115964771611641   -0.0816465540437204   0.0413683191619934   0
0.130445912071105   -0.00202205914403616   0.0144811404594644   0
0.133227956241361   -0.00358696760982634   0.00278204417025582   0
0.129650915062563   0.0176837808500609   -0.00357704117879767   0
0.0803341663115701   0.065139826873541   -0.0493167487509932   0
0.113478165982503   -0.0667775436270127   0.0331439996709329   0
0.139019181814058   -0.00452474938368373   0.0255410158315546   0
0.13601993852649   0.0145246960212404   -0.00299924328756807   0
0.131339451420318   0.000174643434552743   -0.00468048710617178   0
0.0984725798192192   0.0641764676911765   -0.0328668716010985   0
0.104113473811378   -0.0311175363423239   0.00564089399215881   0
0.115816074973598   -0.0535657037492372   0.0117026011622196   0
0.134175186660015   0.000650829317291685   0.0183591116864178   0
0.129749875245605   -0.00340936911207637   -0.00442531141441072   0
0.115013807068978   0.0731348388488822   -0.0147360681766272   0
0.110085923070345   0.00132622519594361   -0.00492788399863224   0
0.137315230448956   -0.0656440302412616   0.027229307378611   0
0.152372978562473   -0.00126231121424765   0.0150577481135171   0
0.154534516422707   0.0107253341647313   0.00216153786023388   0
0.1357244866397   0.0417468448725385   -0.0188100297830077   0
0.101252459306244   0.0316034931325932   -0.0344720273334561   0
0.147164451795432   -0.0587403477301893   0.0459119924891884   0
0.148450419187687   -0.0299105224174784   0.00128596739225512   0
0.156689337546537   0.00793536799571473   0.00823891835884963   0
0.173220308496146   0.00624926084548978   0.0165309709496093   0
0.154079422320925   0.0329778542863577   -0.0191408861752209   0
0.129572960531856   0.0506063107373179   -0.0245064617890688   0
0.146231861853872   -0.0444570798346357   0.016658901322016   0
0.167780482105339   -0.0314281841832342   0.0215486202514668   0
0.161380473032675   -0.00668975886372909   -0.00640000907266389   0
0.176311685457884   -0.000797573970351489   0.0149312124252093   0
0.165236877876127   0.042712497536727   -0.0110748075817578   0
0.164392313959625   -0.00636416542991272   -0.000844563916501423   0
0.188277067494531   -0.0140927316867373   0.0238847535349053   0
0.195320025179192   0.00440219242554635   0.00704295768466098   0
0.170784668423427   0.0306524607482098   -0.0245353567557642   0
0.190826097671414   0.00419849151415763   0.0200414292479866   0
0.195510617875347   -0.0356883237914137   0.00468452020393323   0
0.204865863799341   0.00117690964846418   0.00935524592399356   0
0.205816470545174   0.0188857219258446   0.00095060674583336   0
0.168761466083049   0.0457950821462678   -0.0370550044621253   0
0.190439473923475   -0.00713382478216784   0.0216780078404265   0
0.218061198662784   -0.000597272731018172   0.0276217247393085   0
0.21508681299387   -0.0181982540936645   -0.0029743856689137   0
0.225051913477896   -0.00198241798146712   0.00996510048402627   0
0.19523095943731   0.0520263101781611   -0.0298209540405865   0
0.212902143304148   0.000765457123521301   0.0176711838668383   0
0.246407402237636   -0.0323462888542267   0.0335052589334877   0
0.24762130378362   -0.0200275893705371   0.00121390154598464   0
0.248625090740054   0.00143478390713636   0.00100378695643344   0
0.218761604264208   0.0292176274564095   -0.0298634864758457   0
0.193219178870137   0.0225732725830359   -0.0255424253940711   0
0.231375097922724   -0.0283750872465081   0.0381559190525867   0
0.236431358036006   -0.0256480407515579   0.00505626011328214   0
0.274999904784529   -0.0267331670876061   0.0385685467485231   0
0.259543512410732   0.0178417864877772   -0.0154563923737966   0
0.237271249692204   0.0541157469463994   -0.0222722627185288   0
0.216790037172491   0.00475728465281505   -0.0204812125197126   0
0.241989712769985   -0.0378211801791313   0.0251996755974944   0
0.227426668867681   -0.0114230423825382   -0.014563043902304   0
0.249677466184376   -0.00430477820006395   0.0222507973166941   0
0.24389838690016   0.0305816743729694   -0.00577907928421584   0
0.223655689021093   0.0214563782604342   -0.0202426978790664   0
0.228284743262663   -0.0248244079407283   0.00462905424156981   0
0.235138135692086   -0.0137707577082508   0.00685339242942318   0
0.249326918296541   0.00233804885475183   0.0141887826044546   0
0.266916020563585   -0.0169027366789676   0.0175891022670438   0
0.257630608854033   0.0312480654043878   -0.00928541170955122   0
0.228129694023487   0.0261050340152938   -0.0295009148305461   0
0.240665390035107   -0.0346954266217081   0.0125356960116192   0
0.263678702307847   -0.0241883805812163   0.02301331227274   0
0.259446962200851   -0.00433560372882655   -0.00423174010699529   0
0.260228576710457   0.00350231652930064   0.000781614509605233   0
0.220524492409573   0.0347578118841913   -0.0397040843008832   0
0.224899524952811   0.0163703398759036   0.00437503254323743   0
0.24170594303461   -0.0138348530650605   0.0168064180817989   0
0.260998452313898   -0.0215594343360101   0.0192925092792881   0
0.264997532345586   0.000732436193105618   0.00399908003168836   0
0.245663057579889   0.0315210344039293   -0.0193344747656969   0
0.236179949308784   0.017393579357458   -0.00948310827110482   0
0.24884980008481   -0.0350610084867595   0.0126698507760257   0
0.249691674225433   -0.0130753590207373   0.000841874140623311   0
0.270527823603229   -0.00290561557579444   0.0208361493777959   0
0.24214896005042   0.00455193840696963   -0.0283788635528092   0
0.24001898084839   0.0401452963529322   -0.00212997920202979   0
0.266069932850839   -0.0210269910953173   0.0260509520024487   0
0.286734698575617   -0.018784507575524   0.020664765724778   0
0.26403755872508   -0.0115355195923758   -0.0226971398505372   0
0.268934032823107   0.0422383648619597   0.00489647409802713   0
0.243386772072765   0.0230310220832072   -0.0255472607503422   0
0.287279806160301   -0.0314191885242313   0.0438930340875359   0
0.284271019886833   -0.0389738897316477   -0.00300878627346812   0
0.27284509902507   -0.00777900122958258   -0.0114259208617631   0
0.258334759678697   4.87252893643375e-05   -0.0145103393463729   0
0.25913725752292   0.0221636089919322   0.000802497844222982   0
0.248623649284415   0.0397052373932777   -0.0105136082385043   0
0.256433484101628   -0.0150583991923541   0.00780983481721279   0
0.271513925812287   -0.0248840093379004   0.0150804417106586   0
0.279907758971148   -0.00991990956896074   0.00839383315886066   0
0.273069519209853   0.0115663183633948   -0.006838239761295   0
0.256714916188172   0.0297216765665348   -0.0163546030216808   0
0.24992796188652   -0.0111586809224279   -0.00678695430165127   0
0.270550440196463   0.00411932772651899   0.0206224783099428   0
0.281242254348898   -0.0395040097805701   0.0106918141524344   0
0.28149249613622   -0.00131514995009918   0.000250241787322691   0
0.264264301586499   0.0297620084000288   -0.0172281945497214   0
0.247421395718923   0.0287656450984876   -0.0168429058675756   0
0.240298801110721   -0.0425422060224635   -0.00712259460820197   0
0.242690992418631   -0.00381172999893101   0.00239219130790966   0
0.263545787423647   0.0127471989977208   0.0208547950050158   0
0.272952791398989   -0.000802617467635242   0.00940700397534222   0
0.261429029631849   0.0250434263883686   -0.0115237617671403   0
0.254024298561181   -0.000423040063836422   -0.00740473107066769   0
0.279171813298281   -0.0104249257179041   0.0251475147370995   0
0.29138172916125   -0.0440300482027658   0.0122099158629694   0
0.281983425846272   0.00565162431384039   -0.00939830331497787   0
0.286174286223011   0.00357591189026799   0.00419086037673932   0
0.267434474839632   0.0339125213910001   -0.0187398113833789   0
0.232361290774195   0.0387189376086511   -0.0350731840654374   0
0.243430857257764   -0.00977258272759315   0.0110695664835693   0
0.265364866156487   -0.0146961543522817   0.0219340088987222   0
0.27259915794349   -0.0392378885770587   0.0072342917870038   0
0.282329375870188   -0.00792846868781147   0.00973021792669787   0
0.283570128797093   -0.0033052250199363   0.00124075292690495   0
0.297097212345135   0.00825148093841158   0.0135270835480414   0
0.276972611379717   0.0522515126877864   -0.0201246009654171   0
0.27308534056225   0.00179993263201844   -0.00388727081746759   0
0.303858735349998   -0.021323520964874   0.0307733947877479   0
0.307136022540909   -0.00884354123730124   0.00327728719091158   0
0.305140797541479   -0.0110848244056709   -0.00199522499943017   0
0.302402886269295   0.0163625042305736   -0.00273791127218448   0
0.261408283601056   0.0370337736019202   -0.040994602668239   0
0.267171018382421   -0.0268198223304842   0.00576273478136541   0
0.266405659846971   -0.00457483007509737   -0.000765358535450178   0
0.332684133264573   0.0191259653118562   0.0662784734176018   0
0.314430777857782   -0.0491810880370271   -0.0182533554067906   0
0.322771307771075   -0.00181675467105177   0.00834052991329276   0
0.293239577431151   0.0154558943814588   -0.029531730339924   0
0.271350210059804   0.0235124324220195   -0.0218893673713466   0
0.289695531068396   -0.0252864452038901   0.0183453210085916   0
0.300675233751052   -0.0241725553668896   0.0109797026826564   0
0.313794590352511   0.000136082463392084   0.0131193566014583   0
0.314438655786387   -0.0039997156218653   0.000644065433876295   0
0.306507630825074   -0.000616619684700337   -0.00793102496131276   0
0.275404139437845   0.0250187136045491   -0.0311034913872292   0
0.296696092432138   -0.00624235833223369   0.0212919529942933   0
0.309379263615873   0.00752333326421556   0.0126831711837349   0
0.323467279995211   -0.0092888674725862   0.0140880163793374   0
0.328493507181268   -0.0107987639537455   0.00502622718605766   0
0.316249114395993   0.00541628302763361   -0.0122443927852751   0
0.27117479502758   0.0273781244593383   -0.0450743193684132   0
0.280163144033526   -0.011438938592762   0.00898834900594564   0
0.300600895731783   0.00655906818506499   0.020437751698257   0
0.307303571628284   -0.0222828433878192   0.00670267589650164   0
0.337381729442334   -0.00817786795114347   0.0300781578140494   0
0.312874623877121   0.0157560981636965   -0.0245071055652125   0
0.288237524870548   0.0207764413384361   -0.0246370990065727   0
0.324431349976386   -0.00322800720959612   0.0361938251058372   0
0.328369489734887   -0.00795107128728711   0.00393813975850127   0
0.329337990595148   -0.0139921498213828   0.000968500860261456   0
0.332490264546573   0.0195032058641049   0.00315227395142448   0
0.296986229714864   0.0147054232912616   -0.0355040348317087   0
0.328670476625525   0.0104904432642126   0.0316842469106613   0
0.344181775226406   0.00168495080363706   0.0155112986008802   0
0.34061453189933   -0.0284314398959313   -0.00356724332707514   0
0.329589289685663   0.00334623428396635   -0.0110252422136673   0
0.297137209647328   0.0230386561744602   -0.0324520800383354   0
0.325224549143357   -0.00435365073443805   0.0280873394960295   0
0.328248068200332   0.0116259398060136   0.00302351905697501   0
0.314801575935144   -0.00409536896340895   -0.0134464922651887   0
0.336330684059602   -0.0141638659803716   0.0215291081244587   0
0.334108076826945   0.011939643358383   -0.00222260723265694   0
0.290761030737443   0.017842564919524   -0.0433470460895027   0
0.322702464170945   -0.0270595458487601   0.0319414334335024   0
0.339327501171803   -0.0145432029168074   0.0166250370008582   0
0.352358732828846   -0.0233288515223773   0.0130312316570428   0
0.32226022340067   0.0360389586971491   -0.0300985094281755   0
0.310401605631318   0.0134614988791388   -0.0118586177693528   0
0.345734305206686   0.00356942337963556   0.0353326995753685   0
0.344588687963999   -0.010455516693423   -0.00114561724268752   0
0.331861842706796   -0.0222256596489625   -0.0127268452572029   0
0.33901963071517   0.0401110116047519   0.00715778800837397   0
0.323748479839288   0.000925652522595133   -0.0152711508758815   0
0.339187085544615   0.0107936064126191   0.0154386057053268   0
0.350846951182421   -0.00947612854367372   0.0116598656378058   0
0.368958344618332   -0.00287082663353441   0.0181113934359114   0
0.347514129314191   0.0242626671163135   -0.0214442153041416   0
0.333823369105954   -0.00113324556085903   -0.0136907602082367   0
0.366964114466592   0.0124628114654191   0.033140745360638   0
0.361082804446224   -0.00636224623775911   -0.00588131002036807   0
0.332791902441676   -0.0178494662659658   -0.028290902004548   0
0.316212734507562   0.0262839286959191   -0.0165791679341138   0
0.362427472144083   -0.0167247875116954   0.0462147376365208   0
0.34781276859756   -0.00461387883178307   -0.0146147035465227   0
0.356266414054847   -0.000252716604278225   0.00845364545728722   0
0.368807705478749   0.0107404175439746   0.012541291423902   0
0.339963900592769   0.0238085688497748   -0.0288438048859807   0
0.356375915449894   0.00444247949524251   0.0164120148571252   0
0.396053856491766   -0.0187967750824022   0.0396779410418716   0
0.390743964811038   -0.0128088647413341   -0.00530989168072715   0
0.378922300236803   0.00073766570286049   -0.0118216645742352   0
0.35102977429664   0.00673137145235497   -0.0278925259401632   0
0.367785416702117   0.0219305258192977   0.0167556424054772   0
0.398676096714175   0.0177273520081828   0.0308906800120576   0
0.376760103024789   -0.0410264223710536   -0.0219159936893853   0
0.395802147171096   0.00127144898045878   0.0190420441463066   0
0.392993612043822   0.0315273199439209   -0.00280853512727414   0
0.364984895336095   0.00420339311836937   -0.0280087167077273   0
0.396385726916031   0.0213561733919599   0.031400831579936   0
0.40585567888444   -0.0636610649848435   0.00946995196840977   0
0.402960508432588   -0.0174893844437174   -0.00289517045185217   0
0.392854131009844   0.0220992577578622   -0.0101063774227438   0
0.376858343389131   0.0329180915774135   -0.0159957876207136   0
0.382168979827314   0.00207715556124421   0.00531063643818336   0
0.407566142875301   -0.026106072248839   0.0253971630479865   0
0.438701582646165   -0.0190893543022134   0.0311354397708644   0
0.4038968289121   -0.000251979366644089   -0.0348047537340653   0
0.409826595943638   0.0289253834579455   0.00592976703153836   0
0.385011317707999   0.0372597067016543   -0.0248152782356388   0
0.406864296067497   -0.00482267389045288   0.0218529783594978   0
0.427447118351791   -0.0295280407065201   0.0205828222842939   0
0.414887684277022   -0.0102798998208241   -0.0125594340747689   0
0.420910111891185   0.021952962548112   0.00602242761416294   0
0.412998219410811   0.042097026775307   -0.00791189248037455   0
0.403519462520087   -0.00208909110961641   -0.00947875689072342   0
0.435645321444808   -0.00560669648706963   0.0321258589247208   0
0.432829666318634   -0.031397535681196   -0.00281565512617399   0
0.439030776197694   0.0067777518122441   0.00620110987906042   0
0.453733484875758   0.0473687703712041   0.014702708678064   0
0.437308227046725   0.0308756490495031   -0.0164252578290333   0
0.456814674787818   -0.00965822599526023   0.019506447741093   0
0.491455173179101   0.0102742979344639   0.0346404983912829   0
0.50031879331832   0.00641769933309794   0.00886362013921932   0
0.499989684390838   0.0062421307928725   -0.000329108927481891   0
0.514113404614439   0.0325326052483725   0.0141237202236009   0
0.496865198018789   0.0251360542064172   -0.0172482065956507   0
0.555087241278342   0.00679262236353506   0.0582220432595532   0
0.520248867370704   -0.043111278614247   -0.0348383739076381   0
0.516805504968745   -0.0218565204397245   -0.00344336240195819   0
0.53011215702104   0.0248416991134805   0.0133066520522949   0
0.515224701602126   0.0326403971954596   -0.014887455418914   0
0.540045138111853   0.00422537677866741   0.0248204365097264   0
0.554040452390663   0.0086574143544122   0.0139953142788098   0
0.538291802600133   -0.0444918893766771   -0.01574864979053   0
0.549053748872777   0.0195594861670037   0.010761946272644   0
0.538524689999679   0.0343070021548227   -0.010529058873098   0
0.546595348731354   -0.000573282067971137   0.0080706587316749   0
0.575511674585538   -0.000293021513374347   0.0289163258541844   0
0.554057068399321   -0.0652845641309499   -0.0214546061862166   0
0.566602051230844   -0.0187339045942851   0.0125449828315227   0
0.569689107824829   0.0126515839905501   0.00308705659398534   0
0.545353121243475   0.0403479697596293   -0.0243359865813547   0
0.53401825435513   -0.004099164569009   -0.011334866888345   0
0.552023412801713   0.0141765434375187   0.0180051584465829   0
0.582853474357407   -0.0265975023224254   0.0308300615556941   0
0.552061515284755   -0.0102346864428511   -0.0307919590726514   0
0.552535572796901   0.0251668957020202   0.000474057512146242   0
0.523074618863552   0.00597142843138981   -0.0294609539333498   0
0.562424540026038   -0.00209458000126794   0.039349921162486   0
0.578677991575194   -0.0269703266224909   0.0162534515491559   0
0.593398968083026   -0.00277942555871935   0.0147209765078323   0
0.572021285190289   -0.000583131146203397   -0.0213776828927369   0
0.548467200739707   0.0366886655526752   -0.023554084450582   0
0.541255850269768   0.00358005774692377   -0.00721135046993859   0
0.593183598455192   0.0124350152867056   0.0519277481854231   0
0.583071376493479   -0.0371556107256279   -0.0101122219617127   0
0.556302568470387   -0.0291934787121576   -0.0267688080230916   0
0.566268498565168   0.0299094077976348   0.00996593009478108   0
0.556965616038818   0.0276153352587316   -0.00930288252635048   0
0.585334133440251   0.00819129900268228   0.0283685174014334   0
0.585861303691198   -0.00481618297632114   0.000527170250946618   0
0.588646262170457   -0.0228423291716005   0.00278495847925875   0
0.585462951187562   0.0045179850543251   -0.00318331098289437   0
0.591021545852179   0.0381122489576554   0.00555859466461717   0
0.5751035531037   -2.79160075501994e-05   -0.0159179927484797   0
0.60270342838518   0.00903138900108363   0.0275998752814804   0
0.61089716083683   -0.0367877077040402   0.00819373245164989   0
0.630050614779083   0.0103202068810461   0.0191534539422527   0
0.617239343328218   0.00559959756795747   -0.0128112714508646   0
0.606472777353197   0.0223895604788565   -0.0107665659750216   0
0.593299207539922   0.00206841733781077   -0.0131735698132741   0
0.634457121830152   0.00070001650517304   0.0411579142902293   0
0.629394071532494   -0.044172701109028   -0.00506305029765797   0
0.615373203325023   -0.00208884833078293   -0.0140208682074709   0
0.614409289461227   0.0364985840932247   -0.000963913863795796   0
0.607308626963672   -0.00513546365035372   -0.00710066249755548   0
0.628430007942213   0.00840856690421415   0.0211213809785415   0
0.629808544452201   -0.0238759544807831   0.00137853650998787   0
0.64161962039241   0.00352194973174286   0.0118110759402087   0
0.638176654318379   0.00920736583106052   -0.0034429660740305   0
0.633751478465731   0.0285044329775241   -0.00442517585264812   0
0.629521621495243   -0.0129739747895756   -0.00422985697048806   0
0.622782983727478   -0.0336137368004085   -0.00673863776776507   0
0.600356920411725   -0.041710333808076   -0.0224260633157533   0
0.637435271706273   0.0169343525233363   0.0370783512945482   0
0.611400417484319   0.0494696593099349   -0.0260348542219535   0
0.612663595176219   0.00648046317346307   0.00126317769189965   0
0.635822042921602   -0.000423092923547752   0.0231584477453834   0
0.623571247437893   -0.0281113116440069   -0.0122507954837096   0
0.653012264932482   -0.00522576953447307   0.0294410174945891   0
0.650627086856596   -0.00605361494644935   -0.00238517807588634   0
0.645404594494415   0.0457516322071143   -0.00522249236218097   0
0.627777845086341   0.00425799300746871   -0.0176267494080736   0
0.646142300861234   0.0194818822932867   0.0183644557748934   0
0.663541745987018   -0.0210768010126249   0.0173994451257832   0
0.645780646925487   -0.0212544132336947   -0.017761099061531   0
0.663763936587587   0.03252755924366   0.0179832896621003   0
0.641500708967847   0.00632805134473757   -0.0222632276197401   0
0.695587374984624   0.017793192751533   0.0540866660167773   0
0.708782533302352   -0.0124282225564145   0.013195158317728   0
