0.0932082610223471   0.0951542102046594   0   0   0
0.125975099404168   0.0735646207196435   0.0327668383818208   -0.0215895894850159   0
0.103936460536907   0.0567681515261198   -0.0220386388672611   -0.0167964691935237   0
0.10409916187982   0.127516712219419   0.000162701342912769   0.0707485606932987   0
0.0882538322844396   0.0723423632376314   -0.01584532959538   -0.0551743489817871   0
0.0669377592634053   0.0740931815168717   -0.0213160730210344   0.00175081827924035   0
0.0884217403120974   0.0328802154701536   0.0214839810486922   -0.0412129660467182   0
0.0363373030281899   0.0742581890842392   -0.0520844372839075   0.0413779736140857   0
0.170493655210773   0.0454121718927057   0.134156352182583   -0.0288460171915335   0
0.127905822283468   0.0245589375874355   -0.0425878329273056   -0.0208532343052702   0
0.0943673777533317   0.022462813721418   -0.0335384445301359   -0.0020961238660175   0
0.0858918842790749   0.0254090680797727   -0.00847549347425675   0.00294625435835471   0
0.0894609063257242   0.0324533808376435   0.00356902204664927   0.00704431275787076   0
0.0842755483008565   0.0320760155111748   -0.00518535802486769   -0.000377365326468697   0
0.0940935279233381   0.0194348458552424   0.00981797962248154   -0.0126411696559324   0
0.0961946984921726   0.0253610778541277   0.00210117056883458   0.00592623199888531   0
0.079736816176469   0.0562025573785849   -0.0164578823157037   0.0308414795244572   0
0.0653441133179569   0.0362563818827444   -0.014392702858512   -0.0199461754958404   0
0.0326178857137493   0.0734453111817011   -0.0327262276042077   0.0371889292989566   0
0.112320755052751   0.0240470022229596   0.0797028693390013   -0.0493983089587414   0
0.0808313536124442   0.0305012196320184   -0.0314894014403064   0.00645421740905879   0
0.058865464925795   0.0591770320396351   -0.0219658886866492   0.0286758124076167   0
0.0840762137647742   0.0211611120660192   0.0252107488389792   -0.0380159199736159   0
0.0786282938231525   0.0211611120660192   -0.00544791994162165   0   0
0.0666033911957942   0.0331939936850498   -0.0120249026273583   0.0120328816190306   0
0.0792597774752112   0.0525317694309617   0.012656386279417   0.0193377757459119   0
0.112620346996668   0.0478671591115715   0.0333605695214572   -0.00466461031939025   0
0.0969168787451391   0.034698163056747   -0.0157034682515293   -0.0131689960548245   0
0.106808626040503   0.0213973592977317   0.0098917472953638   -0.0133008037590153   0
0.0845709186004858   0.0409567383936685   -0.0222377074400171   0.0195593790959368   0
0.0823986132274688   0.0568161495227141   -0.00217230537301703   0.0158594111290456   0
0.109045457532948   0.0310415474494652   0.0266468443054793   -0.0257746020732488   0
0.0866375717059291   0.0302152994197459   -0.0224078858270191   -0.000826248029719267   0
0.0521689867361826   0.0631406026820096   -0.0344685849697464   0.0329253032622637   0
0.0655909071137151   0.0228735640523072   0.0134219203775324   -0.0402670386297024   0
0.110721037975716   0.0406404584384686   0.0451301308620012   0.0177668943861614   0
0.114822635524012   0.0295777081673512   0.00410159754829528   -0.0110627502711174   0
0.0623758084397309   0.0617367078928573   -0.0524468270842807   0.0321589997255062   0
0.118828649470235   0.0770635826987073   0.0564528410305042   0.0153268748058499   0
0.0845530163561965   0.0974076304084438   -0.0342756331140386   0.0203440477097366   0
0.19539455914293   0.093354520751263   0.110841542786734   -0.00405310965718084   0
0.117196293329823   0.037825123900999   -0.0781982658131067   -0.055529396850264   0
0.0931526812765414   0.0842949402503792   -0.024043612053282   0.0464698163493802   0
0.067927875503581   0.0847854366080932   -0.0252248057729604   0.000490496357714032   0
0.113654434265892   0.168123956914184   0.0457265587623112   0.0833385203060911   0
0.146145061041487   0.119245571439331   0.032490626775595   -0.0488783854748537   0
0.0666722572849457   0.12787757135455   -0.0794728037565414   0.00863199991521926   0
0.0401803384257774   0.13169022492581   -0.0264919188591684   0.00381265357126037   0
0.047755383749479   0.131250532994072   0.0075750453237016   -0.000439691931738206   0
0.0993399014652722   0.115872232118064   0.0515845177157933   -0.0153783008760081   0
0.118569370155745   0.104575228336554   0.0192294686904724   -0.0112970037815096   0
0.0765609494826834   0.113132130647836   -0.0420084206730613   0.00855690231128152   0
0.0895303293784291   0.138914353939001   0.0129693798957457   0.0257822232911649   0
0.104100091331036   0.116044393529795   0.0145697619526068   -0.0228699604092055   0
0.0928722274429767   0.119574027912787   -0.0112278638880591   0.00352963438299181   0
0.0467321233888425   0.124052112698898   -0.0461401040541342   0.0044780847861105   0
0.0397370313006936   0.120902090182668   -0.00699509208814893   -0.00315002251622962   0
0.0738109276924908   0.101994478892428   0.0340738963917972   -0.0189076112902398   0
0.129471820531149   0.102344115163198   0.055660892838658   0.000349636270770018   0
0.0712251112974912   0.104603390355131   -0.0582467092336576   0.0022592751919331   0
0.0465541101113113   0.112598350855099   -0.0246710011861798   0.00799496049996772   0
0.123790188387045   0.099000712588294   0.0772360782757333   -0.0135976382668051   0
0.0554497932531439   0.114175728102728   -0.0683403951339007   0.0151750155144336   0
0.0785497740766325   0.130648223314701   0.0230999808234886   0.0164724952119734   0
0.0236719073344253   0.129685797933074   -0.0548778667422072   -0.000962425381627441   0
0.038435646410201   0.129716481441404   0.0147637390757758   3.06835083299928e-05   0
0.126154593365799   0.10317721311892   0.0877189469555976   -0.0265392683224837   0
0.0929176003817581   0.115566979721662   -0.0332369929840405   0.012389766602742   0
0.0661225346116504   0.122006883379269   -0.0267950657701077   0.00643990365760685   0
0.0608434943018561   0.136940384222431   -0.00527904030979423   0.0149335008431622   0
0.0597011759087708   0.115110470589169   -0.00114231839308529   -0.0218299136332617   0
0.165926238031844   0.092884118837598   0.106225062123073   -0.0222263517515713   0
0.10957461051197   0.124263062683456   -0.0563516275198732   0.0313789438458579   0
0.0923103525335051   0.138328805509688   -0.0172642579784652   0.0140657428262318   0
0.153157783246722   0.139145683414855   0.0608474307132173   0.000816877905167129   0
0.125092415926626   0.128372287093204   -0.028065367320096   -0.0107733963216509   0
0.0549788748052377   0.140747880743806   -0.0701135411213887   0.0123755936506015   0
0.0893792111466643   0.128201824483156   0.0344003363414266   -0.0125460562606493   0
0.0911024167243109   0.135616378541098   0.00172320557764659   0.00741455405794217   0
0.187146270081981   0.140431008852212   0.0960438533576696   0.00481463031111343   0
0.0904747054694847   0.14693484993697   -0.0966715646124958   0.00650384108475852   0
0.0979877335177725   0.133930495169472   0.00751302804828784   -0.0130043547674982   0
0.165952965814113   0.133463170405685   0.06796523229634   -0.000467324763786719   0
0.144058254376285   0.13194874102748   -0.0218947114378276   -0.00151442937820528   0
0.101800413704169   0.129390864675313   -0.0422578406721157   -0.00255787635216689   0
0.104610162647804   0.133979713340826   0.0028097489436348   0.00458884866551312   0
0.115749989472354   0.136971221134003   0.0111398268245497   0.00299150779317683   0
0.125231712092505   0.128432065961358   0.00948172262015105   -0.00853915517264564   0
0.161426936026798   0.176884257712494   0.0361952239342934   0.0484521917511365   0
0.122886935279915   0.149808777830229   -0.0385400007468833   -0.0270754798822647   0
0.1340062054765   0.14630732076006   0.0111192701965853   -0.00350145707016955   0
0.119845618778911   0.148615528838635   -0.0141605866975895   0.00230820807857476   0
0.075733722345069   0.148638584466608   -0.0441118964338418   2.30556279736394e-05   0
0.0904876434183695   0.143580478885491   0.0147539210733006   -0.00505810558111688   0
0.174682785647012   0.121909008977211   0.0841951422286426   -0.0216714699082807   0
0.121814363138096   0.143212278047842   -0.0528684225089159   0.0213032690706317   0
0.123476334709328   0.102779333469623   0.00166197157123171   -0.0404329445782192   0
0.110377063222121   0.108965436799932   -0.0130992714872075   0.00618610333030895   0
0.168603768316992   0.139864260846758   0.0582267050948717   0.030898824046826   0
0.1424097870743   0.140164366346265   -0.0261939812426918   0.000300105499506931   0
0.103601609862299   0.141043848923845   -0.0388081772120015   0.000879482577580248   0
0.0922167483502319   0.137252162303778   -0.011384861512067   -0.00379168662006774   0
0.172039782561883   0.139251331613032   0.0798230342116512   0.00199916930925406   0
0.151517646361868   0.160877001387706   -0.0205221362000154   0.0216256697746745   0
0.101013734381519   0.168069594725667   -0.050503911980349   0.00719259333796099   0
0.139068161954175   0.164370419342259   0.0380544275726559   -0.00369917538340836   0
0.20137297174112   0.187823437878503   0.0623048097869457   0.0234530185362446   0
0.111297822020783   0.181584562692565   -0.0900751497203367   -0.00623887518593855   0
0.145405117040062   0.180021712481439   0.0341072950192782   -0.00156285021112548   0
0.199907422862673   0.194227158388059   0.0545023058226114   0.0142054459066193   0
0.136968610417933   0.187580770707581   -0.0629388124447397   -0.00664638768047782   0
0.129816411448986   0.19435803476188   -0.00715219896894706   0.00677726405429882   0
0.171907085298536   0.195138956124219   0.0420906738495496   0.000780921362339704   0
0.188190943807465   0.216971318605133   0.016283858508929   0.0218323624809134   0
0.109096402513295   0.242278970122254   -0.0790945412941698   0.0253076515171212   0
0.11132116834404   0.254777071084703   0.00222476583074493   0.0124981009624495   0
0.132156058052365   0.22871102935473   0.0208348897083247   -0.0260660417299738   0
0.153515784953351   0.252332468289854   0.0213597269009863   0.0236214389351241   0
0.0472853906223698   0.255543669249015   -0.106230394330981   0.00321120095916139   0
0.0873186588281107   0.260753360795216   0.0400332682057409   0.00520969154620071   0
0.0997452701692166   0.263050668496585   0.0124266113411058   0.00229730770136877   0
0.109936202392115   0.272231594808997   0.0101909322228981   0.00918092631241263   0
0.0940015981933286   0.280128060238974   -0.0159346041987861   0.00789646542997646   0
0.0692630210086883   0.2784055661086   -0.0247385771846403   -0.00172249413037368   0
0.128950165633279   0.287540818417577   0.0596871446245903   0.00913525230897705   0
0.127388525825248   0.29781296019188   -0.00156163980803017   0.0102721417743025   0
0.0602363991369006   0.285816523870647   -0.0671521266883479   -0.0119964363212328   0
0.108662421145399   0.304461927887544   0.0484260220084981   0.0186454040168972   0
0.164858027772384   0.252790450766539   0.0561956066269849   -0.0516714771210049   0
0.093461955423905   0.291752522123631   -0.0713960723484786   0.0389620713570923   0
0.0632704217989141   0.282449452184369   -0.0301915336249909   -0.00930306993926261   0
0.178941124676945   0.315412909952177   0.115670702878031   0.0329634577678081   0
0.125465050706002   0.270003953185875   -0.0534760739709433   -0.0454089567663021   0
0.064278853387888   0.268572829615172   -0.0611861973181138   -0.00143112357070307   0
0.0626492249581621   0.251946362437524   -0.00162962842972592   -0.016626467177648   0
0.037055982352318   0.272455201855736   -0.0255932426058441   0.0205088394182126   0
0.0838582296147492   0.266264675864543   0.0468022472624312   -0.00619052599119352   0
0.100543447457306   0.262408282556496   0.0166852178425565   -0.00385639330804644   0
0.121020307397436   0.27029224961789   0.0204768599401307   0.00788396706139416   0
0.124452807826953   0.28193473447768   0.00343250042951659   0.0116424848597897   0
0.101606693085347   0.292556409096605   -0.0228461147416055   0.0106216746189247   0
0.143057469622981   0.289628343554718   0.0414507765376331   -0.00292806554188646   0
0.0899109150726042   0.305332434872632   -0.0531465545503764   0.0157040913179135   0
0.0984632741009053   0.283931587661975   0.00855235902830107   -0.0214008472106565   0
0.145410922015645   0.281567310341595   0.0469476479147398   -0.00236427732038047   0
0.132576439571215   0.28300382670911   -0.0128344824444301   0.00143651636751513   0
0.0932794844936978   0.29148892627937   -0.0392969550775172   0.00848509957026   0
0.11287919844181   0.284477005911286   0.0195997139481126   -0.00701192036808373   0
0.155268209939479   0.289908585480837   0.0423890114976682   0.00543157956955115   0
0.166054903098493   0.285252636931282   0.0107866931590147   -0.00465594854955509   0
0.0976125901925054   0.286131883684779   -0.0684423129059879   0.000879246753496876   0
0.153384682889948   0.297469231115169   0.0557720926974429   0.0113373474303901   0
0.16356101809065   0.290997872781744   0.0101763352007019   -0.00647135833342544   0
0.131565908656986   0.30386862139089   -0.0319951094336641   0.0128707486091461   0
0.127614653113896   0.302106446519683   -0.00395125554309009   -0.00176217487120711   0
0.159384452485366   0.30259361517884   0.0317697993714704   0.000487168659157267   0
0.168048874961959   0.310702125799776   0.00866442247659227   0.00810851062093609   0
0.131278259064058   0.31669701156034   -0.0367706158979003   0.00599488576056356   0
0.126791208386307   0.312085906533361   -0.00448705067775101   -0.00461110502697842   0
0.124020612080452   0.310005227135769   -0.00277059630585509   -0.00208067939759193   0
0.152688964462564   0.302958694684193   0.0286683523821114   -0.00704653245157655   0
0.112887533961424   0.315877840700325   -0.0398014305011398   0.0129191460161323   0
0.101767088469603   0.308576520592948   -0.0111204454918208   -0.00730132010737722   0
0.140469959063993   0.317262163428764   0.0387028705943905   0.00868564283581647   0
0.222381671890401   0.321928512680222   0.0819117128264076   0.00466634925145781   0
0.071245258563009   0.315298215168196   -0.151136413327392   -0.00663029751202626   0
0.134723911810413   0.307856740037879   0.0634786532474043   -0.00744147513031729   0
0.174541985406033   0.309183452605003   0.0398180735956203   0.00132671256712413   0
0.0656316374495266   0.325988815307366   -0.108910347956507   0.0168053627023632   0
0.0756443300818376   0.3266095990774   0.010012692632311   0.00062078377003405   0
0.0867196127983169   0.32459329066156   0.0110752827164793   -0.00201630841584   0
0.178351155538757   0.327845637733294   0.0916315427404404   0.00325234707173355   0
0.141207034681846   0.324300572368443   -0.0371441208569114   -0.00354506536485022   0
0.0953281869043548   0.316341246053609   -0.045878847777491   -0.00795932631483437   0
0.167950284402558   0.316379257346701   0.0726220974982029   3.80112930918886e-05   0
0.16661175803418   0.305447985232756   -0.00133852636837814   -0.0109312721139448   0
0.0869785324063357   0.325257932601958   -0.0796332256278438   0.0198099473692022   0
0.132962558094713   0.309252259957385   0.0459840256883775   -0.0160056726445733   0
0.129041934605383   0.306137719409092   -0.00392062348933003   -0.0031145405482928   0
0.149556692271693   0.307542817400277   0.0205147576663102   0.00140509799118471   0
0.154517967116061   0.310697503070913   0.00496127484436723   0.00315468567063615   0
0.16501682049192   0.310807486113591   0.0104988533758592   0.000109983042677952   0
0.141394852261495   0.313067670599345   -0.0236219682304248   0.00226018448575405   0
0.209997288447377   0.323077890832459   0.0686024361858821   0.0100102202331135   0
0.217466347336594   0.331105768289757   0.00746905888921656   0.0080278774572981   0
