0   0   0   0
0.0851856650407215   0.1230916473564   0.0851856650407215   0
0.0798510596360499   0.0525369551847576   -0.00533460540467159   0
0.111638897826889   -0.00617894073184647   0.0317878381908388   0
0.10003790044953   0.0959541134301527   -0.0116009973773591   0
0.0749101574204226   -0.0843073428086732   -0.025127743029107   0
0.143020589019553   0.217237685442183   0.0681104315991308   0
0.121779293754203   -0.0927472115833026   -0.0212412952653502   0
0.141624865929469   -0.0417207673848088   0.0198455721752656   0
0.16144671777928   0.0442228114738627   0.0198218518498113   0
0.152607964794076   -0.0501045975326462   -0.00883875298520384   0
0.145236483186905   0.0791157455444291   -0.00737148160717166   0
0.141369219618567   -0.090937589374614   -0.003867263568338   0
0.166545329483635   0.157672096710262   0.0251761098650683   0
0.168361284862316   -0.0777938209795161   0.0018159553786814   0
0.188905797178117   0.00661141731318393   0.020544512315801   0
0.272013845298819   0.289283825031387   0.083108048120702   0
0.237864199541461   -0.203406043280481   -0.0341496457573582   0
0.252007085936586   0.160279761459372   0.0141428863951252   0
0.267514502284456   -0.0901449452637578   0.0155074163478693   0
0.296689276093694   -0.0423145120948875   0.029174773809238   0
0.34358403148684   0.163011253101759   0.0468947553931466   0
0.345481321627161   -0.153595232397714   0.00189729014032097   0
0.390205805248974   0.217395298953558   0.0447244836218126   0
0.378116371183859   -0.159165198689581   -0.0120894340651145   0
0.411272263781853   0.207410062029287   0.0331558925979937   0
0.378513395919484   -0.151406202076014   -0.032758867862369   0
0.374055696120244   -0.0219872631348949   -0.00445769979924032   0
0.402945975483997   0.0605592162830756   0.0288902793637535   0
0.36914571560564   -0.118192424745158   -0.0338002598783572   0
0.436666255624361   0.190133952253719   0.0675205400187212   0
0.385681693187015   -0.213758827640779   -0.0509845624373466   0
0.433623506013281   0.2412941023989   0.0479418128262663   0
0.41504828794009   -0.111205708183005   -0.0185752180731908   0
0.423154932296966   0.099339962797616   0.00810664435687597   0
0.42826167158832   -0.0993083499718428   0.00510673929135436   0
0.421399803713896   -0.0419586862882317   -0.0068618678744245   0
0.463782368123533   0.202790822560375   0.0423825644096373   0
0.425772061165995   -0.18545740067595   -0.0380103069575379   0
0.460256910504611   0.189256948487756   0.0344848493386161   0
0.383818844892161   -0.181659599541962   -0.0764380656124507   0
0.416470086547509   0.0462370530304006   0.0326512416553487   0
0.412261807146733   -0.0305920389787757   -0.0042082794007765   0
0.453452451829574   0.182434064187957   0.0411906446828415   0
0.416645357720931   -0.0293302088555899   -0.0368070941086434   0
0.427821566646192   -0.016751988585025   0.0111762089252613   0
0.44060370193202   0.0921597176041258   0.0127821352858272   0
0.414803661500649   -0.1646816348849   -0.0258000404313706   0
0.462810268310301   0.158187462825155   0.0480066068096519   0
0.431845809500088   -0.133299250750913   -0.0309644588102125   0
0.49127784825808   0.184580038839758   0.0594320387579912   0
0.492804376395533   -0.0846465767610106   0.00152652813745335   0
0.520592443724998   0.147845776170083   0.0277880673294649   0
0.453722389533451   -0.125439778064388   -0.0668700541915465   0
0.468372124060394   0.314335275831678   0.0146497345269425   0
0.425950448043376   -0.29455116668296   -0.0424216760170182   0
0.432572596222588   0.119521202861084   0.0066221481792122   0
0.493730829765825   -0.0776417801567659   0.0611582335432374   0
0.47720065866367   -0.170965281726302   -0.0165301711021557   0
0.512743332189947   0.206466032167787   0.0355426735262772   0
0.518373570869744   -0.201955894330493   0.00563023867979762   0
0.547763393440316   0.242181739641961   0.0293898225705713   0
0.528943018928885   -0.219110289846578   -0.0188203745114309   0
0.5472379505394   0.142179892284651   0.018294931610515   0
0.54970284395776   0.000643003679561049   0.00246489341836076   0
0.554420248050044   0.017325438809239   0.00471740409228372   0
0.558021603478978   -0.0263224881226419   0.00360135542893392   0
0.575428532867028   0.0665268477441594   0.0174069293880496   0
0.584865667441892   -0.0316347396469913   0.0094371345748645   0
0.562695549413713   -0.0182037378388737   -0.0221701180281795   0
0.574402513842863   0.160538776902273   0.0117069644291499   0
0.565409722541981   -0.129854436649259   -0.00899279130088138   0
0.575031293640833   0.170674916809241   0.00962157109885187   0
0.58427247020718   -0.125217993635835   0.00924117656634704   0
0.506637287819649   0.142013037504698   -0.077635182387531   0
0.477985138499358   0.332143736448807   -0.0286521493202915   0
0.517004162817643   -0.42878875607582   0.0390190243182859   1
0.575841879374017   0.163894715298857   0.0588377165563736   0
0.39611455013102   -0.374830407863085   -0.179727329242998   0
0.459519792221728   0.213864306733439   0.0634052420907082   0
0.517474677066666   -0.118153222334685   0.0579548848449379   0
0.534505315105706   0.16702867954452   0.0170306380390403   0
0.524282716920213   -0.177000174069433   -0.0102225981854932   0
0.557012099141428   0.130217460729709   0.0327293822212155   0
0.577117373706432   -0.0958425795694327   0.0201052745650042   0
0.576062353777349   0.137532316968518   -0.00105501992908297   0
0.580074415581632   -0.141271003228566   0.00401206180428293   0
0.614323596678697   0.131942696512816   0.0342491810970642   0
0.585322369073678   -0.164167465777944   -0.029001227605019   0
0.625056377247085   0.190108743213261   0.0397340081734072   0
0.63856527526812   -0.0256261569122151   0.0135088980210354   0
0.646052290828885   -0.0337820283637926   0.0074870155607647   0
0.628083208533113   0.0436991441291117   -0.0179690822957717   0
0.650523091385886   0.0335278342999734   0.0224398828527729   0
0.623535010005453   -0.0485867120261425   -0.0269880813804335   0
0.662071368528348   -0.102037945923755   0.0385363585228957   0
0.612444848234925   -0.247247335950351   -0.0496265202934236   0
0.633033790602247   -0.0453053152756864   0.0205889423673227   0
0.749357928932163   0.356482465695449   0.116324138329915   0
0.711255720835516   -0.13955460329938   -0.0381022080966463   0
0.750334387392215   0.155883939091989   0.0390786665566983   0
0.751947168341134   -0.112301860000974   0.00161278094891959   0
0.770990204636544   0.136719764621735   0.01904303629541   0
0.782794336009306   -0.115839232120087   0.0118041313727617   0
0.934491807804649   0.389095442544887   0.151697471795343   0
0.896603268743205   -0.328962385512169   -0.0378885390614435   0
0.988071492181107   0.135975563634032   0.0914682234379024   0
0.981313602866204   -0.138490154358842   -0.00675788931490351   0
1.05894154189455   0.213414784775482   0.0776279390283425   0
1.03900322057297   -0.174676560730558   -0.0199383213215782   0
1.190805110419   0.2572313039692   0.151801889846029   0
1.13597227760232   -0.161507072574503   -0.0548328328166781   0
1.18428671341614   0.0989134204788227   0.0483144358138199   0
1.21568807714561   -0.0102789806168593   0.031401363729475   0
1.19454437079959   -0.0364738365364237   -0.0211437063460191   0
1.20199762603301   0.0928687178047949   0.00745325523341855   0
1.1684501674787   -0.131257446635415   -0.0335474585543145   0
1.20177466133849   0.0222271440838799   0.0333244938597943   0
1.21104118508094   0.125756675335853   0.00926652374244785   0
1.19374152173157   -0.0717582286872696   -0.0172996633493732   0
1.22717337118029   0.11463132532513   0.0334318494487231   0
1.21540590695825   -0.108812644331   -0.0117674642220436   0
1.24442833361237   0.0517086387152428   0.0290224266541184   0
1.26171495965303   0.0693014986514326   0.0172866260406652   0
1.21480183425158   -0.0847787855190167   -0.0469131254014523   0
1.24412984518307   0.126891428482723   0.0293280109314911   0
1.23138213973161   -0.159630631880621   -0.0127477054514591   0
1.28178920317812   0.207368399596434   0.0504070634465092   0
1.31423856029841   -0.01988289395971   0.0324493571202948   0
1.32275575926973   -0.0555091837059041   0.00851719897131886   0
1.37366257881657   0.299417433858816   0.0509068195468401   0
1.34964837796007   -0.179629258689906   -0.024014200856503   0
1.37844660552386   0.024257052266069   0.0287982275637881   0
1.36742308890665   0.0346370062683499   -0.0110235166172106   0
1.39726676527927   -0.100161807767334   0.0298436763726238   0
1.3836015235009   0.145922766356511   -0.0136652417783762   0
1.42476552853627   -0.112103984793978   0.041164005035379   0
1.42858744813329   0.184653398857652   0.00382191959701994   0
1.42481198106768   -0.159878402816805   -0.00377546706561716   0
1.47021027226516   0.157124118341224   0.0453982911974835   0
1.42490572282178   -0.136968483680145   -0.0453045494433844   0
1.54098301608908   0.310628797949092   0.116077293267304   0
1.46515467448696   -0.207559209738464   -0.0758283416021173   0
1.56724560543881   0.147784517880348   0.102090930951843   0
1.49535286356131   -0.138653082383692   -0.0718927418774995   0
1.58026091046613   0.186769844231651   0.0849080469048256   0
1.53701072027003   -0.183483571871616   -0.0432501901961011   0
1.5691704821361   0.142975096170479   0.0321597618660718   0
1.57960120537938   -0.0987958603858285   0.0104307232432801   0
1.58646764973825   0.191887516051586   0.00686644435886485   0
1.58354448697921   -0.192845039077977   -0.00292316275903781   0
1.62671880977176   0.0852229114766059   0.0431743227925494   0
1.59453758435636   0.044731486466917   -0.0321812254154044   0
1.63321478285282   -0.0492141022542203   0.0386771984964696   0
1.61613409441644   0.126212713578116   -0.0170806884363839   0
1.60277251423557   -0.173387390892572   -0.0133615801808742   0
1.58702525880568   0.0826948314577407   -0.0157472554298821   0
1.47122805721955   -0.427704849306721   -0.115797201586138   1
1.5371083314478   0.257894476936931   0.0658802742282569   1
1.47015635903133   0.00130205590098043   -0.0669519724164755   0
1.53228165887803   0.0361630057013855   0.0621252998466999   0
1.50981703136017   0.0229812727339804   -0.0224646275178531   0
1.59608324210393   0.0870244454320455   0.0862662107437582   0
1.55846315975996   -0.024650985380797   -0.0376200823439723   0
1.62517388984225   0.120711255422745   0.0667107300822929   0
1.55754849953573   -0.14728973544521   -0.0676253903065243   0
1.62676357005251   0.216975874176835   0.0692150705167849   0
1.57280717674394   -0.177355904280442   -0.0539563933085716   0
1.6412277847773   0.0762564761002882   0.0684206080333569   0
1.59886604309117   0.0266686722964951   -0.0423617416861337   0
1.60706602847394   0.0658531053597409   0.00819998538277367   0
1.4059521215309   0.117495191171876   -0.201113906943035   0
1.55153234510024   -0.22415398582413   0.145580223569336   1
1.59396778236732   0.144206013417163   0.0424354372670823   0
1.61399528551821   0.110559364402675   0.020027503150885   0
1.65157810176358   -0.09680057720256   0.0375828162453755   0
1.69888014233642   0.103456037084532   0.0473020405728328   0
1.68414554671649   0.0634027888329878   -0.0147345956199212   0
1.72938084742777   -0.102522572845328   0.045235300711278   0
1.702472173172   0.123912785758411   -0.0269086742557705   0
1.75821501082774   -0.114604233436175   0.0557428376557407   0
1.71982052122453   0.135151101087604   -0.0383944896032167   0
1.72748101009823   -0.150007135975616   0.00766048887370374   0
1.71636599480559   0.119287201535076   -0.0111150152926349   0
1.61993110670639   -0.34813986253225   -0.0964348880992016   0
