0.0279452864361434   0.00875190474950453   0   0   0
0.0199551563387209   0.00668587360054017   -0.00799013009742253   -0.00206603114896436   0
0.0163026154389741   0.01299285   -0.00365254089974678   0.00630697639945983   0
0.0303343489183467   0.0227468912801008   0.0140317334793726   0.00975404128010078   0
0.102750893989104   0   0.0724165450707569   -0.0227468912801008   0
0.240950027810042   0.0517045   0.138199133820938   0.0517045   0
0.126788122803912   0.0471524162564868   -0.114161905006129   -0.00455208374351321   0
0.0528113202622726   0.0220545287907609   -0.0739768025416399   -0.0250978874657259   0
0.0448964981812045   0.0400840037153226   -0.00791482208106806   0.0180294749245618   0
0.026275172092622   0.0577251536178554   -0.0186213260885825   0.0176411499025327   0
0.171270439829645   0.0440815743195499   0.144995267737023   -0.0136435792983055   0
0.101850539496755   0.0556643170550488   -0.0694199003328901   0.0115827427354989   0
0.0362718338997203   0.0514983584092979   -0.0655787055970344   -0.00416595864575096   0
0.0201079504584729   0.0443202144231332   -0.0161638834412474   -0.00717814398616472   0
0.134122636937767   0.0574315452601182   0.114014686479294   0.013111330836985   0
0.18019544557133   0.0838792309728845   0.0460728086335628   0.0264476857127663   0
0.0533891204404785   0.0458358558536327   -0.126806325130851   -0.0380433751192517   0
0.0365975808745551   0.0427490464854188   -0.0167915395659234   -0.00308680936821392   0
0.0401644692210262   0.0452797277284493   0.00356688834647111   0.00253068124303046   0
0.116687414181008   0.0520408190022505   0.0765229449599814   0.00676109127380124   0
0.222506614111536   0.0877350257326713   0.105819199930528   0.0356942067304208   0
0.0989719457228663   0.068298136962896   -0.12353466838867   -0.0194368887697753   0
0.0718766958832277   0.0617013985454643   -0.0270952498396386   -0.0065967384174317   0
0.0685652826712616   0.0558442536714835   -0.00331141321196614   -0.00585714487398079   0
0.15273997216135   0.0779073825529391   0.0841746894900885   0.0220631288814556   0
0.194502581996898   0.0910027889647345   0.0417626098355478   0.0130954064117954   0
0.0740486628841467   0.0593280450770123   -0.120453919112751   -0.0316747438877222   0
0.0556511809892656   0.0480147764629546   -0.0183974818948811   -0.0113132686140577   0
0.0849634343948619   0.0470426886738524   0.0293122534055963   -0.000972087789102224   0
0.180951861181365   0.0810076905819596   0.0959884267865032   0.0339650019081072   0
0.194394537930185   0.103525166444928   0.0134426767488196   0.0225174758629682   0
0.0852312035647157   0.0759945786668529   -0.109163334365469   -0.0275305877780748   0
0.0870813486548067   0.0633119362067691   0.00185014509009103   -0.0126826424600838   0
0.192282108501779   0.0981548026106721   0.105200759846973   0.034842866403903   0
0.166620898277767   0.091757975186084   -0.0256612102240122   -0.00639682742458814   0
0.066912165426849   0.0754241690155914   -0.0997087328509181   -0.0163338061704926   0
0.0530539693402859   0.0536072838946351   -0.013858196086563   -0.0218168851209563   0
0.130550436955224   0.0870893359631361   0.0774964676149384   0.0334820520685011   0
0.279909009219139   0.143817055449936   0.149358572263915   0.0567277194868   0
0.163924461774471   0.127657231034908   -0.115984547444668   -0.0161598244150276   0
0.0601951182488248   0.0947416252279686   -0.103729343525646   -0.0329156058069399   0
0.071021969622716   0.0931438764696585   0.0108268513738912   -0.00159774875831009   0
0.0719478901301491   0.097904212345537   0.000925920507433037   0.00476033587587853   0
0.0848052814112423   0.0912172631597358   0.0128573912810932   -0.00668694918580116   0
0.193612265996992   0.133953441270652   0.10880698458575   0.0427361781109161   0
0.280545543230061   0.186334465395562   0.086933277233069   0.0523810241249103   0
0.161838053251885   0.159499134906745   -0.118707489978176   -0.0268353304888174   0
0.10625826849008   0.127714025742085   -0.0555797847618048   -0.0317851091646597   0
0.0958138356443369   0.10968680571974   -0.0104444328457435   -0.0180272200223452   0
0.16236621229828   0.133310109762913   0.0665523766539427   0.0236233040431733   0
0.265917907159804   0.196123508117334   0.103551694861524   0.0628133983544208   0
0.16228634006607   0.165672232127928   -0.103631567093734   -0.0304512759894063   0
0.115851756684567   0.142572213850561   -0.0464345833815032   -0.0231000182773672   0
0.13348901593693   0.140610460761859   0.0176372592523637   -0.00196175308870128   0
0.159727815674948   0.145170860554038   0.0262387997380173   0.00456039979217882   0
0.275733880350983   0.176283087620452   0.116006064676035   0.0311122270664139   0
0.244203052077651   0.172666948161772   -0.0315308282733314   -0.00361613945868031   0
0.134516766508194   0.148274377258143   -0.109686285569457   -0.0243925709036292   0
0.12639971923612   0.134423479785722   -0.00811704727207394   -0.0138508974724203   0
0.11445888530918   0.117417341571465   -0.0119408339269402   -0.0170061382142576   0
0.195556163534571   0.148143572440091   0.0810972782253914   0.0307262308686264   0
0.326707562405341   0.205546292178313   0.13115139887077   0.0574027197382221   0
0.290132764236668   0.205447343074205   -0.0365747981686732   -9.89491041084312e-05   0
0.176446209670256   0.161758712718203   -0.113686554566412   -0.0436886303560022   0
0.161872483870515   0.140066775027672   -0.0145737257997415   -0.0216919376905305   0
0.156423948891146   0.140262051521643   -0.00544853497936815   0.000195276493970803   0
0.170658657759546   0.12613216210191   0.0142347088684   -0.0141298894197329   0
0.231738867397962   0.168264400764013   0.0610802096384151   0.0421322386621034   0
0.350509625543779   0.255635921952491   0.118770758145817   0.0873715211884775   0
0.237301962010873   0.199721472094665   -0.113207663532905   -0.0559144498578261   0
0.157297955531437   0.176613781726285   -0.0800040064794362   -0.0231076903683794   0
0.158410056234761   0.163949281205073   0.00111210070332329   -0.0126645005212128   0
0.210193607352864   0.173949337667473   0.0517835511181036   0.0100000564624002   0
0.298761275489311   0.224713383522566   0.0885676681364469   0.0507640458550934   0
0.227546679925329   0.203304351472515   -0.0712145955639823   -0.0214090320500511   0
0.169578956690062   0.169495561485869   -0.0579677232352665   -0.0338087899866462   0
0.168653703666418   0.141429828360048   -0.000925253023643963   -0.0280657331258214   0
0.229002568226319   0.205815993611259   0.060348864559901   0.0643861652512119   0
0.315729040252065   0.239084215092214   0.0867264720257456   0.0332682214809544   0
0.237667171921176   0.222867410665091   -0.0780618683308885   -0.0162168044271224   0
0.187888381043347   0.182507406448951   -0.0497787908778292   -0.0403600042161407   0
0.203314016367515   0.171750588616349   0.0154256353241675   -0.0107568178326013   0
0.291530166811533   0.232522558961088   0.088216150444018   0.0607719703447382   0
0.319216742132113   0.247547528217694   0.0276865753205806   0.0150249692566063   0
0.203918188447156   0.201827541419029   -0.115298553684957   -0.0457199867986647   0
0.195580866165712   0.162112630044523   -0.00833732228144482   -0.039714911374506   0
0.219148359888912   0.169630553317946   0.0235674937232002   0.0075179232734226   0
0.326433223105814   0.241334280366984   0.107284863216902   0.0717037270490379   0
0.237516370236327   0.204993815735262   -0.0889168528694867   -0.036340464631722   0
0.190245405819878   0.164455224502416   -0.0472709644164493   -0.040538591232846   0
0.195907570875477   0.155389500213665   0.00566216505559905   -0.00906572428875119   0
0.255184389905045   0.162965298545342   0.059276819029568   0.00757579833167751   0
0.35484512924514   0.247421008638944   0.099660739340095   0.084455710093602   0
0.257466817557991   0.212553370508591   -0.0973783116871486   -0.0348676381303528   0
0.178158526652445   0.167807526642319   -0.0793082909055462   -0.0447458438662726   0
0.18660359076454   0.167303038614732   0.00844506411209509   -0.000504488027586736   0
0.287131695451077   0.227265712171486   0.100528104686537   0.0599626735567536   0
0.311881678158705   0.264015848660686   0.024749982707628   0.0367501364892009   0
0.196517856667556   0.22804946235425   -0.115363821491149   -0.0359663863064364   0
0.194126318678869   0.183635910622759   -0.0023915379886863   -0.0444135517314909   0
0.238360507321179   0.193073125847022   0.0442341886423099   0.00943721522426288   0
0.346461099726997   0.247961606759902   0.108100592405817   0.0548884809128804   0
0.300289708822996   0.23940107892401   -0.0461713909040003   -0.00856052783589256   0
0.217071739436736   0.184041341310424   -0.083217969386261   -0.0553597376135858   0
0.212920266654069   0.157701408070164   -0.00415147278266614   -0.0263399332402597   0
0.259464501921265   0.181636338985079   0.0465442352671954   0.0239349309149146   0
0.351181284210036   0.244338702382947   0.0917167822887711   0.0627023633978684   0
0.247295244989547   0.195386515505868   -0.103886039220489   -0.0489521868770788   0
0.189937037110433   0.155451735488945   -0.0573582078791139   -0.0399347800169233   0
0.204617556429574   0.158693479122159   0.0146805193191412   0.00324174363321342   0
0.302303233833199   0.220844349144573   0.0976856774036251   0.0621508700224142   0
0.333406989774675   0.246424436883444   0.0311037559414753   0.0255800877388712   0
0.213475199615435   0.200014263995821   -0.119931790159239   -0.046410172887623   0
0.210670944961117   0.174591244130605   -0.00280425465431841   -0.0254230198652161   0
0.230691971849911   0.159360905147632   0.0200210268887937   -0.0152303389829732   0
0.327072494586277   0.203189564753188   0.0963805227363659   0.0438286596055563   0
0.32608666548634   0.217858620486544   -0.000985829099937052   0.0146690557333559   0
0.19145790882348   0.150248960007391   -0.13462875666286   -0.0676096604791533   0
0.199893106033625   0.127900969271474   0.0084351972101448   -0.0223479907359169   0
0.27972948126683   0.180227429755469   0.0798363752332055   0.0523264604839951   0
0.348464563364498   0.224801381750925   0.0687350820976673   0.0445739519954557   0
0.197664747509641   0.165439734892264   -0.150799815854857   -0.059361646858661   0
0.190049341847874   0.143719916952697   -0.00761540566176688   -0.0217198179395671   0
0.226362835178945   0.156333638491409   0.0363134933310707   0.0126137215387123   0
0.344042431343868   0.239255832232931   0.117679596164923   0.0829221937415223   0
0.248593994523198   0.190451860234207   -0.0954484368206694   -0.0488039719987239   0
0.185742333737492   0.157383425495833   -0.062851660785706   -0.033068434738374   0
0.177480288402431   0.150310890157708   -0.00826204533506164   -0.00707253533812546   0
0.214446260320599   0.151245371110738   0.036965971918168   0.00093448095303067   0
0.34477736564051   0.218777639650525   0.130331105319911   0.0675322685397866   0
0.262767390280149   0.206077004460329   -0.0820099753603614   -0.012700635190196   0
0.148061448323931   0.109514733923523   -0.114705941956218   -0.0965622705368063   0
0.193385223544846   0.187281955083612   0.0453237752209151   0.077767221160089   0
0.186684295428685   0.0710738138244319   -0.00670092811616121   -0.11620814125918   0
0.238341773889954   0.345939618871198   0.0516574784612695   0.274865805046767   0
0.287535152579645   0.432926108103046   0.0491933786896914   0.0869864892318473   0
0.280841413168073   0.296285712066415   -0.00669373941157292   -0.136640396036631   0
0.339134664299434   0.220897699292235   0.0582932511313618   -0.0753880127741803   0
0.394446466204934   0.224453736677344   0.0553118019054994   0.00355603738510943   0
0.22604081783804   0.222310917438421   -0.168405648366894   -0.00214281923892287   0
0.209990123484153   0.172481338265253   -0.0160506943538866   -0.0498295791731685   0
0.245214787243755   0.148634624281163   0.0352246637596015   -0.0238467139840896   0
0.366034046927332   0.117118531670494   0.120819259683577   -0.031516092610669   0
0.372798987713218   0.0740007869011708   0.00676494078588635   -0.0431177447693231   0
0.22719835009084   0.108657885221874   -0.145600637622378   0.0346570983207034   0
0.194128372035105   0.139741506194207   -0.0330699780557356   0.0310836209723328   0
0.242706039354195   0.135080298006491   0.0485776673190902   -0.00466120818771579   0
0.395499934024015   0.0915239629687357   0.15279389466982   -0.0435563350377556   0
0.38424630487358   0.0885793229492357   -0.011253629150435   -0.00294464001949998   0
0.246334987415511   0.110944640606532   -0.137911317458069   0.0223653176572961   0
0.243971497859893   0.11783387252451   -0.0023634895556176   0.0068892319179783   0
0.262118843445106   0.0910377478471926   0.0181473455852125   -0.0267961246773175   0
0.37152395821804   0.0680948372341289   0.109405114772934   -0.0229429106130637   0
0.322682390827265   0.0658654055062291   -0.0488415673907748   -0.00222943172789973   0
0.28969744579378   0.137508545997706   -0.0329849450334855   0.0716431404914769   0
0.288634774658235   0.150923221828481   -0.00106267113554498   0.0134146758307755   0
0.329001774864513   0.089835148627486   0.0403670002062786   -0.0610880732009955   0
0.386033726869816   0.0648157403711668   0.0570319520053029   -0.0250194082563192   0
0.298258000199492   0.0722431015070124   -0.0877757266703247   0.00742736113584563   0
0.271207613914138   0.112473414528323   -0.027050386285354   0.0402303130213107   0
0.280789736447773   0.119704970772531   0.00958212253363561   0.0072315562442079   0
0.352716473571904   0.0896813262261994   0.0719267371241311   -0.0300236445463316   0
0.375949944597682   0.0623817719197884   0.0232334710257773   -0.027299554306411   0
0.290041198415828   0.0974672010639477   -0.0859087461818533   0.0350854291441593   0
0.286461219390706   0.112895315741055   -0.00357997902512286   0.0154281146771073   0
0.298119641052045   0.128517578525284   0.0116584216613392   0.0156222627842289   0
0.379619404804338   0.0896558391622793   0.0814997637522934   -0.0388617393630045   0
0.372728546403411   0.0784877848849044   -0.00689085840092685   -0.0111680542773749   0
0.276674070106416   0.111828718393354   -0.0960544762969954   0.0333409335084493   0
0.305352661450805   0.120543835664293   0.0286785913443891   0.00871511727093899   0
0.318815105122075   0.113559506423769   0.0134624436712704   -0.00698432924052382   0
0.402502093562257   0.0883560902017654   0.0836869884401817   -0.0252034162220035   0
0.35718198567397   0.0963290405903121   -0.0453201078882872   0.00797295038854674   0
0.291582396630198   0.096874464985942   -0.0655995890437721   0.000545424395629865   0
0.289827568207098   0.123656553477768   -0.00175482842309987   0.0267820884918256   0
0.33245731214398   0.0886638518901728   0.0426297439368825   -0.0349927015875948   0
0.405819075155419   0.0729680580467652   0.0733617630114391   -0.0156957938434076   0
0.353505811815025   0.0691710928147192   -0.0523132633403943   -0.00379696523204602   0
0.2960210634524   0.076841207820495   -0.0574847483626248   0.00767011500577579   0
0.303993698306807   0.0799239386324429   0.00797263485440669   0.0030827308119479   0
0.314372049126572   0.090086694876602   0.0103783508197653   0.0101627562441591   0
0.397726552456584   0.0688257025386047   0.0833545033300118   -0.0212609923379973   0
0.394980104738201   0.0673799900015947   -0.00274644771838345   -0.00144571253701002   0
0.29320650708927   0.0814997108695025   -0.101773597648931   0.0141197208679078   0
0.282861367942036   0.0985708506316649   -0.0103451391472335   0.0170711397621624   0
0.312258937231587   0.0857930142803743   0.0293975692895504   -0.0127778363512907   0
0.410329375808021   0.0631939647836888   0.0980704385764342   -0.0225990494966854   0
0.354044629744613   0.0636381531941728   -0.0562847460634079   0.000444188410483923   0
0.264802919360796   0.0729250840603903   -0.0892417103838173   0.0092869308662176   0
0.265261124133579   0.0932068520007515   0.000458204772783355   0.0202817679403612   0
0.329470248001242   0.0674174421334902   0.0642091238676632   -0.0257894098672613   0
0.398483720825582   0.0639467916885984   0.0690134728243394   -0.00347065044489177   0
0.298733214579179   0.0771561990581444   -0.0997505062464022   0.013209407369546   0
0.299625236262051   0.0876803566830251   0.000892021682871891   0.0105241576248807   0
0.361722949352125   0.072997348822149   0.0620977130900738   -0.0146830078608761   0
0.452595171676632   0.0431512240622731   0.090872222324507   -0.0298461247598759   0
0.403418674844138   0.0486163688544301   -0.0491764968324945   0.00546514479215695   0
0.342973069004273   0.0480436297010072   -0.0604456058398643   -0.000572739153422888   0
0.367480063928426   0.0464593316549539   0.0245069949241526   -0.00158429804605331   0
0.387074902573765   0.0595386156700212   0.0195948386453395   0.0130792840150674   0
0.447130953089808   0.0355184713855326   0.0600560505160425   -0.0240201442844886   0
0.431709795129784   0.0484482341890032   -0.0154211579600241   0.0129297628034706   0
0.363107464329832   0.0428539113200592   -0.0686023307999521   -0.00559432286894399   0
0.38405063708157   0.0550009058518314   0.0209431727517386   0.0121469945317722   0
0.386113310467912   0.0805705419054913   0.00206267338634147   0.0255696360536598   0
0.44789117722612   0.048920183105883   0.0617778667582086   -0.0316503587996082   0
0.446246472777097   0.0357576019599679   -0.00164470444902376   -0.0131625811459151   0
0.365110277139661   0.0693606004767613   -0.0811361956374356   0.0336029985167934   0
0.35890007815686   0.108563009388615   -0.00621019898280128   0.0392024089118537   0
0.406776904734032   0.0886126629714739   0.0478768265771726   -0.0199503464171411   0
0.443890933690924   0.0273645366449443   0.0371140289568913   -0.0612481263265296   0
0.37951138175371   0.03792022284576   -0.064379551937214   0.0105556862008157   0
0.377525308914369   0.0949015872059314   -0.00198607283934032   0.0569813643601714   0
0.389123823729992   0.0973773592043376   0.0115985148156227   0.00247577199840622   0
0.436661959962166   0.0481200068029858   0.0475381362321737   -0.0492573524013518   0
0.43625587312379   0.0367829171593622   -0.000406086838376229   -0.0113370896436236   0
0.381774222448046   0.0908723384766762   -0.0544816506757437   0.054089421317314   0
0.394953904810688   0.126090049020373   0.0131796823626422   0.0352177105436966   0
0.401602899186497   0.13224397828856   0.00664899437580946   0.00615392926818678   0
0.459786891735726   0.0894778288911421   0.0581839925492283   -0.0427661493974174   0
0.465615064809978   0.0268323483937299   0.00582817307425221   -0.0626454804974122   0
0.394706705743087   0.0539015409395687   -0.0709083590668908   0.0270691925458388   0
0.395330894812498   0.117444672524992   0.000624189069410364   0.0635431315854228   0
0.409183684541808   0.158097595051601   0.0138527897293106   0.0406529225266094   0
0.475792373651575   0.105810462236272   0.066608689109767   -0.0522871328153291   0
0.436733400653076   0.040772783235414   -0.0390589729984994   -0.0650376790008579   0
0.377971482579956   0.0969980741640008   -0.0587619180731197   0.0562252909285868   0
0.395470983646133   0.143114299872733   0.0174995010661769   0.046116225708732   0
0.436749371759926   0.169655624714479   0.041278388113793   0.0265413248417458   0
0.474906453231581   0.0857771055726701   0.0381570814716553   -0.0838785191418085   0
0.416125605722599   0.0444724089358222   -0.0587808475089821   -0.0413046966368479   0
0.40231826367442   0.124083126798902   -0.0138073420481792   0.0796107178630802   0
0.4279749158778   0.160948640126284   0.0256566522033801   0.0368655133273813   0
0.456502264982333   0.160833583538109   0.0285273491045329   -0.000115056588174373   0
0.506028961593109   0.0862505981258246   0.049526696610776   -0.0745829854122848   0
0.421211575884377   0.0685276769524   -0.0848173857087322   -0.0177229211734246   0
0.365791316915938   0.123971115209965   -0.0554202589684384   0.0554434382575653   0
0.3780369810393   0.1486801483256   0.0122456641233618   0.024709033115635   0
0.438522388151631   0.153536459954248   0.0604854071123313   0.00485631162864802   0
0.459844432369252   0.0657881058597411   0.0213220442176211   -0.0877483540945072   0
0.450842006767337   0.040192981700323   -0.00900242560191494   -0.0255951241594181   0
0.39005239778399   0.0947657945566463   -0.0607896089833474   0.0545728128563233   0
0.40985896486211   0.160983825354645   0.0198065670781196   0.0662180307979991   0
0.440075811598411   0.193937562931147   0.0302168467363012   0.0329537375765012   0
0.483732410456442   0.101629019973013   0.0436565988580315   -0.0923085429581341   0
0.426295299323134   0.070547358233335   -0.0574371111333088   -0.0310816617396776   0
0.375419193614871   0.130101220480548   -0.0508761057082625   0.0595538622472129   0
0.368059928518658   0.144425407900255   -0.00735926509621254   0.014324187419707   0
0.406622845499905   0.110088015353648   0.038562916981247   -0.0343373925466071   0
0.467639391341234   0.0408513547666525   0.0610165458413287   -0.0692366605869953   0
0.398137935295659   0.0843936699702797   -0.0695014560455756   0.0435423152036273   0
0.404523615827036   0.139909983076843   0.00638568053137761   0.0555163131065633   0
0.426495035993199   0.179590308559997   0.0219714201661627   0.0396803254831542   0
0.464975489140277   0.167400287487724   0.0384804531470783   -0.0121900210722737   0
0.511891422715794   0.119991965832769   0.0469159335755171   -0.0474083216549541   0
0.436327866569395   0.101865273592439   -0.075563556146399   -0.0181266922403301   0
0.439316561416992   0.153775469130133   0.00298869484759706   0.0519101955376938   0
0.46734476151305   0.189329757519123   0.0280282000960582   0.0355542883889902   0
0.477758795119462   0.18609315293566   0.0104140336064114   -0.00323660458346314   0
0.534580768772129   0.12505123821831   0.0568219736526667   -0.0610419147173502   0
0.471097701672381   0.114644934749567   -0.0634830670997472   -0.0104063034687428   0
0.441586569066493   0.171840565144009   -0.029511132605888   0.0571956303944422   0
0.434522194695795   0.20690994445597   -0.00706437437069879   0.0350693793119605   0
0.494563950586939   0.176940583109875   0.0600417558911442   -0.029969361346095   0
0.524977039808409   0.11454741769274   0.0304130892214702   -0.062393165417135   0
0.460297751325433   0.146668810691853   -0.0646792884829762   0.0321213929991128   0
0.44576868038427   0.170664066142122   -0.014529070941163   0.0239952554502691   0
0.441908034868127   0.193768537604457   -0.00386064551614251   0.0231044714623356   0
0.535739132598133   0.151662562419671   0.0938310977300058   -0.0421059751847865   0
0.549255289017775   0.105494108999711   0.0135161564196422   -0.0461684534199599   0
0.489787709895072   0.180287980664581   -0.0594675791227032   0.0747938716648705   0
0.472471859847133   0.202889063119756   -0.0173158500479391   0.0226010824551749   0
0.513773802807471   0.180660641095439   0.0413019429603378   -0.0222284220243175   0
0.572512480192354   0.138924684884533   0.0587386773848827   -0.0417359562109059   0
0.519101608854182   0.135816018005103   -0.0534108713381716   -0.00310866687942993   0
0.495064561976001   0.192331760822732   -0.0240370468781808   0.0565157428176286   0
0.484735912705554   0.214182276518985   -0.0103286492704474   0.0218505156962533   0
0.538059407254292   0.196914399609065   0.053323494548738   -0.0172678769099204   0
0.571740440904787   0.146831043932627   0.0336810336504949   -0.0500833556764378   0
0.490615241942767   0.174632083427831   -0.0811251989620196   0.0278010394952044   0
0.495691318262445   0.215274375420839   0.00507607631967727   0.0406422919930081   0
0.503821030108718   0.214804982013123   0.00812971184627376   -0.000469393407716567   0
0.571818673879229   0.159334525084082   0.0679976437705107   -0.0554704569290407   0
0.504756749279977   0.173566483289459   -0.0670619245992514   0.0142319582053767   0
0.48826899466386   0.204245371158969   -0.016487754616117   0.0306788878695101   0
0.515153154552207   0.224575570400066   0.0268841598883465   0.020330199241097   0
0.582423252023818   0.181968060808738   0.0672700974716113   -0.0426075095913282   0
0.535308852192825   0.164607514520024   -0.0471143998309931   -0.0173605462887135   0
0.49593918549946   0.195365194270864   -0.0393696666933654   0.0307576797508398   0
0.490678988468914   0.219312250663848   -0.00526019703054548   0.0239470563929839   0
0.537525195018885   0.207850653931164   0.0468462065499703   -0.0114615967326839   0
0.575976226171706   0.155233904230133   0.0384510311528211   -0.0526167497010314   0
0.528321379338192   0.148142797835366   -0.0476548468335135   -0.00709110639476709   0
0.521424679817835   0.188546574875865   -0.00689669952035699   0.040403777040499   0
0.519558180333069   0.209987349107851   -0.00186649948476614   0.0214407742319865   0
0.593055218032765   0.183521485093694   0.0734970376996955   -0.0264658640141569   0
0.633618131418286   0.119856894575177   0.040562913385521   -0.0636645905185175   0
0.545343525437279   0.170408217876589   -0.0882746059810069   0.0505513233014123   0
0.54113499512459   0.210094845231606   -0.00420853031268908   0.0396866273550172   0
0.521884328461403   0.249856655933182   -0.0192506666631862   0.0397618107015759   0
0.572109821649489   0.207548449208974   0.0502254931880854   -0.0423082067242081   0
0.63375955680526   0.150331086516271   0.0616497351557714   -0.057217362692703   0
0.553628787398641   0.187492614227634   -0.0801307694066189   0.0371615277113635   0
0.52868346743109   0.204535840063044   -0.0249453199675518   0.0170432258354094   0
0.579021345776   0.210855191700448   0.0503378783449102   0.00631935163740388   0
0.64723497630227   0.141318136842622   0.0682136305262703   -0.0695370548578257   0
0.531978831478509   0.186989800232212   -0.115256144823761   0.04567166338959   0
0.510405379560296   0.217083514835254   -0.021573451918213   0.0300937146030426   0
0.51749724564472   0.238963697936088   0.00709186608442425   0.0218801831008337   0
0.601427254182914   0.206229005141887   0.083930008538194   -0.0327346927942011   0
0.621942917021329   0.144921729591252   0.0205156628384148   -0.061307275550635   0
0.557132841962534   0.189683185350165   -0.0648100750587951   0.0447614557589127   0
0.541522227117431   0.224234049883944   -0.0156106148451031   0.034550864533779   0
0.548600338371204   0.225575965542747   0.00707811125377333   0.00134191565880304   0
0.621122467655937   0.167802389217794   0.0725221292847322   -0.0577735763249529   0
0.589715795653296   0.160326389798194   -0.0314066720026406   -0.00747599941959973   0
0.54710250584441   0.215019391158106   -0.0426132898088858   0.0546930013599116   0
0.549256183229975   0.231791561538923   0.00215367738556493   0.0167721703808176   0
0.600047231315169   0.215641805581235   0.050791048085194   -0.0161497559576887   0
0.629150244877168   0.15847994982736   0.0291030135619985   -0.0571618557538747   0
0.573804873158019   0.181314935630831   -0.0553453717191489   0.0228349858034714   0
0.553737329652797   0.214453015980453   -0.020067543505222   0.0331380803496219   0
0.570007637129618   0.237814959132079   0.016270307476821   0.023361943151626   0
0.632800257203045   0.193617005734762   0.0627926200734272   -0.0441979533973168   0
0.644853897016991   0.165686401589064   0.012053639813946   -0.0279306041456986   0
0.595697484992139   0.212839459887899   -0.0491564120248517   0.047153058298835   0
0.59073246499927   0.229742066539718   -0.00496501999286947   0.0169026066518188   0
0.5960228805348   0.208874236195785   0.00529041553552978   -0.0208678303439328   0
0.648532106475848   0.138504660160769   0.0525092259410479   -0.0703695760350162   0
0.605569602949364   0.167440919987835   -0.042962503526484   0.0289362598270662   0
0.569307073154559   0.188809198646127   -0.0362625297948049   0.0213682786582918   0
0.583818427915015   0.229493264838415   0.0145113547604566   0.0406840661922886   0
0.636381251705147   0.195717368346361   0.0525628237901321   -0.0337758964920546   0
0.655303480416517   0.163530305812374   0.0189222287113692   -0.0321870625339865   0
0.606248534289568   0.251796519295586   -0.0490549461269482   0.0882662134832121   0
0.599423343906867   0.257419261732802   -0.00682519038270146   0.00562274243721617   0
0.656355736758018   0.287797966235643   0.0569323928511506   0.0303787045028409   0
0.494977333215623   0.679936723082008   -0.161378403542394   0.392138756846365   0
0.425868074597392   0.579698325166507   -0.0691092586182309   -0.100238397915502   0
0.5390944070207   0.474065034389877   0.113226332423308   -0.105633290776629   0
0.601434846899479   0.445998540698571   0.0623404398787794   -0.0280664936913063   0
0.490289719059415   0.485391791199236   -0.111145127840064   0.0393932505006646   0
0.480060815087516   0.465080555117277   -0.0102289039718991   -0.0203112360819583   0
0.536216162013977   0.472728575328605   0.0561553469264614   0.00764802021132749   0
0.600873928033161   0.406251321083787   0.0646577660191834   -0.0664772542448175   0
0.541105751040783   0.400618567446324   -0.0597681769923775   -0.00563275363746324   0
0.508224212591018   0.477301328541157   -0.0328815384497655   0.0766827610948324   0
0.478789731649667   0.512487754141399   -0.0294344809413509   0.0351864256002429   0
0.561850001166682   0.456053970090035   0.0830602695170148   -0.0564337840513645   0
0.57792581671872   0.399588103047924   0.0160758155520389   -0.0564658670421112   0
0.511538160150345   0.420489190596164   -0.0663876565683755   0.0209010875482401   0
0.520186269841525   0.47601449514353   0.00864810969118013   0.0555253045473663   0
0.544325168891179   0.484426072014257   0.0241388990496536   0.00841157687072719   0
0.612891561158253   0.402826753030769   0.068566392267074   -0.0815993189834879   0
0.557048412765892   0.393532139578269   -0.0558431483923602   -0.00929461345250071   0
0.546967208423183   0.456870434825258   -0.0100812043427092   0.0633382952469891   0
0.53912184381199   0.470068584972708   -0.00784536461119301   0.0131981501474501   0
0.566097864001128   0.460723750206892   0.0269760201891381   -0.0093448347658161   0
0.581628717915476   0.408888985906603   0.0155308539143473   -0.051834764300289   0
0.531761813744659   0.433079044246492   -0.0498669041708162   0.0241900583398891   0
0.536201158631124   0.463221994678915   0.00443934488646469   0.0301429504324228   0
0.570435684742154   0.482353228106906   0.0342345261110297   0.0191312334279908   0
0.643226723127235   0.4480101347287   0.0727910383850806   -0.0343430933782058   0
0.621892288067636   0.439986694360102   -0.0213344350595981   -0.00802344036859753   0
0.57750477348525   0.445823452600731   -0.0443875145823862   0.00583675824062896   0
0.579673276499001   0.508645923639247   0.00216850301375038   0.0628224710385157   0
0.616004632760347   0.486452808899088   0.0363313562613464   -0.022193114740159   0
0.682624408538839   0.413365874705799   0.0666197757784922   -0.0730869341932893   0
0.798644132912307   0.363381474014866   0.116019724373467   -0.0499844006909325   0
0.73698405521851   0.371891809892205   -0.0616600776937963   0.00851033587733901   0
0.694074976248416   0.427036359148597   -0.0429090789700938   0.0551445492563923   0
0.672754477506943   0.471526483469651   -0.0213204987414733   0.0444901243210535   0
0.71966680194927   0.45212494111637   0.0469123244423271   -0.0194015423532813   0
0.718207939681817   0.396555035439294   -0.00145886226745351   -0.0555699056770753   0
0.664912909170336   0.420541   -0.0532950305114802   0.0239859645607055   0
