0.0490126551662935   0.004194975   0   0   0
0.0430908333177719   0   -0.00592182184852164   -0.004194975   0
0.0385926830336905   0.0216488568066053   -0.00449815028408142   0.0216488568066053   0
0.165554568380512   0.0445392827745362   0.126961885346821   0.0228904259679309   0
0.228597397559636   0.0521685   0.0630428291791243   0.00762921722546378   0
0.0330284732572337   0.0226993656634387   -0.195568924302403   -0.0294691343365613   0
0.0334811485796112   0.0149747   0.000452675322377506   -0.0077246656634387   0
0.0949645267697891   0.02472915   0.061483378190178   0.00975445   0
0.176923664689092   0.0621846683572808   0.0819591379193024   0.0374555183572808   0
0.0449146635684539   0.0188883661207766   -0.132009001120638   -0.0432963022365043   0
0.0638503436526821   0.0352026487782457   0.0189356800842282   0.0163142826574692   0
0.0512096303822826   0.0532764073917808   -0.0126407132703995   0.0180737586135351   0
0.0517796029588331   0.0485175214913128   0.000569972576550538   -0.00475888590046802   0
0.187232860309483   0.0701161487052911   0.13545325735065   0.0215986272139783   0
0.149837033503472   0.0596058453221033   -0.0373958268060109   -0.0105103033831879   0
0.0514162781497543   0.0327035377640554   -0.0984207553537178   -0.0269023075580478   0
0.04860248868484   0.0469744602406457   -0.00281378946491429   0.0142709224765902   0
0.136727329505222   0.0862141271675195   0.0881248408203822   0.0392396669268739   0
0.159573107023834   0.108287481852059   0.0228457775186122   0.0220733546845394   0
0.0562221968193889   0.0698109502087065   -0.103350910204446   -0.0384765316433524   0
0.0364733410538396   0.0634184544136011   -0.0197488557655492   -0.00639249579510544   0
0.117977583401992   0.0969268490340009   0.0815042423481523   0.0335083946203998   0
0.209660555340403   0.142830264947594   0.0916829719384105   0.0459034159135935   0
0.0335159895482082   0.120387072311724   -0.176144565792194   -0.0224431926358705   0
0.03948743328568   0.102635993324089   0.00597144373747171   -0.0177510789876346   0
0.0620867353075544   0.111013469850161   0.0225993020218745   0.00837747652607124   0
0.201499531996082   0.140185854706355   0.139412796688527   0.0291723848561943   0
0.0857674904149095   0.133929919094176   -0.115732041581172   -0.00625593561217896   0
0.0700062136077934   0.10217661984242   -0.0157612768071161   -0.0317532992517555   0
0.0343076322602304   0.0980637045750873   -0.035698581347563   -0.00411291526733309   0
0.130928918227182   0.116149849055003   0.0966212859669516   0.0180861444799158   0
0.170598822685083   0.137982098796329   0.0396699044579011   0.0218322497413263   0
0.0334763400879502   0.127164703048016   -0.137122482597133   -0.0108173957483137   0
0.0389987373211093   0.111487712768818   0.0055223972331591   -0.0156769902791975   0
0.0678549155765859   0.107436769018584   0.0288561782554766   -0.00405094375023447   0
0.203382095646495   0.130656675007785   0.135527180069909   0.0232199059892015   0
0.103110781910815   0.122887363386314   -0.10027131373568   -0.00776931162147111   0
0.0360570670226309   0.122204529420599   -0.0670537148881838   -0.000682833965715238   0
0.0459453917700132   0.120627126861301   0.0098883247473823   -0.00157740255929741   0
0.132555637271958   0.137785529429654   0.0866102455019447   0.0171584025683524   0
0.182481063967887   0.158542927821813   0.0499254266959291   0.0207573983921589   0
0.0436750152167111   0.125229548809586   -0.138806048751176   -0.0333133790122266   0
0.0490743804630491   0.123019265913159   0.00539936524633799   -0.00221028289642715   0
0.086358877081739   0.135415676234557   0.0372844966186898   0.0123964103213986   0
0.190223621740966   0.165449712401722   0.103864744659227   0.0300340361671644   0
0.0820753807303993   0.132241445716018   -0.108148241010566   -0.0332082666857041   0
0.0522963588221972   0.109040969646837   -0.0297790219082021   -0.0232004760691805   0
0.0698126795378755   0.108742130322486   0.0175163207156783   -0.000298839324351458   0
0.180403835885112   0.1424151577167   0.110591156347237   0.033673027394214   0
0.167937191335451   0.163149467710509   -0.0124666445496609   0.0207343099938093   0
0.0523974931938122   0.134942459964257   -0.115539698141639   -0.0282070077462526   0
0.050606170787019   0.108742361432148   -0.00179132240679322   -0.0262000985321082   0
0.0856416336003442   0.114633981577465   0.0350354628133252   0.00589162014531622   0
0.203981006500336   0.138025108545954   0.118339372899992   0.0233911269684898   0
0.0707394952513799   0.156545722118044   -0.133241511248956   0.0185206135720901   0
0.0631354039143839   0.161751213959749   -0.00760409133699604   0.00520549184170452   0
0.0841199169946981   0.191637444432716   0.0209845130803142   0.0298862304729675   0
0.222295862228888   0.224309556796384   0.13817594523419   0.032672112363667   0
0.173685389939673   0.20550894147896   -0.0486104722892158   -0.0188006153174238   0
0.0764074725449023   0.187964014562892   -0.0972779173947702   -0.0175449269160673   0
0.0708819726375473   0.169815005380384   -0.00552549990735504   -0.018149009182508   0
0.0853003672999583   0.165980122211487   0.0144183946624111   -0.00383488316889791   0
0.196380878704725   0.192521759786394   0.111080511404767   0.0265416375749075   0
0.161932996041387   0.184132999263583   -0.0344478826633378   -0.00838876052281143   0
0.0754957281837853   0.18067240186432   -0.0864372678576021   -0.00346059739926213   0
0.0796241383436581   0.165234308295591   0.00412841015987273   -0.0154380935687292   0
0.178593014547042   0.182570665648902   0.098968876203384   0.0173363573533103   0
0.187221555319493   0.189450741632345   0.00862854077245098   0.00688007598344356   0
0.0727899036176721   0.156166493424079   -0.114431651701821   -0.0332842482082662   0
0.0623199328787182   0.153980228237771   -0.010469970738954   -0.0021862651863078   0
0.0936611954169922   0.151311723989375   0.031341262538274   -0.00266850424839582   0
0.198052726776381   0.168800411664049   0.104391531359389   0.0174886876746739   0
0.119675947873622   0.161521247409921   -0.078376778902759   -0.00727916425412828   0
0.0652091239734901   0.156402967774988   -0.0544668239001324   -0.00511827963493269   0
0.0693894363915719   0.154762727792898   0.00418031241808178   -0.00164023998208981   0
0.151888282270095   0.15935021655544   0.082498845878523   0.00458748876254153   0
0.184293674073312   0.177712970485021   0.0324053918032167   0.0183627539295811   0
0.0757054522027311   0.168328888099028   -0.10858822187058   -0.00938408238599361   0
0.0681562715738618   0.15605033343949   -0.00754918062886929   -0.0122785546595375   0
0.153711023912535   0.182988050169103   0.0855547523386735   0.0269377167296125   0
0.194153556728199   0.194894567854032   0.0404425328156638   0.0119065176849297   0
0.075013454177634   0.1643922620003   -0.119140102550565   -0.0305023058537325   0
0.0633052743605144   0.158769710533023   -0.0117081798171196   -0.00562255146727653   0
0.0884169041967654   0.161787813045699   0.0251116298362511   0.00301810251267554   0
0.195399005081909   0.186910789690978   0.106982100885144   0.0251229766452788   0
0.0819459669158891   0.162366640112039   -0.11345303816602   -0.0245441495789384   0
0.0607791203138257   0.160756777692425   -0.0211668466020634   -0.00160986241961419   0
0.103438583945547   0.161717355816746   0.0426594636317214   0.000960578124320766   0
0.211584783621035   0.189358685744119   0.108146199675487   0.0276413299273731   0
0.13813186201087   0.178354550717391   -0.0734529216101646   -0.0110041350267277   0
0.0687296717865726   0.154287673515652   -0.0694021902242973   -0.024066877201739   0
0.0724910542909737   0.139530573293535   0.00376138250440107   -0.0147571002221174   0
0.132089491713611   0.163248477821763   0.0595984374226368   0.0237179045282277   0
0.20605366033024   0.19103811667079   0.0739641686166296   0.0277896388490278   0
0.061618090383669   0.200377406003022   -0.144435569946571   0.00933928933223183   0
0.0760254479565862   0.215267046646723   0.0144073575729172   0.014889640643701   0
0.0979612485842744   0.195441760734426   0.0219358006276882   -0.0198252859122975   0
0.22917833050245   0.250286102381921   0.131217081918175   0.0548443416474956   0
0.226745889870158   0.26388378360796   -0.00243244063229117   0.0135976812260384   0
0.0790356899690893   0.217903464072104   -0.147710199901069   -0.0459803195358562   0
0.0819311108140857   0.218378271655149   0.00289542084499646   0.000474807583045356   0
0.101332108032696   0.192678402305662   0.0194009972186104   -0.025699869349487   0
0.215836199091255   0.238199702453787   0.114504091058559   0.0455213001481247   0
0.0916673769387452   0.237200174265556   -0.12416882215251   -0.00099952818823093   0
0.0599336494420288   0.203833807683177   -0.0317337274967164   -0.0333663665823785   0
0.114215544385386   0.21723354900542   0.0542818949433568   0.0133997413222423   0
0.232612888520413   0.245317545949882   0.118397344135027   0.0280839969444625   0
0.09469925457959   0.221945552388981   -0.137913633940823   -0.0233719935609008   0
0.065026676412454   0.216647604858651   -0.029672578167136   -0.00529794753033067   0
0.119295219845432   0.229817276660524   0.0542685434329782   0.0131696718018738   0
0.219580419338998   0.260846654905143   0.100285199493565   0.0310293782446181   0
0.0688894076370206   0.233008720284826   -0.150691011701977   -0.0278379346203161   0
0.0695181933413578   0.234420114056132   0.000628785704337109   0.00141139377130564   0
0.129842555569351   0.229426814587948   0.0603243622279932   -0.0049932994681845   0
0.217327060059257   0.271312348968233   0.0874845044899062   0.041885534380285   0
0.0613224690061481   0.26542542451442   -0.156004591053109   -0.00588692445381267   0
0.0628717972819141   0.233565425891098   0.00154932827576596   -0.0318599986233219   0
0.0933767732136316   0.249414102246966   0.0305049759317175   0.015848676355868   0
0.105464777787184   0.245551379209118   0.0120880045735519   -0.0038627230378481   0
0.115122867257596   0.250040675248548   0.00965808947041218   0.00448929603943046   0
0.225549736424785   0.270947380829747   0.110426869167189   0.0209067055811987   0
0.108165660324939   0.269770294486346   -0.117384076099846   -0.0011770863434008   0
0.0802467013764859   0.257760132981712   -0.0279189589484528   -0.012010161504634   0
0.143728455862748   0.274918605589   0.0634817544862625   0.0171584726072874   0
0.226021338634209   0.330660342762781   0.0822928827714611   0.0557417371737815   0
0.0898077263775139   0.315199335564814   -0.136213612256696   -0.0154610071979676   0
0.0887334576837711   0.309787629295458   -0.0010742686937428   -0.00541170626935578   0
0.1104935101863   0.298159923551942   0.021760052502529   -0.0116277057435157   0
0.213198436437137   0.355268284670191   0.102704926250837   0.0571083611182491   0
0.176322922486669   0.364045939690996   -0.0368755139504678   0.0087776550208043   0
0.0865336911123783   0.362156134194563   -0.089789231374291   -0.00188980549643297   0
0.0882401462393394   0.349346446978139   0.00170645512696106   -0.0128096872164231   0
0.184143641340558   0.420218067838001   0.0959034951012185   0.0708716208598612   0
0.156001781472008   0.398988639465461   -0.0281418598685503   -0.0212294283725392   0
0.0860775023138451   0.371339611136154   -0.0699242791581625   -0.0276490283293075   0
0.0814153557805922   0.355499612153445   -0.00466214653325288   -0.0158399989827086   0
0.176650836608944   0.370507217578146   0.0952354808283523   0.0150076054247011   0
0.17972855513916   0.38329891644642   0.00307771853021532   0.012791698868274   0
0.0907079954146733   0.348989376049257   -0.0890205597244864   -0.034309540397163   0
0.0929486580777797   0.33994661580938   0.00224066266310637   -0.00904276023987771   0
0.196034998537532   0.382784197138544   0.103086340459752   0.0428375813291646   0
0.17271020759654   0.388655429692549   -0.0233247909409914   0.00587123255400479   0
0.0947693345132274   0.368775178950726   -0.0779408730833128   -0.0198802507418231   0
0.11751845989001   0.400629361255041   0.022749125376783   0.0318541823043154   0
0.207440525927312   0.458405456035399   0.089922066037302   0.0577760947803579   0
0.124838437180141   0.444454279794964   -0.0826020887471715   -0.0139511762404357   0
0.108013092800318   0.419156358751197   -0.0168253443798235   -0.0252979210437664   0
0.0908762549763276   0.371403959569055   -0.01713683782399   -0.047752399182142   0
0.16468371097182   0.396416873266641   0.0738074559954926   0.0250129136975855   0
0.227939971610861   0.418487614042784   0.0632562606390406   0.0220707407761436   0
0.0916600394031118   0.394019674113489   -0.136279932207749   -0.0244679399292955   0
0.0896495462996885   0.355372719630039   -0.00201049310342323   -0.0386469544834503   0
0.131029664098783   0.378878809723505   0.0413801177990948   0.0235060900934665   0
0.230594869121171   0.4223710103138   0.0995652050223877   0.0434922005902947   0
0.0965882394841111   0.405183811331043   -0.13400662963706   -0.0171871989827572   0
0.0842991456836901   0.409876843723819   -0.012289093800421   0.00469303239277641   0
0.137803941867604   0.450500249548765   0.053504796183914   0.0406234058249463   0
0.168699219503263   0.486799893723027   0.0308952776356586   0.0362996441742612   0
0.0977539153970827   0.437417397557527   -0.07094530410618   -0.0493824961654992   0
0.0835709148666933   0.424286035417736   -0.0141830005303894   -0.0131313621397918   0
0.167884620325508   0.418005703869576   0.0843137054588147   -0.00628033154815921   0
0.218349608033172   0.445686203021251   0.0504649877076643   0.0276804991516749   0
0.102798798984351   0.398811175060329   -0.115550809048822   -0.0468750279609227   0
0.0968258731433908   0.412850163157592   -0.00597292584095975   0.0140389880972631   0
0.129643059427221   0.412382816209344   0.0328171862838304   -0.000467346948247127   0
0.215384416818139   0.462647766697571   0.0857413573909182   0.0502649504882265   0
0.123756006831588   0.444880821956004   -0.0916284099865516   -0.0177669447415667   0
0.118755369950626   0.414277176492683   -0.00500063688096196   -0.0306036454633209   0
0.103238009840795   0.407769659044478   -0.0155173601098307   -0.0065075174482051   0
0.186027775548599   0.444809048304438   0.0827897657078041   0.0370393892599599   0
0.174826991616169   0.453002001685699   -0.0112007839324302   0.00819295338126086   0
0.115575325442198   0.4138861094483   -0.0592516661739708   -0.0391158922373992   0
0.112184914723237   0.403866604537625   -0.00339041071896089   -0.0100195049106753   0
0.198462797075825   0.441841142451956   0.0862778823525876   0.0379745379143318   0
0.217671852914542   0.466202116797264   0.0192090558387172   0.0243609743453079   0
0.103323581290333   0.408548882756091   -0.114348271624209   -0.0576532340411735   0
0.109503091684619   0.38910444527241   0.00617951039428592   -0.0194444374836807   0
0.144845560818342   0.401536066129183   0.0353424691337233   0.0124316208567734   0
0.231825960948639   0.453280649555273   0.0869804001302973   0.0517445834260893   0
0.10645261675881   0.399427774779747   -0.125373344189829   -0.0538528747755261   0
0.102975642622661   0.387004472010983   -0.00347697413614911   -0.0124233027687634   0
0.193552415457312   0.408574773105854   0.0905767728346512   0.0215703010948705   0
0.259112410975256   0.448176979963552   0.0655599955179438   0.0396022068576981   0
0.110798046937929   0.402471989377522   -0.148314364037327   -0.0457049905860301   0
0.107435784611786   0.384502561800959   -0.0033622623261437   -0.0179694275765632   0
0.131787255900827   0.387008484332708   0.0243514712890411   0.00250592253174947   0
0.231997154247633   0.432982046691026   0.100209898346806   0.0459735623583181   0
0.123520904098132   0.395621617747628   -0.108476250149501   -0.0373604289433986   0
0.1030499190432   0.365984639214202   -0.0204709850549327   -0.0296369785334252   0
0.148352962007167   0.382043722183077   0.0453030429639675   0.0160590829688743   0
0.257523193256452   0.419443484837052   0.109170231249285   0.0373997626539749   0
0.105163628746302   0.36576561397738   -0.15235956451015   -0.0536778708596714   0
0.0905876114378782   0.349750279077444   -0.0145760173084236   -0.0160153348999362   0
0.131160898485219   0.352340278369505   0.0405732870473411   0.00258999929206055   0
0.249801260839492   0.402132474992384   0.118640362354273   0.049792196622879   0
0.123771313076738   0.364542221517275   -0.126029947762754   -0.0375902534751086   0
0.0974959000242062   0.358189828709233   -0.0262754130525323   -0.00635239280804156   0
0.109046450859668   0.359622252865767   0.0115505508354619   0.00143242415653405   0
0.240426465462291   0.408512397443762   0.131380014602622   0.0488901445779943   0
0.14907172720288   0.393286870250584   -0.0913547382594101   -0.0152255271931775   0
0.103839914463852   0.371683391833359   -0.0452318127390289   -0.0216034784172257   0
0.100330825070713   0.365468408928528   -0.00350908939313858   -0.0062149829048303   0
0.115314277257805   0.371294493192062   0.0149834521870924   0.00582608426353343   0
0.226585284620692   0.403253341135879   0.111271007362887   0.0319588479438177   0
0.204342316054801   0.413571805422287   -0.0222429685658914   0.0103184642864075   0
0.0997612681976327   0.370211337287906   -0.104581047857168   -0.0433604681343805   0
0.107843309152845   0.364221585621308   0.0080820409552123   -0.00598975166659815   0
0.122691750366763   0.383301452447679   0.0148484412139177   0.0190798668263703   0
0.225490692544149   0.418352043830612   0.102798942177386   0.035050591382933   0
0.136069319996868   0.378742731709468   -0.0894213725472813   -0.0396093121211436   0
0.0970801587370458   0.377079238885211   -0.038989161259822   -0.00166349282425704   0
0.134367374987383   0.415716915033836   0.0372872162503372   0.0386376761486255   0
0.228954907376453   0.519034770554681   0.0945875323890696   0.103317855520844   0
0.100162672579659   0.497117712605626   -0.128792234796793   -0.0219170579490544   0
0.0941080491150465   0.488510408832299   -0.00605462346461265   -0.00860730377332714   0
0.115778816703316   0.468212698067075   0.0216707675882693   -0.020297710765224   0
0.216893418235778   0.495863251312799   0.101114601532462   0.0276505532457238   0
0.209565357000841   0.494228821134755   -0.00732806123493657   -0.00163443017804349   0
0.111366478712672   0.48625565394682   -0.0981988782881693   -0.00797316718793495   0
0.135411201565639   0.504153812241116   0.0240447228529667   0.0178981582942951   0
0.224955232264666   0.536475909630619   0.0895440306990278   0.0323220973895033   0
0.119332477156334   0.503317714654968   -0.105622755108333   -0.0331581949756508   0
0.121390689556242   0.496745433355205   0.00205821239990867   -0.0065722812997635   0
0.128815619299253   0.501407254104386   0.00742492974301033   0.00466182074918109   0
0.234067651313547   0.514246679060497   0.105252032014294   0.0128394249561115   0
0.135387034244015   0.480577593901859   -0.0986806170695319   -0.0336690851586383   0
0.125179899134805   0.468379133118673   -0.0102071351092095   -0.0121984607831854   0
0.175804081147424   0.491501168414176   0.0506241820126187   0.0231220352955024   0
0.236235419687734   0.540793790397273   0.0604313385403105   0.0492926219830974   0
0.126516618672015   0.516167316130632   -0.10971880101572   -0.024626474266641   0
0.119923922539083   0.493199442738179   -0.00659269613293172   -0.0229678733924534   0
0.136760029661447   0.470955809895419   0.0168361071223644   -0.0222436328427598   0
0.23395660492119   0.509514906502499   0.097196575259743   0.0385590966070797   0
0.15775863292359   0.515873606450505   -0.0761979719976005   0.00635869994800586   0
0.118381663612064   0.489394708033812   -0.0393769693115255   -0.0264788984166926   0
0.126625682967319   0.493332521556455   0.00824401935525458   0.00393781352264294   0
0.230278370336187   0.528618901720795   0.103652687368868   0.0352863801643405   0
0.162898121930303   0.519131956136877   -0.0673802484058834   -0.00948694558391883   0
0.118131659747123   0.473429451977272   -0.0447664621831802   -0.0457025041596047   0
0.135347195278144   0.467459263097064   0.0172155355310206   -0.00597018888020795   0
0.236814289207577   0.519533178711668   0.101467093929433   0.0520739156146041   0
0.167092902895156   0.51359604208804   -0.0697213863124213   -0.00593713662362794   0
0.113490038201333   0.493380276252254   -0.053602864693823   -0.0202157658357865   0
0.125990063996888   0.484483120713715   0.0125000257955554   -0.00889715553853865   0
0.244590453530407   0.528460205380216   0.118600389533518   0.0439770846665009   0
0.288295839851636   0.579617288595026   0.0437053863212291   0.0511570832148104   0
0.137658719241463   0.540470731789659   -0.150637120610173   -0.0391465568053669   0
0.148325109954249   0.468443228552297   0.0106663907127856   -0.0720275032373617   0
0.108147139113432   0.416952883152581   -0.0401779708408169   -0.0514903453997163   0
0.102606594514485   0.426174928887482   -0.00554054459894666   0.00922204573490049   0
0.129289293132185   0.444719122485755   0.0266826986176995   0.0185441935982734   0
0.258902552855317   0.500206017605996   0.129613259723132   0.055486895120241   0
0.248026895578605   0.531932568257011   -0.0108756572767121   0.0317265506510153   0
0.131446308575251   0.481783526871249   -0.116580587003354   -0.0501490413857618   0
0.104452769614357   0.463531042768713   -0.0269935389608933   -0.0182524841025369   0
0.116861251903529   0.47812644504932   0.0124084822891714   0.014595402280607   0
0.150353619536146   0.467856306229541   0.0334923676326168   -0.0102701388197785   0
0.276605820854081   0.501668100012847   0.126252201317936   0.0338117937833061   0
0.258275967289274   0.503828271118741   -0.0183298535648073   0.00216017110589428   0
0.1386066046031   0.480063237966104   -0.119669362686174   -0.0237650331526376   0
0.128167837204854   0.476961909825879   -0.0104387673982455   -0.00310132814022474   0
0.141244263747771   0.461087606007795   0.0130764265429172   -0.0158743038180836   0
0.272046850458446   0.501391023445275   0.130802586710674   0.0403034174374793   0
0.222213660417738   0.495588136612954   -0.0498331900407074   -0.00580288683232077   0
0.123394155690008   0.461894025587309   -0.0988195047277302   -0.0336941110256446   0
0.131157679845902   0.471765173318782   0.00776352415589325   0.00987114773147219   0
0.23884348497918   0.490870274567528   0.107685805133279   0.0191051012487461   0
0.248886805191617   0.520423897837378   0.0100433202124367   0.0295536232698508   0
0.112890615295283   0.480074167108063   -0.135996189896334   -0.0403497307293158   0
0.113408938783898   0.465596511773069   0.000518323488615205   -0.0144776553349932   0
0.186973533825405   0.464696863761743   0.0735645950415071   -0.000899648011326415   0
0.263798482101945   0.504236263796546   0.0768249482765393   0.0395394000348031   0
0.130405733473226   0.471790934387521   -0.133392748628719   -0.0324453294090253   0
0.129090184727964   0.458519898980404   -0.0013155487452613   -0.0132710354071167   0
0.157933962994918   0.464031174548112   0.0288437782669531   0.00551127556770753   0
0.253081102436057   0.487371530176158   0.0951471394411394   0.0233403556280468   0
0.136717038909347   0.4669613432938   -0.11636406352671   -0.0204101868823585   0
0.115364260786029   0.436199476599296   -0.0213527781233184   -0.0307618666945036   0
0.1625024606902   0.456085683960262   0.047138199904171   0.0198862073609657   0
0.263620483544527   0.501327302513039   0.101118022854327   0.0452416185527769   0
0.132238623483194   0.465205836877881   -0.131381860061332   -0.0361214656351575   0
0.107692576182402   0.465986947247989   -0.024546047300792   0.000781110370107529   0
0.135023982548064   0.448957098316755   0.0273314063656622   -0.0170298489312344   0
0.245014196915199   0.490141053400447   0.109990214367135   0.0411839550836925   0
0.180015582431772   0.479310046980292   -0.0649986144834274   -0.0108310064201547   0
0.109504393371636   0.459358300714159   -0.0705111890601358   -0.0199517462661331   0
0.128704023756913   0.460413098806116   0.0191996303852769   0.00105479809195635   0
0.249695912571692   0.50163579896375   0.120991888814779   0.0412227001576346   0
0.155186426778794   0.497566884127149   -0.0945094857928979   -0.00406891483660093   0
0.118323514549209   0.463076452680872   -0.0368629122295849   -0.0344904314462771   0
0.138817919590736   0.456937653158503   0.0204944050415267   -0.00613879952236956   0
0.206949247379255   0.469801752031109   0.068131327788519   0.0128640988726068   0
0.261927609737672   0.503153517717505   0.0549783623584168   0.033351765686396   0
0.133677057381811   0.46491212216235   -0.128250552355861   -0.0382413955551552   0
0.128489991204269   0.466959187084107   -0.0051870661775418   0.00204706492175677   0
0.131428743116907   0.491056901017082   0.00293875191263804   0.0240977139329748   0
0.223231253327687   0.533115919268971   0.0918025102107798   0.0420590182518892   0
0.250055543927744   0.537599916340209   0.0268242906000571   0.00448399707123837   0
0.141754638435326   0.492576332895217   -0.108300905492418   -0.045023583444992   0
0.131651971427047   0.484938881863735   -0.0101026670082786   -0.00763745103148189   0
0.131909734168256   0.478313196653354   0.000257762741208728   -0.00662568521038165   0
0.204475342968511   0.490898361682182   0.0725656088002544   0.0125851650288278   0
0.269782605638318   0.547176929890369   0.0653072626698071   0.0562785682081876   0
0.134117830396223   0.522564935665655   -0.135664775242095   -0.0246119942247143   0
0.123055938651404   0.49436003242121   -0.0110618917448188   -0.0282049032444448   0
0.19016677100114   0.502753857140102   0.0671108323497359   0.00839382471889183   0
0.270537818273157   0.545440555601158   0.0803710472720175   0.0426866984610561   0
0.144993017212037   0.517570674397227   -0.125544801061121   -0.0278698812039313   0
0.124878290014694   0.495583620926126   -0.0201147271973425   -0.0219870534711009   0
0.140418207768117   0.489942698984789   0.0155399177534225   -0.00564092194133636   0
0.244807463025538   0.526142310474314   0.104389255257421   0.0361996114895251   0
0.250741020710613   0.536165135315837   0.0059335576850752   0.0100228248415226   0
0.133517782974441   0.512974783209175   -0.117223237736172   -0.0231903521066622   0
0.132556999000769   0.508019476257308   -0.000960783973671803   -0.00495530695186641   0
0.204304486127936   0.521346088130524   0.0717474871271666   0.0133266118732154   0
0.275945342106005   0.572489167870013   0.0716408559780687   0.0511430797394891   0
0.12827649445405   0.530193469309553   -0.147668847651954   -0.0422956985604599   0
0.12599821937345   0.53523421579389   -0.00227827508060044   0.00504074648433661   0
0.201825878989787   0.547154263176986   0.0758276596163368   0.0119200473830959   0
0.265657760093697   0.563754386641248   0.0638318811039099   0.0166001234642627   0
0.133490147597566   0.540173756937062   -0.13216761249613   -0.0235806297041863   0
0.122415730314056   0.537093984104272   -0.0110744172835105   -0.00307977283279004   0
0.179400567883828   0.536063641367562   0.0569848375697724   -0.00103034273670999   0
0.261760033563186   0.560968054917123   0.0823594656793574   0.0249044135495609   0
0.165184456436948   0.562697352927175   -0.0965755771262374   0.00172929801005239   0
0.119394435011367   0.532733123971093   -0.0457900214255808   -0.0299642289560822   0
0.133857450281148   0.510686644690019   0.0144630152697807   -0.0220464792810737   0
0.148796551550565   0.50849681507213   0.0149391012694172   -0.00218982961788927   0
0.247179227227937   0.531433390148756   0.0983826756773716   0.0229365750766262   0
0.210413640370581   0.546600946891103   -0.0367655868573563   0.0151675567423465   0
0.132678032435441   0.518402908371953   -0.0777356079351393   -0.0281980385191491   0
0.117776627787233   0.515224722130305   -0.0149014046482079   -0.00317818624164845   0
0.191511983128994   0.526356458421952   0.0737353553417605   0.0111317362916469   0
0.231924924285856   0.553129958222749   0.0404129411568621   0.026773499800797   0
0.126040582039964   0.512881629548914   -0.105884342245892   -0.0402483286738344   0
0.134133068711672   0.523772871037151   0.00809248667170753   0.0108912414882365   0
0.23053082457884   0.567726222945092   0.0963977558671687   0.0439533519079408   0
0.259929768538273   0.576434630402485   0.0293989439594324   0.00870840745739365   0
0.130567935594863   0.522284604505293   -0.129361832943409   -0.0541500258971928   0
0.139017076691894   0.533519962071242   0.00844914109703082   0.0112353575659497   0
0.187002347400133   0.544593222720179   0.0479852707082387   0.0110732606489361   0
0.267614827735684   0.574650883348751   0.0806124803355514   0.0300576606285727   0
0.149892810548905   0.533813296240596   -0.117722017186779   -0.0408375871081555   0
0.1332315619991   0.517365683335781   -0.0166612485498054   -0.0164476129048142   0
0.157884006712935   0.523816682937361   0.0246524447138348   0.0064509996015798   0
0.262936603610072   0.56524351417022   0.105052596897137   0.041426831232859   0
0.155144632971979   0.549900108038042   -0.107791970638093   -0.0153434061321784   0
0.109819934182552   0.52770540160041   -0.045324698789427   -0.0221947064376318   0
0.141859246063625   0.53861853005281   0.0320393118810729   0.0109131284524002   0
0.239056532782541   0.572633516126589   0.0971972867189162   0.0340149860737783   0
0.200433475040698   0.570068323069481   -0.0386230577418431   -0.00256519305710767   0
0.111902846924062   0.534769161546363   -0.088530628116636   -0.0352991615231179   0
0.123050297835885   0.522415945141895   0.0111474509118232   -0.0123532164044675   0
0.221284998312131   0.549312758610703   0.0982347004762465   0.026896813468807   0
0.247834795164037   0.57413316738606   0.0265497968519052   0.0248204087753578   0
0.11763346157141   0.545724658446455   -0.130201333592626   -0.0284085089396053   0
0.123166672327339   0.539838759558352   0.00553321075592815   -0.0058858988881032   0
0.193210853845326   0.548420890377318   0.0700441815179876   0.00858213081896597   0
0.219784168208813   0.560552883978399   0.0265733143634872   0.0121319936010809   0
0.121913204010658   0.558384323993117   -0.0978709641981551   -0.00216855998528176   0
0.128851295224534   0.554667205396623   0.00693809121387559   -0.00371711859649348   0
0.234616751467153   0.572213586238784   0.105765456242619   0.0175463808421604   0
0.286263454337084   0.586127496194514   0.051646702869931   0.0139139099557302   0
0.140649495130271   0.548583793902764   -0.145613959206814   -0.0375437022917502   0
0.13344031377024   0.533092490666254   -0.00720918136003093   -0.0154913032365099   0
0.125004196828946   0.542987317979435   -0.00843611694129312   0.00989482731318114   0
0.21554032262201   0.563487397260356   0.0905361257930632   0.0205000792809207   0
0.236828822768682   0.577079025608062   0.0212885001466728   0.013591628347706   0
0.118917330082247   0.550315452768228   -0.117911492686436   -0.0267635728398334   0
0.129632088505663   0.540747825518975   0.0107147584234162   -0.00956762724925309   0
0.213056984820963   0.56239066998751   0.0834248963153001   0.0216428444685346   0
0.252652091439988   0.590319840944085   0.039595106619025   0.0279291709565754   0
0.123849985798182   0.571673293948125   -0.128802105641805   -0.0186465469959597   0
0.122142900732953   0.546924584588451   -0.00170708506522951   -0.0247487093596742   0
0.188389378355044   0.594560501473778   0.0662464776220912   0.0476359168853263   0
