0.0534575742153647   0   0   0
0.0453645784877364   -0.00287382276654727   -0.00809299572762825   0
0.0466338461710483   -0.015669561580054   0.00126926768331189   0
0.049454767824776   -0.00747903201854944   0.00282092165372767   0
0.0440110062625532   -0.0217496358329861   -0.00544376156222277   0
0.0630348704731754   0.030517295702885   0.0190238642106222   0
0.0337341219069431   -0.0181785303028637   -0.0293007485662323   0
0.0610654633427111   -0.00537131390942769   0.027331341435768   0
0.0419688267981427   -0.00387492802252948   -0.0190966365445685   0
0.0365235889519705   -0.0246116531000094   -0.00544523784617221   0
0.0539567093478652   0.0130406142061634   0.0174331203958947   0
0.024187907402401   0.00309557400417287   -0.0297688019454642   0
0.0626432342081928   -0.0080929161195045   0.0384553268057918   0
0.0353824684728172   -0.00218682525375259   -0.0272607657353757   0
0.04686790852193   -0.000152448237939529   0.0114854400491129   0
0.0452571872928765   -0.00640302446803664   -0.00161072122905354   0
0.0499620685324877   -0.0189318735762003   0.00470488123961125   0
0.0680955579958047   0.0315999677686017   0.018133489463317   0
0.0305335111767792   -0.0140123926254744   -0.0375620468190255   0
0.0606667631906879   0.0103565107782787   0.0301332520139087   0
0.0340904012773185   -0.0241495532542166   -0.0265763619133694   0
0.0292601202156194   0.00382920492921782   -0.0048302810616991   0
0.0504716222486953   -0.0163410684498002   0.0212115020330759   0
0.0394875349788702   0.013504396463583   -0.0109840872698251   0
0.0161600006878867   0.0240601333975811   -0.0233275342909835   0
0.0224403821214123   -0.0104292431923152   0.00628038143352554   0
0.0159433963291146   0.0129686111360052   -0.00649698579229768   0
0.0286363241306387   0.00205792440435344   0.0126929278015241   0
0.0234459991144545   -0.00919583763331397   -0.00519032501618422   0
0.01803761934238   0.0149633290502814   -0.0054083797720745   0
0.0256002578099323   -0.0173391415249876   0.00756263846755234   0
0.0138134127484883   0.00188160424464134   -0.011786845061444   0
0.026143387865063   0.00417399437661679   0.0123299751165747   0
0.0250583661823751   0.00650591651769486   -0.00108502168268793   0
0.0217156989278494   0.0132981264822899   -0.00334266725452569   0
0.0241472338989629   -0.0110381937098729   0.00243153497111353   0
0.0293393465244627   0.0167427471022103   0.00519211262549973   0
0.0203940543282227   0.00174131155218069   -0.00894529219623995   0
0.0284578842012631   0.00671831962087716   0.00806382987304037   0
0.0226782634510499   -0.00999756191749968   -0.00577962075021321   0
0.0274774658063658   -0.00746732765861863   0.00479920235531588   0
0.0125321420193726   0.0194830476558539   -0.0149453237869931   0
0.0176022467318103   -0.0109275306019773   0.00507010471243764   0
0.0335170579092199   0.00227304848326462   0.0159148111774096   0
0.0332957385737334   0.0132221286569641   -0.00022131933548647   0
0.026406676276512   -0.0144779626252143   -0.00688906229722145   0
0.0301023723653552   0.0107757006186479   0.00369569608884322   0
0.0209041438184066   -0.0161630978879653   -0.00919822854694863   0
0.0312387567198184   0.00584497322636569   0.0103346129014118   0
0.021608833507018   0.0107227243306056   -0.00962992321280039   0
0.0212306059149056   0.00234473503954473   -0.00037822759211242   0
0.0317545951919167   0.0154849470249937   0.0105239892770111   0
0.0326513956146211   -0.022175233757917   0.000896800422704423   0
0.0325501152595117   0.0123755709343151   -0.000101280355109382   0
0.0275147313464447   -0.00236474230033436   -0.00503538391306708   0
0.0233806792039923   -0.000186558651948568   -0.00413405214245233   0
0.0327212625417709   -0.00215919349695867   0.00934058333777857   0
0.0141349748525599   -0.0103355259808243   -0.018586287689211   0
0.0191765826325365   0.00787420879474322   0.00504160777997661   0
0.0276861046800557   -0.0141991803000588   0.00850952204751917   0
0.0247690262834255   0.0206500201701215   -0.00291707839663012   0
0.0202667120651698   -0.0106066966336441   -0.00450231421825571   0
0.029218450988109   0.00621205427436275   0.00895173892293913   0
0.0427821512551964   0.00969561983465639   0.0135637002670874   0
0.0239194309729329   -0.0113619399125667   -0.0188627202822635   0
0.0244188023586846   0.0106545545918558   0.000499371385751724   0
0.0269951470343745   -0.00378888752002388   0.00257634467568994   0
0.0336891652607704   0.00540359115663991   0.00669401822639588   0
0.0475105810138647   -0.00204860672143423   0.0138214157530943   0
0.0252699162496183   -0.000697669376209561   -0.0222406647642463   0
0.043576803927864   0.0154678747012128   0.0183068876782456   0
0.0294601592267846   -0.0103294890824172   -0.0141166447010794   0
0.0289921070843859   0.00909947381741111   -0.000468052142398648   0
0.0253031983710064   -0.00939413447037346   -0.00368890871337954   0
0.0338914167634299   0.0184040437030921   0.00858821839242357   0
0.022803263816818   -0.0172324575675244   -0.011088152946612   0
0.0451077541645835   0.0101974944290836   0.0223044903477655   0
0.0312071785723654   -0.00961611663977044   -0.0139005755922181   0
0.0289508539171628   0.00633034942113889   -0.00225632465520257   0
0.042172953965812   -0.00482300982209385   0.0132221000486492   0
0.0307070384890423   0.00379856579154053   -0.0114659154767697   0
0.0497304100653966   -0.000881892788934552   0.0190233715763543   0
0.0446556100694526   -0.00705432854605095   -0.00507479999594397   0
0.04911656038237   0.0176813034385242   0.00446095031291736   0
0.0567751614841385   -0.00883906600005543   0.00765860110176846   0
0.0635620172369671   0.000507870910171238   0.00678685575282862   0
0.0628207847681203   0.0142691926002447   -0.000741232468846748   0
0.0515357961531109   -0.0104947879804259   -0.0112849886150094   0
0.0656265453710044   0.00621144671060986   0.0140907492178935   0
0.0477220287333062   -0.00241878873220694   -0.0179045166376982   0
0.0485833725234519   0.0116102523725777   0.00086134379014572   0
0.0588091788968289   0.00368349564451015   0.010225806373377   0
0.055317459457232   -0.0165440379201313   -0.00349171943959694   0
0.051323562983804   0.00362450578991361   -0.00399389647342791   0
0.069149735336521   -0.00877438273774925   0.017826172352717   0
0.0391078695478608   -0.0135735532594775   -0.0300418657886602   0
0.0688556018321131   0.0134323383673646   0.0297477322842523   0
0.036226754610267   -0.00331766741804573   -0.0326288472218461   0
0.0581352820908904   0.00877381005920982   0.0219085274806234   0
0.045185741941211   -0.00605573263533801   -0.0129495401496794   0
0.0552801709068451   0.00808163205875448   0.0100944289656341   0
0.0717831615921345   0.004305622560449   0.0165029906852895   0
0.0738350693135044   -0.00704227601809224   0.00205190772136986   0
0.0674064791741907   0.00972067228789586   -0.00642859013931375   0
0.0692362218557307   -0.0101686178999416   0.00182974268154007   0
0.0797699741372993   0.00273515297677621   0.0105337522815686   0
0.0868295660063005   -0.00172246440087534   0.00705959186900124   0
0.0669024753489353   0.00317329626526078   -0.0199270906573652   0
0.0763978817761003   0.00673969176674299   0.00949540642716495   0
0.0851006431838356   -0.0100739214060581   0.00870276140773527   0
0.0717092131054869   0.00603407691690194   -0.0133914300783487   0
0.0955751537309384   0.016778641594753   0.0238659406254515   0
0.064916987556494   -0.0106879738844246   -0.0306581661744444   0
0.0759516045394039   0.00988836816886948   0.0110346169829099   0
0.090913479141503   -0.0058463011799092   0.0149618746020991   0
0.0591995155369113   -0.00390325076164252   -0.0317139636045917   0
0.0950488733274756   0.000614092863719357   0.0358493577905643   0
0.0815571867423252   -0.0113278209145923   -0.0134916865851504   0
0.0793517311752554   0.0239748359388189   -0.00220545556706978   0
0.0934499784682695   1.18442569144728e-05   0.0140982472930141   0
0.0680196926228721   -1.82920893991023e-05   -0.0254302858453974   0
0.0793306170185257   0.00414221943105406   0.0113109243956536   0
0.093423102301358   -0.0207378266777975   0.0140924852828323   0
0.0937431734894467   -0.00475880052696995   0.000320071188088702   0
0.106306993814234   -0.000336238742042333   0.0125638203247874   0
0.0935342166490558   0.00313952847536994   -0.0127727771651783   0
0.110195822690381   0.0345022905597795   0.0166616060413257   0
0.0901932503657973   0.00619573239360804   -0.0200025723245842   0
0.071602004600011   0.0132512835502105   -0.0185912457657863   0
0.0847506798846033   -0.0186479848163707   0.0131486752845922   0
0.0574417062769291   0.000765869880016895   -0.0273089736076741   0
0.0939098611730419   0.000621868695590666   0.0364681548961127   0
0.0557815075192711   0.00866541197202197   -0.0381283536537708   0
0.0886680031480071   0.00796787355400655   0.032886495628736   0
0.0753388411196376   -0.00703778282196191   -0.0133291620283695   0
0.107614206255598   0.0115413745257085   0.0322753651359609   0
0.074575367075932   -0.0194930796482168   -0.0330388391796665   0
0.0863422728339948   0.0234084427384884   0.0117669057580628   0
0.0976875247214428   -0.0269530683637249   0.011345251887448   0
0.0762667728708905   0.00693046336667108   -0.0214207518505523   0
0.110224435151524   0.00269934290900373   0.0339576622806334   0
0.0893461454418292   -0.00731679702614327   -0.0208782897096947   0
0.114793033363582   0.0262851303792092   0.025446887921753   0
0.080741966498609   -0.0055157494625557   -0.0340510668649732   0
0.0838190120540084   -0.00233141396771744   0.00307704555539938   0
0.0980582550148762   0.011153836604631   0.0142392429608678   0
0.0908245586422114   -0.043737098554299   -0.00723369637266481   0
0.108239431580513   0.0253957084345649   0.0174148729383013   0
0.109403408431068   -0.00718862439422083   0.0011639768505549   0
0.114062625281948   0.0101603722553134   0.00465921685088001   0
0.164217757036907   -0.0587353542752417   0.050155131754959   0
0.133741791728899   -0.0014662268323975   -0.030475965308008   0
0.12678472538717   0.00245358470824303   -0.0069570663417291   0
0.127489931419593   0.0162266487686999   0.000705206032423328   0
0.134927141050208   0.000823765204649218   0.00743720963061509   0
0.137581750625955   9.90509976444565e-05   0.00265460957574712   0
0.129661826887957   0.00481558599348142   -0.00791992373799821   0
0.137532400224547   -0.000814838070859386   0.00787057333659019   0
0.111995929074453   -0.00994557383505956   -0.0255364711500937   0
0.141016448487233   0.010275845050721   0.0290205194127798   0
0.125641323361991   -0.0111549603327357   -0.0153751251252418   0
0.134836668242962   0.021866618437388   0.00919534488097018   0
0.136602698228329   -0.0106828713747868   0.00176602998536765   0
0.13250159287669   0.0227655493599724   -0.00410110535163971   0
0.143398599520925   -0.0156310692326626   0.010897006644235   0
0.114950818937938   -0.00710189155543064   -0.028447780582987   0
0.120374993750124   0.00232614661305511   0.00542417481218692   0
0.136649568897683   0.00387802505557064   0.0162745751475581   0
0.116036903629169   -0.00319205804001566   -0.0206126652685138   0
0.140304879427454   0.00797555347981491   0.0242679757982856   0
0.125829330568721   -0.0111836170275011   -0.0144755488587332   0
0.133501460214842   0.0172913216934138   0.00767212964612074   0
0.136408617992785   -0.011177240903106   0.00290715777794334   0
0.130791320951392   -0.00120335099277777   -0.00561729704139333   0
0.130141989800573   -0.00387859807597421   -0.000649331150818694   0
0.125859199792864   0.00129470275297411   -0.00428279000770942   0
0.141824744625409   0.00815944308466487   0.0159655448325453   0
0.123374509216096   -0.0121168575457648   -0.0184502354093133   0
0.135888806955135   0.00872214331594112   0.0125142977390394   0
0.13698882977244   -0.0150221615234269   0.00110002281730459   0
0.129266056827034   0.0168395008550385   -0.00772277294540574   0
0.133923464255792   -0.00600370128940195   0.00465740742875834   0
0.133774743330757   0.0024236242169739   -0.000148720925035095   0
0.167466935269391   -0.00919559441402779   0.033692191938634   0
0.114998482838134   0.000131577192188648   -0.0524684524312577   0
