0.165784119972097   0   0   0
0.138200898556368   0.0347429935844874   -0.0275832214157283   0
0.128091643366507   -0.0427940340670034   -0.010109255189861   0
0.124505219967116   0.0190010262191799   -0.00358642339939108   0
0.121174376531881   -0.0234664748378834   -0.00333084343523554   0
0.131614431776211   0.0253174159397989   0.0104400552443308   0
0.160719252579335   -0.0191897585509546   0.0291048208031233   0
0.141530074107643   0.00184297444400877   -0.0191891784716915   0
0.133481907255712   -0.00530273157545347   -0.0080481668519313   0
0.132264590090734   -0.0208898073592503   -0.00121731716497761   0
0.112501515399352   0.0404025386988033   -0.0197630746913824   0
0.112496785476122   0.0535324399187716   -4.72992322987642e-06   0
0.0586389255213634   0.00970250022956844   -0.0538578599547587   0
0.0945150349725508   -0.0641004682586451   0.0358761094511875   0
0.0657279421572934   0.0256747599432256   -0.0287870928152575   0
0.0624531263982245   0.00742632053341251   -0.00327481575906888   0
0.0534303511769762   -0.00707256832655695   -0.00902277522124829   0
0.0502842644818625   0.00906026098931909   -0.00314608669511367   0
0.0440123565712108   -0.0173198432068855   -0.00627190791065176   0
0.037142050494554   0.0102370975163143   -0.00687030607665675   0
0.0371630123838976   -0.0310971014876685   2.09618893435709e-05   0
0.0339586225755882   0.0139761460565013   -0.00320438980830942   0
0.0478804946816094   -0.0141409942725516   0.0139218721060212   0
0.0364389720567828   -0.000632043191387363   -0.0114415226248266   0
0.0400338410454206   0.0764929322038674   0.00359486898863773   0
0.0238183417719207   -0.0384623646169748   -0.0162154992734998   0
0.0509363492518113   -0.0217721603666091   0.0271180074798906   0
0.0348456140965262   0.0116724930226223   -0.0160907351552851   0
0.0421223473065809   -0.0299274972776771   0.00727673321005472   0
0.0339654489553723   0.0671671976607226   -0.00815689835120863   0
0.0235780789082916   -0.0280438710300613   -0.0103873700470807   0
0.0408039503089468   -0.00253567601004505   0.0172258714006552   0
0.0377767998301868   -0.0125271073034679   -0.00302715047876003   0
0.0323156554063027   0.0469911570794748   -0.0054611444238841   0
0.0660886879516835   -0.00233209012518795   0.0337730325453808   0
0.0262267258464052   -0.0208816410942819   -0.0398619621052783   0
0.0827554176422305   -0.0679322009369979   0.0565286917958253   0
0.0303446703005651   0.0701263234695448   -0.0524107473416654   0
0.0351568425247846   -0.0247590273654202   0.00481217222421942   0
0.0182800405236148   0.0388845177429049   -0.0168768020011697   0
0.033815262212572   -0.00378361902575507   0.0155352216889572   0
0.0227791927197876   0.0441508015727188   -0.0110360694927844   0
0.0237728668003041   -0.0669597191228627   0.000993674080516468   0
0.0183285186799834   0.0498262298147334   -0.0054443481203207   0
0.0241267780249975   0.0170623330242159   0.00579825934501407   0
0.0457117525297926   -0.0641504527164115   0.0215849745047951   0
0.126574841963727   0.111905936424289   0.0808630894339346   0
0.0993755621703973   -0.078659077212464   -0.0271992797933298   0
0.103206549834616   0.0807461877884948   0.00383098766421833   0
0.0973928662108011   -0.00545321166724749   -0.00581368362381456   0
0.0790616690463527   0.00452004024422034   -0.0183311971644484   0
0.077097589687308   0.0441087942270708   -0.00196407935904466   0
0.0843146357070497   -0.0271471859246612   0.0072170460197417   0
0.0663568992541499   0.00716165886366843   -0.0179577364528998   0
0.0672507997865081   0.00785639615875436   0.000893900532358188   0
0.0568447214299182   0.01544579359998   -0.0104060783565899   0
0.0783009839069408   0.0377679532118968   0.0214562624770226   0
0.0586696875530286   -0.0358861919953694   -0.0196312963539122   0
0.0633812482773296   -0.00329327116927314   0.00471156072430103   0
0.0555450207743232   0.057743455702237   -0.00783622750300641   0
0.0534617725020841   -0.0568962574955667   -0.0020832482722391   0
0.0500726679458465   0.025837728190288   -0.00338910455623768   0
0.0498818381886133   -0.0122660904694465   -0.000190829757233162   0
0.0621350440623888   0.0781608920904623   0.0122532058737755   0
0.291939884488116   -0.112459003566349   0.229804840425727   0
0.199232212223927   0.0319429927226455   -0.0927076722641885   0
0.145243666677277   -0.0489446036550781   -0.0539885455466501   0
0.114645696661105   0.000666448148060467   -0.0305979700161726   0
0.11824023716596   -0.0223492670020429   0.00359454050485555   0
0.114213937482866   0.0435983273947058   -0.00402629968309423   0
0.0907930731127105   0.00816642008868779   -0.0234208643701554   0
0.0928990623041213   0.00871792691109735   0.00210598919141072   0
0.0697695489094275   0.0166120301362875   -0.0231295133946937   0
0.0776560055972009   -0.0573175192603142   0.00788645668777339   0
0.102905268016606   0.0355422003295782   0.0252492624194051   0
0.124603341452575   0.0155896954865408   0.0216980734359691   0
0.122333310526404   -0.000315652405107947   -0.00227003092617138   0
0.119008481180355   0.0347558646496133   -0.00332482934604836   0
0.129104672167199   0.0433396292686539   0.0100961909868439   0
0.129891332822753   -0.0572712618903251   0.000786660655553828   0
0.121454222430356   -0.017659589653023   -0.00843711039239668   0
0.11339554091944   -0.0015856411109651   -0.00805868151091596   0
0.135313468307159   0.0267877365030625   0.0219179273877185   0
0.129971855360824   -0.0412375115391231   -0.00534161294633473   0
0.157789453858013   0.0176203563990443   0.0278175984971888   0
0.147346785367038   0.0445371404941079   -0.0104426684909749   0
0.133741364469645   -0.0554607341444526   -0.0136054208973929   0
0.162800885831627   -0.039958328871332   0.0290595213619819   0
0.156334804138426   0.0565642205123958   -0.0064660816932012   0
0.160766019151755   0.0351723747627634   0.00443121501332921   0
0.171423195284361   -0.0342511085858119   0.0106571761326054   0
0.183747116685541   -0.0121644515233938   0.012323921401181   0
0.191648114933333   0.0934739727545867   0.00790099824779145   0
0.221095582964133   -0.0261105156461324   0.0294474680308005   0
0.217015922096191   -0.00897937928842718   -0.00407966086794248   0
0.22823466557964   0.0285098253494384   0.0112187434834488   0
0.223050611804249   -0.059462706721264   -0.00518405377539025   0
0.198438938800334   0.0149037148705183   -0.024611673003916   0
0.208272219097321   0.0182354800296775   0.00983328029698752   0
0.223819473557648   0.12001590391201   0.0155472544603266   0
0.238650100573313   -0.13693424238494   0.0148306270156656   0
0.239101813520914   0.0813111372376086   0.00045171294760088   0
0.299281516513169   -0.0466624275119495   0.0601797029922553   0
0.399428659856053   -0.0863337901393137   0.100147143342884   0
0.321099922899637   0.0627370542716057   -0.0783287369564165   0
0.296898128914873   0.00166768036045167   -0.0242017939847636   0
0.29024634897239   0.0184823996377107   -0.00665177994248273   0
0.308855891699899   0.0196425404723923   0.0186095427275092   0
0.295465850606022   0.0055346676039707   -0.0133900410938776   0
0.311200340750251   0.0102144796167886   0.0157344901442295   0
0.298320972956412   -0.0168231966490397   -0.0128793677938398   0
0.304025874437477   -0.00977470013887705   0.00570490148106545   0
0.283008223151095   0.028556086155841   -0.0210176512863819   0
0.284077435514931   -0.0149453338349951   0.00106921236383634   0
0.289727783491025   -0.0422669277713391   0.00565034797609404   0
0.270159134398251   0.0335690720505946   -0.0195686490927739   0
0.264343372517754   0.00645022517287924   -0.00581576188049754   0
0.258843331903205   -0.000407803441976662   -0.0055000406145494   0
0.271439392417391   -0.0552651387538898   0.0125960605141867   0
0.262011872002534   0.0703154542335674   -0.00942752041485678   0
0.270497712101692   -0.0282790523213181   0.00848584009915782   0
0.252970866851427   -0.0168006391285921   -0.0175268452502651   0
0.244756223510374   0.117969184893653   -0.00821464334105348   0
0.268366189092089   -0.172739876982351   0.0236099655817154   0
0.262404162437184   0.0127692758767982   -0.00596202665490508   0
0.274085421877815   0.0482121738797274   0.0116812594406314   0
0.2570265578787   0.00201081497479999   -0.0170588639991157   0
0.24716167410214   0.00183614278959643   -0.00986488377655956   0
0.23005949438222   -0.00627202314049907   -0.0171021797199205   0
0.251291449692091   0.00254954119782186   0.0212319553098711   0
0.243534927937678   0.116309610835561   -0.00775652175441269   0
0.269158988317518   -0.110389837557551   0.0256240603798405   0
0.284156534792885   0.0340324359619926   0.0149975464753664   0
0.270797843886399   -0.0535024872793611   -0.0133586909064859   0
0.281316741557004   0.0927273007051467   0.0105188976706047   0
0.298522702497905   -0.106297911941073   0.017205960940901   0
0.280222959763007   0.117494732123616   -0.0182997427348974   0
0.289426662653616   -0.00205075801937377   0.00920370289060862   0
0.280742779985808   0.0353645578774702   -0.00868388266780751   0
0.284439233790383   0.0300888682983336   0.0036964538045744   0
0.266209579521798   -0.0774802637838823   -0.0182296542685848   0
0.290210583115279   0.0588696217507757   0.0240010035934806   0
0.273134987531445   -0.0679047065843693   -0.0170755955838338   0
0.269718382164013   0.0407162441967136   -0.00341660536743194   0
0.257525098589249   0.0365838199667219   -0.0121932835747637   0
0.270870388810631   -0.093360363107376   0.013345290221382   0
0.269258913394102   0.0212604678779   -0.00161147541652917   0
0.277020028257994   0.0173109998134287   0.00776111486389242   0
0.275263630438899   0.0356293271444489   -0.00175639781909581   0
0.264029560520295   0.0859406333609614   -0.0112340699186038   0
0.286982881751734   -0.0494455697869757   0.022953321231439   0
0.281567478318722   -0.021462807676542   -0.00541540343301128   0
0.297129167718772   0.0216246794136515   0.0155616894000493   0
0.292308812770843   -0.0231744681177101   -0.00482035494792837   0
0.29368833662352   0.0507990427100451   0.00137952385267659   0
0.281826698553115   -0.0637330903142937   -0.0118616380704049   0
0.295985420928971   0.0225537017938534   0.0141587223758556   0
0.314928114115908   0.0479056954894196   0.0189426931869375   0
0.30831961672508   -0.0519789555690262   -0.00660849739082858   0
0.328637353824885   0.0111980568541852   0.0203177370998051   0
0.30145703635935   0.00869041491657174   -0.0271803174655347   0
0.291347860352629   0.0537307024222049   -0.010109176006721   0
0.290123269915397   -0.0500138653030263   -0.00122459043723167   0
0.319975572095965   -0.0552419216032666   0.0298523021805675   0
0.317933855046644   0.0468978154330563   -0.00204171704932093   0
0.324550961751575   0.0686377549482569   0.00661710670493143   0
0.319003411144086   -0.0509860477687575   -0.00554755060748974   0
0.300811009319956   -0.00684909490632557   -0.01819240182413   0
0.308012669115249   0.0415409357236481   0.00720165979529364   0
0.323533922486209   0.060871816943906   0.0155212533709601   0
0.318925284664763   -0.0410225816265215   -0.00460863782144644   0
0.335331301142527   0.063913538803866   0.016406016477764   0
0.349713317766439   -0.0289180218263292   0.0143820166239118   0
0.371776937484633   0.00814581179448848   0.0220636197181941   0
0.37232276111737   0.0570509476162704   0.000545823632737752   0
0.375033353125745   -0.0193851420517657   0.00271059200837487   0
0.383875608463197   -0.000992053879766419   0.00884225533745209   0
0.385445961411846   0.0861859710234241   0.00157035294864893   0
0.355549870129367   -0.0894375429782254   -0.0298960912824789   0
0.364378969278034   0.034284111392457   0.00882909914866675   0
0.360175949886167   -0.0183829798067262   -0.0042030193918674   0
0.353970343748654   0.0245565046092361   -0.00620560613751314   0
0.375446691236586   -0.0253558404581573   0.021476347487932   0
0.375965541329152   0.0301192383162748   0.000518850092566747   0
0.388402391919373   0.0364926748967515   0.0124368505902204   0
