1.14595364161296   0.632184350284788   0   0   0
1.0478329352998   0.493045014069456   -0.0981207063131555   -0.139139336215332   1
0.741117771740093   0.263327222389274   -0.30671516355971   -0.229717791680182   1
0.621341698854576   1.27666084578217   -0.119776072885517   1.0133336233929   1
0.917446533278643   0.947235386385559   0.296104834424067   -0.329425459396612   1
0.6511306537044   0.841553248486703   -0.266315879574242   -0.105682137898856   1
0.97039011052164   0.896139784932206   0.319259456817239   0.0545865364455026   1
0.786286167965589   0.768285271104594   -0.184103942556051   -0.127854513827611   1
0.346166965518809   0.681225683307441   -0.44011920244678   -0.0870595877971529   1
0.180679706542517   0.50116683080693   -0.165487258976292   -0.180058852500511   0
0.130366975063971   0.582862594035946   -0.050312731478546   0.0816957632290159   0
0.368507634321855   0.568070821852401   0.238140659257884   -0.0147917721835453   0
0.46735205584374   0.505883009290935   0.0988444215218847   -0.0621878125614659   0
0.536759118074365   0.493022190822587   0.0694070622306253   -0.0128608184683485   0
0.147670012090268   0.356192249883139   -0.389089105984097   -0.136829940939448   1
0.277401339030168   0.243039251511973   0.129731326939899   -0.113152998371166   0
0.392586927640758   0.21976018073942   0.115185588610591   -0.023279070772553   0
0.30777072064394   0.0440288844178841   -0.0848162069968186   -0.175731296321536   1
0.254955516290705   0.0931131441409455   -0.0528152043532346   0.0490842597230614   0
0.25200278494973   0.0789758089746632   -0.0029527313409749   -0.0141373351662823   0
0.158516636529104   0.0572542538765462   -0.0934861484206265   -0.0217215550981171   0
0.36796046385279   0.196459563769017   0.209443827323686   0.139205309892471   0
0.296759457402038   0.0964314874856756   -0.0712010064507519   -0.100028076283342   0
0.319318747714505   0.0566902007887827   0.0225592903124673   -0.0397412866968928   1
0.487246552986761   0.0498207663149437   0.167927805272255   -0.00686943447383905   0
0.376499254352364   0.154942925260271   -0.110747298634396   0.105122158945328   0
0.202335479623644   0.165670408343977   -0.174163774728721   0.0107274830837055   0
0.182683439095359   0.197326075629756   -0.0196520405282852   0.0316556672857788   0
0.417551656061187   0.221424847023409   0.234868216965829   0.0240987713936533   0
0.183858986117928   0.184596488519345   -0.233692669943259   -0.0368283585040643   0
0.52313310291486   0.162372306294824   0.339274116796932   -0.022224182224521   0
0.274924320854831   0.179993038087734   -0.24820878206003   0.0176207317929105   0
0.176815761747362   0.180386960865004   -0.0981085591074686   0.000393922777269934   0
0.130444799425696   0.216827295831982   -0.0463709623216665   0.0364403349669784   0
0.787677073531463   0.218140791763599   0.657232274105767   0.00131349593161695   1
0.449938169287827   0.20921549763216   -0.337738904243636   -0.008925294131439   1
0.652265971733275   0.194612535609631   0.202327802445448   -0.014602962022529   0
0.681592018324569   0.33220087978755   0.0293260465912942   0.137588344177919   0
0.479162508193504   0.322686695738765   -0.202429510131065   -0.00951418404878507   0
0.430211353518784   0.263968915721823   -0.0489511546747203   -0.0587177800169422   0
0.479054193474642   0.464500073125499   0.0488428399558584   0.200531157403676   0
0.182206231456666   0.526084221160928   -0.296847962017977   0.0615841480354291   1
0.419316550951068   0.574427952967124   0.237110319494403   0.0483437318061958   0
0.200537542089555   0.645512654725103   -0.218779008861514   0.0710847017579793   0
0.148789956770509   0.674587603632026   -0.0517475853190457   0.0290749489069234   0
0.2930267650348   0.769851599981451   0.144236808264291   0.0952639963494245   0
0.378437540423383   0.878642430417089   0.0854107753885833   0.108790830435639   0
0.435141685888872   0.9468882538679   0.0567041454654889   0.0682458234508102   0
0.0909419303893424   0.961685782263672   -0.34419975549953   0.0147975283957719   0
0.0782479155074434   0.898829733190475   -0.012694014881899   -0.0628560490731968   0
0.0907550277534529   0.931062155618652   0.0125071122460095   0.0322324224281768   0
0.15230078353134   0.916442641045402   0.0615457557778868   -0.0146195145732493   0
0.212958951719715   0.863885447430856   0.0606581681883755   -0.0525571936145465   0
0.338795462493597   0.79670914666818   0.125836510773881   -0.0671763007626754   0
0.194956272397479   0.766098620461165   -0.143839190096118   -0.0306105262070155   0
0.0881939640794652   0.684799517595479   -0.106762308318014   -0.0812991028656863   0
0.0725565426919585   0.702184505930065   -0.0156374213875067   0.0173849883345869   0
0.485746251724787   0.734354181430461   0.413189709032828   0.0321696755003956   0
0.692735136098778   0.795612684631593   0.206988884373991   0.0612585032011315   0
0.543490348176267   0.822476744355881   -0.149244787922511   0.0268640597242887   0
0.381474714211178   0.879234043612536   -0.162015633965089   0.0567572992566543   0
0.289858543057368   0.883317197808635   -0.0916161711538102   0.00408315419609973   0
0.65953488948647   0.876568774957219   0.369676346429102   -0.00674842285141608   0
0.73503978512035   0.925695416785268   0.0755048956338799   0.0491266418280484   0
0.750150963583278   0.95356071179776   0.015111178462928   0.0278652950124921   0
0.737997358150698   0.94785693951896   -0.0121536054325796   -0.00570377227879937   0
0.580534714850456   1.03466579737324   -0.157462643300243   0.0868088578542784   0
0.240715359059471   0.985167719407462   -0.339819355790985   -0.0494980779657765   0
0.116027099694037   1.01762403000285   -0.124688259365434   0.0324563105953919   0
0.469235674487831   1.03450381021483   0.353208574793794   0.0168797802119756   0
0.573118951301534   1.15417303829733   0.103883276813703   0.119669228082505   0
0.563556091121691   1.19298943643657   -0.00956286017984254   0.038816398139238   0
0.531624701029721   1.14904419025869   -0.0319313900919705   -0.0439452461778818   0
0.587956236063808   1.07391311512478   0.0563315350340868   -0.0751310751339147   0
0.991117707790028   0.879400545317661   0.403161471726221   -0.194512569807115   0
1.04175228817075   0.805177084587763   0.0506345803807248   -0.0742234607298982   0
1.0515892421194   0.767253336741523   0.00983695394864514   -0.0379237478462406   0
0.96699459901636   0.581546619266461   -0.0845946431030385   -0.185706717475062   0
1.07477470586591   0.540611033651738   0.107780106849553   -0.0409355856147233   0
1.04769795685744   0.44239321263922   -0.0270767490084749   -0.0982178210125177   0
1.29838869345807   0.391403608673004   0.250690736600634   -0.0509896039662159   0
1.0718962712289   0.450607878786812   -0.226492422229177   0.0592042701138077   0
0.85647130144156   0.439577026613653   -0.215424969787335   -0.0110308521731589   0
0.774747404129243   0.462948898452626   -0.0817238973123174   0.0233718718389733   0
1.09821315154436   0.469874028254914   0.323465747415119   0.00692512980228827   0
1.44394684845208   0.559029866167497   0.345733696907716   0.0891558379125829   0
1.28362450021971   0.415008562890273   -0.160322348232373   -0.144021303277224   0
1.16152679785858   0.469033529077346   -0.122097702361124   0.054024966187073   0
1.44219529255702   0.495480909907486   0.280668494698443   0.0264473808301393   0
1.73748668018828   0.521150562881304   0.295291387631256   0.0256696529738183   0
1.57605958453466   0.464998247503687   -0.161427095653622   -0.0561523153776171   0
1.30872453243607   0.553940032721278   -0.267335052098592   0.0889417852175907   0
1.6154932011389   0.591128208181186   0.306768668702831   0.0371881754599088   0
1.68476753789388   0.605237507846506   0.0692743367549813   0.01410929966532   0
1.45213356418513   0.636980874665794   -0.232633973708751   0.0317433668192876   0
1.23511378693382   0.696559142665754   -0.217019777251307   0.0595782679999597   0
1.27325947845245   0.642892668174284   0.0381456915186285   -0.0536664744914697   0
1.68825360627869   0.605730739547903   0.414994127826241   -0.0371619286263806   0
1.67856713795487   0.610017834679856   -0.00968646832382025   0.00428709513195247   0
1.70135416308245   0.654637818467777   0.0227870251275852   0.0446199837879209   0
1.4386783975055   0.676451614133635   -0.262675765576952   0.0218137956658579   0
1.00935896492675   0.675511758385818   -0.429319432578752   -0.000939855747816631   0
0.891500906190229   0.648034698733409   -0.11785805873652   -0.0274770596524093   0
1.2194618562653   0.637285014599826   0.327960950075066   -0.010749684133583   0
1.54577955430035   0.639152007110985   0.326317698035058   0.00186699251115896   0
1.55980753193176   0.531425661074529   0.0140279776314036   -0.107726346036456   0
1.5245340433339   0.472760834734382   -0.0352734885978605   -0.0586648263401465   0
1.11834172933947   0.45148284057398   -0.406192313994425   -0.0212779941604022   0
1.00455330367781   0.58209857454816   -0.113788425661663   0.13061573397418   0
1.18593033097817   0.560538732134765   0.181377027300365   -0.0215598424133949   0
1.79457384768111   0.641827062152697   0.608643516702941   0.0812883300179322   1
1.8382877534502   0.572463004128487   0.0437139057690898   -0.0693640580242101   0
1.74369211442101   0.638683760901945   -0.094595639029198   0.0662207567734573   0
1.37913834689273   0.651941628069569   -0.36455376752828   0.013257867167624   0
1.29686182786371   0.744876051682911   -0.0822765190290171   0.0929344236133423   0
1.2728975635113   0.777802666020437   -0.0239642643524103   0.0329266143375263   0
1.71858867541626   0.639299642289318   0.445691111904957   -0.138503023731119   1
1.61236310437103   0.627071472602105   -0.106225571045221   -0.012228169687213   0
1.5974521088499   0.688384124634911   -0.0149109955211326   0.061312652032806   0
1.63857682694648   0.707410061699805   0.0411247180965795   0.0190259370648944   0
1.33732245644871   0.831992433300352   -0.301254370497776   0.124582371600546   0
1.06083412832638   0.862750822276491   -0.276488328122321   0.030758388976139   0
1.02772255172979   0.854773442919129   -0.0331115765965901   -0.0079773793573612   0
1.43717712038217   0.766500261008874   0.40945456865238   -0.0882731819102551   0
1.57512933771706   0.584565740994544   0.13795221733489   -0.181934520014331   0
1.64060121951802   0.441514524887826   0.0654718818009505   -0.143051216106718   0
1.34836353635435   0.443341602431604   -0.292237683163669   0.00182707754377837   0
1.24725526937231   0.476968450474096   -0.101108266982034   0.0336268480424918   0
1.21515868281513   0.371174639161207   -0.0320965865571829   -0.105793811312888   0
1.23219392734667   0.372576535424126   0.0170352445315363   0.00140189626291859   0
1.12733185375248   0.443176140838553   -0.104862073594187   0.0705996054144265   0
0.992636579641814   0.472036606918891   -0.134695274110665   0.0288604660803389   0
1.04451007605719   0.418245465477239   0.0518734964153772   -0.0537911414416523   0
1.18030936632944   0.44683516299092   0.135799290272247   0.0285896975136813   0
1.12501516843196   0.503021718679929   -0.0552941978974748   0.056186555689009   0
0.940964251475581   0.526765529457189   -0.184050916956383   0.0237438107772595   0
1.16570546978042   0.538012839409331   0.224741218304844   0.0112473099521416   0
1.04662348955152   0.601350926776944   -0.119081980228905   0.0633380873676139   0
0.963797282729101   0.693163909418842   -0.0828262068224184   0.0918129826418974   0
0.800447080255778   0.607493377167735   -0.163350202473323   -0.0856705322511069   0
1.19998824267574   0.694189335932568   0.399541162419957   0.0866959587648333   1
0.557506737514445   0.247658149812902   -0.64248150516129   -0.446531186119666   1
0.254801599796175   0.741212992573322   -0.30270513771827   0.49355484276042   1
0.698739364351258   0.353965784922074   0.443937764555083   -0.387247207651248   1
0.850440790813335   0.091778999272655   0.151701426462077   -0.262186785649419   1
1.17200612587787   0.429084913517304   0.321565335064534   0.337305914244649   1
1.52989883801342   0.47838678088738   0.357892712135551   0.0493018673700756   0
1.54955049961311   0.38135362957431   0.0196516615996947   -0.0970331513130699   0
1.41139595816004   0.197256024727383   -0.138154541453076   -0.184097604846927   0
1.17700022935419   0.208371088589564   -0.23439572880585   0.011115063862181   1
0.450016967460117   0.728064450722523   -0.726983261894071   0.519693362132959   1
0.394559942207885   0.952926109949146   -0.0554570252522315   0.224861659226623   1
0.273080362695672   1.01605117911332   -0.121479579512213   0.0631250691641762   0
0.338349221211   1.01894568287576   0.0652688585153273   0.00289450376243949   0
0.951612894097174   1.09716770999374   0.613263672886175   0.0782220271179759   1
0.805960190077649   1.18059826334717   -0.145652704019526   0.0834305533534316   0
0.955932537303235   1.09552215875865   0.149972347225586   -0.0850761045885242   0
0.91848832248211   1.04213390512766   -0.037444214821125   -0.0533882536309873   0
0.871784285298261   1.09899341815668   -0.0467040371838485   0.0568595130290219   0
0.910256544289576   1.19785426097679   0.0384722589913145   0.0988608428201094   0
0.864447837284587   1.23633912339816   -0.0458087070049885   0.0384848624213674   0
0.575739417700404   1.37832728919169   -0.288708419584183   0.141988165793529   0
0.263824003739614   1.4576095113973   -0.311915413960789   0.0792822222056195   1
1.04937148197898   0.952788793687543   0.785547478239365   -0.504820717709762   1
0.850475815801309   1.0363498794062   -0.19889566617767   0.0835610857186596   1
0.637923659589484   0.955205719702437   -0.212552156211825   -0.0811441597037657   0
0.52447609964863   1.04607148056511   -0.113447559940854   0.0908657608626775   0
0.436329742798952   1.09150690256521   -0.0881463568496778   0.0454354220000976   0
0.825148702694999   0.962303068069644   0.388818959896046   -0.129203834495568   0
0.796487594398205   1.00413196177246   -0.0286611082967937   0.0418288937028116   0
0.521177714514579   1.04330226245861   -0.275309879883626   0.0391703006861523   0
0.306302851813365   1.18495912867633   -0.214874862701214   0.141656866217724   0
0.32613804683399   1.16743928806998   0.0198351950206256   -0.0175198406063475   0
0.354751779506967   1.25306318053856   0.0286137326729772   0.0856238924685748   0
0.421851206500302   1.35755441295675   0.0670994269933341   0.104491232418192   0
0.425675434809274   1.40626996568988   0.00382422830897206   0.0487155527331233   0
0.422581620325589   1.40889417473821   -0.0030938144836849   0.00262420904833083   1
0.373511408106901   1.50794009382021   -0.0490702122186876   0.0990459190820028   0
0.35334048976142   1.52934989976297   -0.0201709183454813   0.0214098059427594   0
0.370576468127649   1.55130904223989   0.0172359783662293   0.0219591424769234   0
0.393048473151798   1.58115324218085   0.0224720050241494   0.029844199940954   0
0.40437993952648   1.58368772344337   0.011331466374682   0.00253448126252631   0
0.493924725630333   1.64138929865625   0.0895447861038528   0.0577015752128762   0
0.521015580970473   1.60694358411621   0.0270908553401402   -0.0344457145400385   0
0.41371398190877   1.64500878686681   -0.107301599061704   0.0380652027505963   0
