0.059229480752599   0   0   0
0.0623349209568762   -0.010287972675278   0.00310544020427712   0
0.0475246288173785   -0.0304716726980817   -0.0148102921394977   0
0.0500179042813921   -0.00185074596074412   0.0024932754640136   0
0.0479196023107715   0.0151958141073389   -0.00209830197062054   0
0.0405448541439419   -0.0347785674617748   -0.0073747481668296   0
0.0407434116077054   0.0273923537101269   0.000198557463763425   0
0.0425135537630354   -0.0244289584921227   0.00177014215533003   0
0.0358551279214006   0.0241194004681206   -0.0066584258416348   0
0.0241572582183389   -0.0280680682774354   -0.0116978697030617   0
0.0312176018976638   0.00162363182393942   0.00706034367932499   0
0.0344443247597119   0.00760322356770532   0.00322672286204803   0
0.0366807800019642   0.0186631311036495   0.00223645524225238   0
0.0361219268217035   -0.0328545465821561   -0.000558853180260784   0
0.0278755164338259   0.00937133825076882   -0.00824641038787752   0
0.0388773714366404   -0.0189585720353324   0.0110018550028144   0
0.0266622349056676   0.0132177457342501   -0.0122151365309728   0
0.0416489498712762   0.00631721175846826   0.0149867149656086   0
0.0215525104437395   -0.00390095305601139   -0.0200964394275367   0
0.038434829284857   0.0198029781482601   0.0168823188411175   0
0.0411005918825386   -0.0402754818476828   0.00266576259768165   0
0.0387515529787504   0.0336237438724071   -0.00234903890378822   0
0.0365228822568469   -0.0225824843471425   -0.00222867072190355   0
0.0316972865461403   0.0100628070063952   -0.0048255957107066   0
0.0245559318393744   -0.00486712003471823   -0.0071413547067659   0
0.0384311575337967   0.0077405268804055   0.0138752256944223   0
0.036758607440775   -0.0115859919313463   -0.00167255009302169   0
0.0158611624263482   -0.00935550144836438   -0.0208974450144268   0
0.0200787788619235   0.00843033933540829   0.00421761643557527   0
0.0130948317290878   0.00224040657974536   -0.00698394713283566   0
0.0173150076813439   0.0153584445363692   0.00422017595225613   0
0.0265792122069697   -0.0121569341570057   0.00926420452562571   0
0.0301197471206599   0.00669999397240966   0.00354053491369024   0
0.0416744136426957   -0.0077876554701611   0.0115546665220358   0
0.0343176301402314   -0.00779150851854179   -0.00735678350246425   0
0.0328933741140176   0.0117865798840227   -0.0014242560262138   0
0.0311235976625855   0.00805545465261893   -0.00176977645143209   0
0.0332820509643712   -0.0244372829690119   0.00215845330178564   0
0.0273280068340613   0.0228978225640234   -0.00595404413030989   0
0.0351278068239749   -0.0169020841069913   0.00779979998991365   0
0.0354200989650297   0.00404358489355778   0.000292292141054792   0
0.0671565979120816   -0.0162916017512813   0.0317364989470519   0
0.0383656054404202   0.0517543299691395   -0.0287909924716614   0
0.0493196410235567   -0.0376974066063017   0.0109540355831365   0
0.0488746886736632   0.0606960019628413   -0.000444952349893543   0
0.0555074357403808   -0.0557947761348185   0.00663274706671758   0
0.0461975192897573   0.0295982076640606   -0.00930991645062344   0
0.0529574842740382   -0.0330658211705649   0.00675996498428086   0
0.0582970834554354   0.0276883241783039   0.00533959918139723   0
0.0596868543056802   -0.0206718104285269   0.00138977085024484   0
0.0565027730297151   0.0255093078955477   -0.00318408127596514   0
0.0566162366718683   -0.0301272507623235   0.000113463642153158   0
0.0572275802517021   0.0300203935306488   0.000611343579833806   0
0.0504340336957347   -0.0238427236557559   -0.00679354655596739   0
0.0572918784118657   0.0316168271344442   0.00685784471613101   0
0.0746889504202261   -0.0574650292485022   0.0173970720083605   0
0.0484085931354651   0.0763902586302273   -0.026280357284761   0
0.0675233595146524   -0.0463452414990563   0.0191147663791873   0
0.0558901013942093   0.0277849667177101   -0.0116332581204431   0
0.0681998745365459   -0.0255042033046936   0.0123097731423366   0
0.0631955274550739   0.0346181865877975   -0.00500434708147197   0
0.0658636625891887   -0.01368429740265   0.00266813513411483   0
0.0617194311429958   -0.00474759501301078   -0.00414423144619294   0
0.0549943134966925   -0.00889713936340766   -0.00672511764630326   0
0.0669751772834535   -0.0150865320067131   0.0119808637867609   0
0.0560808153928106   0.0471220253574979   -0.0108943618906429   0
0.0602384883962695   -0.0186989545449251   0.00415767300345896   0
0.0628447967734999   -0.00253412837996114   0.00260630837723035   0
0.0556363090492845   0.0102993628878931   -0.00720848772421535   0
0.0641933929739853   -0.0119981326396232   0.00855708392470074   0
0.0595449375418683   -0.0255008607014452   -0.00464845543211694   0
0.0611203693715524   0.0599913066882098   0.00157543182968406   0
0.0619369221576347   -0.0626870885568826   0.000816552786082309   0
0.0636978253917078   0.04074955330233   0.00176090323407313   0
0.0607750902789393   -0.0361733795891386   -0.00292273511276851   0
0.0581754585432079   0.037958326239294   -0.00259963173573143   0
0.0623347009623189   -0.057939908938922   0.00415924241911104   0
0.0535011979954187   0.0617616182418867   -0.00883350296690019   0
0.0570987080540795   -0.043255485301296   0.00359751005866073   0
0.0518390789419527   0.0386156412342943   -0.00525962911212682   0
0.0575177061036208   -0.0107665438778657   0.00567862716166816   0
0.0610045867992522   0.0221705409415262   0.0034868806956314   0
0.0547665470732362   -0.0324443158654013   -0.006238039726016   0
0.0669071716522414   0.0439303319859105   0.0121406245790052   0
0.0646143274201628   -0.0498330291597804   -0.00229284423207864   0
0.0630700801369596   0.0132453752879349   -0.00154424728320324   0
0.0754841615554051   0.0256838091056647   0.0124140814184456   0
0.0660676990921055   -0.0125723085878854   -0.00941646246329959   0
0.072219960049577   -0.00678936190396855   0.00615226095747148   0
0.0702015026735361   0.00437771335923716   -0.00201845737604088   0
0.0720672883260498   -0.00339775970682792   0.0018657856525137   0
0.0763869254913431   0.0331271329447472   0.00431963716529324   0
0.0779556587262913   -0.0308303727977835   0.00156873323494823   0
0.0687975030851593   -0.0106471789844098   -0.00915815564113202   0
0.0751883875024927   0.0136164224825282   0.00639088441733342   0
0.0694061014653071   -0.0134491589831428   -0.00578228603718563   0
0.0908429053485879   0.0911539945321697   0.0214368038832808   0
0.0728800754278561   -0.0606417182094713   -0.0179628299207318   0
0.0866173895779739   -0.00521047066853828   0.0137373141501177   0
0.0834550381373108   0.0150775499468531   -0.00316235144066307   0
0.0783794882979597   -0.0355819159864727   -0.00507554983935112   0
0.0755441413622857   0.0207266259122578   -0.00283534693567403   0
0.0790771019419971   -0.00518728931323897   0.00353296057971141   0
0.0769328672907263   0.0171183019615339   -0.00214423465127081   0
0.0922243349055579   0.0138031884071115   0.0152914676148316   0
0.0774425991742432   -0.0278794284152452   -0.0147817357313146   0
0.0831847555483125   0.00565367756741086   0.00574215637406922   0
0.0765644529135421   -0.0206900912872265   -0.0066203026347704   0
0.0849293232513953   0.019577215472972   0.00836487033785326   0
0.0790035749450776   -0.0236081315066313   -0.00592574830631767   0
0.0700630410734861   0.030661931599954   -0.00894053387159155   0
0.075294804377261   -0.0283062030208298   0.00523176330377488   0
0.0737886440465774   0.0273268695556308   -0.0015061603306836   0
0.0716315189589925   -0.0284968225404489   -0.00215712508758488   0
0.087509904634347   0.0410390158302035   0.0158783856753545   0
0.073595121224304   -0.0354124847064094   -0.013914783410043   0
0.0871561253855402   0.0306416185920412   0.0135610041612362   0
0.0946239889942556   -0.0323803802204262   0.0074678636087154   0
0.093414896271272   0.0448843605382114   -0.00120909272298361   0
0.0803992155800198   -0.0553012482006968   -0.0130156806912522   0
0.0838930420405203   0.0407841456744601   0.00349382646050045   0
0.0908467941650942   -0.0170160759551689   0.00695375212457398   0
0.0887052874943202   -0.0126188066670743   -0.00214150667077405   0
0.0896987822749791   -0.0139981879710031   0.000993494780658868   0
0.0926141481635129   0.0244341917373965   0.00291536588853387   0
0.108511244171848   -0.0338546684231287   0.0158970960083354   0
0.0836743003385149   0.0441173150315142   -0.0248369438333334   0
0.104034405183261   -0.0445203635439025   0.0203601048447464   0
0.103267774392644   0.0575027497624909   -0.000766630790617479   0
0.116624847512269   -0.059214797128794   0.0133570731196251   0
0.0939684596824383   0.0332390763390299   -0.0226563878298307   0
0.0997885152056713   0.0410891305210749   0.00582005552323307   0
0.0997240884042191   -0.0513878206344115   -6.44268014522581e-05   0
0.086794781951581   0.0359944353185284   -0.012929306452638   0
0.108545818418353   -0.040959138133923   0.0217510364667717   0
0.106098432458072   0.0397511668133365   -0.00244738596028105   0
0.104230309308281   -0.0303021420410081   -0.00186812314979035   0
0.100092801889846   0.0345687088941657   -0.00413750741843515   0
0.102059655476699   -0.0400360653421955   0.00196685358685283   0
0.103720155800212   0.028488367071229   0.00166050032351286   0
0.104961223835281   -0.0100863472315994   0.00124106803506928   0
0.103393285907356   0.0174429090260515   -0.00156793792792535   0
0.120008567283757   -0.0566055209720718   0.016615281376401   0
0.0994593603204469   0.0487487554445212   -0.0205492069633099   0
0.103536861034187   -0.0276126416856475   0.00407750071373982   0
0.0989798560723847   0.00817760772985919   -0.00455700496180203   0
0.0956700200566175   0.0125183604257824   -0.0033098360157672   0
0.092993546500026   -0.0247299342499082   -0.00267647355659152   0
0.0836659287195572   0.0379211533312988   -0.00932761778046882   0
0.0993383853125266   -0.048974523159483   0.0156724565929694   0
0.0973390965060931   0.0578423972528655   -0.00199928880643352   0
0.0958597145337915   -0.0646758814311309   -0.00147938197230157   0
0.0836060402681411   0.0374363153706155   -0.0122536742656504   0
0.0981415730175291   -0.0264598042505099   0.0145355327493881   0
0.0974092925662126   0.0404351658848711   -0.000732280451316542   0
0.0952294976801274   -0.0379204649747968   -0.00217979488608516   0
0.0969035825233515   0.0449772950569865   0.00167408484322411   0
0.0989438812234617   -0.017114215687261   0.00204029870011017   0
0.0981004346207115   -0.0174785366668306   -0.000843446602750167   0
0.108109985943066   0.05875134565589   0.0100095513223548   0
0.114300606585398   -0.0481693165947012   0.00619062064233197   0
0.0991446878912834   0.0142142888687846   -0.0151559186941149   0
0.0915763336269803   -0.0184045055779628   -0.00756835426430312   0
0.104226903564977   0.0143820812095628   0.0126505699379968   0
0.0977132847754209   0.0113262825118729   -0.00651361878955618   0
0.108844521589617   -0.0169453438497501   0.0111312368141957   0
0.11577054705082   0.0424509571115182   0.00692602546120331   0
0.121201444679148   -0.0470701047444503   0.00543089762832784   0
0.104358711024775   0.00527088270438163   -0.0168427336543727   0
0.111233846881244   0.0243173176041672   0.00687513585646882   0
0.129037058747294   -0.0378873135719727   0.0178032118660498   0
0.122205674317275   0.0604098989554997   -0.00683138443001817   0
0.121063519315647   -0.0250560850442748   -0.00114215500162861   0
0.12526647120874   0.00880982566043423   0.00420295189309278   0
0.126424774333752   0.0154017331554525   0.00115830312501189   0
0.127277998595407   -0.0294036088696783   0.000853224261655766   0
0.131882673538272   0.0331742643767618   0.00460467494286498   0
0.126041803790687   -0.0238940508297009   -0.00584086974758544   0
0.121298371766947   -0.00386515071428317   -0.00474343202373979   0
0.123211473716178   0.00163727601488114   0.00191310194923126   0
0.127215696587774   0.0239950306616811   0.00400422287159541   0
0.136592352917559   -0.00972720572231622   0.00937665632978543   0
0.174339578045327   -0.0315824877777433   0.0377472251277674   0
0.135579758814692   0.0487293840659634   -0.0387598192306347   0
0.119814892270963   -0.0505465034603914   -0.0157648665437287   0
