0.0101495281386144   0   0   0
0.00964422795568546   0.0212697441199055   -0.000505300182928917   0
0.018893591760171   0.06878000698996   0.0092493638044855   0
0.0205551198163621   -0.0775002249400916   0.0016615280561911   0
0.0318460379184758   0.0185226501597513   0.0112909181021138   0
0.0093667953441959   0.0104846002135184   -0.0224792425742799   0
0.0103854289969168   0.00849774396485398   0.00101863365272088   0
0.0315140673227449   -0.0134245938488824   0.0211286383258281   0
0.0160253177323415   -0.0364230708919981   -0.0154887495904034   0
0.0077853788402187   0.0713231896853518   -0.00823993889212284   0
0.0274646449775434   -0.0394960149516303   0.0196792661373247   0
0.0215025704152434   -0.0145678004300032   -0.00596207456230002   0
0.0111364754238044   0.0660916557995537   -0.010366094991439   0
0.0232475970381887   -0.0703364719816563   0.0121111216143843   0
0.0103958036141993   0.0335464821065759   -0.0128517934239894   0
0.0151601985759587   0.0398215530071338   0.00476439496175936   0
0.018474941342938   -0.0416339437434309   0.00331474276697932   0
0.0179239854871203   -0.00243451969213838   -0.000550955855817686   0
0.0125055348207314   0.0568651692148866   -0.00541845066638894   0
0.0148819285235483   -0.0502479282414928   0.0023763937028169   0
0.0103816408705464   -0.00689476696460986   -0.00450028765300186   0
0.00493199608506789   0.0156883592564164   -0.00544964478547854   0
0.0261765718187562   -0.0147199370330665   0.0212445757336883   0
0.0137329020781561   0.018671583851853   -0.0124436697406   0
0.00891869604048148   -0.00734958573772626   -0.00481420603767465   0
0.0299044373493717   -0.0169790091439383   0.0209857413088903   0
0.0090415697992467   0.0546642353164137   -0.020862867550125   0
0.0157737125702393   -0.0598506965329878   0.00673214277099259   0
0.0300185377607321   0.0135340232434772   0.0142448251904928   0
0.0123179301989782   0.00476194708847261   -0.0177006075617539   0
0.00778939048928894   -0.00302406350575581   -0.00452853970968929   0
0.0359343432629567   -0.000476939217565586   0.0281449527736677   0
0.0176192456795119   0.0251017906294471   -0.0183150975834447   0
0.0196433970593174   -0.0261354971220259   0.00202415137980548   0
0.0390109845139161   0.0069444852869555   0.0193675874545987   0
0.0202534079285469   0.00745029240986006   -0.0187575765853692   0
0.010299594194444   -0.0202748557337985   -0.00995381373410285   0
0.0320056143422431   0.0177275141470088   0.0217060201477991   0
0.021349488012316   -0.0414998149183423   -0.0106561263299271   0
0.0427679483506632   0.00367581551348303   0.0214184603383472   0
0.0316230605536925   0.0346593765774738   -0.0111448877969708   0
0.0315079591788329   -0.00161747966596817   -0.000115101374859566   0
0.0155624753404624   -0.0156122763230089   -0.0159454838383705   0
0.0328477501438835   0.0335376755955842   0.0172852748034211   0
0.0382924881245292   -0.0313108634859303   0.00544473798064569   0
0.0248603362954692   0.0166165771142743   -0.01343215182906   0
0.0423566176919117   0.118490612952698   0.0174962813964425   0
0.0357361046977003   -0.138102369272142   -0.0066205129942114   0
0.0293567990033399   -0.0141599978787349   -0.00637930569436041   0
0.0228303609546586   0.0625561126609747   -0.00652643804868133   0
0.0440597339512224   -0.0347092408240769   0.0212293729965638   0
0.0376703402403005   0.0129034820504282   -0.00638939371092195   0
0.0207929668460973   0.0439688395512446   -0.0168773733942032   0
0.0277663795532025   -0.0759696641698408   0.0069734127071052   0
0.0335738843196959   0.0148363796556743   0.00580750476649348   0
0.0402152014866891   0.0544734068473644   0.00664131716699314   0
0.0429444886164104   -0.0677928929497045   0.00272928712972127   0
0.0375722623454208   0.0173463640987948   -0.00537222627098957   0
0.0454191527949939   0.0448203266264037   0.0078468904495731   0
0.0322104760418753   -0.0590572766749907   -0.0132086767531185   0
0.0361632956957538   0.00414601638032504   0.00395281965387846   0
0.0350759509579213   0.045328582388638   -0.0010873447378325   0
0.0337516916248653   -0.0422165817038883   -0.00132425933305604   0
0.0324060684260406   -0.00673034994107953   -0.00134562319882468   0
0.0366437051978235   0.0709388394720111   0.00423763677178295   0
0.0371670686662938   -0.0595513296792589   0.000523363468470282   0
0.0432357152613522   0.000327523341437361   0.00606864659505838   0
0.0365299690991178   0.0599572898322394   -0.00670574616223443   0
0.0242933631682626   -0.0250967685952726   -0.0122366059308551   0
0.0404134335307953   -0.00593691451809113   0.0161200703625327   0
0.0544941860261028   0.031117502251519   0.0140807524953075   0
0.0374928879866199   0.00172012494594909   -0.017001298039483   0
0.0457073035416114   -0.0445463298697698   0.00821441555499151   0
0.0354893930688452   0.0309836311456244   -0.0102179104727661   0
0.032752950839619   0.0118083855412015   -0.00273644222922621   0
0.0356567765427348   -0.040565153286654   0.00290382570311582   0
0.0496334725368626   0.0100467854755908   0.0139766959941278   0
0.0262719599295946   0.0241879419834712   -0.023361512607268   0
0.0361639693516022   -0.044404045979454   0.00989200942200761   0
0.0334754758976254   0.0477251744929107   -0.00268849345397681   0
0.0336901802486273   0.061954065623016   0.000214704351001932   0
0.0377746134463293   -0.0961984796758852   0.00408443319770193   0
0.033603089037462   0.0284389481384408   -0.00417152440886726   0
0.0377915755107868   -0.00502270644053858   0.00418848647332477   0
0.0362733413253487   -0.0238997875786216   -0.00151823418543809   0
0.0323062657994931   0.0569563283944287   -0.00396707552585557   0
0.0307517112818539   -0.0226390723521083   -0.00155455451763925   0
0.0517534407254484   -0.0462618947310807   0.0210017294435945   0
0.0146589936411005   0.0385551500126891   -0.0370944470843479   0
0.0350464499460359   -0.0148373861607206   0.0203874563049354   0
0.0430818999922531   -0.013191226469179   0.00803545004621722   0
0.027442163169109   0.106162796663433   -0.0156397368231442   0
0.0598550187315224   0.00420577716723827   0.0324128555624135   0
0.083986994605921   -0.0790877908527352   0.0241319758743986   0
0.084927917818009   0.0443822950474298   0.000940923212088052   0
0.0607588422287859   -0.0610202292610133   -0.0241690755892231   0
0.07356779543727   -0.0102444556066398   0.012808953208484   0
0.0558116957355266   0.268888917930665   -0.0177560997017434   0
0.0801323744207827   -0.16567807327308   0.024320678685256   0
0.0739669290572202   -0.0561606673466498   -0.00616544536356248   0
0.118918449911116   0.109352412835067   0.0449515208538954   0
0.112650416015033   -0.0481152232068791   -0.00626803389608258   0
0.123464562406587   0.175232252580367   0.010814146391554   0
0.142858171427477   -0.0811865437858149   0.0193936090208904   0
0.129137156035744   -0.117325696506338   -0.0137210153917337   0
0.125681455832285   -0.0668466763991447   -0.00345570020345906   0
0.127105866506389   0.0271458416808114   0.00142441067410448   0
0.138832639146024   -0.0187944429830147   0.0117267726396345   0
0.143676993201843   -0.0141134801745453   0.00484435405581962   0
0.135482539780049   -0.0158564749848845   -0.00819445342179442   0
0.121981162213895   5.81165664699651e-05   -0.013501377566154   0
0.138859784695471   0.123791130940473   0.016878622481576   0
0.136042676139695   -0.00326617957055506   -0.00281710855577555   0
0.127244654537833   -0.0681207902027536   -0.0087980216018621   0
0.151468006506531   0.060647853433467   0.0242233519686978   0
0.135888336160945   -0.0520695307333113   -0.0155796703455859   0
0.116968765036398   -0.0514310511191334   -0.0189195711245474   0
0.128503883138448   0.00337804677682468   0.0115351181020507   0
0.120112723672651   -0.022347271238399   -0.00839115946579787   0
0.125676811982969   0.00219148772021904   0.00556408831031834   0
0.126577276603159   0.0400336641790877   0.000900464620189667   0
0.109680551356667   -0.0324236035383762   -0.0168967252464914   0
0.107424055446208   0.00507534875999795   -0.00225649591045901   0
0.127648590966724   0.094710900916005   0.0202245355205158   0
0.121447378440994   -0.0435037473692405   -0.00620121252573   0
0.12484496310149   -0.00213225697098865   0.00339758466049647   0
0.135098943066008   0.00306609710360742   0.0102539799645177   0
0.140166622960354   0.0115063051958834   0.00506767989434576   0
0.112546878693769   -0.0432982644115957   -0.0276197442665847   0
0.102868619769357   -0.0213201999319881   -0.00967825892441242   0
0.106953670609054   0.0185308079973661   0.0040850508396971   0
0.112167804379655   0.0395215386821653   0.00521413377060088   0
0.106706912276338   -0.0756333374325464   -0.0054608921033172   0
0.1183198489276   0.0295906025820679   0.0116129366512621   0
0.121276226981641   0.0639297424268599   0.00295637805404134   0
0.112538560759513   -0.087491245115141   -0.0087376662221284   0
0.109802201583119   0.0438719391972223   -0.00273635917639312   0
0.0503561504355972   0.058991315329459   -0.0594460511475222   0
0.0595764626666857   -0.122980886933421   0.0092203122310885   0
0.0670638705257207   0.0646282987103869   0.00748740785903493   0
0.054218217133612   0.0337088669838373   -0.0128456533921086   0
0.0585473953613651   -0.140926452956576   0.0043291782277531   0
0.0577623607961534   0.0749072575022924   -0.000785034565211729   0
0.0519390360359383   0.017726343595534   -0.00582332476021507   0
0.0605662549786727   -0.0970770242632462   0.0086272189427344   0
0.0599655301852031   0.0835498367543905   -0.000600724793469669   0
0.0495346394545272   0.0793663817125457   -0.0104308907306759   0
0.0524308652974085   -0.155320613799512   0.00289622584288138   0
0.0554847568427807   0.0475155172843461   0.00305389154537216   0
0.04168949081933   0.0950227805782702   -0.0137952660234507   0
0.0523521436756414   -0.162823949492281   0.0106626528563114   0
0.0500507335282434   0.0457988743574232   -0.00230141014739802   0
0.0335528298900778   0.0928255297550835   -0.0164979036381655   0
0.0502385743005561   -0.132488972969229   0.0166857444104783   0
0.042232275009168   0.0662402096653819   -0.0080062992913881   0
0.0456956446112209   0.0310760470003653   0.00346336960205283   0
0.0443384183021902   -0.0792064763563757   -0.00135722630903063   0
0.0473287225892914   0.177423613131096   0.00299030428710112   0
0.107696462945354   0.0642703454628984   0.0603677403560626   0
0.0914728929700625   -0.0661088184856207   -0.0162235699752915   0
0.0736241855268805   0.0140045006299541   -0.0178487074431819   0
0.0824061677580173   -0.176634054630041   0.00878198223113678   0
0.0738121937456813   0.022646381391302   -0.008593974012336   0
0.0815568709231325   0.0946894868334419   0.00774467717745118   0
0.0668428702598116   -0.121870106914263   -0.014714000663321   0
0.072925868858331   0.0688337400551354   0.00608299859851949   0
0.077331725970193   0.235986261735203   0.00440585711186195   0
0.0783663709815154   -0.2479469463439   0.0010346450113224   0
0.0631919282457222   -0.02368445412487   -0.0151744427357932   0
0.207725101703405   0.0239935183932849   0.144533173457683   0
0.244004584335628   0.0192346617478844   0.0362794826322227   0
0.165997248825515   0.0092911188681168   -0.0780073355101126   0
0.16689552358224   -0.0122516943862538   0.000898274756724715   0
0.168719922711457   -0.0638324630667876   0.001824399129217   0
0.136321465154208   0.0599320216258095   -0.0323984575572487   0
0.158400743056969   0.0933316638576826   0.0220792779027611   0
0.207970893070401   -0.119733774014517   0.0495701500134313   0
0.223574129818277   -0.0112192347596959   0.0156032367478769   0
0.253645060677317   0.128313248010384   0.0300709308590399   0
0.259072640030745   -0.1501949592309   0.00542757935342764   0
0.237567608247631   0.0301936804994663   -0.0215050317831137   0
0.237222507665799   0.0669129228099951   -0.000345100581832403   0
0.24205102128322   -0.0866819140072232   0.00482851361742148   0
0.222504988563178   0.00367168083912946   -0.0195460327200423   0
0.206540940672788   0.163602855298034   -0.0159640478903904   0
0.207159523151242   -0.0250704581539963   0.000618582478454394   0
0.21592703941899   -0.120303458683336   0.00876751626774783   0
0.217150975749592   -0.0257008465030721   0.00122393633060233   0
0.1980688212149   0.0817065490398981   -0.0190821545346923   0
0.227298254413117   -0.104819010085357   0.0292294331982169   0
0.223514030935979   0.0130507680084985   -0.00378422347713739   0
0.23736241447784   0.119524798472508   0.0138483835418607   0
0.26241136055676   -0.0215282317822668   0.02504894607892   0
0.238094443004241   -0.0980553429750831   -0.0243169175525187   0
0.225408175118495   0.117594059347051   -0.0126862678857467   0
0.251777248845582   -0.0969793563886486   0.0263690737270869   0
0.239992778129364   -0.00536068832053947   -0.011784470716218   0
0.287881291264733   0.156263127383557   0.0478885131353692   0
0.375353689685475   -0.153913681979236   0.0874723984207423   0
0.368451572330408   -0.0285794976438988   -0.00690211735506702   0
0.347672354406415   0.0797725898029877   -0.020779217923993   0
0.314159579164395   -0.0773054472904717   -0.0335127752420199   0
0.289536591253593   0.0440537407695667   -0.0246229879108027   0
0.266520539149894   0.0927221771788989   -0.023016052103699   0
0.282589953661219   -0.0757700585321809   0.0160694145113255   0
0.290883437987624   -0.0370980637737852   0.00829348432640503   0
0.277019718868982   0.090737744665922   -0.0138637191186419   0
0.29104717308969   -0.0884152857400077   0.0140274542207078   0
0.28139761057843   0.00832111726180219   -0.00964956251125959   0
0.258882239360872   0.0728299079442757   -0.0225153712175581   0
0.285031028884137   -0.080161797986911   0.0261487895232651   0
0.289987861488201   -0.00260263515082461   0.00495683260406343   0
0.267809448651929   0.0920408985573721   -0.0221784128362723   0
0.283474087058235   -0.0654268762798383   0.0156646384063067   0
0.283198557052733   -0.0205850311956512   -0.000275530005502456   0
0.248390101798059   0.0901006414798023   -0.0348084552546741   0
0.26539968123615   -0.055244576976878   0.0170095794380912   0
0.277941206190716   -0.0352230244856655   0.0125415249545658   0
0.262158291519647   0.0777909801984983   -0.0157829146710692   0
0.283291513742911   -0.0737207208889257   0.0211332222232645   0
0.276199903879871   -0.0181122134056074   -0.00709160986304008   0
0.247387768560816   0.0692350536658177   -0.0288121353190548   0
0.259775753684307   -0.0381016981298471   0.0123879851234912   0
0.258108543020664   -0.0240409721997305   -0.00166721066364345   0
0.257011482723049   0.10663810393656   -0.00109706029761525   0
0.281014944695562   -0.0944114338591947   0.0240034619725136   0
0.283914629327638   -0.00370398728291163   0.00289968463207546   0
0.243753399651164   0.153357279194317   -0.040161229676474   0
0.228246337178365   -0.0812869622371865   -0.0155070624727986   0
0.223508985851403   -0.0761844041092529   -0.00473735132696262   0
0.230371381360755   0.154868748846838   0.00686239550935255   0
0.295452178151067   -0.127397550766824   0.065080796790312   0
0.267382243838405   -0.0366002243366235   -0.0280699343126627   0
0.265272271059849   0.103864506377928   -0.00210997277855551   0
0.264715912822237   -0.106034279218056   -0.000556358237612409   0
0.290730779528501   0.00589399882621942   0.0260148667062647   0
0.27478567717685   0.0796834863882082   -0.0159451023516514   0
0.261096913104434   0.146704408448395   -0.0136887640724162   0
0.264015442771476   -0.0985817288291566   0.00291852966704204   0
0.273515832140463   -0.135097632454919   0.00950038936898739   0
0.26592509058923   0.0554170140453365   -0.00759074155123352   0
0.267534886723096   0.00809742268207853   0.00160979613386669   0
0.268782285330823   -0.0746084401999986   0.00124739860772677   0
0.258814750881651   0.0743753590208112   -0.00996753444917176   0
0.265147081011846   -0.0385236872220655   0.00633233013019474   0
0.272668608055222   -0.021931249986812   0.00752152704337633   0
0.291930704912039   0.167135946236845   0.0192620968568166   0
0.305813101405319   -0.10842645875277   0.0138823964932802   0
0.310580951647296   -0.0156035234451391   0.00476785024197685   0
0.271512531833551   0.0922666429344399   -0.0390684198137453   0
0.237059461109133   -0.151305586219668   -0.0344530707244178   0
0.250873425309956   0.0116289110038557   0.013813964200823   0
0.246594237137144   0.094200733463104   -0.00427918817281187   0
0.273779627508147   -0.0733113994308521   0.0271853903710035   0
0.287984556997854   -0.00728508144413481   0.0142049294897062   0
0.277159225845451   0.1199902564542   -0.0108253311524022   0
0.262657489667152   -0.09560297919712   -0.0145017361782996   0
0.293733584430688   -0.0216622810952846   0.031076094763536   0
0.302987742214929   0.0699309160200456   0.00925415778424071   0
0.312295910180153   -0.0580864249991535   0.00930816796522416   0
0.282242875534973   0.00698350639250785   -0.0300530346451802   0
0.313267716649434   0.0944957454032452   0.0310248411144613   0
0.335785125524121   -0.111473788433126   0.0225174088746877   0
0.307550238687113   0.00959015855308346   -0.0282348868370087   0
0.297473861766879   0.144004336005881   -0.0100763769202342   0
0.323673187579694   -0.0243801887447655   0.0261993258128157   0
0.347775402255896   -0.0597026960367215   0.0241022146762013   0
0.366065887064405   0.0416799133777981   0.0182904848085098   0
0.37069322958816   0.107395526959397   0.0046273425237543   0
0.356910355255   -0.198495888593651   -0.0137828743331601   0
0.365403219387159   0.0466969620884308   0.00849286413215916   0
0.34602205488704   0.0395291296081927   -0.0193811645001182   0
0.353151281555795   -0.0832870344341492   0.00712922666875404   0
0.3634815989022   0.0943867115532534   0.0103303173464058   0
0.356831135417721   0.0464866253043803   -0.00665046348447917   0
0.359158988400712   0.146859233537532   0.00232785298299054   0
0.367167434726311   -0.118342731857913   0.00800844632559955   0
0.37103687757789   -0.130544238447479   0.00386944285157859   0
0.351844795125368   -0.00942246158135218   -0.0191920824525214   0
0.342184277687772   0.0199667773137835   -0.00966051743759605   0
0.356031570125814   -0.0407864501482824   0.0138472924380417   0
0.356487828590656   0.0239990818799083   0.000456258464841541   0
0.360685529419382   0.0216961915983241   0.00419770082872661   0
0.354206124217203   -0.0473184554521146   -0.00647940520217943   0
0.332684864991256   0.129217403754911   -0.0215212592259472   0
0.329701268053658   -0.0279934762572917   -0.00298359693759764   0
0.354277075715463   -0.0640509792240116   0.0245758076618052   0
0.337440919710655   0.0782336093717153   -0.0168361560048084   0
0.340738013130253   -0.0748795410530585   0.00329709341959827   0
0.347533499822017   -0.0164134032752188   0.00679548669176416   0
0.342245886856537   0.029864205421798   -0.00528761296548058   0
0.353010860363421   -0.0477118557752018   0.0107649735068842   0
0.350692758274961   -0.0040626928453445   -0.00231810208846001   0
0.340553388110899   0.0793403679245749   -0.010139370164062   0
0.36158958587534   -0.0386897595992826   0.0210361977644415   0
0.344907930631132   -0.00365231755709505   -0.0166816552442078   0
0.336403503659296   0.0643027880649448   -0.00850442697183634   0
0.335374860580664   -0.0982494741401519   -0.00102864307863171   0
0.336238333051498   0.007151601907501   0.000863472470833571   0
0.335986664916664   0.0485435557201393   -0.000251668134834127   0
0.332816281334012   -0.0775210757105264   -0.00317038358265204   0
0.349630675423371   0.0296753561487231   0.0168143940893591   0
0.350861553318756   0.0619507045130053   0.00123087789538479   0
0.374187409673281   -0.0644690825908741   0.0233258563545257   0
0.35129830429494   0.0602459915259599   -0.0228891053783416   0
0.347835224704892   0.102738684347812   -0.00346307959004799   0
0.357866014265814   -0.142846500154557   0.0100307895609226   0
0.376597075911046   -0.0284854714589129   0.0187310616452315   0
0.35630092495249   0.0494264010529137   -0.0202961509585557   0
0.35768007770298   0.20759511285498   0.00137915275049016   0
0.346825219324046   -0.138386521469486   -0.0108548583789345   0
0.35788028920987   -0.115248090564976   0.0110550698858239   0
0.354207073610201   0.0903386385636889   -0.00367321559966849   0
0.356051692319462   -0.10331787026317   0.00184461870926034   0
0.352636290038688   -0.0478371666584614   -0.00341540228077308   0
0.329753295357681   0.092492827290711   -0.0228829946810075   0
0.341295180490437   -0.0459187861666359   0.0115418851327561   0
0.353865410279459   0.0736060673269983   0.0125702297890221   0
0.362805178734056   -0.0108058895596217   0.00893976845459632   0
0.367071878582724   -0.0426590030420172   0.00426669984866834   0
0.35376749766372   0.10373687316888   -0.013304380919004   0
0.354682689384822   -0.0754257273758625   0.000915191721101993   0
0.351168627272212   -0.0362566512983707   -0.00351406211260952   0
0.345162747364558   0.0754361464890349   -0.00600587990765389   0
0.351656725758231   -0.0537829331264983   0.00649397839367299   0
0.369454533595475   -0.0198890316544303   0.0177978078372436   0
0.366548038693771   0.037598049339544   -0.00290649490170436   0
0.364540022688182   -0.00590263810038513   -0.00200801600558903   0
0.416949153226146   0.0813626836672796   0.0524091305379641   0
0.384557877311725   -0.0980166261319973   -0.0323912759144204   0
0.374680841026399   0.0447800840799403   -0.00987703628532599   0
0.401666555638193   -0.0386316895485332   0.0269857146117941   0
0.399639421107015   0.0444548211031024   -0.00202713453117859   0
0.398972142963328   0.00280239658145925   -0.000667278143687222   0
0.426709583541898   -0.0316286619281158   0.0277374405785703   0
0.427239747871731   0.00369372676477406   0.000530164329832716   0
0.416085684503204   0.0855030747467828   -0.0111540633685265   0
0.403369775209732   -0.0682636138239973   -0.0127159092934719   0
0.420623897728719   0.00989249572927706   0.0172541225189868   0
0.382218143327865   0.0304404698360542   -0.0384057544008546   0
0.419601160303746   0.0258522471661185   0.0373830169758815   0
0.428431218622371   -0.0756053557826197   0.00883005831862516   0
0.414569282650681   0.0310572848343915   -0.0138619359716905   0
0.429790517034462   0.116679299471703   0.0152212343837811   0
0.441769578973304   -0.161662699868125   0.0119790619388419   0
0.412691696184028   -0.0131538759132694   -0.0290778827892758   0
0.463893148725814   0.125194929058039   0.0512014525417859   0
0.443183484287265   -0.137375093829259   -0.0207096644385493   0
0.453573719184103   0.0818887537400733   0.010390234896839   0
0.479645570317292   0.119988586498524   0.0260718511331881   0
0.432856344766078   -0.249767353394246   -0.0467892255512134   0
0.382983024964227   0.0684703620950235   -0.0498733198018509   0
0.412370700143997   0.11513605859508   0.0293876751797694   0
0.398267967499898   -0.158972658850845   -0.0141027326440984   0
0.396784714645738   -0.0158273791226081   -0.00148325285416001   0
0.370434253555877   0.132526560075534   -0.0263504610898609   0
0.376788314569998   0.0758846871054811   0.006354061014121   0
0.379785908336197   -0.117878858511441   0.00299759376619835   0
0.408087927187573   -0.0898466497267276   0.0283020188513765   0
0.376643231281939   0.109118816960781   -0.0314446959056344   0
0.374777382461575   -0.0227033187626179   -0.00186584882036339   0
0.38548131932462   -0.0817279639200726   0.0107039368630451   0
0.37339132421161   0.0406154620878495   -0.01208999511301   0
0.381370646046926   0.0439142866717278   0.00797932183531591   0
0.386403006515542   -0.0937708304922511   0.0050323604686156   0
0.382591768601338   0.0891508819071272   -0.00381123791420368   0
0.376739492470593   0.0491576615405176   -0.00585227613074529   0
0.426173694763649   -0.0898847460347996   0.0494342022930562   0
0.432632430066506   0.0405235161794817   0.00645873530285651   0
0.458143924996283   0.0454775969449359   0.0255114949297776   0
0.443029775722524   -0.123487421252549   -0.0151141492737591   0
0.41823415270157   0.0911512276223665   -0.0247956230209543   0
0.412976806476163   -0.0239922532142306   -0.00525734622540702   0
0.403579697899699   -0.0772908579066816   -0.00939710857646353   0
0.398797528617593   0.132873967522514   -0.00478216928210606   0
