0.076505663273641   0.127676963735632   0   0   0
0.0165302926948659   0.135914853662836   -0.0599753705787751   0.00823788992720309   0
0.0844181863078833   0.114262639652031   0.0678878936130174   -0.0216522140108041   0
0.0562906732251445   0.099555414498773   -0.0281275130827388   -0.0147072251532585   0
0.0877723733398387   0.0835079221521078   0.0314817001146942   -0.0160474923466652   0
0.077003602301256   0.0749276146103926   -0.0107687710385827   -0.00858030754171518   0
0.0440450345136657   0.0737078763078445   -0.0329585677875903   -0.00121973830254818   0
0.0829206185849455   0.0725050724882232   0.0388755840712798   -0.00120280381962128   0
0.101982220316005   0.0702412319761157   0.0190616017310592   -0.00226384051210748   0
0.0595156339461859   0.0615167438141438   -0.0424665863698187   -0.00872448816197191   0
0.0337049778835946   0.0708440863463917   -0.0258106560625914   0.00932734253224789   0
0.0098394546026418   0.06327313786691   -0.0238655232809528   -0.0075709484794817   0
0.0225701421417766   0.0240013787922824   0.0127306875391348   -0.0392717590746276   0
0.0327344507174994   0.0271661252057135   0.0101643085757228   0.00316474641343103   0
0.0580987654735632   0.0271789242945706   0.0253643147560638   1.27990888571447e-05   0
0.0583274502871298   0.0477946567362399   0.000228684813566624   0.0206157324416693   0
0.0222442697405422   0.0279890211094458   -0.0360831805465876   -0.0198056356267941   0
0.0454140624412846   0.0274188008509216   0.0231697927007425   -0.000570220258524139   0
0.0493523488260691   0.042868337091407   0.00393828638478443   0.0154495362404854   0
0.0635390543036305   0.034206511827465   0.0141867054775614   -0.00866182526394203   0
0.0203986839706144   0.0342978509280829   -0.0431403703330161   9.13391006179889e-05   0
0.043514018284801   0.0221722170971917   0.0231153343141867   -0.0121256338308912   0
0.0631945332379313   0.0404365198590952   0.0196805149531302   0.0182643027619035   0
0.0713967238361117   0.0240253758481527   0.00820219059818043   -0.0164111440109425   0
0.19397370706753   0.0472542882717008   0.122576983231418   0.0232289124235481   0
0.306512944904453   0.0565336024191586   0.112539237836922   0.00927931414745784   0
0.346282817865051   0.0787347479849431   0.0397698729605983   0.0222011455657844   0
0.355136320347553   0.0977763514908385   0.00885350248250244   0.0190416035058954   0
0.356960168150453   0.144344054052289   0.00182384780290007   0.04656770256145   0
0.321004340540747   0.157960321480586   -0.0359558276097062   0.0136162674282972   0
0.287776459895524   0.153058204236983   -0.0332278806452234   -0.00490211724360273   0
0.24928439958409   0.171966330673333   -0.0384920603114343   0.0189081264363497   0
0.199374866205949   0.17183299961053   -0.0499095333781407   -0.000133331062802389   0
0.199685917648416   0.163928062966212   0.000311051442467181   -0.00790493664431821   0
0.198883613344589   0.170974797465072   -0.000802304303826967   0.0070467344988602   0
0.212523687783268   0.175793540917435   0.013640074438679   0.00481874345236299   0
0.219379764444581   0.172138554072468   0.00685607666131327   -0.00365498684496726   0
0.19601452215063   0.176360634831168   -0.0233652422939509   0.00422208075869973   0
0.197318515343087   0.186654035705768   0.00130399319245644   0.0102934008746   0
0.187076930980279   0.175896642925583   -0.0102415843628081   -0.0107573927801848   0
0.197574125089319   0.119409593258886   0.0104971941090405   -0.0564870496666973   0
0.267332285940176   0.138806594908924   0.0697581608508567   0.0193970016500379   0
0.262373216584696   0.148003704319216   -0.00495906935547963   0.00919710941029273   0
0.228472733977077   0.14984035928781   -0.0339004826076198   0.00183665496859375   0
0.205109865102803   0.162031125674976   -0.0233628688742737   0.0121907663871664   0
0.201454643629006   0.160981579900691   -0.00365522147379643   -0.00104954577428559   0
0.214954161813629   0.160647255005657   0.013499518184623   -0.000334324895034099   0
0.21963507794749   0.160398960911698   0.00468091613386054   -0.00024829409395849   0
0.232672264013139   0.154334339476678   0.0130371860656493   -0.00606462143502021   0
0.2301756952417   0.157792554672115   -0.00249656877143922   0.00345821519543729   0
0.214715116405436   0.163667766789776   -0.0154605788362639   0.00587521211766068   0
0.211286550977576   0.157853585439364   -0.00342856542785977   -0.00581418135041228   0
0.241333508906244   0.162316024089383   0.0300469579286673   0.0044624386500195   0
0.23699944645716   0.161104943778745   -0.00433406244908421   -0.00121108031063849   0
0.225232424293218   0.154369423921004   -0.0117670221639419   -0.00673551985774118   0
0.212397997205718   0.146149491640657   -0.0128344270875   -0.00821993228034643   0
0.221886101678316   0.168383774770641   0.00948810447259854   0.022234283129984   0
0.235865023023762   0.165113488483789   0.0139789213454464   -0.00327028628685241   0
0.219543408131513   0.15960895297593   -0.0163216148922497   -0.00550453550785912   0
0.208106613825606   0.157716198900311   -0.0114367943059066   -0.00189275407561845   0
0.206647036513955   0.164749847577545   -0.00145957731165086   0.00703364867723413   0
0.199875530954167   0.165995373482938   -0.00677150555978873   0.00124552590539248   0
0.199677256706817   0.164890169995826   -0.000198274247349833   -0.00110520348711143   0
0.203733230360096   0.164721520931668   0.00405597365327937   -0.000168649064157839   0
0.181056878302952   0.16891332902406   -0.0226763520571441   0.00419180809239114   0
0.195585060812016   0.180056501006274   0.014528182509064   0.0111431719822148   0
0.210938233568502   0.17303136272385   0.0153531727564862   -0.00702513828242454   0
0.20784623624295   0.190109426723295   -0.00309199732555268   0.0170780639994455   0
0.208316303746418   0.214886548182553   0.000470067503468702   0.0247771214592572   0
0.207129523976786   0.210869066175797   -0.00118677976963216   -0.00401748200675597   0
0.20839093073243   0.211743946219036   0.00126140675564379   0.000874880043239351   0
0.207884253569721   0.222883807373618   -0.000506677162709024   0.0111398611545819   0
0.227617274408161   0.2326012755175   0.01973302083844   0.00971746814388169   0
0.244643684081646   0.214933659871953   0.0170264096734847   -0.0176676156455463   0
0.247684853549829   0.208472336151269   0.00304116946818297   -0.0064613237206842   0
0.243180831237189   0.231041158407956   -0.00450402231263994   0.0225688222566865   0
0.223986001712696   0.237056180167571   -0.0191948295244922   0.00601502175961574   0
0.223163333366483   0.239364370648208   -0.000822668346213418   0.0023081904806363   0
0.21781970242097   0.235918377368636   -0.00534363094551274   -0.00344599327957185   0
0.207309468285966   0.239522723132903   -0.0105102341350041   0.00360434576426713   0
0.214202126134879   0.254967463390922   0.0068926578489126   0.0154447402580193   0
0.219176381672987   0.247136868490086   0.00497425553810837   -0.00783059490083618   0
0.219342549891716   0.273818565983942   0.000166168218729112   0.0266816974938562   0
0.230795685143397   0.275742130678738   0.0114531352516807   0.00192356469479543   0
0.243874062700177   0.285130204179271   0.0130783775567804   0.00938807350053295   0
0.260914317873148   0.28001304189598   0.0170402551729705   -0.00511716228329029   0
0.24848855079317   0.281670089920344   -0.0124257670799774   0.00165704802436328   0
0.224490747816519   0.266280794507715   -0.0239978029766512   -0.0153892954126284   0
0.203746553194723   0.27860596327333   -0.0207441946217963   0.0123251687656147   0
0.218457925450188   0.286802154807979   0.0147113722554654   0.00819619153464923   0
0.217952673148461   0.299847057813963   -0.000505252301726961   0.0130449030059838   0
0.206752372015341   0.274100811155134   -0.0112003011331202   -0.0257462466588287   0
0.202948477930681   0.261124287317431   -0.00380389408466036   -0.0129765238377034   0
0.205549900835028   0.26751785132337   0.00260142290434764   0.00639356400593899   0
0.206955297055603   0.268704634429093   0.00140539622057492   0.00118678310572329   0
0.205243640701582   0.257851977289534   -0.00171165635402151   -0.0108526571395587   0
0.199441595348112   0.243264129274483   -0.00580204535346995   -0.0145878480150511   0
0.190381286934404   0.251384292966113   -0.0090603084137075   0.00812016369162974   0
0.213816434843279   0.261054991363319   0.0234351479088743   0.00967069839720591   0
0.208426070564873   0.265598570979914   -0.00539036427840517   0.00454357961659529   0
0.212500572046383   0.296085657143756   0.00407450148150953   0.0304870861638421   0
0.226237872300572   0.305284223171211   0.0137373002541892   0.00919856602745511   0
0.234314866824557   0.306643011800025   0.00807699452398503   0.00135878862881322   0
0.242024329460676   0.312287796743329   0.0077094626361191   0.00564478494330389   0
0.239444930372581   0.298927315398748   -0.00257939908809568   -0.0133604813445806   0
0.236172048323018   0.293183947484237   -0.00327288204956258   -0.00574336791451063   0
0.234828608440284   0.299156539811935   -0.00134343988273453   0.00597259232769798   0
0.2599119065946   0.301951761656146   0.0250832981543163   0.00279522184421077   0
0.334534930960595   0.334720588164591   0.074623024365995   0.0327688265084454   0
0.624184152571178   0.357206988762818   0.289649221610583   0.0224864005982267   0
1.02048336472919   0.460769770923886   0.396299212158007   0.103562782161068   0
1.15464090956193   0.38066457306269   0.134157544832744   -0.0801051978611957   0
1.10978231551327   0.424799751442959   -0.0448585940486574   0.0441351783802694   0
0.963022791905259   0.437815667064633   -0.146759523608013   0.0130159156216741   0
0.804386984799605   0.448126510253622   -0.158635807105654   0.0103108431889891   0
0.695558927371362   0.440533140081436   -0.108828057428243   -0.00759337017218659   0
0.609225102920095   0.450759180526659   -0.0863338244512676   0.0102260404452232   0
0.585313327380301   0.46265499795913   -0.0239117755397933   0.0118958174324708   0
0.570621410739205   0.458518849655739   -0.0146919166410968   -0.00413614830339054   0
0.56688342379805   0.458852919731435   -0.00373798694115413   0.000334070075695359   0
0.570759889153924   0.448795996618174   0.00387646535587383   -0.0100569231132608   0
0.595700085335733   0.455366826013106   0.0249401961818091   0.0065708293949317   0
0.585241562930214   0.460225511141277   -0.010458522405519   0.00485868512817172   0
0.604009396282872   0.443871074274513   0.0187678333526581   -0.0163544368667646   0
0.6052504461791   0.440316758983803   0.00124104989622797   -0.00355431529071021   0
0.602659549949223   0.448802686812983   -0.0025908962298774   0.00848592782918045   0
0.581267986286016   0.448276901667652   -0.021391563663207   -0.000525785145330693   0
0.559368260996278   0.453349866920958   -0.021899725289738   0.00507296525330542   0
0.54648204911232   0.455031514267213   -0.012886211883958   0.00168164734625487   0
0.559526590945632   0.450930028556815   0.0130445418333116   -0.00410148571039748   0
0.53760846789555   0.446986563907376   -0.021918123050082   -0.00394346464943934   0
0.548719305367508   0.452082598195631   0.0111108374719581   0.0050960342882555   0
0.529264566805676   0.443975351836701   -0.0194547385618314   -0.00810724635893012   0
0.537319259811148   0.43593314181513   0.0080546930054719   -0.00804221002157141   0
0.547318120129418   0.433197338510063   0.00999886031827002   -0.00273580330506629   0
0.552419164291935   0.453129552223016   0.00510104416251711   0.0199322137129526   0
0.534068884308944   0.440824985439562   -0.0183502799829913   -0.0123045667834536   0
0.52451448997716   0.415436343806492   -0.00955439433178418   -0.02538864163307   0
0.510345268395818   0.42278542616829   -0.0141692215813413   0.00734908236179743   0
0.492829206009232   0.431059203519493   -0.0175160623865864   0.00827377735120349   0
0.50100276682211   0.436094923257429   0.0081735608128784   0.00503571973793515   0
0.488816415629314   0.443405454699917   -0.0121863511927967   0.00731053144248822   0
0.514619140045335   0.449635117689766   0.0258027244160212   0.0062296629898495   0
0.515817359492679   0.447623255203639   0.00119821944734444   -0.00201186248612684   0
0.506244561517455   0.449234653535867   -0.00957279797522459   0.00161139833222707   0
0.511814638224621   0.454804073668541   0.00557007670716658   0.00556942013267481   0
0.506307923309521   0.466340480189636   -0.00550671491510024   0.0115364065210944   0
0.510952796991072   0.471925585853469   0.00464487368155131   0.00558510566383341   0
0.475234314258766   0.462847104771082   -0.035718482732306   -0.00907848108238757   0
0.480747889431207   0.473023089499075   0.0055135751724405   0.0101759847279936   0
0.465659130977542   0.480761155941544   -0.0150887584536645   0.00773806644246933   0
0.404919527533817   0.469549510790928   -0.060739603443725   -0.0112116451506163   0
0.319629843357068   0.460886019435934   -0.085289684176749   -0.00866349135499428   0
0.38320962680105   0.446310704999051   0.0635797834439815   -0.0145753144368828   0
0.73355103378429   0.563254389138913   0.35034140698324   0.116943684139862   0
1.27223342878774   0.765437694309602   0.538682395003447   0.202183305170689   0
1.57701894597909   0.537186992958041   0.304785517191354   -0.228250701351561   0
1.71810448643294   0.524098820736605   0.141085540453851   -0.013088172221436   0
1.84647911796722   0.610625016144319   0.128374631534278   0.0865261954077141   0
1.53654944867811   1.29987923461162   -0.30992966928911   0.689254218467304   1
1.12048546910391   1.47543120507269   -0.416063979574203   0.175551970461066   1
0.670317274973732   1.41027003560967   -0.450168194130174   -0.0651611694630196   0
0.621070712012029   1.48147371424006   -0.0492465629617034   0.0712036786303933   0
0.496843395441622   1.4238732589604   -0.124227316570407   -0.057600455279667   0
0.50217367878952   1.30471607598358   0.00533028334789798   -0.119157182976813   0
0.563595342749565   1.3897563791183   0.0614216639600453   0.0850403031347138   0
0.516891182143785   1.37960465586205   -0.0467041606057799   -0.0101517232562456   0
0.552708831565952   1.36304625881626   0.0358176494221666   -0.0165583970457923   0
0.564321579380055   1.36264379118325   0.0116127478141032   -0.000402467633012993   0
0.561557481455817   1.3866231813237   -0.00276409792423837   0.0239793901404506   0
0.487112528240652   1.41849816821604   -0.0744449532151648   0.0318749868923391   0
0.416579044920649   1.43035660175015   -0.0705334833200031   0.0118584335341188   0
0.367531379911974   1.48073990349217   -0.0490476650086746   0.050383301742015   0
0.406162293105847   1.49585211323488   0.0386309131938727   0.0151122097427081   0
0.411203541791653   1.48326713466161   0.00504124868580635   -0.0125849785732723   0
0.461051346304292   1.44002002039173   0.0498478045126384   -0.0432471142698749   0
0.405468315154218   1.45799909038037   -0.055583031150074   0.017979069988644   0
0.397048854813863   1.53014502865946   -0.00841946034035485   0.0721459382790823   0
0.409963176332948   1.6489251869361   0.0129143215190853   0.118780158276642   0
0.446195844021434   1.64164034942379   0.0362326676884859   -0.00728483751231335   0
0.447209338418821   1.64384202252802   0.00101349439738724   0.00220167310423069   0
0.461110175638101   1.64603562967521   0.0139008372192792   0.00219360714718864   0
0.434641021768539   1.59618508777053   -0.0264691538695612   -0.0498505419046795   0
0.406552800966861   1.61143750096529   -0.0280882208016786   0.0152524131947616   0
0.427701640140648   1.59527190763957   0.0211488391737867   -0.0161655933257145   0
0.429363922175583   1.58016538280658   0.00166228203493535   -0.0151065248329976   0
0.418151419805075   1.60059178900618   -0.011212502370508   0.0204264061996036   0
0.418032243584152   1.59802397453198   -0.000119176220922668   -0.0025678144741943   0
0.39718465749573   1.57603498789089   -0.0208475860884227   -0.0219889866410905   0
0.347527001726485   1.65529444758327   -0.049657655769245   0.079259459692375   0
0.351583946055562   1.64089245555894   0.00405694432907699   -0.0144019920243283   0
0.430299376906358   1.6446570192962   0.0787154308507965   0.00376456373725609   0
0.420041274902836   1.6404876353945   -0.0102581020035218   -0.00416938390169297   0
0.40759632477612   1.66161860176493   -0.0124449501267166   0.0211309663704289   0
0.374607625854039   1.66856809583285   -0.0329886989220802   0.00694949406791379   0
0.435997409406295   1.63401736391661   0.0613897835522551   -0.0345507319162326   0
0.449617382334135   1.645929652977   0.0136199729278408   0.01191228906039   0
0.425025124457367   1.67955705668935   -0.0245922578767687   0.0336274037123487   0
0.379204285420141   1.72487596645382   -0.0458208390372253   0.045318909764468   0
0.407086903854693   1.71326680250158   0.0278826184345517   -0.0116091639522371   0
0.430655995192218   1.65959506257822   0.0235690913375254   -0.053671739923365   0
0.413354595440767   1.68187199075532   -0.0173013997514516   0.0222769281770978   0
0.413352719206007   1.69388563258038   -1.87623475988996e-06   0.0120136418250687   0
0.367857075321381   1.71254121452419   -0.0454956438846261   0.0186555819438088   0
0.4081074987635   1.69082415132303   0.040250423442119   -0.0217170632011621   0
0.434863738127244   1.67122894718647   0.0267562393637439   -0.0195952041365608   0
0.384640543513031   1.68003748167742   -0.0502231946142126   0.00880853449094743   0
0.354819043205125   1.70920466922484   -0.0298215003079066   0.0291671875474235   0
0.372722939794427   1.67965076040497   0.0179038965893024   -0.0295539088198695   0
0.383221230104753   1.69749400021944   0.010498290310326   0.017843239814469   0
0.343744540022093   1.73660859614717   -0.0394766900826603   0.0391145959277304   0
0.288951234736936   1.72386334255764   -0.0547933052851564   -0.0127452535895312   0
0.349370718048894   1.67282108951884   0.0604194833119581   -0.0510422530387999   0
0.363282916922885   1.66767407759887   0.013912198873991   -0.00514701191996814   0
0.361177932822591   1.64472477099704   -0.00210498410029442   -0.0229493066018369   0
0.311158858750639   1.7246752375538   -0.050019074071952   0.079950466556763   0
0.300541050805044   1.76825941851896   -0.010617807945595   0.0435841809651589   0
0.357737219022567   1.74106248130452   0.057196168217523   -0.0271969372144378   0
0.368663787444604   1.7519414567345   0.0109265684220369   0.0108789754299796   0
0.379412416857962   1.71568462848916   0.0107486294133583   -0.0362568282453353   0
0.364973159521354   1.77837001934946   -0.0144392573366077   0.0626853908602967   0
0.455324553957943   1.69586453908655   0.0903513944365889   -0.0825054802629068   0
1.0533348139286   1.47647670432384   0.598010259970657   -0.21938783476271   0
1.76775899294559   1.2279419341566   0.714424179016987   -0.248534770167244   1
1.53931216690183   0.847450781232285   -0.22844682604376   -0.380491152924315   0
1.38140419322586   0.874645704638741   -0.157907973675964   0.0271949234064562   0
1.23081992588802   0.832886015084297   -0.15058426733784   -0.041759689554444   0
1.04566132066028   0.89390603131775   -0.185158605227744   0.0610200162334527   0
0.891115550925356   1.01306749103404   -0.154545769734924   0.119161459716288   0
0.730406601801353   1.09169561429594   -0.160708949124003   0.078628123261907   0
0.648311944061653   1.08648899492137   -0.0820946577396998   -0.00520661937457434   0
0.618121008918157   1.10920249497567   -0.0301909351434964   0.0227135000542991   0
0.5904409306562   1.13268102507083   -0.0276800782619563   0.0234785300951579   0
0.603342735004276   1.11938351916144   0.0129018043480756   -0.0132975059093874   0
0.60909027856908   1.1499280483515   0.00574754356480445   0.0305445291900646   0
0.574520140148246   1.13188315976529   -0.0345701384208347   -0.0180448885862174   0
0.565528639512837   1.15491324427649   -0.0089915006354091   0.0230300845112041   0
0.554234445856625   1.15390669414689   -0.0112941936562118   -0.00100655012960305   0
0.546747454803404   1.15361951983745   -0.00748699105322126   -0.00028717430943348   0
0.525449785446716   1.05393694033206   -0.0212976693566876   -0.0996825795053968   0
0.569817685233619   1.05481012719707   0.0443678997869031   0.000873186865012476   0
0.639565869990731   1.08710026644337   0.0697481847571113   0.0322901392463013   0
0.666232835367636   1.1192215858494   0.0266669653769058   0.0321213194060299   0
0.654265038135158   1.11500871151182   -0.0119677972324781   -0.00421287433758133   0
0.609192918371512   1.16339395155564   -0.045072119763646   0.0483852400438209   0
0.592585134206892   1.18892637187822   -0.0166077841646204   0.0255324203225755   0
0.588495238837155   1.21750864163925   -0.00408989536973692   0.0285822697610323   0
0.570242720298997   1.19625875600766   -0.0182525185381581   -0.0212498856315868   0
0.54546723800243   1.18021822474585   -0.0247754822965665   -0.0160405312618104   0
0.518425221674255   1.19986801108049   -0.0270420163281757   0.0196497863346377   0
0.517201939513958   1.20705056108899   -0.00122328216029655   0.00718255000850232   0
0.498030554181167   1.15554683534399   -0.0191713853327914   -0.0515037257450064   0
0.426997857554344   1.18278910771659   -0.0710326966268225   0.0272422723726014   0
0.724676814484222   1.31692565715096   0.297678956929878   0.134136549434378   0
0.670924828091792   1.33842740737488   -0.0537519863924307   0.0215017502239181   0
0.499322013133048   1.36421282594478   -0.171602814958743   0.0257854185698998   0
0.407667184023929   1.37071045079523   -0.0916548291091192   0.00649762485044292   0
0.404440519544024   1.32557903236001   -0.00322666447990516   -0.0451314184352156   0
0.363766641056653   1.36545672787386   -0.0406738784873707   0.0398776955138542   0
0.331954396330113   1.35993100565994   -0.0318122447265398   -0.00552572221392622   0
0.327707255812806   1.37779347990773   -0.00424714051730724   0.0178624742477913   0
0.362404357819066   1.38672538481931   0.0346971020062603   0.00893190491157592   0
0.368351970910921   1.36417173722189   0.00594761309185454   -0.0225536475974113   0
0.393052944308982   1.39992899170279   0.0247009733980613   0.0357572544808997   0
0.435184513789266   1.30691432080646   0.0421315694802838   -0.0930146708963375   0
0.380066646641138   1.33250817382484   -0.0551178671481277   0.0255938530183804   0
0.3256373878135   1.35832953229417   -0.0544292588276382   0.0258213584693341   0
0.289189202773617   1.4517120642624   -0.0364481850398836   0.0933825319682302   0
0.283400946902529   1.50145570798059   -0.00578825587108783   0.0497436437181908   0
0.307181068302085   1.44669069137895   0.0237801213995558   -0.0547650166016431   0
0.271244914379164   1.29679428052535   -0.0359361539229206   -0.149896410853602   0
0.276429214149102   1.32542937936212   0.00518429976993778   0.0286350988367723   0
0.289669518303186   1.3612559605324   0.0132403041540846   0.0358265811702865   0
0.301678144819011   1.40264590545734   0.0120086265158243   0.0413899449249384   0
0.313793757487   1.43317699006831   0.0121156126679891   0.030531084610963   0
0.349805052036145   1.44607936439083   0.0360112945491451   0.0129023743225283   0
0.328385335716685   1.44876844473988   -0.0214197163194597   0.00268908034904181   0
0.339098288300664   1.45488181635425   0.0107129525839785   0.00611337161437642   0
0.314735363228602   1.46710246925343   -0.0243629250720617   0.0122206528991735   0
0.32413904990297   1.44947552313802   0.00940368667436792   -0.0176269461154017   0
0.34861440544246   1.43276070370116   0.0244753555394903   -0.016714819436862   0
0.314007912527694   1.45251668976857   -0.034606492914766   0.0197559860674097   0
0.277246651475613   1.46873881565384   -0.0367612610520812   0.0162221258852697   0
0.289653406570007   1.47490905322608   0.0124067550943945   0.00617023757223767   0
0.329982581396973   1.4335888155989   0.0403291748269657   -0.0413202376271822   0
0.298380227704518   1.46135746943698   -0.0316023536924552   0.0277686538380812   0
0.267507397437903   1.45490110600687   -0.0308728302666154   -0.00645636343011335   0
0.250603023417516   1.41132398454217   -0.0169043740203867   -0.0435771214646909   0
0.213118866235934   1.4032865555121   -0.0374841571815817   -0.00803742903007931   0
0.207243074039954   1.37210962746067   -0.00587579219597983   -0.031176928051428   0
0.199327305688006   1.23281403858784   -0.00791576835194785   -0.139295588872831   0
0.768215933675552   3.8648206203595   0.568888627987545   2.63200658177167   1
1.95835699036846   7.88532666232708   1.1901410566929   4.02050604196757   1
1.10445286858903   4.44860091299447   -0.853904121779425   -3.4367257493326   1
0.900656225895292   4.04301034364324   -0.20379664269374   -0.405590569351231   1
0.864730461408632   3.92028259414918   -0.0359257644866594   -0.122727749494065   0
0.87305334906651   3.89347150021253   0.00832288765787814   -0.0268110939366411   0
0.978681232426453   3.78927249848269   0.105627883359942   -0.104199001729845   0
1.05567724597949   3.71345961811031   0.076996013553037   -0.0758128803723768   0
1.06274634943864   3.78067624187129   0.00706910345915213   0.0672166237609741   0
1.07904663925384   3.75279166409541   0.0163002898151952   -0.0278845777758767   0
1.04910684478   3.75420776158566   -0.0299397944738402   0.00141609749024729   0
1.05040378001378   3.76586555932696   0.00129693523378438   0.0116577977413068   0
0.966906837947322   3.77874970963942   -0.0834969420664586   0.012884150312455   0
0.915975503518653   3.7433984126359   -0.0509313344286693   -0.0353512970035172   0
0.933994668800438   3.71496811360474   0.0180191652817848   -0.0284302990311578   0
0.988966964726431   3.71974266881797   0.0549722959259931   0.00477455521322057   0
0.959009609342831   3.76302162202797   -0.0299573553835998   0.0432789532100029   0
0.983680741272192   3.76604793624895   0.0246711319293611   0.00302631422098454   0
1.02816362520146   3.75300342604297   0.0444828839292686   -0.0130445102059857   0
1.10852953078016   3.7027906768104   0.0803659055787027   -0.0502127492325695   0
1.07070711183089   3.73698032629117   -0.037822418949272   0.034189649480771   0
1.02045049817423   3.72088526904553   -0.0502566136566589   -0.016095057245642   0
1.01849253528161   3.71584753435875   -0.00195796289262362   -0.00503773468677693   0
1.06777089739525   3.66164350507733   0.0492783621136372   -0.0542040292814194   0
1.01993366552683   3.65579162682312   -0.0478372318684144   -0.00585187825421452   0
0.954258766088109   3.69999759886746   -0.0656748994387232   0.044205972044348   0
0.939382911348855   3.71601224202774   -0.0148758547392542   0.0160146431602715   0
1.08730452068861   3.65504868178934   0.147921609339756   -0.0609635602383936   0
1.41169547312983   3.62569188374095   0.324390952441218   -0.0293567980483918   0
1.94540283316952   3.48105041123006   0.533707360039692   -0.144641472510886   0
2.28538617922949   3.52489749262656   0.339983346059967   0.0438470813964948   0
2.28649845077672   3.69802076420617   0.00111227154723537   0.173123271579613   0
2.3392091792204   3.7977369104705   0.0527107284436807   0.0997161462643246   0
2.35487604458685   3.70119122779748   0.0156668653664433   -0.0965456826730184   0
2.30745390933665   3.61472225185421   -0.0474221352501956   -0.086468975943264   0
2.28985524728981   3.65082802957425   -0.0175986620468396   0.0361057777200355   0
2.26651085258701   3.66855985860255   -0.023344394702804   0.0177318290283051   0
2.23299943701913   3.69209873068489   -0.0335114155678768   0.0235388720823391   0
2.09649430770165   3.63930307244739   -0.136505129317477   -0.0527956582375055   0
1.87824865727438   3.4624085068995   -0.218245650427278   -0.176894565547892   0
1.76375737994572   3.45862340191513   -0.114491277328654   -0.00378510498436446   0
1.65393377878015   3.36874804379906   -0.109823601165568   -0.0898753581160703   0
1.62367106859733   3.35603325189873   -0.0302627101828228   -0.012714791900327   0
1.56816622110923   3.32392143179558   -0.0555048474881021   -0.0321118201031516   0
1.56642521314425   3.31692680885108   -0.00174100796498222   -0.00699462294450548   0
1.66666908585778   3.33187325847638   0.100243872713531   0.0149464496253011   0
1.6661620349984   3.35321169824543   -0.000507050859380742   0.0213384397690515   0
1.66477795716095   3.39696114850097   -0.00138407783744254   0.0437494502555351   0
1.5457258168346   3.35787789486902   -0.119052140326352   -0.0390832536319454   0
1.4588973674505   3.31492972224903   -0.0868284493841023   -0.0429481726199947   0
1.45469048174448   3.25414202803135   -0.00420688570601646   -0.0607876942176735   0
1.44554488983808   3.28304864127079   -0.00914559190639919   0.0289066132394415   0
1.42640262261817   3.30638812270278   -0.0191422672199126   0.0233394814319841   0
1.40375997082621   3.25817549615195   -0.0226426517919629   -0.0482126265508285   0
1.39057409846941   3.27535232972729   -0.0131858723568039   0.0171768335753435   0
1.36437200971766   3.31718750616769   -0.0262020887517478   0.0418351764403946   0
1.33437245359008   3.25176557306181   -0.0299995561275814   -0.0654219331058772   0
1.30501463368117   3.21837312200202   -0.029357819908906   -0.0333924510597945   0
1.28677748959834   3.22059209077306   -0.0182371440828326   0.00221896877104699   0
1.28785666225011   3.23107049487472   0.00107917265177471   0.0104784041016623   0
1.44291587364787   3.1823423397947   0.155059211397759   -0.0487281550800254   0
1.53377574305535   3.14487458295239   0.0908598694074811   -0.0374677568423043   0
1.63361142652529   3.15056743954958   0.0998356834699397   0.00569285659718544   0
1.69149036961905   3.15079424476195   0.0578789430937605   0.000226805212364845   0
1.60741679061935   3.11582906705824   -0.0840735789997062   -0.0349651777037088   0
1.47179357075406   3.16096924156183   -0.135623219865282   0.0451401745035982   0
1.40569829900303   3.10471948146688   -0.0660952717510386   -0.0562497600949503   0
1.38882196368469   3.06754635452343   -0.0168763353183352   -0.0371731269434519   0
1.36196340137171   3.05175398386731   -0.02685856231298   -0.015792370656122   0
1.32386727741757   3.07952213481654   -0.038096123954144   0.027768150949226   0
1.25210954353763   3.06119516111763   -0.0717577338799416   -0.0183269736989051   0
1.15942421096767   3.00881189394585   -0.0926853325699568   -0.0523832671717837   0
1.14763794990798   2.97038624055021   -0.0117862610596846   -0.0384256533956395   0
1.14819373842571   3.01318364963455   0.000555788517722755   0.0427974090843444   0
1.15447946681654   3.05398239299934   0.00628572839083219   0.0407987433647916   0
1.2074537861057   2.95782440052228   0.0529743192891656   -0.0961579924770621   0
1.3907148343726   3.00980979803542   0.183261048266892   0.0519853975131355   0
1.5715705659766   3.07751626615929   0.180855731604   0.0677064681238697   0
1.73859149636308   3.06835164872363   0.167020930386479   -0.00916461743566055   0
1.80213911630817   3.06377474839454   0.0635476199450959   -0.00457690032909142   0
1.62457097421313   3.1073281729687   -0.177568142095038   0.0435534245741644   0
1.45213211955145   3.08153677811088   -0.172438854661679   -0.025791394857817   0
1.3545908949144   3.07216133108273   -0.0975412246370528   -0.00937544702815485   0
1.32041205408956   3.09630482359618   -0.034178840824846   0.0241434925134567   0
