0   0   0   0
0.0104916129449682   0.0490741850283721   0.0104916129449682   0
0.0375916898492343   0.0935486273592246   0.0271000769042661   0
0.0134073287341933   -0.0746374483252487   -0.024184361115041   0
0.0348732860983379   0.0179729957568691   0.0214659573641446   0
0.0266996730119959   0.0260291206012745   -0.00817361308634201   0
0.0377706742833726   -0.0580768383328667   0.0110710012713767   0
0.0445895885229388   0.0135145193649782   0.00681891423956624   0
0.049849146840267   0.0624792885495427   0.00525955831732814   0
0.0407170216260043   -0.00387361464361141   -0.0091321252142627   0
0.0281352191138598   -0.0678024482687528   -0.0125818025121445   0
0.0304292110665065   0.00651644209888794   0.0022939919526467   0
0.0348048638940379   0.07193779430437   0.00437565282753138   0
0.0245160369012184   -0.0312655224383245   -0.0102888269928195   0
0.0304436151471043   -0.0364726555901963   0.00592757824588597   0
0.039650582617967   0.00823923720546015   0.00920696747086265   0
0.0362924867287294   0.0811685707342907   -0.00335809588923758   0
0.0331664885006466   -0.104135009991311   -0.00312599822808277   0
0.0477792984461367   0.0181361210072949   0.01461280994549   0
0.0435936656509005   0.0596640864741264   -0.00418563279523621   0
0.045852162123094   -0.0374054777300388   0.00225849647219357   0
0.0356151404645903   -0.0470687706169737   -0.0102370216585037   0
0.0547996802604039   0.0291345260967442   0.0191845397958135   0
0.065093675469146   0.0864266209201168   0.0102939952087421   0
0.0630636920918051   -0.0959645283519999   -0.00202998337734091   0
0.0439523830156284   -0.0109768409503157   -0.0191113090761767   0
0.0946698444385671   0.0109825546153224   0.0507174614229387   0
0.103043676652925   0.0152804659143209   0.00837383221435757   0
0.0891393056339907   0.0961609903337149   -0.013904371018934   0
0.0816320865347995   -0.130592667871772   -0.00750721909919112   0
0.0583842173615867   0.00877984703063327   -0.0232478691732129   0
0.070142197031049   0.0107296573978367   0.0117579796694623   0
0.0733658464855053   0.0395362382470097   0.00322364945445626   0
0.069403902961541   -0.0345864751194124   -0.00396194352396424   0
0.0995841531595108   -0.0158076084992554   0.0301802501979698   0
0.0526124079188788   0.000151065608309457   -0.046971745240632   0
0.0728173235638505   0.0144084414845153   0.0202049156449717   0
0.077245962014739   0.0056838826491192   0.00442863845088849   0
0.108224891551112   -0.0417530655912304   0.0309789295363732   0
0.102519963192944   0.123728345381809   -0.00570492835816866   0
0.121156292366513   -0.111773686808126   0.0186363291735696   0
0.129297733109479   -0.00724672657279136   0.00814144074296565   0
0.141400778509172   -0.000653799325614837   0.0121030453996935   0
0.152636159887656   0.0627395563710693   0.0112353813784834   0
0.174442666203684   -0.0531837756456978   0.0218065063160285   0
0.225590681638781   0.0408812477430056   0.0511480154350971   0
0.246422702550922   -0.0122923460744185   0.0208320209121402   0
0.223142632398675   0.0510551066563125   -0.023280070152247   0
0.221733156577022   -0.0386255351159665   -0.00140947582165296   0
0.229439838286777   -0.01781533009747   0.00770668170975566   0
0.232525055531356   -0.0179921662952464   0.00308521724457833   0
0.233004837859544   0.0968935372015986   0.000479782328188655   0
0.251353384847046   -0.0550419349088524   0.0183485469875017   0
0.268478794929064   -0.0461603500305556   0.0171254100820182   0
0.263146492983609   -0.00782084104751069   -0.00533230194545536   0
0.420901458844731   0.108132788350439   0.157754965861122   0
0.466834613252852   -0.0848543522026888   0.0459331544081213   0
0.460793236903834   0.087012834187777   -0.00604137634901852   0
0.491076042085887   -0.0509689201566764   0.0302828051820537   0
0.444398298659347   -0.029777055855663   -0.0466777434265399   0
0.420797169940685   -0.0146594794355191   -0.0236011287186621   0
0.427826400679118   0.0196266302868776   0.00702923073843259   0
0.445849574084287   -0.0444611817407494   0.018023173405169   0
0.412963630332687   0.0718137561722175   -0.0328859437515994   0
0.459443071867912   -0.0509141231297593   0.0464794415352244   0
0.47895165913143   0.0255078250547092   0.0195085872635186   0
0.456589203092342   -0.0437147384326794   -0.0223624560390884   0
0.418099347110825   0.0454755643436736   -0.0384898559815168   0
0.434232789568566   -0.0398793897553172   0.0161334424577405   0
0.476922485712343   0.0571484800761271   0.0426896961437773   0
0.474520644468974   -0.0383980577476973   -0.00240184124336945   0
0.448927516725387   -0.00215234335319003   -0.0255931277435869   0
0.490739373407334   0.0208491194541255   0.041811856681947   0
0.491931832314051   -0.00184780948800453   0.00119245890671771   0
0.478152159100242   -0.0465700955384048   -0.0137796732138099   0
0.45738073377685   0.0625139264285793   -0.0207714253233912   0
0.455997258132656   -0.0694571620196404   -0.00138347564419444   0
0.486096850594498   0.0491968872771258   0.0300995924618424   0
0.484110788765815   0.00173919364269226   -0.00198606182868283   0
0.447486640169056   -0.0237163594912926   -0.0366241485967598   0
0.480571161617725   0.0032405210941184   0.0330845214486697   0
0.481455174164937   0.0532041888655424   0.00088401254721171   0
0.44517955039666   -0.0720194694573182   -0.036275623768277   0
0.423394775773819   0.039805213154737   -0.0217847746228411   0
0.389040648878652   -0.0154988478523024   -0.034354126895167   0
0.449962338167752   0.0438081639425329   0.0609216892890997   0
0.437116737140664   -0.0749706910733593   -0.012845601027088   0
0.412658828242484   0.0351934221927584   -0.0244579088981794   0
0.443871596568523   0.00610692104769946   0.0312127683260393   0
0.444263310262889   0.00950247544108103   0.000391713694365692   0
0.405661752034774   -0.00782030569720973   -0.0386015582281151   0
0.387387833805442   -0.0235462857849341   -0.0182739182293324   0
0.430219118815447   0.0472764778882834   0.0428312850100058   0
0.444686077029335   -0.0248553262199391   0.014466958213888   0
0.406880824033589   0.0129201296091326   -0.0378052529957463   0
0.412311785872657   -0.0211704184749457   0.0054309618390681   0
0.433543799953733   0.0322321145209564   0.0212320140810759   0
0.442882810423367   -0.0413917199386983   0.00933901046963387   0
0.4076794608196   0.0369776914252489   -0.0352033496037668   0
0.414322780119863   -0.0377134779753368   0.00664331930026296   0
0.461880294427163   0.0391242627799313   0.0475575143072996   0
0.451757243755493   -0.0417529562554995   -0.0101230506716696   0
0.421356986828571   0.0456551721875455   -0.0304002569269221   0
0.461180173729596   -0.0255257629114843   0.0398231869010248   0
0.484738633665713   0.0579004647528719   0.0235584599361174   0
0.456759965814912   -0.063841359852011   -0.0279786678508007   0
0.41873000773053   0.0281286823758533   -0.0380299580843822   0
0.425375347466912   -0.0163655010521945   0.00664533973638171   0
0.460779160023348   0.0329731276389789   0.0354038125564364   0
0.45396767982751   -0.0643786667891383   -0.00681148019583855   0
0.403973893958228   0.067681643688172   -0.0499937858692814   0
0.448034201093205   -0.0293211192315204   0.0440603071349764   0
0.488169989829199   0.0348085849606596   0.0401357887359939   0
0.494258308380469   -0.0686631990344886   0.00608831855126996   0
0.440116446882286   0.0235343734411017   -0.0541418614981825   0
0.478491240289088   0.000865003779809193   0.038374793406802   0
0.494423136510257   0.0210640149600485   0.0159318962211686   0
0.482561722220435   -0.0613439669422215   -0.0118614142898216   0
0.444787123227171   0.0575550022319918   -0.0377745989932644   0
0.438257976648518   -0.0164056635901141   -0.00652914657865333   0
0.433305228104511   0.0204169287167339   -0.00495274854400646   0
0.307640571869467   0.00786953240700605   -0.125664656235044   0
0.351667110959015   -0.0247590539819198   0.0440265390895481   0
0.376685181497962   -0.015268462916284   0.0250180705389471   0
0.369743736421538   0.0389839762738801   -0.00694144507642358   0
0.381688057272889   -0.0133487036618316   0.0119443208513511   0
0.451472816358405   0.0171180809556748   0.0697847590855156   0
0.462196830794252   -0.0277292133605146   0.0107240144358466   0
0.441643765813809   0.0331370660964881   -0.0205530649804427   0
0.441944244352274   -0.0200607356325826   0.000300478538465154   0
0.486603444954781   0.0393953211324767   0.0446592006025066   0
0.489914653579794   -0.0406209776327369   0.00331120862501383   0
0.459132228833601   0.0257380812168104   -0.0307824247461936   0
0.482800460527662   -0.0124361268569607   0.0236682316940611   0
0.514047595704447   0.0287925578799953   0.0312471351767848   0
0.508823440144624   -0.0582694207156463   -0.00522415555982259   0
0.468542642549971   0.0439417686733793   -0.0402807975946531   0
0.471407983022626   -0.029316370806137   0.00286534047265447   0
0.548272417458331   0.0146381070193898   0.0768644344357055   0
0.544518857547207   -0.0305293903549119   -0.00375355991112425   0
0.485371310671338   0.0380395822129317   -0.0591475468758685   0
0.49834096079312   -0.0400539357984801   0.0129696501217819   0
0.520917285834604   0.0285890867209069   0.0225763250414835   0
0.543512558725684   -0.0242339290965729   0.0225952728910804   0
0.495839723057615   0.0528791862569274   -0.0476728356680688   0
0.517724929326957   -0.0478929348865664   0.0218852062693417   0
0.570126210861115   0.0363506765169707   0.052401281534158   0
0.608363805874332   -0.0418095078008563   0.0382375950132176   0
0.54868855351671   0.0634954822994347   -0.0596752523576221   0
0.561109263014408   -0.0641621246639425   0.012420709497698   0
0.596735957752371   0.00991264269238523   0.035626694737963   0
0.582346339029456   -0.00933536789747016   -0.0143896187229154   0
0.557375243920332   0.0656639221349356   -0.0249710951091235   0
0.563611455008901   -0.0676918388455087   0.00623621108856809   0
0.598473403804006   0.0473161806018216   0.0348619487951051   0
0.610751283751004   -0.0106773759066985   0.0122778799469988   0
0.604375663893586   -0.0306704823710492   -0.00637561985741864   0
0.656999349592988   -0.00932993155468241   0.0526236856994027   0
0.657350901549424   0.0434954130469934   0.000351551956435103   0
0.641132779774961   -0.019196750730528   -0.0162181217744621   0
0.653923436328749   0.0390002929242009   0.012790656553788   0
0.686359209552841   -0.0726156460309015   0.0324357732240912   0
0.711561776583031   0.0656319333505328   0.0252025670301907   0
0.730765032730768   -0.01315146999145   0.0192032561477364   0
0.779427446311259   -0.0464924893786014   0.0486624135804909   0
0.725371538393429   0.0253281991048798   -0.0540559079178295   0
0.730200682398812   -0.039671274148825   0.00482914400538237   0
0.723570626239858   0.0188772525096016   -0.00663005615895373   0
0.703115596006979   -0.0291166525369661   -0.0204550302328783   0
0.694856483647883   -0.00767738015434244   -0.00825911235909693   0
0.717849085663075   0.0778740192189734   0.0229926020151923   0
0.729586674123267   -0.0426851941314307   0.0117375884601919   0
0.694550018244575   -0.033419667507966   -0.0350366558786913   0
0.724313915190016   0.0737909059332983   0.0297638969454409   0
0.736203594505462   0.00542555418463279   0.0118896793154456   0
0.732907802358232   -0.0896268603842279   -0.0032957921472303   0
0.734052269105034   0.0545017961872743   0.00114446674680269   0
0.720398416167616   0.0666999922969896   -0.0136538529374181   0
0.72223881761122   -0.0522632864583416   0.00184040144360331   0
0.676940257420859   -0.0317488581242915   -0.0452985601903604   0
0.702355762381873   0.0379782760900085   0.025415504961014   0
0.74191823058532   0.0348202711907227   0.0395624682034472   0
0.725087031201945   -0.0773333902404591   -0.0168311993833756   0
0.789155802154452   0.147379963438119   0.0640687709525071   0
0.755024911193955   -0.122409106165401   -0.0341308909604966   0
0.73191545734032   0.163822136847814   -0.0231094538536351   0
0.711144068076443   0.114446551177627   -0.0207713892638771   0
0.780247299466959   0.0114706462757059   0.0691032313905161   0
0.76548677384478   -0.0872483819693756   -0.0147605256221788   0
0.720006194952761   -0.0127342653622803   -0.0454805788920198   0
0.728099837347523   0.027272725886423   0.00809364239476285   0
0.750393732498813   0.0136254025932014   0.0222938951512895   0
0.742285021656439   0.0200048076317971   -0.00810871084237386   0
0.709653057045556   -0.0393462116822294   -0.0326319646108835   0
0.702414616177297   -0.0186784846276242   -0.0072384408682582   0
0.724162881599722   0.0111508607572356   0.0217482654224244   0
0.704625413680249   0.0101205824350826   -0.0195374679194723   0
0.701530752754354   -0.00803929770679246   -0.00309466092589583   0
0.696140663377397   0.000505280502432981   -0.00539008937695662   0
0.663294367984399   -0.0229367279501027   -0.0328462953929983   0
0.655069014718375   -0.00167619513944844   -0.00822535326602392   0
0.645347347142655   0.00341577910305224   -0.00972166757571979   0
0.641112111197459   0.0366883178000936   -0.00423523594519615   0
0.597417009312852   -0.00852709393123646   -0.0436951018846066   0
0.609128472474609   -0.0224120345994208   0.0117114631617564   0
0.626455679224796   -0.0147130099748848   0.0173272067501871   0
0.59114670556153   -0.00136613346296088   -0.0353089736632659   0
0.57553445548677   -0.00604493034416728   -0.0156122500747602   0
0.599758444581767   0.0166283735463274   0.0242239890949972   0
0.616578357186343   -0.00460733153774895   0.0168199126045766   0
0.618524664396659   -0.00183315254816524   0.00194630721031586   0
0.619551173532905   0.0290996704509553   0.00102650913624591   0
0.6563906759783   -0.0518013024718966   0.0368395024453951   0
0.606143780119453   0.0303905146060664   -0.050246895858847   0
0.623022622365753   0.0257015440085143   0.0168788422463   0
0.571906853850345   0.00194673661607114   -0.0511157685154082   0
0.553931509926318   0.0175893519202189   -0.0179753439240276   0
0.570986712250163   -0.0803675682926784   0.0170552023238451   0
0.580076968485648   0.00751789151856253   0.00909025623548587   0
0.578583194115807   -0.00179435496374611   -0.00149377436984111   0
0.534568074431124   0.0591202447756752   -0.0440151196846831   0
0.545669948040022   -0.0492846901851118   0.0111018736088975   0
0.594841922081195   0.011708081152656   0.0491719740411728   0
0.604986411128382   0.018875072828173   0.0101444890471878   0
0.57830434521647   0.0707910863987735   -0.0266820659119125   0
0.5891859868208   -0.0435330442051695   0.0108816416043301   0
0.639481339261944   -0.011587836499062   0.0502953524411444   0
0.634650377008672   -0.00311272322185191   -0.00483096225327206   0
0.595695534367599   0.0689146555479704   -0.0389548426410729   0
0.611246476551194   -0.0663599770738036   0.0155509421835949   0
0.666553857573415   -0.0123235476836503   0.0553073810222202   0
0.692395672705462   0.00217962575287883   0.0258418151320479   0
0.644361889100372   0.0563663107945109   -0.0480337836050903   0
0.649584646977013   -0.0652203657143871   0.00522275787664039   0
0.696490683103514   0.00461094206926738   0.0469060361265019   0
0.701630768545857   0.0247005400644901   0.00514008544234257   0
0.636959353946741   0.0620343408219521   -0.0646714145991157   0
0.646074495450796   -0.0886884962041946   0.00911514150405435   0
0.686066049086383   0.0114453503062645   0.0399915536355878   0
0.706320898097317   0.0206561221228366   0.0202548490109331   0
0.64670407783545   0.0455413240645087   -0.0596168202618663   0
0.680768179334199   -0.0645155561098705   0.0340641014987487   0
0.690651976715661   0.010863776564708   0.00988379738146217   0
0.703301498416575   0.0227080527075958   0.0126495217009142   0
0.682087434585186   0.0249803663680281   -0.0212140638313896   0
0.691724839228902   -0.0758738052940413   0.0096374046437161   0
0.704722843525027   0.0131047716203067   0.0129980042961255   0
0.661579614888677   0.0182783792910086   -0.0431432286363506   0
0.669448946514221   0.00776845249754671   0.00786933162554393   0
0.681454288559401   -0.0484776482687344   0.0120053420451807   0
0.707718086355719   0.0205599744094804   0.0262637977963172   0
0.726428359583724   0.00728943369171164   0.0187102732280052   0
0.690379516092055   0.0540066527170578   -0.0360488434916685   0
0.705818500064464   -0.0606245957145153   0.0154389839724088   0
0.744038916173912   0.0013442599790896   0.038220416109448   0
0.731728814439646   0.0190132940918045   -0.0123101017342662   0
0.723842896302264   0.0358403163391613   -0.00788591813738204   0
0.732207306903926   -0.0635446016712035   0.00836441060166193   0
0.756254140831639   0.0115813914953917   0.0240468339277128   0
0.735112101780402   0.0228081077823889   -0.0211420390512368   0
0.711770957268032   0.0244899160453877   -0.0233411445123702   0
0.739035959341797   -0.0642087492802947   0.0272650020737654   0
0.788557953175447   0.00282688633455874   0.0495219938336497   0
0.780159380221279   0.023307006325363   -0.00839857295416802   0
0.72973300138561   0.0661290166818596   -0.050426378835669   0
0.769867028576526   -0.0608623612553236   0.0401340271909166   0
0.799992485050641   -0.00732866164449858   0.0301254564741147   0
0.821479044588783   -0.0036656341569955   0.0214865595381423   0
0.756974905420418   0.0654373529585267   -0.0645041391683657   0
0.773300512114307   -0.0605888630678792   0.0163256066938896   0
0.812938960320669   -0.0226623738335422   0.0396384482063616   0
0.798213131426219   0.0313625115656795   -0.0147258288944502   0
0.781815954068635   0.0281980073726211   -0.0163971773575836   0
0.804569244443883   -0.0796024643321632   0.0227532903752475   0
0.844656443005823   0.00184268194518217   0.0400871985619409   0
0.805058581453083   0.0442530199904441   -0.0395978615527407   0
0.786827688099021   0.0290332213116449   -0.0182308933540618   0
0.853702193485527   -0.0981936350581591   0.0668745053865059   0
0.878003787924204   -0.0047912418315201   0.024301594438677   0
0.809736466839675   0.0777476176748243   -0.0682673210845287   0
0.796018648215135   -0.0351741646635719   -0.0137178186245405   0
0.812591285228466   -0.0321113309217672   0.0165726370133311   0
0.838994674206076   0.0300609278712613   0.0264033889776106   0
0.801945155811325   0.0641097889969326   -0.0370495183947513   0
0.827848178146966   -0.0818165117512684   0.0259030223356408   0
0.848552088021855   -0.0031847583680753   0.0207039098748893   0
0.855241002860597   0.0169951283500802   0.00668891483874212   0
0.843031460522827   0.0746495374531511   -0.0122095423377707   0
0.801106231887039   -0.0937470344246705   -0.0419252286357877   0
0.845080817277407   0.00558157215734634   0.0439745853903681   0
0.855286080220567   0.0575108893418818   0.01020526294316   0
0.81476557045009   0.0358711073409161   -0.0405205097704774   0
0.816961142887622   -0.0949488577035769   0.00219557243753266   0
0.854962983291089   0.00308329934045048   0.0380018404034672   0
0.832853202014016   0.0175411574872638   -0.0221097812770733   0
0.820689150829045   0.0384259144415172   -0.0121640511849708   0
0.846633634407174   -0.0657783820681511   0.0259444835781284   0
0.880661719440274   0.0175028195600224   0.0340280850331003   0
0.865680982339626   0.0191677566832243   -0.014980737100648   0
0.838825279533527   0.0643785105856826   -0.0268557028060988   0
0.845922543162936   -0.0714673045283873   0.00709726362940921   0
0.899473303029334   0.00124986614034045   0.0535507598663976   0
0.841290113284056   0.0536820565163199   -0.0581831897452778   0
0.790421800543387   0.00276976320836475   -0.0508683127406692   0
0.852693000792343   -0.0701178141161773   0.0622712002489557   0
0.887905360175424   0.0155252240676795   0.0352123593830816   0
0.857066126457726   0.0670769504704218   -0.0308392337176988   0
0.842246847598137   -0.0394783050367221   -0.0148192788595883   0
0.881525781673599   -0.0359906374252388   0.0392789340754619   0
0.89213174359298   0.0185997689681584   0.0106059619193805   0
0.861299532770104   0.0644741229712583   -0.0308322108228752   0
0.839293159412282   -0.0534761274599184   -0.0220063733578226   0
0.878387037629199   -0.0204147563935695   0.0390938782169171   0
0.855055052282015   -0.00121817421521198   -0.0233319853471835   0
0.789015778573217   0.0622636221274197   -0.0660392737087983   0
0.7738759402548   -0.0689818744286999   -0.0151398383184176   0
0.809885350138679   -0.0295940830744664   0.036009409883879   0
0.777202131170682   0.018756303245843   -0.0326832189679966   0
0.782993636976221   0.0552799181190117   0.005791505805539   0
0.791666580048855   -0.0853103462426277   0.008672943072634   0
0.845991980290741   0.000695602499460407   0.0543254002418863   0
0.818099283415069   0.0874929181230799   -0.027892696875672   0
0.793937216528486   -0.00690917408269415   -0.0241620668865833   0
0.831800489644602   -0.0577537088974523   0.0378632731161161   0
0.88608542509907   -0.000652945633512814   0.054284935454468   0
0.832299333920946   0.0654114336068378   -0.0537860911781241   0
0.790806797332952   -0.0304658217100711   -0.0414925365879945   0
0.818863496512697   -0.0857880231601461   0.0280566991797456   0
0.821792354448494   0.0427628005759809   0.00292885793579722   0
0.802225242095697   0.0761100824362709   -0.0195671123527972   0
0.825357287192946   -0.0821229057679699   0.0231320450972491   0
0.836775945509011   -0.00378175471941625   0.0114186583160651   0
0.82634690775984   0.0782269145795785   -0.0104290377491714   0
0.795392806739224   -0.00397461404891125   -0.0309541010206165   0
0.83639423405772   -0.0629009043292268   0.0410014273184962   0
0.848393298767294   0.0247168521373062   0.0119990647095737   0
0.816413669163495   0.0756036055869991   -0.031979629603799   0
0.817497162579327   -0.0469909330419099   0.00108349341583214   0
0.867327237029369   -0.0423624634615019   0.0498300744500426   0
0.834037364975635   0.0626195491099371   -0.0332898720537345   0
0.811550003232857   0.0162148103674227   -0.0224873617427779   0
0.812488784063048   -0.0633629240220117   0.000938780830190833   0
0.871705100837577   0.00997682110558012   0.0592163167745291   0
0.812744497377251   0.0791102263397426   -0.0589606034603259   0
0.810756426086775   -0.0805709265110011   -0.00198807129047618   0
0.780996011630341   -0.02433625407979   -0.0297604144564335   0
0.809700908894451   0.0517111462660237   0.0287048972641094   0
0.743675950409182   -0.010651770757428   -0.0660249584852688   0
0.726877516862367   0.0707459284671578   -0.0167984335468153   0
0.688619432144853   -0.00746884192455782   -0.0382580847175134   0
0.728225557579003   -0.0413753094954166   0.0396061254341499   0
0.737909767002375   -0.004066649590727   0.00968420942337234   0
0.729930629311786   0.0586803789404202   -0.00797913769058933   0
0.720853806117787   -0.0222303806573039   -0.00907682319399916   0
0.740431413999298   -0.0773879379980409   0.0195776078815112   0
0.760602222007995   0.011679701490068   0.0201708080086972   0
0.748254613231686   0.0920470895490813   -0.0123476087763094   0
0.725169176335771   -0.0496577449273169   -0.0230854368959152   0
0.787650729420249   -0.0437588707463565   0.0624815530844783   0
0.826129379479086   0.013909277505549   0.0384786500588371   0
0.788572569127439   0.0350108922171675   -0.037556810351647   0
0.799549975837189   0.0585404398662435   0.0109774067097501   0
0.761666381317963   -0.170991185985493   -0.0378835945192265   0
0.778562128969166   -0.0326327495027976   0.0168957476512032   0
0.844632590330405   0.0518343359694678   0.0660704613612393   0
0.860062088546083   0.0161508096976215   0.0154294982156775   0
0.793771604679205   0.0469796892036881   -0.0662904838668777   0
0.790794416942387   0.0211848614602362   -0.00297718773681788   0
0.789922045206044   -0.053120173093208   -0.000872371736342692   0
0.796418525443124   0.00237235005195391   0.0064964802370796   0
0.78675203785961   0.0414115262842144   -0.00966648758351352   0
0.772674754268088   0.0124791249706619   -0.0140772835915227   0
0.769347728010716   -0.0374607322232418   -0.00332702625737202   0
0.78912586278505   0.00712389589301105   0.0197781347743345   0
0.792132456039077   0.00974377334231802   0.00300659325402663   0
