2.40689482770851   0   0   0
1.48464555507367   0.60617934550496   -0.922249272634846   1
1.64416477675597   0.502154749090626   0.159519221682299   1
1.67286233687952   -0.0587205755781766   0.0286975601235502   1
1.73351626037946   -0.523644630684386   0.0606539234999459   1
1.48811454377679   0.281651990861086   -0.245401716602675   1
1.2819462883054   0.0103611416828322   -0.206168255471386   0
1.17214423841522   -0.00340464615443614   -0.109802049890181   0
1.11347902433274   -0.025945644480708   -0.0586652140824773   0
1.05542134449008   -0.198908532372187   -0.0580576798426633   0
1.01116372484146   -0.0979138976082898   -0.0442576196486237   0
0.730367917059786   0.0290387902604242   -0.280795807781671   1
1.02963061982417   -0.302078615124828   0.299262702764382   1
0.737097432863695   -0.146503706427801   -0.292533186960472   1
0.548497440688879   -0.147480000256791   -0.188599992174817   0
0.46101968593597   0.0950607119501709   -0.0874777547529089   0
0.113241610968539   0.0753370379958749   -0.34777807496743   0
0.282052043981691   -0.330275241218513   0.168810433013152   0
0.247400122636494   0.104835870628166   -0.034651921345197   0
0.265511810964221   -0.0873526824800684   0.0181116883277261   0
0.231869030901628   -0.0247759295147083   -0.0336427800625928   0
0.192620674647155   0.100488475773415   -0.0392483562544731   0
0.211708527118654   0.141289338548164   0.0190878524714997   0
0.165280154684402   0.059001984962574   -0.0464283724342519   0
0.118683281637558   -0.023741179847599   -0.0465968730468441   0
0.148621495602825   -0.0943567440132579   0.0299382139652662   0
1.62377299926098   0.169861008082287   1.47515150365816   1
1.8052979314305   0.0957409311151685   0.181524932169522   0
1.80207262994177   -0.140170172380998   -0.00322530148873135   0
1.82686240148677   0.0486738281436485   0.0247897715449967   0
1.95745566320798   -0.0741091265996051   0.130593261721214   0
1.95405896506477   -0.0524164119049427   -0.00339669814321164   0
1.93637303727226   0.0431056272586065   -0.0176859277925094   0
1.93670605596848   0.0212769787295196   0.000333018696223153   0
1.97601752247298   0.0507273314163939   0.0393114665044954   0
2.01227885861584   -0.0833500046590138   0.0362613361428568   0
2.03152861801163   0.0319982733149043   0.0192497593957959   0
1.96816939714904   -0.0048328793795121   -0.0633592208625959   1
1.80483550394634   0.0604047956761298   -0.163333893202693   1
1.89798342438106   -0.316726159106977   0.0931479204347159   1
1.82205458906155   0.216405073886075   -0.07592883531951   1
1.7977573933109   0.0681987673223765   -0.0242971957506493   0
1.80468270172365   0.0263631044710066   0.00692530841274785   0
1.79544591294793   -0.0670682464481079   -0.00923678877572209   0
1.79176160891391   -0.177189576745406   -0.00368430403401665   0
2.28337358986106   0.651165079979031   0.491611980947154   1
2.45984154556244   0.93184356076212   0.176467955701374   1
2.49629981918739   -0.0969988687867966   0.036458273624953   0
2.48430796630068   -0.0571761183930994   -0.0119918528867142   0
2.3225527546269   -0.23652295619349   -0.161755211673777   0
2.26378778761394   -0.273514544251943   -0.0587649670129631   1
2.28790651158433   -0.100242842228641   0.0241187239703984   0
2.3143223121791   0.106678712225663   0.0264158005947617   0
2.33960631189309   -0.0547614715112386   0.0252839997139964   0
2.33929447392264   -0.0418509081768426   -0.000311837970453421   0
2.26039111386171   -0.022936635623222   -0.0789033600609255   0
2.28139125252005   -0.187737683765172   0.0210001386583354   0
1.97816717858982   -0.367625558388245   -0.303224073930232   1
1.80728027664499   -0.17356879021797   -0.170886901944826   1
1.88865145469592   0.0443064415276497   0.0813711780509236   1
1.80284355563648   0.532520628370882   -0.085807899059432   1
2.08091339004054   1.40978618454157   0.278069834404053   1
2.5991819751895   -0.14238951864103   0.518268585148965   1
2.60432381996268   -0.0688433519843172   0.00514184477317681   0
2.59947998889201   -0.0145485100890712   -0.00484383107066932   0
2.57117369390907   -0.0418233862554367   -0.0283062949829418   0
2.57448597695734   -0.0406446703535037   0.00331228304827436   0
2.64644941914162   -0.0186003272858777   0.0719634421842743   0
2.61973145767844   0.077979115529295   -0.0267179614631767   0
2.94691061568721   -0.194721530540912   0.327179158008776   1
3.03592993791836   -0.3439861503521   0.0890193222311493   1
2.81126449149293   -0.563150468643945   -0.224665446425435   1
2.78032423364349   -0.0324330010096053   -0.030940257849442   0
2.72590520461098   0.0351443855002284   -0.0544190290325037   0
2.64373883121877   0.0750576515345449   -0.0821663733922118   0
2.44592291191771   0.117075534563426   -0.197815919301064   0
2.56039634426762   -0.143539177532955   0.114473432349913   0
3.08269932087529   0.0179594239686818   0.522302976607673   1
2.63171178510152   -0.0407242704374499   -0.45098753577377   1
1.68154228873711   0.580465254576152   -0.950169496364411   1
1.73715064721658   0.0473576109690708   0.0556083584794715   1
1.79974229711506   -0.156996384133598   0.0625916498984767   0
1.78152866585834   0.117931759511396   -0.0182136312567205   0
1.79034863321365   -0.0460213283711319   0.00881996735531287   0
1.84332311260126   0.199687517278549   0.0529744793876066   0
1.82089208992461   -0.0974591583875131   -0.0224310226766546   1
1.54881528615302   0.127470817766011   -0.272076803771589   1
1.83429286284484   0.321855819853375   0.285477576691819   1
1.89421375354552   -0.408143040765044   0.0599208907006883   1
1.91597408418801   -0.00521882246380168   0.0217603306424876   0
2.04678653672189   0.0706713543554365   0.130812452533881   0
2.03827621029487   -0.0145317266138723   -0.00851032642702698   0
1.954189196566   -0.5953797791157   -0.0840870137288703   1
2.02503314309914   0.239323206713393   0.0708439465331492   1
1.82618579675645   -0.101051530705035   -0.198847346342692   1
1.77152576157877   0.0849932507100348   -0.0546600351776805   0
1.85216335770336   -0.0612279962423401   0.080637596124592   0
1.85194429308092   0.03032657363363   -0.000219064622441367   0
1.88222371045135   -0.0185526659497082   0.0302794173704279   0
1.36494814974242   -0.059000790142014   -0.517275560708933   1
1.50577594752349   0.253554296600882   0.140827797781068   1
1.39284853190324   -0.194367470525347   -0.112927415620249   1
1.408323359442   -0.0295665010719925   0.0154748275387633   0
1.56316463569101   -0.139318384223224   0.154841276249008   0
1.65197536078781   0.0295049265412242   0.088810725096798   0
1.65364906002604   -0.00317978236600824   0.00167369923823268   0
1.70717099342743   0.00161266276882022   0.0535219334013926   0
1.85657537267545   -0.0906416288270986   0.149404379248023   0
1.88554469921824   0.0200567172676149   0.0289693265427857   0
1.87305892040934   0.0751403592497009   -0.0124857788089001   0
1.90659275185473   -0.0140651524286426   0.0335338314453928   0
1.93821490607982   -0.0271830503478905   0.0316221542250865   0
1.9765636504297   -0.0112309283057781   0.038348744349886   0
1.97893012456858   -0.0479620339422826   0.00236647413887159   0
1.94859791801028   -0.0673825708005766   -0.0303322065582958   0
1.45425797316879   -0.00146979874781994   -0.494339944841489   1
1.95776421438461   1.19881030132434   0.503506241215822   1
1.72715745496032   4.03798889868891   -0.230606759424296   1
1.8288227906566   0.0169651795638606   0.101665335696285   1
1.8001816678405   -1.55558497840403   -0.028641122816103   1
2.18322835871651   -0.299037685922483   0.383046690876015   1
2.38226389249722   -0.0154286023616859   0.199035533780706   1
2.40371512055968   -0.136086888894358   0.0214512280624635   0
2.39778112887858   -0.144632688150081   -0.00593399168110009   0
2.35576241478826   0.236157126412011   -0.0420187140903256   0
3.09819200570494   2.63253980183485   0.742429590916683   1
3.09461520766718   -0.406043252008357   -0.00357679803775701   1
3.1978977795616   -0.169795128393962   0.103282571894415   1
3.16541535581178   -0.00742936215546397   -0.0324824237498205   0
3.18266931162448   -0.0401864770152898   0.0172539558127034   0
3.2280384463665   -0.0622445388084412   0.0453691347420198   0
3.29845217662861   -0.0410632834961291   0.0704137302621062   0
3.31716242124504   -0.322007437265567   0.0187102446164316   0
3.31215716756395   0.000821058476886627   -0.00500525368108784   0
3.42446147461378   -0.0126106419249865   0.112304307049832   0
3.37149893968636   0.0578362058830608   -0.0529625349274228   0
3.37815772631922   -0.0255686959161121   0.00665878663286135   0
3.3628739064943   0.0106419898451238   -0.0152838198249179   0
3.32648970085795   -0.0720814090199839   -0.0363842056363555   0
3.29976777910583   -0.48440701814055   -0.0267219217521206   1
3.37917147516384   -0.25199366495209   0.0794036960580176   0
3.40812398749649   0.142258675153429   0.0289525123326495   0
3.2320486559135   -0.173953876417611   -0.176075331582996   1
3.05372047084294   -0.389488899473232   -0.178328185070554   1
3.12290256946118   0.00760075890444512   0.0691820986182372   0
3.14234520544692   0.0666140906624966   0.0194426359857389   0
3.17217087727931   0.00800625618343886   0.0298256718323917   0
3.20919668885237   0.0164266414884944   0.0370258115730553   0
3.21510730144769   0.0212106189181585   0.00591061259532344   0
3.21347953132099   0.0307133022545774   -0.00162777012669668   0
3.20188396970912   0.459164879148458   -0.0115955616118715   1
2.91019348844287   2.72507227148609   -0.291690481266249   1
4.38064665752672   -1.02869929635004   1.47045316908384   1
4.45692222950154   0.0970599527055205   0.0762755719748247   1
4.45333091101762   0.107223314884594   -0.00359131848392469   0
4.45857320716785   -0.136344384781091   0.00524229615023142   0
4.36734274891781   -0.449597425169287   -0.0912304582500356   1
4.006851342589   -0.461332467013894   -0.360491406328816   1
4.20364090119878   -0.184698933226423   0.196789558609778   1
4.13922554508135   0.770273992513303   -0.0644153561174239   1
2.78548931704921   1.18754331635851   -1.35373622803215   1
2.87936038454467   -0.499526047630154   0.0938710674954684   1
2.95167398655898   -0.191970383616052   0.0723136020143094   1
3.02004083920818   -0.172353697064296   0.0683668526491976   0
3.09061835962223   -0.352964734696364   0.0705775204140493   0
2.73150695182279   0.0859763226416792   -0.359111407799436   1
3.47406102067033   0.647225566773801   0.74255406884754   1
3.62233806593342   0.0633084879722032   0.148277045263083   1
3.58704899618461   -0.122390616150726   -0.03528906974881   0
3.58429357728008   -0.128149542059867   -0.0027554189045258   0
3.57763197732554   -0.140727755781984   -0.00666159995454274   0
3.52110341453588   0.0348776792741941   -0.0565285627896563   0
3.50645927478208   0.0208410590078412   -0.0146441397538051   0
3.51222499640431   -0.071600155534786   0.0057657216222311   0
3.51235546321126   0.00794369369934955   0.0001304668069535   0
3.49248730037509   -0.0117013045208205   -0.0198681628361768   0
3.50351122189586   -0.0671437196699092   0.0110239215207786   0
3.51091298566997   -0.0450349189817647   0.00740176377410284   0
3.53922555848966   -0.429215216644382   0.0283125728196896   1
3.68605965400304   -0.306557473775017   0.146834095513382   1
3.66848578884395   -0.0993187455473681   -0.0175738651590915   1
3.57499075666001   1.54355927311327   -0.0934950321839354   1
3.57791261043279   -0.610389443442485   0.00292185377278109   1
3.60842425529157   0.00955470012941184   0.0305116448587732   1
3.58398423057109   0.00422218497717974   -0.0244400247204752   0
3.53200745031735   0.113315786353415   -0.0519767802537432   0
3.53358852803665   0.0776325913762586   0.00158107771930682   0
3.52389796291639   -0.0504524091783241   -0.00969056512026345   0
3.12426367711422   0.082312325271614   -0.399634285802174   1
2.71449791667354   -0.0336101927828087   -0.409765760440675   1
2.89719586981723   0.0817062720586756   0.182697953143685   0
3.02217537691296   0.00894336437342336   0.124979507095734   0
3.04697159573338   -0.0295103128607126   0.0247962188204149   0
3.05918502648679   0.00941464815580417   0.0122134307534161   0
3.16223578523665   0.0551481894609944   0.103050758749857   0
3.27287934221932   0.168665327463061   0.110643556982675   0
3.23826911445374   -0.015568098349461   -0.0346102277655862   0
3.81998761113501   -1.98629722538372   0.581718496681277   1
3.3668372957222   0.563662017295115   -0.453150315412811   1
3.34657919717224   -0.00189014629187767   -0.020258098549963   0
3.37079133851166   0.0671557670335039   0.0242121413394223   0
3.48684188850746   -0.175890085209065   0.116050549995794   1
4.05281549985316   0.165631569056329   0.5659736113457   1
3.88507712687934   0.065891357722589   -0.167738372973822   1
3.84033750412972   0.129772429031408   -0.0447396227496206   1
3.32496043547514   0.18338027675382   -0.51537706865458   1
4.53322734414316   -4.73044359214232   1.20826690866802   1
3.38353784890715   -0.246207529820254   -1.149689495236   1
3.34243527869896   -0.171078804155639   -0.0411025702081917   1
3.17979362760384   -0.273667296719221   -0.16264165109512   0
3.15186344206586   0.0362452027820073   -0.0279301855379828   0
3.09545394307075   -0.165409649959578   -0.0564094989951101   0
3.12831053644619   0.0202000370988162   0.0328565933754414   0
2.96282116075203   1.04601902863474   -0.165489375694162   1
2.77657206483552   -0.0657569431557665   -0.186249095916506   1
2.73503378669259   -0.148149091929917   -0.0415382781429345   0
2.73209352293713   -0.00454661565645065   -0.00294026375546164   0
2.75838944390563   -0.072142264301805   0.0262959209685012   0
2.72398504888518   0.0487488649282701   -0.0344043950204478   0
2.71612945967695   -0.199233080310107   -0.00785558920823037   0
2.81833523140878   0.00708662628162982   0.102205771731833   0
2.90041668197433   -0.137752498159876   0.0820814505655507   1
2.92152101089484   -0.307078772899517   0.0211043289205048   1
2.8560099396667   0.12077782028092   -0.0655110712281362   0
2.79859909671786   0.0323277376714433   -0.0574108429488462   0
2.82023684506284   -0.0552927900353488   0.0216377483449839   0
2.81010846729268   0.0863479265131113   -0.0101283777701635   0
2.94152109715365   -0.0598675961955408   0.131412629860971   0
3.39947867163481   0.231345182164329   0.457957574481167   1
3.43734409109708   0.0522493286731212   0.0378654194622641   0
3.4102391308895   0.0823163848923782   -0.0271049602075752   0
3.36345445019328   -0.0728542248172526   -0.04678468069622   0
3.37990754547369   0.0060197336265857   0.0164530952804083   0
3.35577660106048   0.0325882592838918   -0.0241309444132165   0
3.35363807190415   -0.0249011275774957   -0.00213852915632229   0
3.36619780640562   0.0366929796532587   0.0125597345014663   0
3.67457941742997   -0.113005628704946   0.308381611024354   1
3.42688315282999   -0.213955900717809   -0.247696264599985   1
3.45977506843292   -0.153055244488282   0.0328919156029297   0
3.45103122220011   0.0561459215983888   -0.00874384623280555   0
3.43094108428722   -0.0431153229335743   -0.0200901379128871   0
3.43770067185539   0.00321834768796503   0.00675958756816586   0
3.37388440631122   0.0237981769942599   -0.063816265544173   0
3.29087723687013   0.0476838173980443   -0.0830071694410845   0
3.10385789666264   0.467374534668425   -0.187019340207498   1
3.04008654403949   -0.0783439977464107   -0.0637713526231405   0
3.04983189660102   0.185984953901485   0.00974535256152986   0
3.09199712070936   -0.0201258189597344   0.0421652241083401   0
3.11255127976231   0.00362006821975402   0.0205541590529466   0
3.11146729615225   -0.033883869898363   -0.00108398361006001   0
3.08426473606352   0.0241865037689688   -0.0272025600887273   0
3.15165896428373   0.647665143204122   0.0673942282202069   1
2.99519980851445   0.790015181377032   -0.15645915576928   1
3.21695340522675   -0.218516534523022   0.221753596712302   1
3.22539686191483   -0.268599545961897   0.00844345668807245   0
3.2348975969766   -0.112587198090209   0.00950073506177773   0
3.24832722618889   -0.0962652882567139   0.0134296292122857   0
2.78271490284219   -0.574753296988137   -0.465612323346702   1
2.6611565056428   -0.354007832852529   -0.121558397199387   1
2.69902113219311   0.2054289795302   0.0378646265503138   1
