0.124706355795257   0.201496052783454   0   0   0
0.0519966800525764   0.233974540096781   -0.0727096757426804   0.0324784873133266   0
0.0728480941655991   0.211169042722886   0.0208514141130227   -0.0228054973738948   0
0.0630292777811431   0.223283240295818   -0.00981881638445603   0.0121141975729321   0
0.116346559257461   0.155088478305966   0.0533172814763184   -0.0681947619898522   0
0.0887287784693563   0.201786173769277   -0.0276177807881052   0.0466976954633117   0
0.0959575799047001   0.207761978265996   0.00722880143534382   0.00597580449671811   0
0.0957283272779818   0.185823385757821   -0.000229252626718274   -0.0219385925081744   0
0.0393032031913206   0.168636522631657   -0.0564251240866613   -0.0171868631261646   0
0.0691640554216567   0.168301577032731   0.0298608522303361   -0.000334945598925246   0
0.0779987160108607   0.16475162527954   0.00883466058920401   -0.00354995175319125   0
0.0402182808421634   0.150244853307027   -0.0377804351686973   -0.0145067719725133   0
0.0817141818116048   0.0967381854075861   0.0414959009694414   -0.0535066678994407   0
0.0673508088593597   0.14350625112786   -0.0143633729522451   0.0467680657202742   0
0.0553381960957348   0.132483363636722   -0.0120126127636248   -0.011022887491138   0
0.0271105891951392   0.0970373818716272   -0.0282276069005956   -0.0354459817650952   0
0.0855380018026584   0.0881195806534066   0.0584274126075192   -0.0089178012182206   0
0.0718258416198728   0.118914255614077   -0.0137121601827857   0.0307946749606702   0
0.0627316406311042   0.0585763780318056   -0.00909420098876861   -0.0603378775822712   0
0.0558624225003714   0.0859503389754805   -0.00686921813073277   0.0273739609436749   0
0.0380669267027166   0.0653874436060374   -0.0177954957976548   -0.0205628953694431   0
0.0886356549590513   0.0479287075122178   0.0505687282563347   -0.0174587360938196   0
0.0778617059178002   0.0314820659114042   -0.0107739490412511   -0.0164466416008136   0
0.0760308865949227   0.0258859956745438   -0.00183081932287747   -0.00559607023686044   0
0.0545494759177391   0.088428165696796   -0.0214814106771836   0.0625421700222522   0
0.0538942419365424   0.0813840250360137   -0.000655233981196726   -0.00704414066078228   0
0.0597802837920748   0.0701002356539548   0.00588604185553242   -0.0112837893820588   0
0.11344943402508   0.139438536092645   0.0536691502330054   0.0693383004386906   0
0.0767146084350302   0.0875135128466599   -0.03673482559005   -0.0519250232459856   0
0.068304659726284   0.0880285866778514   -0.00840994870874616   0.000515073831191565   0
0.0301254662923784   0.100580162335584   -0.0381791934339056   0.0125515756577329   0
0.0659853812111611   0.0810496312124986   0.0358599149187828   -0.0195305311230858   0
0.032247602958193   0.123133683253446   -0.0337377782529682   0.0420840520409475   0
0.0611599443215973   0.100331415720912   0.0289123413634043   -0.0228022675325339   0
0.0576703948306235   0.113540920760861   -0.00348954949097386   0.0132095050399487   0
0.0448712809339231   0.10988448259081   -0.0127991138967004   -0.00365643817005103   0
0.0377674807968443   0.122308354366576   -0.00710380013707881   0.0124238717757664   0
0.0249390214790335   0.119535982717506   -0.0128284593178107   -0.00277237164906981   0
0.0383600555862922   0.150090821149119   0.0134210341072586   0.0305548384316128   0
0.0480128425195335   0.1206623405966   0.00965278693324136   -0.0294284805525189   0
0.0340442696625912   0.147750612877193   -0.0139685728569423   0.0270882722805922   0
0.0579716406826683   0.125881652101021   0.0239273710200771   -0.0218689607761715   0
0.0322331044666815   0.163952229050111   -0.0257385362159868   0.0380705769490897   0
0.0528584238826935   0.135931810060964   0.020625319416012   -0.0280204189891468   0
0.0547293512886312   0.201423306082613   0.00187092740593775   0.0654914960216489   0
0.0250282958559761   0.179159450361947   -0.0297010554326552   -0.0222638557206659   0
0.0673274386718936   0.149667249600479   0.0422991428159176   -0.0294922007614681   0
0.0684220499086369   0.170564932458353   0.00109461123674329   0.0208976828578739   0
0.0721812620789918   0.165351552003224   0.00375921217035488   -0.00521338045512859   0
0.0495359061520025   0.193462810532212   -0.0226453559269893   0.0281112585289875   0
0.0740493112089883   0.176534143422151   0.0245134050569858   -0.0169286671100611   0
0.0450493453939932   0.239849946251818   -0.028999965814995   0.0633158028296673   0
0.0629021216828972   0.189824367059856   0.0178527762889039   -0.0500255791919619   0
0.0732071458351362   0.188706964547841   0.0103050241522391   -0.00111740251201548   0
0.0491170475257827   0.196993267127737   -0.0240900983093535   0.00828630257989646   0
0.0771700062163247   0.186344182209058   0.028052958690542   -0.0106490849186794   0
0.0803457077074438   0.203018350240132   0.00317570149111911   0.0166741680310745   0
0.101166508462139   0.217264121656689   0.0208208007546949   0.0142457714165567   0
0.0423855076116826   0.255111840514121   -0.0587810008504562   0.0378477188574325   0
0.083746494071752   0.23921903333556   0.0413609864600695   -0.0158928071785609   0
0.117022000338953   0.246607732776514   0.0332755062672013   0.00738869944095341   0
0.0922731871317871   0.243390482072559   -0.0247488132071663   -0.00321725070395518   0
0.129823880310875   0.223256310308382   0.0375506931790883   -0.0201341717641768   0
0.135282177579828   0.238693610244388   0.00545829726895217   0.0154372999360065   0
0.118573534732495   0.262267220050948   -0.016708642847333   0.0235736098065598   0
0.137022924054394   0.231437408775775   0.0184493893218989   -0.0308298112751737   0
0.118844603439641   0.272229895777911   -0.0181783206147522   0.0407924870021368   0
0.14527556849373   0.25131293367886   0.0264309650540886   -0.0209169620990515   0
0.139208227743239   0.263582768407293   -0.00606734075049048   0.0122698347284329   0
0.132487715401731   0.246329176892431   -0.00672051234150864   -0.0172535915148619   0
0.13407514916792   0.265455818832443   0.00158743376618925   0.0191266419400117   0
0.140073955768837   0.264418291531571   0.00599880660091665   -0.0010375273008712   0
0.116209592456389   0.281665907717654   -0.0238643633124477   0.0172476161860827   0
0.138362404528976   0.256399758131077   0.0221528120725871   -0.0252661495865766   0
0.135922650986692   0.282235486778771   -0.00243975354228432   0.025835728647694   0
0.137145935825966   0.270980391725444   0.00122328483927436   -0.0112550950533275   0
0.150345631188705   0.269339515058244   0.0131996953627389   -0.00164087666719992   0
0.137037423458354   0.26547297992357   -0.0133082077303515   -0.00386653513467433   0
0.160276431561381   0.274979924904442   0.0232390081030273   0.00950694498087223   0
0.131685129830475   0.273698874409363   -0.0285913017309055   -0.00128105049507837   0
0.167013887530765   0.296379071548081   0.0353287577002893   0.0226801971387175   0
0.145454888364187   0.295098694932649   -0.0215589991665777   -0.00128037661543223   0
0.168669746296631   0.315873085646676   0.0232148579324444   0.0207743907140276   0
0.125596355733852   0.310346293202948   -0.043073390562779   -0.00552679244372861   0
0.182612881126047   0.302485122442022   0.0570165253921941   -0.0078611707609258   0
0.173528317614158   0.331710432703118   -0.00908456351188883   0.0292253102610965   0
0.198214097168668   0.323013451693505   0.0246857795545102   -0.00869698100961303   0
0.192510039267567   0.352658021354857   -0.00570405790110134   0.0296445696613513   0
0.211865941818807   0.351885631314224   0.0193559025512402   -0.000772390040632676   0
0.233209997964881   0.358741456452655   0.0213440561460747   0.00685582513843153   0
0.217284619684212   0.366565639179588   -0.0159253782806698   0.00782418272693264   0
0.206087023737182   0.383590850058526   -0.0111975959470292   0.0170252108789378   0
0.230364442315758   0.342554414904191   0.0242774185785751   -0.0410364351543351   0
0.288600374214397   0.408692013044664   0.0582359318986395   0.0661375981404734   0
0.300969690051876   0.424928668665977   0.0123693158374786   0.016236655621313   0
0.302481373544719   0.442295167565349   0.00151168349284364   0.0173664988993716   0
0.30962589237588   0.450149936212547   0.00714451883116068   0.00785476864719803   0
0.24866633908541   0.463172317603438   -0.0609595532904702   0.0130223813908911   0
0.298478737065088   0.440217355490754   0.0498123979796784   -0.0229549621126843   0
0.255939044818175   0.473085377752325   -0.0425396922469127   0.0328680222615713   0
0.303091468897246   0.451939040621586   0.0471524240790702   -0.0211463371307384   0
0.296231059595934   0.483797846711889   -0.00686040930131132   0.0318588060903021   0
0.261835655755219   0.476980626414766   -0.0343954038407152   -0.00681722029712262   0
0.320577112710203   0.480514990224616   0.0587414569549842   0.00353436380984984   0
0.296878936884599   0.501523309509361   -0.0236981758256038   0.0210083192847454   0
0.340563829195613   0.500306088727253   0.0436848923110133   -0.00121722078210773   0
0.3417876035269   0.498393227709369   0.00122377433128751   -0.00191286101788485   0
0.355632503458163   0.517351862036421   0.0138448999312623   0.0189586343270529   0
0.274509386519605   0.522625484310527   -0.0811231169385574   0.00527362227410511   0
0.33817944146988   0.52112718529477   0.0636700549502748   -0.00149829901575615   0
0.299962352242307   0.529653994504724   -0.0382170892275727   0.00852680920995341   0
0.337740125202277   0.522174313924778   0.03777777295997   -0.00747968057994586   0
0.296213660883491   0.535863075611497   -0.041526464318786   0.0136887616867186   0
0.325547650215919   0.529278359190901   0.0293339893324278   -0.00658471642059555   0
0.299917168467861   0.522941937235686   -0.0256304817480577   -0.00633642195521467   0
0.35542331294587   0.529500972701243   0.0555061444780089   0.00655903546555658   0
0.306210035577641   0.552318393229313   -0.0492132773682296   0.0228174205280701   0
0.305401396244942   0.515847881938128   -0.000808639332698868   -0.0364705112911854   0
0.323388514428466   0.556019056425502   0.0179871181835238   0.0401711744873743   0
0.304419986140431   0.522129078760274   -0.018968528288035   -0.0338899776652279   0
0.304685717791908   0.546688519098446   0.000265731651476975   0.0245594403381724   0
0.313234737960607   0.537509696059339   0.00854902016869907   -0.00917882303910789   0
0.338325949081129   0.556220760220212   0.0250912111205225   0.0187110641608735   0
0.333171565655609   0.556046374303025   -0.00515438342551994   -0.00017438591718677   0
0.363484001791265   0.576745997762033   0.0303124361356553   0.0206996234590072   0
0.330354758769939   0.550949027160671   -0.0331292430213259   -0.0257969706013613   0
0.337677338289614   0.584411062756807   0.00732257951967519   0.0334620355961354   0
0.349727141780574   0.572912430640443   0.0120498034909605   -0.0114986321163639   0
0.310207133545974   0.678670163291872   -0.0395200082346   0.105757732651429   0
0.306143615261677   0.604976179167486   -0.00406351828429691   -0.073693984124386   0
0.339290657135152   0.648812913700244   0.0331470418734749   0.0438367345327583   0
0.305683707859055   0.638883354839802   -0.0336069492760976   -0.00992955886044244   0
0.38892007310675   0.625845123378979   0.0832363652476955   -0.0130382314608223   0
0.436310839088476   0.669552493072119   0.0473907659817256   0.0437073696931396   0
0.450760382714728   0.678020212805555   0.0144495436262518   0.00846771973343596   0
0.452650078627675   0.740692301741884   0.00188969591294685   0.0626720889363289   0
0.337147621874217   0.748972049776267   -0.115502456753458   0.00827974803438258   0
0.426240329630468   0.734690979188912   0.0890927077562509   -0.0142810705873545   0
0.464203395248962   0.750042259017224   0.0379630656184942   0.0153512798283117   0
0.433373932996079   0.809048221160829   -0.0308294622528831   0.0590059621436057   0
0.413329163692825   0.790235759286855   -0.0200447693032542   -0.0188124618739742   0
0.456448667956054   0.802944950282659   0.0431195042632292   0.0127091909958043   0
0.411777178353888   0.844585236664969   -0.0446714896021657   0.04164028638231   0
0.467899638098343   0.819140864586025   0.0561224597444542   -0.0254443720789449   0
0.391260313430023   0.877261223414075   -0.0766393246683194   0.0581203588280506   0
0.437073986822243   0.859440945071663   0.0458136733922195   -0.0178202783424125   0
0.494023305519446   0.858697973343755   0.0569493186972034   -0.000742971727907382   0
0.454962221283809   0.855112160198555   -0.039061084235637   -0.00358581314519979   0
0.457858253128509   0.875787677500911   0.00289603184470011   0.0206755173023558   0
0.435705080043325   0.864303225558729   -0.0221531730851845   -0.0114844519421827   0
0.482679716942653   0.869859034010684   0.0469746368993287   0.00555580845195514   0
0.428538989629617   0.901580276805495   -0.0541407273130364   0.031721242794811   0
0.475114321269145   0.88280920068056   0.0465753316395277   -0.0187710761249343   0
0.511214177771922   0.879493317579743   0.0360998565027776   -0.00331588310081743   0
0.461271221456325   0.926475271404614   -0.0499429563155973   0.0469819538248707   0
0.400329359856114   0.902244594847025   -0.0609418616002105   -0.0242306765575883   0
0.484752959108297   0.885090820744839   0.0844235992521823   -0.0171537741021864   0
0.443637132515118   0.945205474365586   -0.041115826593179   0.060114653620747   0
0.488674868778578   0.921107239248326   0.0450377362634598   -0.0240982351172599   0
0.462005471659114   0.962858247541881   -0.026669397119464   0.0417510082935553   0
0.491159110754234   0.932626248284607   0.0291536390951206   -0.0302319992572737   0
0.510357660270756   0.96249445208397   0.0191985495165216   0.0298682037993628   0
0.452054628598679   0.957356710776507   -0.0583030316720762   -0.00513774130746325   0
0.541665691134079   0.954659388702941   0.0896110625353999   -0.00269732207356632   0
0.514082892210664   0.977036215756612   -0.0275827989234156   0.0223768270536708   0
0.547667184189413   0.995547685392523   0.0335842919787489   0.0185114696359114   0
0.511883382504951   0.973827785787514   -0.0357838016844613   -0.0217198996050088   0
0.555166587562197   0.970582763397549   0.0432832050572455   -0.00324502238996527   0
0.503780816999308   0.988311820324144   -0.0513857705628891   0.0177290569265947   0
0.558772040459671   0.976598978114642   0.0549912234603634   -0.011712842209502   0
0.504576699834069   0.992728432339651   -0.0541953406256024   0.016129454225009   0
0.53620109961815   1.00132174355481   0.0316243997840815   0.00859331121515694   0
0.482112905013548   0.990042066354694   -0.0540881946046021   -0.0112796772001134   0
0.569675145092017   1.00128748132788   0.0875622400784684   0.0112454149731822   0
0.543275381601453   0.994377587913727   -0.0263997634905631   -0.00690989341414916   0
0.588289328230144   1.00536761485275   0.0450139466286901   0.0109900269390202   0
0.562582357471117   1.02331518169268   -0.0257069707590262   0.0179475668399323   0
0.59761066618075   1.0468095492844   0.0350283087096328   0.0234943675917161   0
0.588090960593892   1.03934281263447   -0.00951970558685844   -0.00746673664993014   0
0.608769292200461   1.05657042099708   0.020678331606569   0.0172276083626171   0
0.55111774056596   1.05101538734207   -0.0576515516345006   -0.00555503365501231   0
0.600787020073878   1.05177057272772   0.0496692795079176   0.000755185385651558   0
0.547481525779953   1.05613353474655   -0.0533054942939251   0.00436296201882702   0
0.599564029628082   1.07378672966822   0.0520825038481298   0.0176531949216672   0
0.533471607414312   1.08690957337623   -0.0660924222137702   0.0131228437080155   0
