0.0189908890293857   0.0192217999289251   0   0   0
0.0468256552855481   0.018349958447705   0.0278347662561625   -0.000871841481220104   0
0.0403829246866792   0.01035325   -0.00644273059886898   -0.007996708447705   0
0.0343747757531958   0.02100115   -0.00600814893348331   0.0106479   0
0.0343626301500351   0.0296127761792208   -1.21456031607556e-05   0.00861162617922076   0
0.0389115609264959   0.0121208   0.00454893077646078   -0.0174919761792208   0
0.0905120703499351   0.0140621260285643   0.0516005094234392   0.00194132602856428   0
0.0559173669545518   0.0216608   -0.0345947033953833   0.00759867397143572   0
0.0460767010035054   0.00677099858461808   -0.00984066595104638   -0.0148898014153819   0
0.0529382096997439   0.0336614472057653   0.0068615086962385   0.0268904486211472   0
0.0421823677989702   0.0336571424703394   -0.0107558419007737   -4.30473542589738e-06   0
0.0179642090660286   0.0346958710524613   -0.0242181587329416   0.00103872858212193   0
0.0888868184440918   0.0165776563442522   0.0709226093780631   -0.0181182147082092   0
0.0936650056457269   0.0125406934731108   0.00477818720163518   -0.00403696287114134   0
0.0249785256483756   0.0129204210940095   -0.0686864799973513   0.000379727620898627   0
0.0479117782519608   0.0245236174240771   0.0229332526035852   0.0116031963300677   0
0.0525778131703157   0.0288651311036175   0.00466603491835487   0.00434151367954033   0
0.0436507172092281   0.0280502696416456   -0.00892709596108762   -0.000814861461971871   0
0.0601893076454549   0.0186453636109362   0.0165385904362268   -0.00940490603070937   0
0.0994049278373226   0.0256726373438049   0.0392156201918677   0.00702727373286864   0
0.0285987298703659   0.0101156693369557   -0.0708061979669567   -0.0155569680068492   0
0.0539903755768563   0.025412011508881   0.0253916457064904   0.0152963421719253   0
0.0380226202164725   0.0554766104088921   -0.0159677553603838   0.0300645989000112   0
0.0426985796390044   0.0280659581736759   0.00467595942253193   -0.0274106522352162   0
0.0774624631771033   0.0140079217478549   0.0347638835380989   -0.014058036425821   0
0.0700971914448367   0.0121225261795562   -0.00736527173226662   -0.00188539556829867   0
0.0508203055594362   0.0271043281687764   -0.0192768858854005   0.0149818019892202   0
0.0481494528044194   0.0329339816087658   -0.00267085275501678   0.00582965343998942   0
0.0490421144171456   0.0364081107991368   0.000892661612726206   0.00347412919037102   0
0.0560140090977027   0.0487316384542937   0.00697189468055713   0.0123235276551569   0
0.0833664716811117   0.00646332572532323   0.027352462583409   -0.0422683127289705   0
0.0410120545974821   0.0343295540833623   -0.0423544170836296   0.0278662283580391   0
0.0454604536037018   0.0435556150681872   0.00444839900621969   0.0092260609848249   0
0.0409683910234769   0.033650530921192   -0.00449206258022489   -0.00990508414699523   0
0.0708421605425046   0.0260181138615485   0.0298737695190277   -0.00763241705964356   0
0.0889488843912615   0.00806111756182727   0.0181067238487569   -0.0179569962997212   0
0.0507035340032017   0.0406877322433691   -0.0382453503880597   0.0326266146815419   0
0.0544241469286382   0.0462678172351539   0.00372061292543648   0.00558008499178472   0
0.0477210219042814   0.036496837181708   -0.00670312502435686   -0.00977098005344591   0
0.0765068326880443   0.0189019691076089   0.0287858107837629   -0.0175948680740991   0
0.0862314419503374   0.00784033204323006   0.00972460926229307   -0.0110616370643788   0
0.0525926838761819   0.0263370542426369   -0.0336387580741555   0.0184967221994069   0
0.0600314397695907   0.035335489662095   0.00743875589340887   0.00899843541945811   0
0.0507831854503895   0.0392669909581941   -0.00924825431920127   0.00393150129609911   0
0.0775159131687529   0.0233736413891931   0.0267327277183634   -0.0158933495690011   0
0.0962662431720092   0.0151579842840531   0.0187503300032563   -0.00821565710514001   0
0.0438547032239428   0.0181051110304521   -0.0524115399480664   0.00294712674639908   0
0.0538501985431809   0.0381580537034529   0.00999549531923807   0.0200529426730008   0
0.0504335248199211   0.0392048955268102   -0.00341667372325975   0.00104684182335722   0
0.0676359976451889   0.0333215726091687   0.0172024728252678   -0.00588332291764149   0
0.121245491727726   0.0115864446848721   0.0536094940825372   -0.0217351279242966   0
0.0608140935452714   0.00479277844742703   -0.0604313981824547   -0.00679366623744504   0
0.0712136115613441   0.0367272741429309   0.0103995180160727   0.0319344956955039   0
0.0611336250812178   0.0363270243351283   -0.0100799864801263   -0.00040024980780265   0
0.0607983896129297   0.032102674056572   -0.000335235468288064   -0.00422435027855626   0
0.105373797504538   0.0249821498218033   0.0445754078916086   -0.00712052423476872   0
0.101244573043018   0.00493967401501607   -0.00412922446152024   -0.0200424758067872   0
0.0592715207676417   0.032840576205892   -0.0419730522753764   0.0279009021908759   0
0.057921262082762   0.038070256729795   -0.00135025868487968   0.00522968052390299   0
0.0604111689319252   0.0296027773414489   0.00248990684916318   -0.00846747938834609   0
0.0936148024069461   0.0120365775976282   0.033203633475021   -0.0175661997438207   0
0.106328133939522   0.0121399455270359   0.0127133315325756   0.000103367929407744   0
0.0583563463549272   0.0196482958576081   -0.0479717875845945   0.00750835033057217   0
0.06063326883865   0.0331393348811876   0.00227692248372274   0.0134910390235795   0
0.0629581759699954   0.0359116835042929   0.0023249071313454   0.00277234862310522   0
0.0895502100233025   0.00729898263275823   0.0265920340533072   -0.0286127008715346   0
0.0989328589174416   0.0148583426882846   0.00938264889413903   0.00755936005552636   0
0.0422498097593125   0.0271511014424829   -0.0566830491581291   0.0122927587541984   0
0.0541735976677976   0.0351584675505062   0.011923787908485   0.00800736610802329   0
0.062738391869569   0.0366403645435277   0.00856479420177145   0.00148189699302142   0
0.0836894586199481   0.0227479615830738   0.0209510667503791   -0.0138924029604539   0
0.118293891038038   0.0122504370024338   0.0346044324180902   -0.0104975245806399   0
0.0481929362772183   0.0190218350082872   -0.07010095476082   0.00677139800585336   0
0.059807413291832   0.0247177722099024   0.0116144770146137   0.00569593720161524   0
0.048161803098621   0.0361411664126671   -0.011645610193211   0.0114233942027647   0
0.0755367641359718   0.0389112751935169   0.0273749610373508   0.00277010878084971   0
0.116295006452613   0.00855973475673166   0.0407582423166416   -0.0303515404367852   0
0.0602022537619286   0.0102392791988548   -0.0560927526906847   0.00167954444212311   0
0.06450950153548   0.0240527813841248   0.00430724777355136   0.01381350218527   0
0.0589519466777521   0.0224285588494335   -0.00555755485772791   -0.00162422253469133   0
0.0744952122903237   0.0246502889997765   0.0155432656125717   0.00222173015034299   0
0.129288261677796   0.0138538928619224   0.0547930493874722   -0.010796396137854   0
0.076355332687849   0.0174517343007078   -0.0529329289899469   0.00359784143878535   0
0.0643047449440429   0.0308252475829879   -0.0120505877438061   0.0133735132822801   0
0.0701229834456956   0.0309204459451994   0.00581823850165268   9.51983622115501e-05   0
0.0700368597188946   0.0327531316666056   -8.61237268010157e-05   0.00183268572140613   0
0.115144883048584   0.0140636158282179   0.0451080233296891   -0.0186895158383877   0
0.0686848063326592   0.0177972353095109   -0.0464600767159245   0.003733619481293   0
0.0633879662147653   0.0381377027945444   -0.0052968401178939   0.0203404674850335   0
0.0600217115054959   0.0400290136707114   -0.00336625470926936   0.00189131087616698   0
0.0655635856184851   0.0281620213431138   0.00554187411298919   -0.0118669923275975   0
0.106056772018027   0.00742678541653285   0.0404931863995423   -0.020735235926581   0
0.0931095058431957   0.0155794326234141   -0.0129472661748317   0.00815264720688126   0
0.0507208866853182   0.0230803617375248   -0.0423886191578776   0.00750092911411071   0
0.0662986704685852   0.0249192139130632   0.015577783783267   0.00183885217553833   0
0.0542423534995714   0.0211228824802801   -0.0120563169690137   -0.00379633143278303   0
0.0934167226261154   0.0109224244018716   0.039174369126544   -0.0102004580784085   0
0.095359885753703   0.020186662671737   0.00194316312758755   0.00926423826986541   0
0.0537919889550468   0.0203047415058651   -0.0415678967986561   0.000118078834128076   0
0.0565440056880639   0.0301364945620754   0.00275201673301704   0.00983175305621032   0
0.0564996997317451   0.0306763432929187   -4.43059563187478e-05   0.000539848730843333   0
0.0868835030308092   0.0145707259475498   0.0303838032990641   -0.016105617345369   0
0.125288044115726   0.0221487576002019   0.0384045410849168   0.00757803165265211   0
0.05656538093233   0.0162645589638945   -0.068722663183396   -0.0058841986363074   0
0.0624638394492005   0.0274353108859732   0.00589845851687055   0.0111707519220787   0
0.0610763947492321   0.033477091945874   -0.00138744469996843   0.00604178105990077   0
0.100487682990531   0.0170437845169434   0.0394112882412991   -0.0164333074289306   0
0.102201388521877   0.0205308281609023   0.00171370553134552   0.00348704364395892   0
0.0564942478437008   0.025524691321542   -0.0457071406781759   0.00499386316063964   0
0.0708998156680643   0.0314105185909513   0.0144055678243634   0.00588582726940937   0
0.0709187532677747   0.0262272891483756   1.89375997103752e-05   -0.00518322944257575   0
0.116915281384347   0.0222875700680895   0.0459965281165727   -0.00393971908028607   0
0.080331736462621   0.0212252370019748   -0.0365835449217264   -0.00106233306611472   0
0.0671485875087395   0.0314492084188537   -0.0131831489538816   0.0102239714168789   0
0.0549988793244491   0.0349307427894645   -0.0121497081842904   0.00348153437061075   0
0.0580743340455971   0.02772916176023   0.00307545472114803   -0.00720158102923451   0
0.111114344674554   0.0235810191817487   0.0530400106289564   -0.00414814257848128   0
0.0944469279069763   0.0182685788531155   -0.0166674167675772   -0.00531244032863316   0
0.0618154630551436   0.0283533514119143   -0.0326314648518328   0.0100847725587987   0
0.0665425942010842   0.0303877547687387   0.00472713114594066   0.00203440335682442   0
0.065547261879465   0.0284384348576447   -0.000995332321619205   -0.00194931991109399   0
0.115607554604833   0.0219184211021802   0.0500602927253683   -0.00652001375546444   0
0.133983208722112   0.036739832191914   0.0183756541172791   0.0148214110897338   0
0.0597018304374614   0.0206182567218958   -0.074281378284651   -0.0161215754700182   0
0.0636991776536118   0.0294671698785699   0.00399734721615046   0.00884891315667418   0
0.0621110287800352   0.0215550868205164   -0.00158814887357666   -0.00791208305805354   0
0.0860651089767641   0.0208760930570114   0.0239540801967289   -0.000678993763504995   0
0.134600388100236   0.0372579758621225   0.0485352791234716   0.016381882805111   0
0.0962879325202198   0.0272570571992374   -0.0383124555800159   -0.010000918662885   0
0.0628130363874284   0.0177632406177821   -0.0334748961327914   -0.00949381658145528   0
0.0602695040237805   0.0344045659909408   -0.00254353236364783   0.0166413253731587   0
0.0619678300115738   0.0256914401296662   0.00169832598779322   -0.00871312586127456   0
0.0923500398656683   0.0202783289415696   0.0303822098540946   -0.00541311118809663   0
0.130195560918357   0.0340223044672535   0.0378455210526889   0.0137439755256839   0
0.0642903420351961   0.0205328616010561   -0.0659052188831611   -0.0134894428661974   0
0.0654623935316977   0.0374221589687848   0.00117205149650165   0.0168892973677287   0
0.0637812969377271   0.0260423601248524   -0.00168109659397064   -0.0113797988439324   0
0.0785689658860217   0.03434275379385   0.0147876689482946   0.00830039366899767   0
0.12542545640717   0.0258358614755731   0.0468564905211483   -0.00850689231827696   0
0.0744296952121934   0.0221121316613754   -0.0509957611949766   -0.00372372981419767   0
0.0678879145311071   0.0231567337788061   -0.00654178068108625   0.00104460211743072   0
0.0651869480886567   0.0278169142040036   -0.00270096644245038   0.00466018042519754   0
0.0811854370578622   0.0294198888472327   0.0159984889692054   0.00160297464322902   0
0.142094206882011   0.0177686752289253   0.0609087698241483   -0.0116512136183073   0
0.0847864694312719   0.0192275835684213   -0.0573077374507387   0.00145890833949596   0
0.0805465116221081   0.0255278765627892   -0.00423995780916374   0.00630029299436785   0
0.0703431061216305   0.0373384880070819   -0.0102034055004777   0.0118106114442928   0
0.0833155232089771   0.0349217536703485   0.0129724170873466   -0.0024167343367334   0
0.127454448878531   0.0281150064939082   0.0441389256695537   -0.00680674717644032   0
0.0896710457311054   0.0232078750914964   -0.0377834031474253   -0.00490713140241178   0
0.0771469497687368   0.0406354225702773   -0.0125240959623686   0.0174275474787809   0
0.0699413777266583   0.0285076654351071   -0.00720557204207847   -0.0121277571351702   0
0.0686894367419618   0.0319778739459411   -0.00125194098469657   0.00347020851083403   0
0.104376643640873   0.0218489853289003   0.0356872068989114   -0.0101288886170408   0
0.131177206102646   0.0291480666571558   0.0268005624617729   0.00729908132825555   0
0.0767226896134181   0.02891840343818   -0.054454516489228   -0.000229663218975835   0
0.0702515255002335   0.0355969862301923   -0.00647116411318462   0.00667858279201231   0
0.0790187331022999   0.0218645494012231   0.00876720760206637   -0.0137324368289692   0
0.124453428452455   0.0328463979684607   0.0454346953501554   0.0109818485672376   0
0.130259112219069   0.0398862605541369   0.0058056837666137   0.00703986258567622   0
0.0771220339014402   0.0308230830297684   -0.0531370783176287   -0.00906317752436848   0
0.0707733946925017   0.0308631496923111   -0.00634863920893852   4.00666625426059e-05   0
0.078125187922338   0.0295932063869396   0.00735179322983628   -0.0012699433053715   0
0.128999814941573   0.0317856146549426   0.0508746270192347   0.00219240826800302   0
0.101454062756599   0.0274213307874089   -0.0275457521849733   -0.00436428386753366   0
0.0680663380514921   0.0313005873135393   -0.0333877247051073   0.00387925652613043   0
0.0650020731191706   0.0284748857871902   -0.00306426493232149   -0.00282570152634917   0
0.066116387140836   0.0240967769825137   0.00111431402166536   -0.00437810880467652   0
0.115968493885063   0.0225981407750726   0.0498521067442275   -0.00149863620744103   0
0.126058135846123   0.0339828722747945   0.0100896419610596   0.0113847314997219   0
0.0773840617701733   0.0253335276083888   -0.0486740740759497   -0.0086493446664057   0
0.073248683091029   0.0332568787954086   -0.00413537867914428   0.00792335118701978   0
0.0692003715437136   0.0326702177540952   -0.00404831154731546   -0.000586661041313385   0
0.0703536699131076   0.0310298102219865   0.00115329836939401   -0.0016404075321087   0
0.123738887142397   0.0339684361496449   0.0533852172292896   0.00293862592765833   0
0.118291802350512   0.0412452094902548   -0.00544708479188555   0.00727677334060989   0
0.0691236449748565   0.0356264710709607   -0.0491681573756551   -0.00561873841929405   0
0.0674249095028484   0.0293821911668446   -0.00169873547200805   -0.00624427990411611   0
0.0776597214660605   0.0280945239741662   0.0102348119632121   -0.00128766719267838   0
0.127184720006366   0.024355071936765   0.049524998540305   -0.00373945203740117   0
0.0833371114318825   0.0203997533646512   -0.043847608574483   -0.00395531857211379   0
0.0759206535748343   0.0402888162858193   -0.00741645785704821   0.0198890629211681   0
0.0706493141915645   0.0334754182978346   -0.00527133938326976   -0.00681339798798472   0
0.0833464586354507   0.040882739248398   0.0126971444438862   0.00740732095056337   0
0.132481255035005   0.0243820136901672   0.0491347963995541   -0.0165007255582308   0
0.083868394182612   0.0405093064846832   -0.0486128608523928   0.0161272927945161   0
0.0659937019101823   0.0457071379832789   -0.0178746922724297   0.0051978314985957   0
0.0647627862079798   0.0319200048332546   -0.00123091570220249   -0.0137871331500243   0
0.0767314913002478   0.0325752595505009   0.011968705092268   0.000655254717246256   0
0.123555602321789   0.022425167649875   0.0468241110215409   -0.0101500919006259   0
0.0893826548552346   0.0203681407130106   -0.0341729474665541   -0.00205702693686439   0
0.0717824364283799   0.040752130792972   -0.0176002184268547   0.0203839900799614   0
0.0692580436968797   0.0301109640918923   -0.00252439273150019   -0.0106411667010798   0
0.0891087867253752   0.0410016047902396   0.0198507430284955   0.0108906406983474   0
0.129241743071631   0.030252954578892   0.0401329563462563   -0.0107486502113477   0
0.0782120688782109   0.0333815342426767   -0.0510296741934206   0.00312857966378479   0
0.076928399546542   0.0366345364974432   -0.00128366933166889   0.00325300225476648   0
0.0757648374732006   0.0397476640707665   -0.00116356207334138   0.00311312757332324   0
0.0971966641437478   0.0377274662237606   0.0214318266705472   -0.00202019784700583   0
0.130408495065506   0.0378817554128963   0.0332118309217578   0.000154289189135695   0
0.0747553861522392   0.0400524519190461   -0.0556531089132664   0.00217069650614978   0
0.073053419434587   0.0444968101412056   -0.0017019667176522   0.00444435822215951   0
0.0658535549360093   0.0457699534535758   -0.00719986449857769   0.00127314331237022   0
0.0924428862320947   0.0286047735019   0.0265893312960853   -0.0171651799516758   0
0.115565881672144   0.0238312860849451   0.0231229954400494   -0.00477348741695485   0
0.0627303333819325   0.0358777410950717   -0.0528355482902115   0.0120464550101266   0
0.0747396677103859   0.0370806007328145   0.0120093343284533   0.00120285963774271   0
0.0709665358689523   0.0357746034480206   -0.00377313184143355   -0.00130599728479389   0
0.0863665297728402   0.0412303791475715   0.0153999939038879   0.00545577569955095   0
0.133933380734043   0.0291525507523356   0.0475668509612023   -0.012077828395236   0
0.0789018631603209   0.0221991274858946   -0.0550315175737217   -0.00695342326644098   0
0.0681957361097958   0.0516822572585817   -0.0107061270505251   0.0294831297726872   0
0.0708589706469124   0.0405166317580583   0.00266323453711667   -0.0111656255005234   0
0.0845224201188064   0.0373638553490536   0.0136634494718939   -0.00315277640900473   0
0.137489464337818   0.0356353203853985   0.0529670442190112   -0.00172853496365505   0
0.0767299233190025   0.0313953602085563   -0.0607595410188151   -0.00423996017684224   0
0.0752481674291142   0.0390160798670561   -0.00148175588988828   0.00762071965849979   0
0.0740901198264823   0.0518894991265875   -0.00115804760263193   0.0128734192595314   0
0.100155957640771   0.0335002721381484   0.0260658378142892   -0.0183892269884391   0
0.147743837698971   0.0367726509417665   0.0475878800582   0.00327237880361812   0
0.104611398959435   0.0224744138983645   -0.0431324387395368   -0.014298237043402   0
0.0766358144537526   0.0428053673800962   -0.027975584505682   0.0203309534817316   0
0.0656290356519011   0.042746310387127   -0.0110067788018516   -5.90569929691739e-05   0
0.0909412045804321   0.0400210433997853   0.025312168928531   -0.00272526698734166   0
0.148344426987366   0.0297045019452018   0.0574032224069341   -0.0103165414545835   0
0.100755623074447   0.0232003699327705   -0.0475888039129193   -0.00650413201243137   0
0.0757266694566643   0.0426123768346123   -0.0250289536177825   0.0194120069018418   0
0.0702687392084133   0.0439133714944833   -0.00545793024825104   0.00130099465987106   0
0.115534657694953   0.0359488350528915   0.0452659184865399   -0.00796453644159183   0
0.13082943947434   0.0428085619690734   0.0152947817793869   0.00685972691618193   0
0.0646057546617173   0.0396028877712535   -0.0662236848126228   -0.00320567419781991   0
0.063549021373055   0.0464501429418145   -0.00105673328866228   0.00684725517056101   0
0.0652874434581536   0.0433102290594096   0.00173842208509858   -0.00313991388240495   0
0.0932933831778546   0.0407612669504089   0.028005939719701   -0.00254896210900062   0
0.152329349879135   0.0357938808937366   0.0590359667012807   -0.00496738605667237   0
0.101869254332011   0.0350524943361025   -0.0504600955471239   -0.00074138655763404   0
0.0724759047917306   0.0429250754792872   -0.0293933495402807   0.00787258114318463   0
0.065856084384371   0.0500869769438374   -0.00661982040735956   0.00716190146455024   0
0.118326150539811   0.030448289220168   0.0524700661554399   -0.0196386877236694   0
0.129205243413803   0.0468325032123257   0.0108790928739917   0.0163842139921577   0
0.0705745344906816   0.0475304314390265   -0.0586307089231211   0.000697928226700791   0
0.0655416381036513   0.046453464879759   -0.00503289638703022   -0.00107696655926754   0
0.0700423274515489   0.0400679322564192   0.00450068934789756   -0.00638553262333975   0
0.13598130112339   0.0362165136376005   0.0659389736718409   -0.00385141861881876   0
0.127806991124156   0.0380345681478704   -0.00817430999923413   0.00181805451026998   0
0.0741110524231447   0.037444061739814   -0.053695938701011   -0.000590506408056475   0
0.0652282638157724   0.0374409012481671   -0.00888278860737231   -3.1604916468711e-06   0
0.109778501889304   0.0290956370641871   0.044550238073532   -0.00834526418397996   0
0.13683423395408   0.0517698455685837   0.027055732064776   0.0226742085043965   0
0.09605278600884   0.0251817647743362   -0.0407814479452404   -0.0265880807942474   0
0.0767844523179765   0.0301583889896327   -0.0192683336908635   0.00497662421529651   0
0.0746599567959961   0.040261997283077   -0.00212449552198039   0.0101036082934443   0
0.0702553109748302   0.0336377853583214   -0.00440464582116586   -0.00662421192475563   0
0.100145074006751   0.0386106961157786   0.0298897630319206   0.00497291075745721   0
0.142764888022966   0.0292720644491642   0.0426198140162151   -0.00933863166661435   0
0.0849888213620474   0.0224963790917583   -0.0577760666609185   -0.00677568535740594   0
0.0616374221557813   0.0360794208941884   -0.0233513992062661   0.0135830418024301   0
0.0522431530625612   0.0456230634195305   -0.00939426909322007   0.00954364252534207   0
0.0619354494307783   0.0481402208506048   0.0096922963682171   0.00251715743107427   0
0.122885060382823   0.0291736485186701   0.0609496109520444   -0.0189665723319347   0
0.0782561243219341   0.0394369717945293   -0.0446289360608887   0.0102633232758592   0
0.0468789827981581   0.0610948732007441   -0.031377141523776   0.0216579014062148   0
0.0550937544902006   0.0651590632465085   0.00821477169204254   0.00406419004576444   0
0.0874747109137544   0.0489676211522982   0.0323809564235538   -0.0161914420942104   0
0.122333998719653   0.0417584675797915   0.0348592878058983   -0.00720915357250665   0
0.0545574102240882   0.0578892369387004   -0.0677765884955645   0.0161307693589089   0
0.0484375023457692   0.0784570235610554   -0.00611990787831895   0.020567786622355   0
0.052756923634507   0.0722606300758753   0.00431942128873774   -0.00619639348518007   0
0.104143455997052   0.0490453093468427   0.0513865323625455   -0.0232153207290326   0
0.0902554875655215   0.03454287891451   -0.013887968431531   -0.0145024304323327   0
0.0393186825397291   0.0598086629299636   -0.0509368050257923   0.0252657840154536   0
0.0377970515705604   0.0684713692597132   -0.00152163096916876   0.00866270632974962   0
0.0486963959451826   0.0654691913518298   0.0108993443746223   -0.00300217790788346   0
0.103769248541222   0.0533990890042611   0.0550728525960398   -0.0120701023475686   0
0.04991945353517   0.0384019166462105   -0.0538497950060524   -0.0149971723580506   0
0.0241441291090899   0.0645699811302629   -0.0257753244260802   0.0261680644840523   0
0.024179507290162   0.061634037876911   3.53781810721182e-05   -0.00293594325335184   0
0.0675142345774845   0.0497404065963729   0.0433347272873226   -0.0118936312805381   0
0.100790041092872   0.0326827299444217   0.0332758065153878   -0.0170576766519512   0
0.0132701040522974   0.0668705115447946   -0.087519937040575   0.0341877816003728   0
0.0444928300690122   0.0887229252674443   0.0312227260167148   0.0218524137226497   0
0.0151505991614358   0.0887229252674443   -0.0293422309075764   0   0
0.0696829374227088   0.0677545598927666   0.054532338261273   -0.0209683653746776   0
0.0928971122716331   0.0386774477774193   0.0232141748489242   -0.0290771121153473   0
0.0221323067133749   0.0632413297614385   -0.0707648055582582   0.0245638819840191   0
0.0211425843001748   0.0741120434899922   -0.000989722413200059   0.0108707137285538   0
0.0208417422102952   0.100665746359487   -0.000300842089879658   0.0265537028694944   0
0.0888832974572141   0.0592934998102026   0.0680415552469189   -0.041372246549284   0
0.0809670243594891   0.0499736709117411   -0.00791627309772497   -0.00931982889846153   0
0.0275553301931242   0.0820702003733389   -0.0534116941663649   0.0320965294615978   0
0.0183987520527806   0.0852951705945302   -0.00915657814034352   0.00322497022119123   0
0.0190299943379104   0.103388026222878   0.000631242285129705   0.0180928556283478   0
0.0734873476417873   0.0619497200590325   0.0544573533038769   -0.0414383061638454   0
0.0735414044693355   0.0597290149593353   5.4056827548235e-05   -0.00222070509969724   0
0.0286978916715915   0.0836630690703043   -0.044843512797744   0.023934054110969   0
0.024200681597942   0.10208829136102   -0.00449721007364948   0.0184252222907157   0
0.0249114098861164   0.0970699943810264   0.000710728288174433   -0.00501829697999354   0
0.0830477830887285   0.0696867961060953   0.0581363732026121   -0.0273831982749311   0
0.0611454041974546   0.0729536905449101   -0.0219023788912739   0.00326689443881475   0
0.0302659467356235   0.0948437763285235   -0.0308794574618311   0.0218900857836135   0
0.0321483191713424   0.100005187355169   0.00188237243571886   0.00516141102664569   0
0.0267857333399125   0.0932242138935078   -0.00536258583142988   -0.0067809734616614   0
0.0510249253058307   0.0963368738849902   0.0242391919659182   0.00311265999148236   0
0.0960606113293081   0.0683225613177119   0.0450356860234774   -0.0280143125672783   0
0.0141403298965972   0.0858053831764797   -0.0819202814327109   0.0174828218587678   0
0.0204346251803746   0.0959956739455612   0.00629429528377743   0.0101902907690815   0
0.0155006786218959   0.0970941955462967   -0.00493394655847872   0.00109852160073547   0
0.0515490915033427   0.089815092966188   0.0360484128814468   -0.00727910258010865   0
0.0854886672392288   0.0547586003086958   0.0339395757358861   -0.0350564926574922   0
0.0222565889986426   0.0831035900789641   -0.0632320782405862   0.0283449897702683   0
0.0332655907853506   0.0897647486013441   0.0110090017867079   0.00666115852237996   0
0.0165305307345076   0.0994032871588888   -0.016735060050843   0.00963853855754469   0
0.0529218521373771   0.0800274000436413   0.0363913214028695   -0.0193758871152474   0
0.0951310289259893   0.0576617144055308   0.0422091767886122   -0.0223656856381105   0
0.0187786859935189   0.0805502251704798   -0.0763523429324704   0.022888510764949   0
0.0171207227039164   0.0917501013611565   -0.00165796328960248   0.0111998761906767   0
0.0136554673848719   0.0936684352493544   -0.00346525531904455   0.00191833388819786   0
0.0662881753538412   0.0891395104551007   0.0526327079689693   -0.00452892479425375   0
0.076081116436583   0.0565614423685208   0.00979294108274181   -0.0325780680865798   0
0.0215576946013923   0.0821045909191137   -0.0545234218351907   0.0255431485505929   0
0.0257044168074983   0.0927887488258948   0.00414672220610595   0.0106841579067812   0
0.0182210145943413   0.0943312203264248   -0.00748340221315694   0.00154247150052998   0
0.0720307244859227   0.0866658350144104   0.0538097098915813   -0.00766538531201445   0
0.0986170952306288   0.0534239097998967   0.0265863707447061   -0.0332419252145136   0
0.0250479870166646   0.081584920798791   -0.0735691082139641   0.0281610109988943   0
0.0250837052998914   0.0946007167731566   3.5718283226769e-05   0.0130157959743656   0
0.0204388745031937   0.100326931173763   -0.00464483079669774   0.00572621440060646   0
0.0533700130781968   0.0976572186988499   0.0329311385750032   -0.00266971247491318   0
0.105456077151233   0.0629075674839284   0.0520860640730366   -0.0347496512149215   0
0.0332223540388411   0.0803628964270515   -0.0722337231123923   0.0174553289431231   0
0.0385393060806354   0.100969159736996   0.00531695204179433   0.0206062633099445   0
0.0197842906612014   0.100969159736996   -0.018755015419434   0   0
0.0405990955471535   0.100969159736996   0.0208148048859521   0   0
0.101416835702988   0.0543084496776054   0.0608177401558347   -0.0466607100593905   0
0.0172633353080828   0.0898708410252458   -0.0841535003949053   0.0355623913476404   0
0.0223407879177884   0.101670171170469   0.00507745260970555   0.0117993301452234   0
0.0239307558354014   0.104557890865754   0.00158996791761304   0.00288771969528523   0
0.0823763797370102   0.0924808488313932   0.0584456239016087   -0.0120770420343612   0
0.105007699801143   0.0717029018014264   0.0226313200641325   -0.0207779470299668   0
0.0306590134390661   0.101291036136138   -0.0743486863620765   0.029588134334712   0
0.0274508871797634   0.112177432286679   -0.00320812625930269   0.0108863961505408   0
0.0242803610494119   0.110119777436866   -0.0031705261303515   -0.0020576548498128   0
0.0721613381021091   0.0926975159861094   0.0478809770526971   -0.0174222614507571   0
0.0792400853994751   0.0808131136288072   0.00707874729736599   -0.0118844023573022   0
0.0331917412033189   0.110166823337269   -0.0460483441961561   0.0293537097084617   0
0.0250320923005329   0.116323718006916   -0.008159648902786   0.0061568946696471   0
0.0315519028232039   0.115155295088741   0.00651981052267094   -0.00116842291817498   0
0.101262777193046   0.0621127348101893   0.0697108743698417   -0.0530425602785516   0
0.0761750917242874   0.082685882178852   -0.0250876854687582   0.0205731473686627   0
0.0325820781248465   0.101829447210188   -0.0435930135994409   0.0191435650313361   0
0.0262818091986929   0.106852640697235   -0.00630026892615356   0.00502319348704729   0
0.0333713790002751   0.113477603758605   0.00708956980158214   0.0066249630613697   0
0.0901205135666769   0.0825954104836492   0.0567491345664018   -0.030882193274956   0
0.0685905454812908   0.0731697429298819   -0.0215299680853861   -0.00942566755376727   0
0.0400962278641221   0.100468556938042   -0.0284943176171688   0.0272988140081597   0
0.0231282073158838   0.0985209707583111   -0.0169680205482383   -0.00194758617973041   0
0.0324585753500134   0.0967296912779241   0.00933036803412966   -0.00179127948038708   0
0.0995420187874226   0.0604446976506211   0.0670834434374092   -0.036284993627303   0
0.0762535258449241   0.0702812162285379   -0.0232884929424986   0.00983651857791681   0
0.0207948918809428   0.0972743599139182   -0.0554586339639813   0.0269931436853803   0
0.0190241780104056   0.102779665180825   -0.00177071387053718   0.00550530526690682   0
0.0455409403063266   0.0983517537059457   0.026516762295921   -0.00442791147487936   0
0.0929754328146656   0.0674776680791134   0.047434492508339   -0.0308740856268323   0
0.0404007898908932   0.0932916732076475   -0.0525746429237724   0.0258140051285341   0
0.0337020427992266   0.108725597179517   -0.00669874709166664   0.015433923971869   0
0.0217617749052438   0.106724423607181   -0.0119402678939828   -0.00200117357233565   0
0.0496688137545774   0.0958877254408118   0.0279070388493336   -0.0108366981663692   0
0.105142649853487   0.0726095597963863   0.0554738360989091   -0.0232781656444255   0
0.0400281363076974   0.0855626715223117   -0.0651145135457892   0.0129531117259254   0
0.0250035143163696   0.108207460380211   -0.0150246219913278   0.0226447888578997   0
0.0220305600731892   0.10954358676695   -0.00297295424318036   0.00133612638673909   0
0.0576989696152228   0.102267788484539   0.0356684095420335   -0.00727579828241147   0
0.111718369900784   0.0653572385261832   0.0540194002855612   -0.0369105499583558   0
0.0392719618373274   0.0991352856011042   -0.0724464080634566   0.0337780470749211   0
0.0257206615305808   0.105173008448675   -0.0135513003067466   0.00603772284757048   0
