0.336799496404745   0.351576927083537   0   0   0
0.239177864296929   0.33472306818832   -0.0976216321078167   -0.0168538588952171   0
0.137450940271138   0.335643905490987   -0.10172692402579   0.00092083730266701   0
0.242388894659388   0.279112112775355   0.10493795438825   -0.0565317927156317   0
0.241424484562461   0.226319023211256   -0.00096441009692716   -0.0527930895640993   0
0.115096944589724   0.24861683806082   -0.126327539972737   0.0222978148495643   0
0.229385577722511   0.130192980299439   0.114288633132787   -0.118423857761381   0
0.152358208197786   0.226184323854815   -0.0770273695247244   0.0959913435553768   0
0.12167090540688   0.192254658157358   -0.0306873027909061   -0.0339296656974576   0
0.198605535686999   0.122760550392634   0.0769346302801192   -0.0694941077647236   0
0.196353266352154   0.150835893881811   -0.00225226933484524   0.0280753434891769   0
0.170062924328761   0.0879361285564983   -0.0262903420233929   -0.0628997653253129   0
0.192659732803977   0.114680916288021   0.0225968084752162   0.0267447877315223   0
0.133884776883334   0.117007691751622   -0.058774955920644   0.00232677546360097   0
0.19755282954577   0.0964228596182072   0.0636680526624363   -0.0205848321334144   0
0.151525714230424   0.139023943798299   -0.0460271153153463   0.0426010841800914   0
0.160395618473012   0.0619128759852504   0.00886990424258829   -0.0771110678130482   0
0.216595539965623   0.0776142397745092   0.0561999214926116   0.0157013637892587   0
0.169782111336737   0.052203006261589   -0.046813428628887   -0.0254112335129202   0
0.247617801671467   0.0836931521605113   0.0778356903347306   0.0314901458989223   0
0.122956270878797   0.0342391221398855   -0.12466153079267   -0.0494540300206258   0
0.179912302569808   0.0468661235572935   0.056956031691011   0.0126270014174079   0
0.260921589695238   0.0579029165127554   0.0810092871254302   0.0110367929554619   0
0.121413437793063   0.0539068544271969   -0.139508151902175   -0.00399606208555851   0
0.23695526551516   0.0183959476818266   0.115541827722097   -0.0355109067453704   0
0.16239895578793   0.0456697186212046   -0.0745563097272302   0.027273770939378   0
0.187033064093231   0.0331398063487255   0.0246341083053007   -0.0125299122724791   0
0.244636680210062   0.0262263055017763   0.0576036161168311   -0.00691350084694921   0
0.111233085979757   0.0657301543704448   -0.133403594230305   0.0395038488686685   0
0.310184054820102   0.0232845065979875   0.198950968840345   -0.0424456477724572   0
0.133887186159431   0.0514549169610884   -0.176296868660671   0.0281704103631008   1
0.249310967067737   0.0520276119076688   0.115423780908306   0.000572694946580424   0
0.231782951986163   0.0623680316449261   -0.0175280150815734   0.0103404197372573   0
0.148888932626102   0.0714830036393442   -0.0828940193600609   0.00911497199441817   0
0.263074354795161   0.0492538664834295   0.114185422169058   -0.0222291371559148   0
0.193196044677524   0.082824071943729   -0.0698783101176361   0.0335702054602995   0
0.242239224672657   0.0610974934774128   0.0490431799951327   -0.0217265784663162   0
0.310252885684001   0.0838075069230675   0.0680136610113443   0.0227100134456547   0
0.177958250628511   0.0976469094270781   -0.13229463505549   0.0138394025040106   0
0.146619886700884   0.493998125436652   -0.0313383639276273   0.396351216009574   1
0.276225590734114   0.705991182644206   0.12960570403323   0.211993057207554   1
0.238735677507008   0.327624987716556   -0.0374899132271058   -0.378366194927651   1
0.062431358180754   0.24758096663676   -0.176304319326254   -0.0800440210797956   0
0.194044586320928   0.223131859484056   0.131613228140174   -0.0244491071527041   0
0.065955710131345   0.251918314612862   -0.128088876189583   0.0287864551288062   0
0.141365358302911   0.188368990775141   0.0754096481715663   -0.0635493238377216   0
0.228572918156898   0.187153475516626   0.0872075598539868   -0.00121551525851415   0
0.0832460396653799   0.186014257153054   -0.145326878491518   -0.00113921836357245   0
0.284153197480584   0.177309129691233   0.200907157815205   -0.00870512746182098   0
0.131520650510024   0.172811511981986   -0.15263254697056   -0.00449761770924731   0
0.253716719989913   0.119650211848548   0.122196069479889   -0.0531613001334374   0
0.192515731450393   0.137799287787174   -0.0612009885395197   0.018149075938626   0
0.133929245462894   0.136374003447321   -0.0585864859874999   -0.00142528433985303   0
0.269185047586228   0.150574364398659   0.135255802123335   0.0142003609513372   0
0.0700934864729242   0.154620348883329   -0.199091561113304   0.00404598448467089   0
0.276689235690675   0.12391900448007   0.206595749217751   -0.0307013444032594   0
0.158136000212381   0.123726793576018   -0.118553235478295   -0.000192210904052248   0
0.230482082367133   0.0770471215389971   0.0723460821547527   -0.0466796720370206   0
0.304698950275612   0.10221807200246   0.074216867908479   0.0251709504634624   0
0.14526802779552   0.0642858899979031   -0.159430922480092   -0.0379321820045564   0
0.316863097083409   0.074825079646416   0.171595069287889   0.0105391896485129   0
0.17788811670477   0.0960945583039045   -0.138974980378639   0.0212694786574885   1
0.195354115387826   0.0734331736446989   0.0174659986830555   -0.0226613846592056   0
0.29675661584883   0.0708588322251185   0.101402500461004   -0.00257434141958034   0
0.141064823764608   0.0723709078784079   -0.155691792084222   0.00151207565328934   0
0.328285669891392   0.0553480015092912   0.187220846126784   -0.0170229063691167   0
0.156247928248601   0.0804212479097564   -0.172037741642791   0.0250732464004653   0
0.311899453199841   0.0526503475023299   0.15565152495124   -0.0277709004074265   0
0.261808507466679   0.0744400108540763   -0.0500909457331626   0.0217896633517464   0
0.191403057423569   0.0604921899378341   -0.0704054500431099   -0.0139478209162422   0
0.350806281136028   0.0651609661944941   0.159403223712459   0.00466877625665995   0
0.192378463343094   0.068404046983237   -0.158427817792935   0.00324308078874296   1
0.282843871781081   0.0495795494016538   0.0904654084379871   -0.0188244975815833   0
0.269420950147591   0.0963974572980014   -0.0134229216334893   0.0468179078963476   0
0.132615532789489   0.174567988977762   -0.136805417358103   0.0781705316797605   0
0.384462888675877   0.128715807012231   0.251847355886388   -0.0458521819655305   1
0.15755461989434   0.436097432203083   -0.226908268781537   0.307381625190851   1
0.343540918325911   0.210007384794559   0.18598629843157   -0.226090047408524   1
0.181072959553242   0.16511633647674   -0.162467958772669   -0.0448910483178191   0
0.258977551010585   0.139318142420729   0.0779045914573428   -0.025798194056011   0
0.262187818619115   0.143062182736214   0.00321026760853038   0.00374404031548548   0
0.152647154771257   0.130249335523257   -0.109540663847858   -0.0128128472129573   0
0.30946935562708   0.11786333258937   0.156822200855823   -0.0123860029338869   0
0.164174580629889   0.133493350985171   -0.145294774997191   0.0156300183958006   0
0.314826908535468   0.0873787134007619   0.150652327905579   -0.0461146375844088   0
0.209156082326118   0.112953614750492   -0.10567082620935   0.0255749013497298   0
0.234639490967931   0.0903892599663948   0.0254834086418131   -0.0225643547840969   0
0.309754012500823   0.103346364971875   0.0751145215328916   0.0129571050054803   0
0.173498733478836   0.0982966900965643   -0.136255279021988   -0.00504967487531074   1
0.318147707386443   0.0972214044467061   0.144648973907608   -0.00107528564985823   0
0.234097063069766   0.104594569989403   -0.0840506443166774   0.00737316554269742   0
0.229500771097637   0.061565676249697   -0.00459629197212891   -0.0430288937397065   0
0.317317559003406   0.0617318294382242   0.0878167879057689   0.000166153188527217   0
0.217186540323957   0.113042505017538   -0.100131018679448   0.0513106755793134   0
0.39766600248109   0.0517572191507861   0.180479462157132   -0.0612852858667515   0
0.188444553739873   0.162133074415093   -0.209221448741216   0.110375855264307   0
0.387621078236414   0.0389988063208671   0.19917652449654   -0.123134268094226   0
0.200373444228645   0.0972307988207569   -0.187247634007769   0.0582319924998898   1
0.277575675092559   0.0620762544078249   0.077202230863914   -0.035154544412932   0
0.239657028009551   0.0974241422291723   -0.0379186470830077   0.0353478878213474   0
0.181120083959455   0.126737813579344   -0.0585369440500966   0.0293136713501715   0
0.336151392356019   0.0796666664430143   0.155031308396564   -0.0470711471363295   0
0.119454731014598   0.214624207295455   -0.216696661341421   0.134957540852441   1
0.381969129691131   0.155894329785764   0.262514398676533   -0.0587298775096912   0
0.140052483127576   0.245834242510685   -0.241916646563555   0.0899399127249216   0
0.323742766699366   0.109312356405177   0.18369028357179   -0.136521886105508   0
0.315155107053479   0.079113262794237   -0.00858765964588648   -0.0301990936109403   0
0.152335979223163   0.237063332111173   -0.162819127830316   0.157950069316936   0
0.369818104407302   0.140250295256231   0.217482125184139   -0.0968130368549423   1
0.145725798431431   0.225983467309558   -0.224092305975871   0.0857331720533267   1
0.300227132475548   0.187551950154944   0.154501334044116   -0.0384315171546141   0
0.283640105459031   0.151813748558884   -0.0165870270165169   -0.0357382015960599   0
0.202921091005864   0.213204267278378   -0.080719014453167   0.0613905187194941   0
0.384026790255433   0.102180245907465   0.181105699249569   -0.111024021370913   0
0.150614469799485   0.251592333995812   -0.233412320455948   0.149412088088347   0
0.400005700573079   0.11611790025346   0.249391230773594   -0.135474433742351   0
0.22532104628403   0.158154796641613   -0.174684654289049   0.0420368963881531   1
0.310380637344294   0.11824513752916   0.0850595910602638   -0.039909659112453   0
0.309534391312516   0.142989695028208   -0.000846246031777409   0.0247445574990481   0
0.0834165746858645   0.250911355419598   -0.226117816626652   0.10792166039139   1
0.353782991856717   0.212670446216235   0.270366417170853   -0.0382409092033633   0
0.113341344672366   0.279714670830831   -0.240441647184351   0.0670442246145957   1
0.291489334694359   0.219133268649217   0.178147990021993   -0.0605814021816136   0
0.252589567669258   0.210103772792161   -0.0388997670251013   -0.0090294958570562   0
0.184662389406749   0.272757761001112   -0.0679271782625082   0.0626539882089515   0
0.412431834500394   0.12986308385262   0.227769445093644   -0.142894677148493   1
0.148997636673069   0.228534254216408   -0.263434197827324   0.0986711703637889   1
0.405925204911804   0.156195054466371   0.256927568238734   -0.0723391997500377   0
0.177124369668377   0.276914548140784   -0.228800835243427   0.120719493674414   1
0.220990063427838   0.321373400352491   0.0438656937594609   0.0444588522117067   0
0.325019083863456   0.270789490836166   0.104029020435617   -0.0505839095163251   0
0.103990868675139   0.306262773222702   -0.221028215188317   0.0354732823865357   0
0.414487341811846   0.244475826571039   0.310496473136707   -0.0617869466516631   0
0.0805648853082408   0.342811962554488   -0.333922456503605   0.0983361359834499   1
0.428673205141166   0.276611762765234   0.348108319832925   -0.0662001997892546   0
0.145838718226334   0.323395528173319   -0.282834486914832   0.0467837654080852   1
0.320678481543991   0.278697667956856   0.174839763317658   -0.044697860216463   0
0.304370009570588   0.304969626615016   -0.0163084719734031   0.0262719586581603   0
0.0915433597381044   0.366397692160663   -0.212826649832484   0.0614280655456467   0
0.384189780601319   0.30232005566095   0.292646420863215   -0.0640776364997129   0
0.120509181723054   0.339636876890967   -0.263680598878266   0.037316821230017   1
0.267505637537155   0.395056849969422   0.146996455814102   0.055419973078455   0
0.228915733176119   0.332887442443347   -0.0385899043610367   -0.0621694075260753   1
0.199598320972547   0.404489707053294   -0.0293174122035715   0.0716022646099476   0
0.369504594518986   0.34010315624634   0.169906273546438   -0.0643865508069543   1
0.13218992536366   0.400528792257926   -0.237314669155326   0.0604256360115854   1
0.439407473163225   0.350387409455277   0.307217547799565   -0.0501413828026485   0
0.134155741019608   0.368960058349762   -0.305251732143617   0.0185726488944852   1
0.389707090965112   0.413017730511902   0.255551349945504   0.0440576721621402   0
0.22095485391817   0.407627924518653   -0.168752237046942   -0.00538980599324901   0
0.257710126246389   0.499746002690319   0.0367552723282191   0.0921180781716657   0
0.325761354874945   0.446011680903351   0.0680512286285558   -0.0537343217869684   0
0.204279614881417   0.465396481415024   -0.121481739993528   0.0193848005116734   0
0.457168021601685   0.442359485783339   0.252888406720268   -0.0230369956316853   1
0.106817428065321   0.397503902701966   -0.350350593536364   -0.0448555830813724   1
0.43475565369298   0.396085146315552   0.327938225627659   -0.0014187563864142   0
0.216374147758684   0.371667491229728   -0.218381505934295   -0.0244176550858242   0
0.32139957662805   0.428261019544684   0.105025428869366   0.0565935283149563   0
0.32633188343633   0.406774928677383   0.00493230680827972   -0.0214860908673014   0
0.130535786968007   0.530026402091905   -0.195796096468323   0.123251473414522   0
0.393056561543298   0.452053237576881   0.262520774575291   -0.0779731645150243   0
0.0531162395124128   0.523951703087625   -0.339940322030885   0.0718984655107439   0
0.393657142922623   0.464432239916279   0.34054090341021   -0.0595194631713453   0
0.092914538370402   0.482404678739202   -0.300742604552221   0.0179724388229225   1
0.342445214684101   0.487268804885099   0.249530676313699   0.00486412614589693   0
0.17290063871834   0.458395736230904   -0.169544575965761   -0.0288730686541948   0
0.206765141469494   0.531572709693759   0.0338645027511541   0.0731769734628553   1
0.400468702698525   0.467594092867874   0.193703561229031   -0.0639786168258851   1
0.114791694104103   0.428250511907155   -0.285677008594422   -0.0393435809607195   1
0.405052231108841   0.452536667384302   0.290260537004738   0.0242861554771468   0
0.153897867026187   0.468637636007291   -0.251154364082654   0.0161009686229898   1
0.259938531311501   0.582935699795923   0.106040664285313   0.114298063788632   0
0.358432101677626   0.539960035211352   0.0984935703661253   -0.0429756645845706   0
0.247866873518104   0.638585698014891   -0.110565228159521   0.098625662803538   0
0.431440004144597   0.549498797628741   0.183573130626493   -0.0890869003861491   0
0.196780583535978   0.548212704115483   -0.234659420608619   -0.00128609351325859   1
0.43389355020706   0.573477002966553   0.237112966671082   0.0252642988510703   1
0.120792363458126   0.508912099406037   -0.313101186748934   -0.0645649035605163   1
0.341838811339497   0.344563231223966   0.221046447881371   -0.164348868182071   1
0.235988129839278   0.405201658738893   -0.105850681500219   0.060638427514927   1
0.146469018001181   0.426321778034925   -0.0895191118380968   0.0211201192960326   0
0.417913427134234   0.438817033151703   0.271444409133052   0.0124952551167774   1
0.0832908089413832   0.472904424119084   -0.33462261819285   0.0340873909673813   0
0.429438220153447   0.395110231011451   0.346147411212063   -0.0777941931076325   0
0.101830036269708   0.44369965047604   -0.327608183883739   0.0485894194645884   0
