0.0268742   0   0   0
0.02755995   0.00140312409681344   0.000685750000000006   0
0.0362472786920512   -0.00425452485077804   0.00868732869205115   0
0.0182026809896345   0.0421946648170158   -0.0180445977024167   0
0.0229894729060933   0.025285707610639   0.00478679191645888   0
0.0246459377865806   0.0305851689556913   0.00165646488048723   0
0.0287156183701483   -0.0317824663549645   0.00406968058356775   0
0.0172134834977555   -0.0731955010841193   -0.0115021348723929   0
0.0219731374410899   0.00259111054325425   0.00475965394333438   0
0.0644441779469497   0.0627679856009956   0.0424710405058599   0
0.0558150254618996   0.00114743266181021   -0.00862915248505015   0
0.0384244212313276   -0.0359347531424216   -0.017390604230572   0
0.0378573006157993   0.00386663212047852   -0.000567120615528285   0
0.0181959669712439   -0.0464162845478508   -0.0196613336445554   0
0.0250460511290483   0.103422478174826   0.00685008415780434   0
0.181361683819605   0.0713886195759807   0.156315632690557   0
0.172440420555304   -0.0602179423459508   -0.00892126326430168   0
0.0728710189001773   0.0808782888038176   -0.0995694016551264   0
0.103188481106129   -0.0300499668600092   0.030317462205952   0
0.112974058775511   -0.0272550263622985   0.00978557766938123   0
0.099624740548031   0.0340421366621921   -0.0133493182274795   0
0.109371632774374   -0.0721877951077834   0.00974689222634284   0
0.133942880635824   0.0363097250489806   0.0245712478614497   0
0.134099322608627   -0.0127757244746924   0.000156441972802956   0
0.129766542533245   -0.00625124048560999   -0.00433278007538149   0
0.170020857951642   0.04310560704576   0.0402543154183971   0
0.169171054967243   -0.0149106637338998   -0.000849802984399101   0
0.183248488345443   0.0579196655854978   0.0140774333782   0
0.261090082620041   0.0152086565004024   0.0778415942745982   0
0.236276607009248   0.064009378320169   -0.0248134756107936   0
0.227028028152148   0.0439122981712928   -0.00924857885709973   0
0.201099320350045   -0.0905826278099221   -0.025928707802103   0
0.238251365948865   0.00957745004149874   0.0371520455988201   0
0.225726157610078   -0.0249086239049231   -0.0125252083387866   0
0.223312321617639   -0.00891981831719155   -0.00241383599243913   0
0.176788286333937   0.00732674164250305   -0.0465240352837026   0
0.178871721233067   -0.038437975263147   0.00208343489913018   0
0.2067420531031   0.00498485283779432   0.027870331870033   0
0.212640585256349   0.0749113093406807   0.00589853215324879   0
0.218285795434913   0.0465950411967996   0.00564521017856387   0
0.217094903847355   0.00981882549471091   -0.00119089158755717   0
0.233753165319659   -0.0216739393860734   0.016658261472304   0
0.247841774869089   0.00584612060152362   0.0140886095494292   0
0.284341209339347   0.0243323735752092   0.0364994344702587   0
0.366111506297334   0.0900982164105499   0.0817702969579864   0
0.338733185176741   0.00395411293988018   -0.0273783211205931   0
0.308589423172312   -0.0490726584018946   -0.030143762004429   0
0.312235473972729   0.00202518942207214   0.00364605080041785   0
0.332356733276121   -0.0101635859514688   0.020121259303392   0
0.300688317484954   -0.057095685950122   -0.0316684157911675   0
0.347990758877502   -0.012148373784894   0.0473024413925484   0
0.588157889371629   0.147225450495109   0.240167130494127   0
0.399989906018393   -0.0590206139675403   -0.188167983353237   0
0.391185313099779   0.0356871885043599   -0.00880459291861324   0
0.36202593175907   0.00543836697797284   -0.0291593813407098   0
0.346853790207142   -0.0801636294580617   -0.0151721415519276   0
0.376359000729926   -0.0638061836313112   0.0295052105227838   0
0.42318871144628   -0.00517955369768514   0.0468297107163539   0
0.458279515447996   -0.0377819154551408   0.0350908040017164   0
0.409727186113516   0.0382402389154138   -0.0485523293344798   0
0.375708384187128   -0.0262231009969952   -0.0340188019263883   0
0.392604938909332   -0.0546739986016903   0.0168965547222037   0
0.407508657965079   -0.0121448688977238   0.0149037190557477   0
0.401758390872238   0.0344690777861592   -0.00575026709284138   0
0.385438817371477   0.0235054145265838   -0.0163195735007614   0
0.38895669853629   -0.065535275513297   0.00351788116481289   0
0.410776758308573   0.00309306941410073   0.0218200597722837   0
0.414512160962501   0.0313943074354794   0.00373540265392786   0
0.407597168147192   0.020311023220131   -0.00691499281530944   0
0.376932296797147   0.0365316037261643   -0.0306648713500446   0
0.36710850990511   -0.0605833160302112   -0.00982378689203739   0
0.41919549262541   -0.0131325544233478   0.0520869827203002   0
0.465483262385075   0.000395626292211959   0.0462877697596651   0
0.409562364725447   0.0366391265130281   -0.055920897659628   0
0.379577957736514   -0.0135720342655158   -0.0299844069889332   0
0.41110227501678   -0.0618868317148423   0.0315243172802667   0
0.469874269911114   0.0446430019542748   0.0587719948943337   0
0.49443917235728   0.0141167624335349   0.0245649024461664   0
0.483897828907725   0.0316193810576401   -0.010541343449555   0
0.463437422071272   0.0826421903404492   -0.0204604068364537   0
0.437867496413584   0.0325001171434314   -0.0255699256576877   0
0.434804534133914   0.098993624139496   -0.00306296227967001   0
0.460302599333851   0.147051630852973   0.0254980651999372   0
0.446354935757968   -0.115662173985034   -0.0139476635758829   0
0.408674467932167   -0.231428426618812   -0.037680467825801   0
0.420661049829685   0.0268050449348274   0.0119865818975175   0
0.41270241739504   0.0449650086286871   -0.00795863243464451   0
0.437024828329936   -0.00944122788920393   0.0243224109348957   0
0.412634402360928   0.0986407759338603   -0.0243904259690083   0
0.403235995713277   0.113747431015145   -0.00939840664765063   0
0.393662321877253   -0.163049192686553   -0.00957367383602403   0
0.428653013496394   -0.0912270364012154   0.0349906916191411   0
0.456340848263433   -0.0161797601375932   0.0276878347670393   0
0.443623750635085   0.0734987537350926   -0.0127170976283486   0
0.385671093926944   0.451590996411545   -0.057952656708141   0
0.383358108558108   0.0749341205290619   -0.00231298536883612   0
0.405634160507505   -0.109248272905209   0.0222760519493969   0
0.397850537456837   0.068335237078171   -0.00778362305066754   0
0.383536939613745   -0.0316589994124922   -0.014313597843092   0
0.392110442380869   0.0557708217150733   0.00857350276712332   0
0.399012399407011   -0.119551648228339   0.00690195702614238   0
0.29357274555212   -0.433144813204547   -0.105439653854891   0
0.34161943143687   -0.00544877091383272   0.0480466858847493   0
0.343281107639002   0.00144551415883926   0.00166167620213231   0
0.321818035651675   0.0350570388323842   -0.0214630719873273   0
0.316141257783621   0.0189115772149096   -0.00567677786805337   0
0.300132532880892   -0.0759818271047855   -0.0160087249027288   0
0.315033974441016   -0.0137766741330888   0.0149014415601232   0
0.321209615494653   0.0235645749668157   0.00617564105363694   0
0.343361843188785   0.0425793477251564   0.0221522276941328   0
0.342228688573244   -0.0228459987971835   -0.00113315461554125   0
0.323608990580453   -0.0492972100674628   -0.0186196979927906   0
0.353362360087121   0.0211472034509749   0.0297533695066673   0
0.3794133731388   0.016553159269054   0.0260510130516795   0
0.392560350184341   0.0714867521753451   0.0131469770455408   0
0.389959889059019   0.0123759078436037   -0.00260046112532197   0
0.373898530865076   -0.0140715612665306   -0.0160613581939427   0
0.383173194381262   -0.0195824359298939   0.00927466351618511   0
0.38564412788194   0.00492426953483649   0.00247093350067895   0
0.366332758181602   -0.00725296313223334   -0.0193113697003386   0
0.377037744814843   -0.00306340976015251   0.0107049866332408   0
0.402214951065127   0.0214411773562993   0.0251772062502844   0
0.416858165583814   0.050388737429568   0.014643214518687   0
0.41268090308173   0.0445800814611641   -0.00417726250208367   0
0.374549134205767   -0.0941574355757526   -0.038131768875963   0
0.363953163572681   -0.0624231095484194   -0.0105959706330866   0
0.383847570753577   0.093130797042818   0.0198944071808965   0
0.394111062076732   0.0555887347794103   0.0102634913231551   0
0.411416071487114   0.124582965044935   0.0173050094103816   0
0.44063559672876   0.125125261130193   0.0292195252416457   0
0.458390247703332   -0.0253634022201259   0.0177546509745729   0
0.427554565183662   -0.00970227995283313   -0.0308356825196708   0
0.44805540558451   -0.0207302348995726   0.0205008404008487   0
0.452660489997625   0.0318749655194742   0.00460508441311469   0
0.44061133993463   -0.00521459687895265   -0.0120491500629951   0
0.434263693159594   -0.0521264020223309   -0.00634764677503591   0
0.423788164885583   -0.0562946195708236   -0.0104755282740112   0
0.450326019691912   -0.02582301557364   0.0265378548063288   0
0.462731494343558   0.00600102589162921   0.0124054746516466   0
0.489781634147108   0.107618226482184   0.0270501398035494   0
0.482689150576506   0.00208981804700414   -0.00709248357060138   0
0.449851136659509   -0.032810659604678   -0.032838013916997   0
0.453820208075954   0.0398073455443573   0.00396907141644504   0
0.475576952527719   0.00688554870219182   0.021756744451765   0
0.451337619265998   -0.0590601731475739   -0.0242393332617213   0
0.451196730946518   -0.0104282758933514   -0.000140888319480059   0
0.453292854894603   -0.00582571579356861   0.00209612394808562   0
0.464660972709246   0.0414305385189722   0.0113681178146424   0
0.418575442874113   -0.150334590911768   -0.0460855298351328   0
0.397039189922431   -0.180837470342375   -0.0215362529516824   0
0.410225330932663   -0.0622321044426573   0.0131861410102317   0
0.41447130717898   0.0485518465046284   0.00424597624631762   0
0.405396419660978   0.0488595973569867   -0.0090748875180019   0
0.402654397757311   -0.032261587399728   -0.00274202190366762   0
0.414387564861701   -0.0482299285369706   0.0117331671043899   0
0.45545275032598   0.0156131952248448   0.04106518546428   0
0.467615435994728   0.0562440863748481   0.012162685668748   0
0.449520510891909   0.0725407153649639   -0.01809492510282   0
0.449176455835844   0.067190861087034   -0.000344055056064441   0
0.468679879438845   -0.00941581960381216   0.0195034236030006   0
0.450057053933676   0.00807291231664803   -0.0186228255051684   0
0.460879279666078   0.0501583420219651   0.0108222257324012   0
0.454805923980243   -0.0266432450480588   -0.0060733556858345   0
0.445622450634012   -0.0350817388101067   -0.00918347334623099   0
0.435788420124287   -0.106384981663199   -0.00983403050972453   0
0.429446395854593   -0.00331334707810321   -0.00634202426969427   0
0.432839869393812   0.019540882710266   0.00339347353921898   0
0.407001401182911   -0.0824602103155618   -0.0258384682109017   0
0.445212926403594   -0.0195187062376965   0.0382115252206839   0
0.447540978328748   0.0322154003017423   0.00232805192515317   0
0.44668716812631   0.0424270193289072   -0.000853810202437411   0
0.434805678066435   0.0129169380531753   -0.011881490059875   0
0.423812260468598   -0.0248136928132429   -0.0109934175978375   0
0.419478133552275   0.0235444819982827   -0.00433412691632296   0
0.407050005027715   0.0180235185269794   -0.0124281285245602   0
0.424959154191906   -0.00460964420305704   0.0179091491641912   0
0.389375697132975   -0.0563788380939049   -0.0355834570589312   0
0.439623386573124   0.00492626516803646   0.0502476894401496   0
0.445129550130364   0.0108368403304569   0.00550616355723949   0
0.440801338315405   0.0277707526947283   -0.00432821181495818   0
0.414245619192964   -0.00085787955433092   -0.026555719122441   0
0.438451451202411   -0.0358330185616377   0.0242058320094464   0
0.443862998816639   0.0228499847653333   0.00541154761422841   0
0.441166203279728   0.044037190347954   -0.00269679553691154   0
0.455427227608594   0.136325957687163   0.0142610243288662   0
0.43144477868652   0.121975683801422   -0.0239824489220741   0
0.390030853484055   -0.193990743941762   -0.0414139252024652   0
0.40020404819448   -0.0569057737173553   0.0101731947104258   0
0.38276217138355   0.0181144581232573   -0.0174418768109305   0
0.384370574455173   -0.0519163861651347   0.00160840307162363   0
0.527596876304959   -0.00968937352761012   0.143226301849785   0
0.445205675958034   0.00619308601228563   -0.0823912003469247   0
0.450112032468862   0.139636427173348   0.0049063565108281   0
0.479743130002661   0.189386587517019   0.0296310975337987   0
0.436285214907061   -0.14481025614403   -0.0434579150956004   0
0.392404497045459   -0.16178396599432   -0.0438807178616011   0
0.354725839229045   -0.0643178389407303   -0.0376786578164148   0
0.359749822774453   0.103156305628009   0.00502398354540801   0
0.398316480785066   0.0827728756924165   0.0385666580106136   0
0.364608124115467   0.0620182886180317   -0.0337083566695989   0
0.368241989819874   0.0617423764848289   0.00363386570440644   0
0.348965799250084   -0.0678975884197058   -0.0192761905697896   0
0.342737301338795   -0.106854837107579   -0.00622849791128904   0
0.335351005938554   -0.0116632506385629   -0.00738629540024111   0
0.340836072942698   -0.00306615163408414   0.00548506700414381   0
0.34770441446076   -0.00494556066576024   0.00686834151806232   0
0.350667873911341   0.0636510659430912   0.00296345945058074   0
0.38712050219473   0.184747321342905   0.0364526282833892   0
0.410895970765716   0.0132685349022416   0.0237754685709858   0
0.392137334517194   -0.0476497998574921   -0.0187586362485215   0
0.356282097951539   -0.136361847958145   -0.0358552365656554   0
0.365729840249945   -0.0130294509403077   0.00944774229840567   0
0.349660949106774   0.0361358652281529   -0.0160688911431706   0
0.379142426968415   0.121510687050824   0.0294814778616411   0
0.400218706172325   0.0642533056080231   0.0210762792039101   0
0.398801619065482   0.138227171332848   -0.00141708710684296   0
0.441249331324561   0.151590012992287   0.042447712259079   0
0.548655022060766   -0.0992327692639566   0.107405690736205   0
0.498062837967683   0.0692530209931738   -0.0505921840930833   0
0.462587099974969   -0.0464716571207616   -0.0354757379927136   0
0.469618953906273   0.0939649188745526   0.00703185393130384   0
0.403206120623807   -0.267966550408018   -0.0664128332824663   0
0.359672050566207   -0.246024282339605   -0.0435340700576002   0
0.3619518531421   0.0208331775855332   0.00227980257589272   0
0.374614251239191   -0.0134445974874652   0.0126623980970918   0
0.40445630441557   0.087743627046866   0.0298420531763784   0
0.38718440616391   -0.059472288822485   -0.0172718982516593   0
0.384296038549059   -0.0314255413959688   -0.00288836761485123   0
0.375754538610647   0.0720621088690269   -0.00854149993841252   0
0.377274900469472   0.106558504380119   0.00152036185882531   0
0.402862189432379   0.109072132518871   0.025587288962907   0
0.383789178558359   -0.00070577899725377   -0.0190730108740199   0
0.395482052957211   -0.0290386489393096   0.0116928743988516   0
0.390497959940254   -0.0138715271128929   -0.00498409301695701   0
0.400280299681985   0.0593247754440145   0.00978233974173159   0
0.406456788464038   -0.152302236576475   0.00617648878205296   0
0.400176726478752   -0.127950620895216   -0.00628006198528613   0
0.421105996005163   0.00647451761564022   0.0209292695264105   0
0.41794567437228   0.0391648603822929   -0.00316032163288255   0
0.423693381860633   0.0664611589920536   0.00574770748835268   0
0.427194253622986   -0.0114773138806441   0.00350087176235314   0
0.429691346333039   -0.0484801659588981   0.00249709271005344   0
0.447536072348922   0.00247055720186184   0.0178447260158831   0
0.494570672487765   0.0711653155966518   0.0470346001388424   0
0.402594206548604   -0.00734598050211976   -0.0919764659391609   0
0.391274989140949   0.00169474967617278   -0.0113192174076546   0
0.38396374704684   0.00796922454302218   -0.00731124209410899   0
0.417382411978811   0.0377797234915817   0.0334186649319708   0
0.447204952046039   -0.00284979385059203   0.0298225400672278   0
0.458287743942875   -0.000978194326277326   0.011082791896836   0
0.590811881837612   -0.0479762212071069   0.132524137894737   0
0.597324805420803   -0.0125973805667938   0.00651292358319122   0
0.548302149346964   0.0575556562027877   -0.0490226560738393   0
0.537228146673506   0.0188891721292016   -0.0110740026734577   0
0.516904951597003   -0.0358700591506145   -0.0203231950765029   0
0.508266929176737   -0.0771418856749259   -0.00863802242026623   0
0.460492647659547   -0.0528075741926091   -0.0477742815171894   0
0.46682781254816   0.0531049307370353   0.00633516488861263   0
0.450429146259709   -0.0195120456201082   -0.0163986662884514   0
0.415218761340031   -0.066948604125888   -0.0352103849196771   0
0.396428181203418   -0.0410875023574672   -0.0187905801366135   0
0.390283997466268   0.00295694167527472   -0.00614418373714976   0
0.415724639419231   0.0821329773516564   0.0254406419529632   0
0.42410612556912   -0.0079662007715583   0.00838148614988837   0
0.405921011522254   -0.0544595738207034   -0.0181851140468656   0
0.3861790751261   0.00557312720808018   -0.0197419363961541   0
0.389817863793144   -0.0365446680614632   0.00363878866704376   0
0.398443927591135   0.0549012241279681   0.00862606379799158   0
0.421067415839198   0.0187772396640358   0.0226234882480625   0
0.49216703801809   0.137530637917278   0.071099622178892   0
0.561828663145625   0.287083229316169   0.069661625127535   0
0.402913270728019   -0.30796112898728   -0.158915392417606   0
0.379209452988058   -0.0715104419677047   -0.0237038177399607   0
0.373188538862061   -0.0333159308224475   -0.00602091412599742   0
0.390986747367158   -0.01309478541215   0.0177982085050972   0
0.391289078997408   0.0121811656375307   0.000302331630250063   0
0.448470762800096   0.194359609845617   0.0571816838026877   0
0.708052779029395   0.600365294184431   0.259582016229299   0
0.822957954467298   0.0928946138633602   0.114905175437903   0
0.675620503064035   -0.240111465537697   -0.147337451403263   0
0.490021405120991   -0.302769002864169   -0.185599097943045   0
0.439257650600704   -0.0727361104544719   -0.0507637545202869   0
0.461173311163493   0.0501974545429438   0.0219156605627893   0
0.566920967940197   0.192356990581093   0.105747656776704   0
0.608493418171881   0.0677453662178813   0.0415724502316842   0
0.59799598649552   0.0351211754586609   -0.0104974316763614   0
0.439676489624474   -0.356643381701258   -0.158319496871046   0
0.40860522248498   -0.0220445013376721   -0.0310712671394937   0
0.450823309482496   0.0693692585790693   0.0422180869975156   0
0.52149552879531   0.0859466125936229   0.0706722193128144   0
0.538596962176264   -0.0415195480954621   0.0171014333809539   0
0.58332143274806   -0.00557282959649663   0.0447244705717965   0
0.601807088187319   0.103715583186836   0.018485655439259   0
0.622564883856494   0.0135045468786318   0.0207577956691747   0
0.580130520028898   -0.0985011728284673   -0.0424343638275958   0
0.453203496183558   -0.227984994539399   -0.126927023845341   0
0.404713771855493   0.00159249938267758   -0.0484897243280647   0
0.419391631292876   0.0207361748077606   0.0146778594373834   0
0.406018401353005   -0.0463136504263616   -0.0133732299398712   0
0.403923357377052   -0.00816377979657468   -0.00209504397595278   0
0.386032658376853   0.0758094853617258   -0.0178906990001995   0
0.386017417345384   0.0390829180871147   -1.52410314693818e-05   0
0.425128994272915   0.0537904666334044   0.0391115769275313   0
0.448227658665493   -0.0132125686687229   0.0230986643925785   0
0.424077140892138   -0.0473958687521558   -0.0241505177733556   0
0.426690728055169   -0.0736199529059827   0.00261358716303112   0
0.506517061214131   -0.0281048651261769   0.0798263331589624   0
0.625809658950307   0.106847317836652   0.119292597736176   0
0.68957463564251   -0.011144957487161   0.0637649766922023   0
0.610552490656823   -0.0206403007826306   -0.0790221449856866   0
0.56759089410816   -0.0101123952920147   -0.0429615965486635   0
0.541781817695555   0.034831272346868   -0.0258090764126042   0
0.49930605011005   0.00460219700479148   -0.0424757675855051   0
0.453927966436581   -0.0772515652337689   -0.045378083673469   0
0.431277830660817   -0.0144310580743525   -0.0226501357757647   0
0.437815849892966   -0.0181612226489104   0.00653801923214919   0
0.447424945217072   0.0273192590509761   0.00960909532410631   0
0.469451679315614   0.0739533991093687   0.0220267340985418   0
0.48953446486177   0.00348998945931167   0.0200827855461566   0
0.47133935912196   -0.0323407667063795   -0.0181951057398104   0
0.465893204505872   -0.0186249862345497   -0.00544615461608838   0
0.442983902565601   0.039194182395919   -0.0229093019402706   0
0.450427490063884   0.0546265912852258   0.00744358749828256   0
0.467556764886629   -0.00056087149947448   0.0171292748227448   0
0.476437948862179   -0.0328869868823118   0.00888118397555021   0
0.463996464187229   0.0294813378627448   -0.0124414846749502   0
0.455167027639855   -0.00578580975529674   -0.00882943654737406   0
0.526313675598022   0.143561632791036   0.0711466479581675   0
0.581582966666623   0.138133845184399   0.0552692910686007   0
0.573118009911353   -0.0878020071440274   -0.00846495675526948   0
0.490439165119386   -0.0914597429852401   -0.0826788447919676   0
0.459331097014724   -0.0117451639013207   -0.0311080681046614   0
0.474115116535267   0.0904185630856942   0.0147840195205429   0
0.532241743083676   -0.0111312286725745   0.0581266265484091   0
0.610089106576449   0.0665175631222759   0.0778473634927729   0
0.635291543440097   0.0782092863352997   0.0252024368636474   0
0.612472911605485   0.0142283510788594   -0.0228186318346116   0
0.618672026992897   0.0315750129751309   0.00619911538741214   0
0.624554516131498   -0.0242437349302203   0.00588248913860134   0
0.61865350108825   -0.105901677789598   -0.00590101504324791   0
0.48960737874163   -0.215249234116264   -0.12904612234662   0
0.462813702438951   0.0214280268497258   -0.0267936763026789   0
0.525435080725726   0.139549823317774   0.0626213782867746   0
0.503489054873589   -0.120371013756616   -0.0219460258521367   0
0.547419394939794   -0.0679137407294277   0.0439303400662048   0
0.540730319898237   -0.0678061395175044   -0.00668907504155658   0
0.674989768089858   -0.00508040519445763   0.13425944819162   0
0.754554074376549   0.161391174725309   0.0795643062866909   0
0.688260591306265   -0.0259351359905139   -0.0662934830702833   0
0.651731644755915   -0.0428862208682846   -0.0365289465503504   0
0.632184530748341   -0.0049281910524317   -0.019547114007574   0
0.600138076245375   0.00811233920823584   -0.0320464545029655   0
0.611853602550684   -0.0322355642969595   0.0117155263053084   0
0.571690668149306   -0.0360679805903616   -0.0401629344013776   0
0.594880825505412   0.00142214830888809   0.0231901573561056   0
0.779467589315938   0.0963506083891782   0.184586763810527   0
0.8811454379359   0.067172761059522   0.101677848619962   0
0.930601832137139   -0.00113174022869234   0.0494563942012386   0
1.14796796079725   -0.0315000701621503   0.217366128660112   0
1.37485990388667   -0.125185620070151   0.226891943089414   0
1.72778156878445   0.0361747711647189   0.352921664897784   0
1.66576636700169   0.0536404897207857   -0.0620152017827618   0
1.53703620301581   0.0155943948303474   -0.12873016398588   0
1.53839149304363   0.190291468864039   0.00135529002781976   0
1.60613240321471   0.223054047150427   0.06774091017108   0
1.58743448022438   -0.0133875668501144   -0.0186979229903261   0
1.45005432595127   -0.0862181130594584   -0.137380154273108   0
1.23486704010847   -0.255260043863136   -0.215187285842805   0
1.03392140511175   -0.0550493657965008   -0.200945634996721   0
0.971438878949288   -0.0195475235303052   -0.0624825261624596   0
1.01201080155402   0.106535941035703   0.0405719226047271   0
1.14834851469197   0.0806938351803077   0.136337713137953   0
1.29932812579002   -0.104036642629898   0.150979611098049   0
1.26753195096495   -0.00235588591666358   -0.0317961748250726   0
1.26930822794938   0.155328264542134   0.00177627698443672   0
