0.0234854033991328   0   0   0
0.0210387182996232   0.0749425697873114   -0.00244668509950963   0
0.0077106799032835   -0.0381775686299837   -0.0133280383963397   0
0.00820736035296976   -0.00200579908315029   0.000496680449686268   0
0.0108092385818845   0.0198310033290319   0.00260187822891471   0
0.0267732666467878   0.0403230185447864   0.0159640280649033   0
0.00912690072799086   -0.0368496430502495   -0.0176463659187969   0
0.0404954110159719   -0.0159718977408635   0.0313685102879811   0
0.0338403721012713   0.00813778476310398   -0.00665503891470064   0
0.0341748542051755   0.0262197266151097   0.000334482103904188   0
0.0581141301588736   -0.0241825918639936   0.0239392759536981   0
0.055385697156711   0.0241375561869116   -0.00272843300216262   0
0.0648294914101792   0.0209632473362008   0.00944379425346824   0
0.0609064278160565   0.0277683082544813   -0.00392306359412271   0
0.0725709540444385   0.000226661567996861   0.011664526228382   0
0.0883622024432393   -0.0370669274195757   0.0157912483988008   0
0.0927490080637524   -0.00406523392556922   0.00438680562051309   0
0.0899004736521032   0.0260796885535863   -0.00284853441164917   0
0.0937710822969027   0.0185387142628715   0.00387060864479952   0
0.116856091702829   0.0273224880045588   0.0230850094059264   0
0.11925004194016   0.00194029603957116   0.0023939502373313   0
0.124003753325676   -0.0273408166103641   0.00475371138551522   0
0.118482350392158   -0.0229854974601814   -0.00552140293351802   0
0.112830965578925   0.0259278576815054   -0.00565138481323284   0
0.120192148149214   0.0136668828307111   0.00736118257028882   0
0.12002863478509   -0.00761861625696461   -0.000163513364123624   0
0.131911648015594   -0.0143126163218738   0.0118830132305042   0
0.150781121931726   0.00431438834790535   0.0188694739161318   0
0.139058729766419   0.0261182944263438   -0.0117223921653067   0
0.161620974316454   0.010862059449455   0.0225622445500352   0
0.150785591387813   0.00853966514084445   -0.0108353829286414   0
0.169066288795993   -0.0289379822598962   0.0182806974081797   0
0.16581603579419   0.0231355666994207   -0.00325025300180301   0
0.173602906958668   0.0310232169738195   0.00778687116447851   0
0.176539116287298   0.0398169934316088   0.00293620932862945   0
0.175807292461803   -0.00236188772440604   -0.000731823825494471   0
0.177822261785469   -0.0216538761704122   0.00201496932366618   0
0.169375108599965   0.0398464063495554   -0.00844715318550418   0
0.206104236332008   -0.00435202355408226   0.0367291277320423   0
0.183301762425379   0.00452772694545234   -0.0228024739066287   0
0.192541363443027   -0.00125365921706816   0.0092396010176487   0
0.205483210327511   -0.00674448000876443   0.0129418468844832   0
0.18235466750333   0.037093223097126   -0.0231285428241808   0
0.196560032241425   -0.0133208353507472   0.014205364738095   0
0.191094591300356   0.00704948947045153   -0.00546544094106913   0
0.208210392750938   -0.00496741274260026   0.0171158014505826   0
0.19279817081277   0.0261669402025844   -0.0154122219381685   0
0.191144833931629   0.0289878801400282   -0.001653336881141   0
0.220964273535904   -0.0142601823675154   0.0298194396042755   0
0.205150318854249   0.00402740071450486   -0.0158139546816555   0
0.21575196427669   0.0193196369296438   0.0106016454224408   0
0.237630642252846   0.0526231412374339   0.0218786779761561   0
0.194206183089648   -0.0153813716322295   -0.0434244591631975   0
0.204067303827071   0.00283456960226608   0.0098611207374224   0
0.217477829916063   0.0316834357381428   0.0134105260889922   0
0.213839921001669   0.00641131366695508   -0.00363790891439406   0
0.230715713380125   -0.0185617882704622   0.0168757923784561   0
0.224447510299179   0.000393520478615572   -0.00626820308094617   0
0.240081141039337   -0.00290030984854178   0.0156336307401581   0
0.243674062140906   0.00474519930577322   0.00359292110156884   0
0.234952288189007   0.00286350157673526   -0.00872177395189919   0
0.241848932619621   0.00426629572606718   0.0068966444306145   0
0.222995128667085   -0.0166458320237677   -0.0188538039525356   0
0.230819612974071   -0.00396461951381888   0.00782448430698571   0
0.241110053075354   -0.0254009796350728   0.0102904401012827   0
0.220839508716172   0.0266460761995886   -0.0202705443591824   0
0.24500443613841   0.0244517788745837   0.024164927422238   0
0.223876741903329   0.0166774746563081   -0.0211276942350801   0
0.244374993066496   -0.0329927868639633   0.0204982511631666   0
0.226631446388735   0.0112695660807389   -0.0177435466777612   0
0.237389033536724   0.0044729854513238   0.0107575871479894   0
0.247610670259785   -0.00701516677071473   0.0102216367230608   0
0.25047237158068   0.0547503134407508   0.00286170132089444   0
0.280527026359761   -0.0115787270274074   0.0300546547790814   0
0.27610429226698   0.0559288761516002   -0.00442273409278071   0
0.281749360411874   -0.0266150366219731   0.00564506814489368   0
0.219213014189395   0.0337091302524947   -0.0625363462224786   0
0.187200195529412   0.0570694973646382   -0.0320128186599835   0
0.187314649817493   0.0196005798574833   0.000114454288081212   0
0.178088983254861   -0.00344306115459303   -0.00922566656263241   0
0.211238891657644   0.0118217693131739   0.0331499084027838   0
0.205003112133084   0.0426923103596282   -0.00623577952455986   0
0.233676329860499   -0.036285833664893   0.028673217727414   0
0.220747033258094   0.0256032276987874   -0.0129292966024047   0
0.223683204377866   -0.000955663920192973   0.00293617111977176   0
0.22232191117499   0.00115793612591175   -0.00136129320287592   0
0.240390365374218   0.0519793212548986   0.0180684541992283   0
0.22058491875636   -0.0584282580647127   -0.0198054466178578   0
0.240519660944277   0.0597550212484711   0.0199347421879169   0
0.23955947803938   -0.0161469916995485   -0.000960182904897466   0
0.254143683917681   0.0264721397939129   0.0145842058783011   0
0.275002868417768   -0.00484549722793415   0.0208591845000869   0
0.231129062489446   -0.0203438202545718   -0.0438738059283221   0
0.216405326825035   0.0546908674347798   -0.014723735664411   0
0.2523626617405   -0.0349892880421235   0.0359573349154654   0
0.27777245389752   0.0556379663014174   0.0254097921570203   0
0.278378296232393   -0.00747799910588376   0.000605842334872875   0
0.27473731147134   -0.00773680775541619   -0.00364098476105323   0
0.287827800033718   0.034034463917243   0.0130904885623782   0
0.282941238140095   -0.0378246292151927   -0.00488656189362291   0
0.28771789169254   0.00977658228304523   0.00477665355244455   0
0.256406101209098   -0.0122208000207027   -0.0313117904834421   0
0.267693395132379   -0.00732735944082497   0.0112872939232814   0
0.275636330976161   0.0496593803244036   0.00794293584378242   0
0.286333991428279   -0.0597997056138726   0.0106976604521181   0
0.298484614007573   0.0114177645666232   0.0121506225792938   0
0.278903869847659   -0.0182282350533104   -0.0195807441599141   0
0.236270238115701   -0.00858781712498857   -0.0426336317319582   0
0.276434593380604   0.0329072619769043   0.0401643552649034   0
0.267079447780057   -0.0185504501603768   -0.00935514560054762   0
0.292865551459198   0.0400171534393838   0.0257861036791411   0
0.289103316667675   -0.0138318998973742   -0.00376223479152271   0
0.294305719987737   -0.0096987890167235   0.00520240332006155   0
0.297845538117495   0.0267384960277796   0.00353981812975818   0
0.312349815921988   0.00858433105837164   0.0145042778044936   0
0.291146068545069   0.0463728850231014   -0.0212037473769194   0
0.295428800952954   -0.0418181461996214   0.0042827324078849   0
0.285495240691067   -0.0577546299060516   -0.00993356026188735   0
0.302894287124237   0.0144311588490648   0.0173990464331709   0
0.309284291037388   0.0183857074126944   0.00639000391315098   0
0.305331634827608   0.0557329516495618   -0.00395265620978003   0
0.311936898708697   -0.0153543939120404   0.00660526388108873   0
0.311534282481078   0.0392889513968216   -0.000402616227619279   0
0.320780809056979   -0.00106208733143898   0.00924652657590114   0
0.301344931682117   -0.0144958926458066   -0.0194358773748616   0
0.335914785398395   0.0416341886648706   0.034569853716278   0
0.32043425957636   -0.0558831206648033   -0.0154805258220355   0
0.329871060892737   0.00556125507292404   0.00943680131637736   0
0.312202005775507   -0.0299833640939315   -0.0176690551172298   0
0.316472085553371   -0.000652395565215347   0.00427007977786326   0
0.332207616136355   0.0546808857267909   0.0157355305829846   0
0.318124743304022   -0.00845250028637057   -0.0140828728323332   0
0.318618882740022   0.021785408164259   0.000494139436000018   0
0.341675505370593   -0.0133688208323333   0.0230566226305706   0
0.327705771307891   -0.00758524330821653   -0.0139697340627014   0
0.346397526506036   -0.0113896885138188   0.0186917551981447   0
0.355863417290258   -0.000594763149418198   0.0094658907842215   0
0.348115036350055   0.0330293238644938   -0.0077483809402028   0
0.400064736252772   0.0687236348102401   0.0519496999027171   0
0.393368147559001   0.0157681885391622   -0.00669658869377093   0
0.408447955522487   0.00929167333008862   0.0150798079634865   0
0.391519080162449   -0.0104278996155343   -0.0169288753600387   0
0.399437190336916   0.0333896034258169   0.0079181101744677   0
0.38787138567765   -0.0325020661332115   -0.0115658046592669   0
0.384313236914239   0.0316468366672357   -0.0035581487634106   0
0.407932315815688   -0.0162103461019575   0.0236190789014488   0
0.390899955959962   0.00437758424952472   -0.0170323598557261   0
0.413414537239863   0.0572627297521732   0.0225145812799012   0
0.42182787120904   -0.000267058626545857   0.00841333396917665   0
0.403269018191021   -0.0243968257869712   -0.0185588530180186   0
0.419300888173696   0.0349515167828959   0.0160318699826746   0
0.444493708293492   0.0354240689696896   0.0251928201197965   0
0.420041529014692   0.031065880543417   -0.0244521792788005   0
0.455615562991707   -0.0164440989160239   0.0355740339770154   0
0.469077108008907   0.0626306405527499   0.0134615450172002   0
0.470118006358776   0.0117913719242007   0.00104089834986876   0
0.465961504967417   0.0204806163281883   -0.00415650139135898   0
0.473406897530285   -0.0309521808322855   0.0074453925628683   0
0.46383042267029   -0.0252843218546763   -0.00957647485999508   0
0.45923382427392   0.0436483044053726   -0.00459659839636978   0
0.426377061024922   -0.0132964373518407   -0.0328567632489984   0
0.414613816758137   0.00261493447275574   -0.011763244266785   0
0.420695694407193   0.0648948040758619   0.0060818776490556   0
0.388684481114824   -0.054523042788664   -0.0320112132923686   0
0.405268344810571   0.0720503432070512   0.016583863695747   0
0.383606653089138   0.0113808780914015   -0.0216616917214333   0
0.389257824682112   0.0674188779924323   0.00565117159297446   0
0.373410472123507   -0.0319528612598341   -0.0158473525586056   0
0.386411631927987   0.0346469433449268   0.0130011598044804   0
0.393503953371818   0.0398976867386056   0.00709232144383121   0
0.365368780865648   -0.0174519356184057   -0.02813517250617   0
0.375128224354687   0.0659519257744707   0.0097594434890384   0
0.364854758370454   -0.0219825318208344   -0.0102734659842323   0
0.383814951350582   0.0348739483387348   0.0189601929801282   0
0.385547478659973   -0.0222671614797498   0.00173252730939072   0
0.397334182840893   -0.00776377727762534   0.0117867041809195   0
0.395227899683211   0.0476719167730584   -0.00210628315768158   0
0.417554484182603   -0.00859823770424017   0.0223265844993923   0
0.375818284575222   0.0613021316325684   -0.0417361996073815   0
0.407111963417697   -0.0321300452134594   0.0312936788424754   0
0.407058452718096   0.0219899099431535   -5.35106996017443e-05   0
0.402182671932307   -0.00719744124830135   -0.00487578078578821   0
0.424524241973003   0.00690222323649858   0.0223415700406953   0
0.40593960391509   -0.0290354643247366   -0.0185846380579129   0
0.408620337024116   -0.0316303421116872   0.00268073310902667   0
0.408177180049072   0.0472889296492418   -0.000443156975044601   0
0.401561259299574   -0.0329475761252065   -0.00661592074949757   0
0.410502837325761   0.0475006335968275   0.0089415780261865   0
0.406609294968155   -0.0563540176519708   -0.00389354235760592   0
0.4101614794169   -0.0395965312324953   0.00355218444874505   0
0.375708098860475   -0.0147572953363333   -0.0344533805564248   0
0.357461779532791   -0.0506704622035388   -0.0182463193276836   0
0.375942331635598   0.0603313507294621   0.0184805521028066   0
0.388172890634946   -0.0596285123563369   0.0122305589993483   0
0.367317839292421   0.0427935390290572   -0.0208550513425259   0
0.374899488784411   -0.0122878488447078   0.00758164949199019   0
0.39622285479625   0.0427023917597507   0.0213233660118389   0
0.394027377824654   0.04102393181316   -0.00219547697159589   0
0.405730125009473   -0.000427206782397604   0.0117027471848192   0
0.39061240390035   0.0402623900112915   -0.0151177211091231   0
0.368968428434565   -0.0730709814332511   -0.0216439754657851   0
0.394397038262477   0.0761981942667369   0.0254286098279127   0
0.348702535627798   -0.0304288730703133   -0.0456945026346796   0
0.379400236525414   0.020017763755072   0.0306977008976161   0
0.352324592066126   0.0184408149433042   -0.0270756444592874   0
0.402027236536457   -0.00120868419114095   0.0497026444703301   0
0.395509362181305   -0.0053858424018336   -0.00651787435515183   0
0.421582073760166   0.0193971791386769   0.0260727115788617   0
0.355406249361913   0.0622312621528087   -0.0661758243982531   0
0.403280811941877   -0.072013961990981   0.0478745625799641   0
0.39717640867505   0.0830298634459066   -0.00610440326682793   0
0.379140062832985   -0.0100508492163489   -0.0180363458420643   0
0.384792817707728   -0.073381000730232   0.00565275487474237   0
0.371304435951229   0.0314610518841263   -0.013488381756499   0
0.40860610289006   -0.0454468775465158   0.0373016669388316   0
0.396020627880509   0.0885220865788359   -0.0125854750095513   0
0.349886268305677   -0.0886970802563634   -0.0461343595748315   0
0.386315374732384   0.0291120095222936   0.0364291064267068   0
0.378559505561873   0.0208472775343922   -0.00775586917051097   0
0.402048285366634   -0.0282824927039886   0.0234887798047603   0
0.402716729194976   0.0383900545108853   0.000668443828342802   0
0.397385443296556   -0.0688402654663918   -0.00533128589842086   0
0.368829220302907   0.00508093147888911   -0.028556222993649   0
0.346875225807134   0.00329986991615216   -0.0219539944957728   0
0.379964033056091   0.017139097395801   0.033088807248957   0
0.364037230007454   0.0367004590154711   -0.0159268030486368   0
0.355568717615175   -0.0285112232535143   -0.00846851239227908   0
0.346340627755754   0.0447832435585955   -0.00922808985942053   0
0.322620656663906   -0.0328884375815943   -0.0237199710918481   0
0.353020634676289   0.0414506864720348   0.0303999780123829   0
0.298969223353759   -0.0299671011746236   -0.0540514113225298   0
0.302323143043168   -0.0454973767322546   0.00335391968940896   0
0.283701629774134   0.0205909855553283   -0.0186215132690339   0
0.259333982479158   -0.0274505681786084   -0.0243676472949768   0
0.279706311527824   0.0407982230251716   0.0203723290486662   0
0.259141622043816   0.00412118115701876   -0.0205646894840077   0
0.274642417711649   0.0522014270544391   0.0155007956678332   0
0.283586171836269   -0.0158873474506553   0.00894375412462001   0
0.258526257538282   0.0189291591323526   -0.0250599142979874   0
0.283280559174999   -0.0020773132016676   0.024754301636717   0
0.257879682102914   -0.0170100454912034   -0.0254008770720848   0
0.251923258556053   0.0763009008149769   -0.00595642354686088   0
0.2644424178322   -0.00400650171738071   0.0125191592761471   0
0.273560582051764   0.0633511906338557   0.00911816421956396   0
0.268982256126217   -0.0211740789409469   -0.00457832592554686   0
0.272071189109119   -0.0352134496824301   0.00308893298290169   0
0.276359380103612   0.0283787253064396   0.00428819099449262   0
0.269558636719824   -0.083665449775322   -0.00680074338378778   0
0.278213705138244   0.054764575531921   0.00865506841842056   0
0.288149734031198   -0.0279666347120786   0.00993602889295331   0
0.276719492929663   0.0513821257980767   -0.0114302411015345   0
0.270818909781518   0.00931336720545595   -0.00590058314814529   0
0.262887668355707   0.00614246297763543   -0.00793124142581136   0
0.273355601831204   0.0448245383439778   0.0104679334754978   0
0.270343156109508   -0.061002255920364   -0.00301244572169612   0
0.262517061137938   0.0391707051314327   -0.00782609497157016   0
0.272461799115491   -0.0156875485130474   0.00994473797755246   0
0.272660258612252   -0.0127069724766127   0.000198459496761061   0
0.271983358778276   0.0199763236835613   -0.000676899833975564   0
0.264916896604388   -0.0126023423851449   -0.00706646217388818   0
0.269938174318676   0.0149695497789677   0.00502127771428817   0
0.258606939650215   -0.0437326226657866   -0.011331234668461   0
0.258234181193156   0.0528479632153207   -0.000372758457058642   0
0.269303914989181   -0.0053546695212694   0.0110697337960244   0
0.254563152243702   -0.0288943604317948   -0.0147407627454794   0
0.245883870748469   0.0684195989763663   -0.0086792814952322   0
0.249152265603787   -0.0501173456333959   0.0032683948553176   0
0.251750765659709   0.0387548545307357   0.00259850005592252   0
0.237558806369076   -0.0211452755884929   -0.0141919592906338   0
0.203940010928459   -0.150366632831643   -0.0336187954406167   0
0.24038704000892   0.0594104638503876   0.0364470290804607   0
0.27337207599931   0.043954874681736   0.0329850359903902   0
0.260065267091263   0.0155756262709477   -0.0133068089080469   0
0.264096679038662   -0.0403851528566552   0.00403141194739876   0
0.258910055521218   0.0850336329069736   -0.00518662351744426   0
0.276858634564646   -0.012212684245871   0.0179485790434281   0
0.251348510841521   0.0463530879882676   -0.0255101237231252   0
0.265069404441275   -0.0513601891347517   0.0137208935997549   0
0.275424889839481   0.03110632301248   0.0103554853982051   0
0.265589232524589   0.0508154451237646   -0.00983565731489194   0
0.282776981471707   0.00187659631814641   0.0171877489471181   0
0.255372895359414   0.0347216243591182   -0.0274040861122932   0
0.288013514874736   -0.0414537713864243   0.0326406195153228   0
0.281696640990357   0.0300581817815988   -0.00631687388437957   0
0.281348763324655   -0.0458595564931146   -0.000347877665702212   0
0.267555508214165   0.0366894093512986   -0.0137932551104899   0
0.268444589359033   -0.0126475143419915   0.000889081144868575   0
0.27260765142501   0.0247259772067141   0.00416306206597711   0
0.251092603625635   -0.00457889646045673   -0.0215150477993759   0
0.271214855096471   -0.0314525201267268   0.0201222514708369   0
0.255881110777178   0.0622775600906846   -0.0153337443192934   0
0.232263203545568   -0.0184250454933159   -0.02361790723161   0
0.282980556387488   -0.0257856122561864   0.0507173528419203   0
0.262825292040269   0.0413208994765422   -0.0201552643472198   0
0.281074553335072   -0.0299505568409564   0.018249261294803   0
0.287681555507687   0.0665813867155158   0.00660700217261556   0
0.25109640717583   0.000553433170484618   -0.0365851483318576   0
0.285101307221964   0.00984296159192199   0.034004900046134   0
0.236084676860041   -0.00113373412704698   -0.0490166303619226   0
0.26592663221047   -0.035046464026067   0.0298419553504288   0
0.258930829512734   0.0812480919948768   -0.00699580269773592   0
0.25898268320102   -0.0749214252626744   5.18536882863074e-05   0
0.373392280521772   -0.0324390672775088   0.114409597320752   0
0.473914150691082   -0.0645058460568562   0.10052187016931   0
0.417811076940882   -0.00581448651459304   -0.0561030737502   0
0.415449829608221   -0.00514261396787119   -0.0023612473326613   0
0.427219568042008   0.0900111720766561   0.0117697384337869   0
0.434433897876881   0.00648806752955733   0.00721432983487263   0
0.400252309509264   -0.0423278889469445   -0.0341815883676163   0
0.408761574175276   -0.00286707699415945   0.0085092646660121   0
0.423949965504185   0.0150372596810715   0.015188391328909   0
0.418159186469997   -0.0208343357780152   -0.00579077903418812   0
0.419217391462353   0.0541339089806085   0.00105820499235604   0
0.338131417093266   -0.0103662489735656   -0.0810859743690877   0
0.356538409018229   0.00660493999800682   0.0184069919249634   0
0.355235953652639   0.0304881302419819   -0.00130245536558993   0
0.297625060055853   -0.0484715550692874   -0.0576108935967863   0
0.332637414088524   0.0776520497971769   0.0350123540326709   0
0.301537679870195   0.0108972323164351   -0.0310997342183291   0
0.285867349096084   -0.0308123241543268   -0.0156703307741105   0
0.316791088170895   0.0217423022680152   0.0309237390748112   0
0.235082128405564   -0.0422467609633264   -0.0817089597653315   0
0.303923677620303   0.0255125409120351   0.0688415492147394   0
0.259856334285029   0.0382868295080852   -0.0440673433352747   0
0.262322550049553   -0.0389403835195856   0.00246621576452405   0
0.272869629159952   0.0709498855347106   0.0105470791103999   0
0.257341296274155   -0.0339706353320453   -0.0155283328857974   0
0.278821220769761   0.069582459843706   0.0214799244956063   0
0.257336054195312   -0.0203732122626947   -0.0214851665744495   0
0.241827954788942   -0.0537944463900206   -0.01550809940637   0
0.267335435328447   0.085272232225061   0.0255074805395046   0
0.260721529460305   -0.0386426346848006   -0.00661390586814109   0
0.264181379845179   0.022459422353827   0.00345985038487312   0
0.275512434860316   0.00358720092509857   0.0113310550151377   0
0.271518363258628   -0.0358052400237807   -0.00399407160168802   0
0.254036447735359   0.064425804802996   -0.0174819155232688   0
0.253630401162662   -0.0610473250315993   -0.000406046572697105   0
0.26529460706343   0.0349206812809013   0.0116642059007682   0
0.264330865043703   0.0215973428133647   -0.00096374201972721   0
0.260558833167391   -0.05379796135185   -0.00377203187631192   0
0.261552422558849   0.0486036518346897   0.000993589391457217   0
0.261845343788757   -0.0333468180700245   0.000292921229908705   0
0.274164761395435   0.0337067607748098   0.0123194176066774   0
0.283022597290945   0.014475375799377   0.00885783589551048   0
0.274405017796067   -0.00362078384836906   -0.0086175794948779   0
0.275232980042858   0.0533526162506317   0.000827962246791158   0
0.282420691151821   -0.054925998476403   0.00718771110896305   0
0.291149404516431   0.0467053791021692   0.00872871336460979   0
0.293876690248155   -0.0109359790815104   0.00272728573172371   0
0.283340407926243   0.0129420475224005   -0.0105362823219116   0
0.302507105508262   0.0194470619426963   0.0191666975820191   0
0.306055708069949   0.0123936417917228   0.00354860256168615   0
0.306003019009306   0.0442052177127787   -5.26890606421526e-05   0
0.302256968613314   -0.057078363722459   -0.0037460503959923   0
0.296107484006657   0.0490899437293586   -0.00614948460665743   0
0.30329775605886   0.00142932647738014   0.00719027205220363   0
0.306834586047613   0.01775020552919   0.00353682998875254   0
0.31108349765184   0.0598492891408884   0.0042489116042273   0
0.339604306299041   -0.0421198919196386   0.0285208086472003   0
0.304870122283445   0.0276313080523862   -0.0347341840155959   0
0.301679535487531   0.0490425671990486   -0.00319058679591355   0
0.246967283928965   0.0912109554934784   -0.0547122515585661   0
0.258129909328254   0.00856662579935019   0.0111626253992888   0
0.273473332619604   -0.0182359585219083   0.0153434232913501   0
0.270251688386719   -0.0255857371808426   -0.00322164423288446   0
0.285926280942575   0.0243612606095245   0.0156745925558559   0
0.270134099253426   0.00259552604733004   -0.015792181689149   0
0.259613460928209   0.0141351189915908   -0.0105206383252178   0
0.279414056029171   -0.0143222059352621   0.019800595100962   0
0.255007821451337   0.00307125217696136   -0.0244062345778334   0
0.270028059124399   0.0222705052682182   0.015020237673062   0
0.237458848135572   0.0204814690099306   -0.0325692109888275   0
0.244003953936862   0.0350593631303173   0.00654510580129075   0
0.235800783652796   0.019180258707213   -0.00820317028406686   0
0.234425613674167   -0.0514603862234093   -0.00137516997862813   0
