0.035764442181516   0   0   0
0.0305803271307306   0.0174529847899385   -0.00518411505078535   0
0.0514748958176216   0.0531038686819756   0.020894568686891   0
0.0509580083814605   0.000827262373046977   -0.000516887436161094   0
0.0350035481676858   -0.0101566911468625   -0.0159544602137747   0
0.0483812063113612   -0.11500743590326   0.0133776581436754   0
0.0488448727246525   0.072579169485254   0.000463666413291243   0
0.0391204502758468   -0.0271665446920902   -0.0097244224488057   0
0.0243861799783197   -0.0084026104635725   -0.0147342702975271   0
0.0421973680693953   0.0276482793919071   0.0178111880910757   0
0.0608692251776298   -0.0431005256488295   0.0186718571082344   0
0.05016621771115   0.0198755224824863   -0.0107030074664798   0
0.0553723423785964   0.0113586419677951   0.00520612466744638   0
0.0578955515380284   -0.0327266220238783   0.00252320915943201   0
0.0326093474135101   0.0460834441272928   -0.0252862041245183   0
0.0601992277974975   -0.00614997774767032   0.0275898803839874   0
0.0440266684688667   -0.0160533179187335   -0.0161725593286308   0
0.0278797459310321   0.00492783089920948   -0.0161469225378346   0
0.0392075104672561   -0.0212273317643018   0.0113277645362241   0
0.0303974197370846   0.0262867185201621   -0.00881009073017155   0
0.078371860990409   -0.0788936645662877   0.0479744412533245   0
0.0400536946611261   0.177962561330146   -0.0383181663292829   0
0.0545054421924107   -0.0411020975770797   0.0144517475312846   0
0.0333604920412788   -0.027546004844673   -0.0211449501511319   0
0.0377896674491401   -0.0255425904261423   0.00442917540786134   0
0.013832819448331   0.0262715152558518   -0.0239568480008091   0
0.0265270288160491   -0.0280104180544671   0.0126942093677181   0
0.0148684329187788   0.0374442247593907   -0.0116585958972703   0
0.0252809656352017   -0.0212774084693607   0.0104125327164229   0
0.0222222737460076   0.0362158223780845   -0.00305869188919408   0
0.0328306435428659   0.00542293346489608   0.0106083697968583   0
0.0367279104402578   -0.0107137056971724   0.00389726689739189   0
0.0161972475526708   -0.00227551875407442   -0.020530662887587   0
0.0865695252235595   0.00701179681794345   0.0703722776708887   0
0.286196504682818   -0.065246576703033   0.199626979459259   0
0.141312997460036   -0.0099679514386489   -0.144883507222783   0
0.0966849728198493   0.0191124784485092   -0.0446280246401862   0
0.0653793403349445   0.0403850881913031   -0.0313056324849048   0
0.098840824478252   -0.0250208492246671   0.0334614841433075   0
0.0530407578553974   0.0751780075982101   -0.0458000666228546   0
0.105362112907973   -0.0910643415540401   0.0523213550525758   0
0.0633882774605501   0.0973362703759915   -0.0419738354474231   0
0.109191475976951   -0.0757863970459329   0.0458031985164006   0
0.0753242100348387   0.0415768557220835   -0.033867265942112   0
0.111588715133703   -0.0544446856579501   0.0362645050988639   0
0.0403743384405271   0.102780778367544   -0.0712143766931755   0
0.0675075163004091   -0.0895310036174047   0.027133177859882   0
0.0486169225594854   0.0950502358719662   -0.0188905937409237   0
0.0608576878797044   -0.00850127468219267   0.012240765320219   0
0.0364968626387598   -0.0593287306538642   -0.0243608252409446   0
0.059244094889723   -0.00457823324982515   0.0227472322509632   0
0.0495357354813926   0.00641285763837265   -0.00970835940833035   0
0.0791074923426347   -0.060817897410109   0.029571756861242   0
0.0326756205495014   0.108051188870913   -0.0464318717931332   0
0.0795789089200933   -0.0943890599432665   0.0469032883705919   0
0.0267736824941868   0.0882496774258966   -0.0528052264259065   0
0.0404760703894906   -0.0609887568671992   0.0137023878953038   0
0.0311556680525695   -0.000560426191369895   -0.00932040233692112   0
0.0476440586930312   -0.0120086233426503   0.0164883906404617   0
0.0332685375339825   0.00715582624271854   -0.0143755211590487   0
0.0623409314186113   -0.038141495082123   0.0290723938846289   0
0.0369361282590636   0.124690695491443   -0.0254048031595477   0
0.0417926296018209   -0.0885345318557719   0.0048565013427573   0
0.0421316302245118   0.0627835201872302   0.000339000622690898   0
0.0405325039486521   -0.0773107767865722   -0.00159912627585971   0
0.033368034317667   0.054061467577875   -0.00716446963098517   0
0.0501960405201944   -0.0614736281096748   0.0168280062025275   0
0.0314097051720085   0.0812879165389847   -0.0187863353481859   0
0.0416629045986823   -0.0285087996767601   0.0102531994266737   0
0.0302619424466193   0.0824627792780182   -0.0114009621520629   0
0.0430450269658412   -0.0726688885008742   0.0127830845192219   0
0.0400463584263601   0.144614589343683   -0.00299866853948117   0
0.0376670186410804   -0.153465758916169   -0.00237933978527965   0
0.0524022523367794   0.159863344897862   0.014735233695699   0
0.0417257910187452   -0.111880120253666   -0.0106764613180341   0
0.0568116398703866   0.0574563611887211   0.0150858488516414   0
0.205247690752862   -0.137036980936114   0.148436050882475   0
0.197814007925911   -0.0102115181764686   -0.00743368282695073   0
0.0744586919860603   0.0595883949602229   -0.123355315939851   0
0.0812703253536154   -0.0201175112066239   0.00681163336755507   0
0.0562708356240158   0.0692249915460483   -0.0249994897295996   0
0.0886271993896343   0.0140121625279214   0.0323563637656186   0
0.0694280139035646   -0.0483008768461376   -0.0191991854860697   0
0.113984037205708   -0.0326425066350945   0.0445560233021431   0
0.0907308382991279   0.0733039252805304   -0.0232531989065797   0
0.0908363857885429   -0.0544276915520666   0.000105547489414978   0
0.0760677931479383   0.037463687886592   -0.0147685926406046   0
0.0638104014363254   -0.0709306038744564   -0.0122573917116129   0
0.0692845393772305   0.0687190073918386   0.00547413794090508   0
0.0916188952212506   -0.077022541838569   0.0223343558440201   0
0.0719091150648895   0.0298186528638938   -0.0197097801563611   0
0.0779555106006896   -0.00710699067872023   0.00604639553580004   0
0.0849263624620912   0.0411613643375408   0.00697085186140164   0
0.078221719066398   -0.0106607149393633   -0.00670464339569318   0
0.0566689342939763   0.0682263117923228   -0.0215527847724218   0
0.0875528928222249   -0.0718165599630749   0.0308839585282486   0
0.0632250477204446   0.0153541525662308   -0.0243278451017803   0
0.0759130568340684   -0.0459374560973047   0.0126880091136238   0
0.0754054813486062   0.0332514329218309   -0.000507575485462194   0
0.0768753234541163   -0.0348912162957375   0.00146984210551006   0
0.0881500286923379   0.0394903227921592   0.0112747052382216   0
0.193152768403982   -0.0943445120340088   0.105002739711645   0
0.143090336205839   0.0047420150219297   -0.0500624321981436   0
0.110539616560702   0.0674461237769216   -0.0325507196451369   0
0.134026181679865   -0.0619916053846588   0.0234865651191627   0
0.0932917484393046   0.156357790482312   -0.0407344332405601   0
0.130846763378006   -0.0795221579787816   0.0375550149387018   0
0.123845693358853   0.0679906229941828   -0.00700107001915362   0
0.120459078139518   -0.0634397190726889   -0.00338661521933485   0
0.128852572328378   0.0155384888457469   0.00839349418886047   0
0.141810026056869   -0.0457667269175235   0.0129574537284911   0
0.140577628048136   0.0987258340330299   -0.00123239800873373   0
0.147091580681977   -0.086465418130402   0.00651395263384111   0
0.14038572123578   0.0614772676432799   -0.00670585944619734   0
0.163453879215973   -0.0428778796758374   0.0230681579801938   0
0.143602732089261   0.0859887323014752   -0.0198511471267126   0
0.160973360348234   -0.0758130423140328   0.0173706282589736   0
0.121960927733024   0.041229071372756   -0.0390124326152099   0
0.151739389449609   -0.0711107783691571   0.0297784617165842   0
0.118166618130926   0.133659800734594   -0.033572771318683   0
0.172948237942925   -0.129453189722934   0.0547816198119991   0
0.122227280794837   0.0787980396273661   -0.0507209571480874   0
0.163781271801754   -0.0780017445868306   0.0415539910069166   0
0.120569599810659   0.0485665521225199   -0.0432116719910948   0
0.150598374970557   -0.0295576334337238   0.0300287751598979   0
0.134488369147865   -0.0259744458488111   -0.0161100058226917   0
0.178766536039334   0.00883885735238082   0.0442781668914686   0
0.146715405259715   0.0125803467845867   -0.0320511307796187   0
0.149694791473885   0.0947069843249781   0.00297938621417002   0
0.178239331378487   -0.0753650230061861   0.0285445399046014   0
0.171611951375305   -0.0279558246269567   -0.00662738000318183   0
0.1635098504803   0.0261137270188676   -0.00810210089500502   0
0.182742701663767   0.0248697881668986   0.019232851183467   0
0.188955720654972   -0.0075523640955546   0.00621301899120566   0
0.191168559186232   0.0478937546216961   0.00221283853125986   0
0.181969679756059   -0.0553840146875335   -0.00919887943017381   0
0.179837361208677   0.0990023300024676   -0.00213231854738199   0
0.214613630698058   -0.0965043058547272   0.0347762694893816   0
0.165390190144859   0.0670923245756127   -0.0492234405531995   0
0.227111701948672   -0.0714535236524427   0.0617215118038135   0
0.163301765050167   0.0854606152047509   -0.063809936898505   0
0.239279253059056   -0.0604069897058686   0.0759774880088893   0
0.193012216239549   0.0641714082692706   -0.0462670368195073   0
0.239923594411325   -0.0544020987477928   0.0469113781717758   0
0.207808000787385   0.0174327396234117   -0.0321155936239396   0
0.209130757975722   0.0616810784191923   0.00132275718833649   0
0.195303826686243   -0.0790436636141306   -0.0138269312894791   0
0.19210987441696   0.121400407681885   -0.00319395226928326   0
0.224430262059559   -0.103476146427512   0.0323203876425998   0
0.193819561495925   0.104846596317973   -0.0306107005636348   0
0.244818361464679   -0.121260734906   0.0509987999687539   0
0.191994227010248   0.125608665916555   -0.0528241344544309   0
0.253401157265017   -0.0736565467585758   0.0614069302547696   0
0.217488809344872   0.0069775071443669   -0.0359123479201454   0
0.244870146266853   0.00165824248433116   0.0273813369219812   0
0.231833942758066   0.0291041572300968   -0.0130362035087875   0
0.289090489180723   -0.00656172714381065   0.057256546422658   0
0.24867861995053   0.0472266832887444   -0.0404118692301938   0
0.310979392118674   -0.0661459094758881   0.0623007721681443   0
0.254971802732185   0.057483849705806   -0.0560075893864895   0
0.29436365676277   -0.0525463437272997   0.0393918540305857   0
0.258588804673076   0.0858386833207004   -0.0357748520896947   0
0.298351760865006   -0.0793360559239595   0.0397629561919309   0
0.275805939630114   0.132051949151992   -0.0225458212348926   0
0.299031268737067   -0.125574111815115   0.0232253291069532   0
0.293921463143256   0.131064252288294   -0.00510980559381086   0
0.312120242638554   -0.0965558794324307   0.0181987794952981   0
0.323766454664856   0.105409525662282   0.0116462120263014   0
0.35961345097375   -0.0749242861354629   0.0358469963088948   0
0.354099680507128   0.11319224309418   -0.00551377046662266   0
0.319328710357368   -0.090556771369025   -0.0347709701497596   0
0.375591548952782   0.0735403646222746   0.0562628385954137   0
0.346580927344899   -0.0320880401476805   -0.0290106216078832   0
0.388315659871579   -0.0177703262079887   0.0417347325266804   0
0.336017843910483   0.0035591844745772   -0.0522978159610958   0
0.399222559633721   0.0795440578676594   0.0632047157232376   0
0.345282959974497   -0.116046980914132   -0.0539395996592241   0
0.400784754901244   0.040632549546769   0.0555017949267468   0
0.359499025230337   -0.00145165080240417   -0.0412857296709065   0
0.38275352156218   -0.040434221219654   0.0232544963318426   0
0.37792221722631   0.113488025541503   -0.00483130433587003   0
0.412700247438755   -0.0924171072806595   0.0347780302124457   0
0.379518158136656   -0.0519637726525973   -0.0331820893020992   0
0.419709602182569   0.115734554061676   0.0401914440459124   0
0.389412664597198   -0.0382283837877717   -0.0302969375853704   0
