0.142040260121911   0   0   0
0.135877337507952   0.00860520403023496   -0.00616292261395815   0
0.118242739765493   -0.0315238695677348   -0.0176345977424598   0
0.116424317141448   0.0109760026359382   -0.00181842262404443   0
0.0838329751330137   -0.058516448939258   -0.0325913420084344   0
0.0648812566744241   -0.0403948491626994   -0.0189517184585896   0
0.0839617617479826   -0.0566826464426588   0.0190805050735585   0
0.0421740374843932   0.023918247392733   -0.0417877242635895   0
0.0719032889932895   -0.0268110591876196   0.0297292515088963   0
0.0347759719840442   0.0131314095487087   -0.0371273170092453   0
0.0237407819853943   0.0528416456369823   -0.0110351899986498   0
0.0229046100371534   -0.0404639463335758   -0.00083617194824091   0
0.0444640966698133   0.00564255080169368   0.0215594866326598   0
0.0194624068422241   0.0218467993477381   -0.0250016898275892   0
0.0407289688724745   -0.0137751052917626   0.0212665620302505   0
0.0625096271067123   0.0673383027001692   0.0217806582342378   0
0.0439848843422704   -0.0713815021157309   -0.018524742764442   0
0.0124992847388721   -0.0261707015824871   -0.0314855996033983   0
0.0353042817554273   0.000637689772596831   0.0228049970165553   0
0.0270736235268075   0.00793824796830493   -0.00823065822861983   0
0.0330150040360152   -0.0226208904150897   0.00594138050920769   0
0.0414097918785596   0.00157456451211878   0.00839478784254444   0
0.0232490430829965   0.0346551174114769   -0.0181607487955632   0
0.0582673767516103   -0.0240461050141626   0.0350183336686139   0
0.0419669256786222   0.00970048123013188   -0.0163004510729881   0
0.0499723099126406   0.0117147628625042   0.00800538423401841   0
0.0567776290573365   -0.0177793814129179   0.00680531914469587   0
0.0581880847756222   0.0499028077274919   0.00141045571828574   0
0.0744273462458524   -0.0884458373006594   0.0162392614702302   0
0.0618209836884694   0.0637423723555098   -0.012606362557383   0
0.0672089464596046   -0.0213274575934264   0.00538796277113521   0
0.071656044164205   -0.0221676201251881   0.0044470977046004   0
0.078894206763393   0.0302779565586252   0.00723816259918794   0
0.0721876463462413   -0.00809685338581261   -0.00670656041715169   0
0.0861797512891515   0.057340316954874   0.0139921049429102   0
0.0638323321147873   0.00263384736545905   -0.0223474191743642   0
0.0760585928008795   0.0193762378716154   0.0122262606860923   0
0.0840366279064225   -0.079522237186123   0.00797803510554294   0
0.0643101085617572   0.0726923553189982   -0.0197265193446652   0
0.0853616270025648   -0.0460617087579137   0.0210515184408076   0
0.099991499876752   -0.0647411065493603   0.0146298728741872   0
0.0864318066653706   0.0761404504296932   -0.0135596932113815   0
0.0869774962565174   -0.0315901876203121   0.000545689591146828   0
0.0888843820412788   0.0145167984306193   0.00190688578476136   0
0.0827394728803141   -0.0338053304066253   -0.0061449091609647   0
0.0860549874820309   0.0543858598737252   0.00331551460171683   0
0.117538789520524   -0.0808055763955812   0.0314838020384929   0
0.0833826143675197   0.135018323476795   -0.0341561751530041   0
0.106331507847039   -0.114742841470375   0.0229488934795197   0
0.0885678425875046   0.0994615142153096   -0.0177636652595347   0
0.104209718309402   -0.0823271684006514   0.0156418757218978   0
0.0890691185510724   0.00954776524294067   -0.01514059975833   0
0.0920369235039666   0.0675380401791276   0.00296780495289418   0
0.0967217650590212   -0.0410439370823359   0.00468484155505461   0
0.100051589501179   -0.0304320327109956   0.00332982444215811   0
0.0993467317262386   0.0430281710739277   -0.000704857774940726   0
0.0942402685134386   -0.00660460501836717   -0.00510646321280006   0
0.0923388925303959   -0.0350177308599089   -0.00190137598304269   0
0.0834842356167468   0.109315728788716   -0.00885465691364905   0
0.109662451214397   -0.131930981437516   0.0261782155976502   0
0.0924776979970982   0.104694179422244   -0.0171847532172988   0
0.106182237441874   -0.0556048138301011   0.0137045394447758   0
0.105709385089984   -0.0165766010968956   -0.00047285235189011   0
0.112757794149141   -0.0515292303791008   0.00704840905915689   0
0.100688073136854   0.125802033950997   -0.0120697210122865   0
0.127567762946208   -0.128728514206723   0.0268796898093541   0
0.102261254254938   0.068954951306993   -0.0253065086912701   0
0.117063311669637   -0.0437458941563905   0.0148020574146985   0
0.115393992883945   0.0543885561487646   -0.0016693187856915   0
0.119198680708835   -0.0759368070376549   0.00380468782489024   0
0.111097878194928   0.0783642836757259   -0.00810080251390773   0
0.111118976562287   -0.021536841530122   2.10983673588766e-05   0
0.0810508409213779   0.120026913341174   -0.0300681356409087   0
0.109441200890227   -0.0688871534616008   0.028390359968849   0
0.121815524649211   -0.0586597118932757   0.012374323758984   0
0.11177346307475   0.0522621246429954   -0.0100420615744609   0
0.121136230510911   -0.0405264731726152   0.00936276743616074   0
0.123299349544026   -0.0132012961844181   0.00216311903311568   0
0.114209333900704   0.0090427950850554   -0.0090900156433224   0
0.128196921040571   -0.0124968626540571   0.0139875871398674   0
0.132141960705797   0.0703896925103939   0.00394503966522597   0
0.0935869499833978   -0.0414149848987165   -0.0385550107223996   0
0.0909822220035458   0.0950727697455985   -0.00260472797985196   0
0.0938943992569104   -0.0372951552395806   0.00291217725336458   0
0.116701948236201   -0.0391118330868117   0.0228075489792908   0
0.113493299803887   0.0439783705741188   -0.00320864843231415   0
0.1279702920019   -0.0634423754443996   0.0144769921980131   0
0.127962196188845   0.0057523354498929   -8.0958130549702e-06   0
0.120260992165997   0.00878109398123536   -0.00770120402284814   0
0.134021495494613   -0.00947526129328213   0.0137605033286156   0
0.142494829447633   -0.0136291312573661   0.00847333395302025   0
0.117310283387306   0.0492252108112935   -0.0251845460603271   0
0.132961315231922   0.00994890709670385   0.0156510318446161   0
0.147765918622233   -0.0271103710467935   0.0148046033903115   0
0.142223562159229   0.1017731649354   -0.00554235646300466   0
0.156682153855794   -0.0833558724181053   0.014458591696565   0
0.159369823291213   0.027591509238827   0.00268766943541937   0
0.159139492081354   0.0440317294672709   -0.000230331209859436   0
0.168595209924608   -0.0261983896852624   0.00945571784325394   0
0.170937939383194   0.0347984807956916   0.00234272945858635   0
0.178950078524462   -0.0174523920380063   0.00801213914126836   0
0.180887768980275   -0.00297021158759736   0.00193769045581235   0
0.188140965340234   0.0258398774935653   0.00725319635995963   0
0.177286514706876   -0.0323322235757765   -0.0108544506333587   0
0.180544187219102   0.0266144661407821   0.00325767251222622   0
0.186628459552425   0.0128129076745303   0.0060842723333234   0
0.182478587481032   -0.0262783017955754   -0.0041498720713937   0
0.179372863619919   -0.0304895287099256   -0.00310572386111274   0
0.195669628078274   0.0315961584162671   0.016296764458355   0
0.205788380591643   -0.0286227840378676   0.0101187525133692   0
0.204385236716185   0.0440799439773198   -0.00140314387545817   0
0.220318066182168   0.00171890762496338   0.0159328294659828   0
0.222958434939475   -0.000392898717201384   0.00264036875730711   0
0.23243702269553   0.0294472886229009   0.00947858775605562   0
0.22348017465706   -0.0174750758280556   -0.00895684803847047   0
0.226971490411951   0.00787098963885779   0.00349131575489134   0
0.237353570844131   0.0166856470585013   0.0103820804321799   0
0.231855465770645   -0.0176392154757818   -0.00549810507348669   0
0.24928834112293   0.0251806176965785   0.0174328753522859   0
0.246236665512896   -0.0141354969386898   -0.00305167561003405   0
0.258755244008643   0.0394648668680575   0.0125185784957469   0
0.256535080782999   0.0198413721972294   -0.00222016322564389   0
0.251414112827527   -0.0307569611316823   -0.00512096795547229   0
0.249980682081681   -0.0187565285156052   -0.00143343074584601   0
0.245997221210444   -0.0362236822832913   -0.00398346087123733   0
0.256418466764018   0.0443819170514932   0.0104212455535747   0
0.268265487369457   0.0169895772429758   0.011847020605439   0
0.260874099382997   -0.0282217773493769   -0.00739138798646   0
0.255635800193678   0.0504434842903069   -0.00523829918931928   0
0.272846857527287   0.00892884527881116   0.0172110573336089   0
0.263135792875836   0.00036480308809933   -0.009711064651451   0
0.297936901459642   0.0441152511939767   0.0348011085838061   0
0.256324774850989   -0.119149768571   -0.0416121266086535   0
0.261906785606063   0.0845528595845234   0.00558201075507397   0
0.277056735615113   -0.039337488917258   0.0151499500090502   0
0.304729757266024   0.0385133740141762   0.0276730216509113   0
0.296777233489852   0.0259485966734191   -0.00795252377617234   0
0.298658327818077   0.0100930497049833   0.00188109432822531   0
0.299735396502215   -0.0235410334114822   0.00107706868413782   0
0.326398893205618   0.0564024069711069   0.0266634967034032   0
0.315250848341618   -0.0453707511670556   -0.0111480448639998   0
0.312929358662818   0.0186563896886607   -0.00232148967880036   0
0.320211105198602   0.00225725881295658   0.0072817465357839   0
0.32197068743235   0.00402905059318381   0.00175958223374811   0
0.31479507263496   -0.0298717192505   -0.00717561479738948   0
0.311723475971497   0.00847614320498824   -0.00307159666346335   0
0.33591814177185   0.0590492857752909   0.0241946658003526   0
0.307139089610473   -0.0668063845035664   -0.0287790521613769   0
0.325640737785632   0.0622042799563216   0.0185016481751595   0
0.310281489295681   -0.0319603293219854   -0.0153592484899509   0
0.31039520962126   0.017826665627304   0.00011372032557827   0
0.341101993491984   0.0493016481215466   0.0307067838707246   0
0.31627381933273   -0.014350348165578   -0.0248281741592541   0
0.319517365841971   0.00292607317402993   0.00324354650924136   0
0.329838762224155   -0.00325339424349796   0.0103213963821833   0
0.323469873708109   0.0232412347621366   -0.00636888851604572   0
0.319657851049247   -0.0325561979056875   -0.00381202265886216   0
0.290670758822521   -0.041441013438052   -0.0289870922267262   0
0.327227427786811   0.0539595690658226   0.0365566689642902   0
0.325379626208434   -0.0372045349086992   -0.00184780157837722   0
0.332617214369511   0.0277091809882041   0.00723758816107689   0
0.337576089389344   0.00347475290519106   0.00495887501983366   0
0.328746651492228   -0.0225300997724106   -0.0088294378971161   0
0.348756841188872   0.0334815252438501   0.0200101896966438   0
0.340261400311951   -0.0274614457678673   -0.00849544087692061   0
0.357888704563667   0.00757740302690496   0.0176273042517161   0
0.342393102211844   -0.0151957245973289   -0.0154956023518238   0
0.353641920302246   0.00911842937586788   0.0112488180904022   0
0.344007641404595   -0.0157521785541035   -0.00963427889765073   0
0.338309956671526   0.0300425672215826   -0.00569768473306881   0
0.350642784808928   0.00446494038801259   0.0123328281374014   0
0.367090500172236   0.0373527451506266   0.0164477153633084   0
0.357528463426512   -0.0412181762898093   -0.00956203674572437   0
0.352226316912241   0.0323758972692598   -0.00530214651427063   0
0.365013965561991   -0.00371375643885397   0.0127876486497495   0
0.368522479217021   0.0298103822518019   0.00350851365503085   0
0.366323806689413   -0.0345512994645189   -0.0021986725276083   0
0.362848828019623   0.0530314127589458   -0.00347497866979002   0
0.34946937079305   -0.0663058781885854   -0.0133794572265734   0
0.378157757974132   0.0251018896840457   0.0286883871810827   0
0.352572247325637   -0.0446783517583612   -0.0255855106484956   0
0.364903909579234   0.0286009568491689   0.0123316622535974   0
0.388291746133977   0.0381466350358715   0.0233878365547424   0
0.378903306594258   -0.0641990028208743   -0.00938843953971824   0
0.373056701955568   0.00979828197122767   -0.00584660463869019   0
