0.0100210779854028   0   0   0
0.00690073117420176   -0.010573606196241   -0.00312034681120106   0
0.0131529   0.0432891051900019   0.00625216882579824   0
0.0433809768559907   0.152940368547236   0.0302280768559907   0
0.05157675310702   -0.0871147518738696   0.00819577625102934   0
0.02214225   0.0177621156578058   -0.02943450310702   0
0.020724135394154   0.0340081673973538   -0.00141811460584603   0
0.0174572426812627   -0.0678839522896993   -0.00326689271289127   0
0.0216301502266657   -0.0518604868338315   0.00417290754540297   0
0.0381843884451565   0.154286816976241   0.0165542382184908   0
0.0434610334118855   0.0393998635576646   0.00527664496672899   0
0.0435757318515708   -0.176928773461202   0.000114698439685305   0
0.0260177810015574   -0.00676347687349284   -0.0175579508500134   0
0.0268329192998544   0.00639143455573155   0.00081513829829704   0
0.0356344840850079   0.00589628224074547   0.00880156478515347   0
0.0270398325475996   0.0072520638123643   -0.00859465153740832   0
0.0438612724548946   0.125167958399652   0.0168214399072951   0
0.0634501646904088   0.0204141754396029   0.0195888922355142   0
0.014300338484529   -0.111881875270451   -0.0491498262058798   0
0.00971705143995467   0.0370344483130364   -0.00458328704457429   0
0.00552957216956249   -0.0456151898512695   -0.00418747927039218   0
0.0130139104176848   -0.0206746668746754   0.00748433824812231   0
0.0446913678161678   0.122831619344726   0.031677457398483   0
0.054972002699306   0.0503390652328515   0.0102806348831381   0
0.0401536785633645   -0.21233268621534   -0.0148183241359414   0
0.00534969934211494   0.0780347826964129   -0.0348039792212496   0
0.0128643363348299   -0.0192587677891472   0.00751463699271497   0
0.0142716088051593   -0.0111543741995673   0.00140727247032938   0
0.0198324103612395   0.0387852327903929   0.00556080155608022   0
0.0449072605330149   0.102496126867395   0.0250748501717754   0
0.0255670804190173   -0.164311765276885   -0.0193401801139976   0
0.00994805153777487   0.0176361411697485   -0.0156190288812425   0
0.00644891586129211   -0.014287939751434   -0.00349913567648276   0
0.0236800200896241   0.0830829139774941   0.017231104228332   0
0.0389177049121926   0.014788107751816   0.0152376848225685   0
0.0218364539361362   -0.06809125623955   -0.0170812509760564   0
0.010751913358519   -0.0063619998974371   -0.0110845405776172   0
0.010721184120208   -0.0169948701991375   -3.07292383110395e-05   0
0.0377781565883316   0.0838610605070707   0.0270569724681236   0
0.0321802717067849   -0.0339791240569785   -0.00559788488154668   0
0.0143158361667979   -0.0419525901904918   -0.0178644355399869   0
0.00827326839640175   -0.0128671774921304   -0.00604256777039619   0
0.0201122395578265   0.0307568216849823   0.0118389711614247   0
0.0418817514619557   0.111413454005615   0.0217695119041292   0
0.0112846930558611   -0.150568040710151   -0.0305970584060945   0
0.0127588184989647   0.0503607015728236   0.00147412544310364   0
0.0148631616471429   0.00155062897439034   0.00210434314817817   0
0.0380546501663726   0.071610832765712   0.0231914885192296   0
0.00837893913839933   -0.104746784889048   -0.0296757110279732   0
0.0121943954799941   0.00937071645804435   0.00381545634159475   0
0.0146822636075811   0.0266780566915775   0.00248786812758701   0
0.0457603173201684   0.101019484149327   0.0310780537125873   0
0.0481824901182214   -0.111761921508576   0.00242217279805301   0
0.0321467302063911   0.0310186313694197   -0.0160357599118302   0
0.0134920992850825   -0.00153889432602708   -0.0186546309213086   0
0.0152684117366387   -0.0491261960436648   0.00177631245155611   0
0.0299529300593619   0.083801841426528   0.0146845183227232   0
0.051431142822224   0.0309758342108252   0.0214782127628621   0
0.0166039796914023   -0.143682871720677   -0.0348271631308217   0
0.0246317183603276   0.0116614053029244   0.0080277386689253   0
0.0282839169016599   0.087369481884594   0.00365219854133225   0
0.0335986163700977   -0.000498406773386723   0.00531469946843789   0
0.0130739396111119   -0.0708576249114709   -0.0205246767589859   0
0.013332166961432   -6.32953268446118e-05   0.000258227350320168   0
0.035871396587288   0.0504723904240027   0.022539229625856   0
0.052199167605073   0.0540599491689284   0.0163277710177849   0
0.0284383204631093   -0.0679546806336081   -0.0237608471419637   0
0.0193613704533667   -0.0134013972453962   -0.0090769500097426   0
0.0368218906593079   0.0289606087348041   0.0174605202059412   0
0.0496880044729611   0.120336904912262   0.0128661138136532   0
0.0390386562518486   -0.161869432178043   -0.0106493482211125   0
0.013852935034083   0.00354568815125604   -0.0251857212177656   0
0.0259255430459518   -0.000380150849135882   0.0120726080118688   0
0.0443381448788174   0.11835070906635   0.0184126018328656   0
0.0427643136214648   -0.0845955964256698   -0.00157383125735258   0
0.0267367988610267   -0.0173223668611821   -0.0160275147604381   0
0.0272493470337823   -0.0137875010496057   0.000512548172755568   0
0.0515762356276125   0.0740026714138988   0.0243268885938302   0
0.0598613976074106   0.0234638580088212   0.0082851619797981   0
0.0243384625148139   -0.0782951251259303   -0.0355229350925967   0
0.0277831989045988   0.0145937524609022   0.00344473638978493   0
0.0331976735278619   0.044686034541831   0.00541447462326305   0
0.0543682620042475   0.102862802263525   0.0211705884763856   0
0.0444051181747783   -0.138100401684963   -0.0099631438294692   0
0.0177804702598806   -0.00194066066691381   -0.0266246479148976   0
0.0208553408774587   -0.000265208445045184   0.00307487061757806   0
0.0284968871310574   -0.0170976217935337   0.0076415462535987   0
0.0391147123146777   0.0996009405090591   0.0106178251836203   0
0.0351577633396594   -0.122679051218756   -0.00395694897501829   0
0.0294064999784486   0.0304287271071543   -0.00575126336121078   0
0.0268244405561887   0.0103818333707227   -0.00258205942225996   0
0.044674549044266   0.0925182570659428   0.0178501084880773   0
0.0177487167819543   -0.133711180689069   -0.0269258322623117   0
0.0189127515998076   0.00391846720384426   0.00116403481785333   0
0.0313175684244646   0.0599490946586144   0.012404816824657   0
0.0468813097199193   0.0557238797701263   0.0155637412954547   0
0.0252865942539224   -0.123901854354053   -0.0215947154659969   0
0.0250002533389009   0.0480444284698952   -0.000286340915021485   0
0.0297142685706716   -0.0181294746402432   0.00471401523177068   0
0.0548170439682997   0.100328982838649   0.0251027753976281   0
0.0507916765201987   -0.0608411412678235   -0.00402536744810102   0
0.0255982053048163   -0.0415761160167967   -0.0251934712153824   0
0.0228552511173259   -0.0194976864204515   -0.00274295418749043   0
0.0324631557750633   0.0250455947572713   0.00960790465773743   0
0.050106766607276   0.101852807537573   0.0176436108322127   0
0.0388552568456316   -0.146328885663068   -0.0112515097616444   0
0.0261701046857402   0.0193421613294497   -0.0126851521598914   0
0.0318350790055561   0.0320804553965747   0.00566497431981594   0
0.0495690351456683   0.118017118349514   0.0177339561401122   0
0.0623587576072519   -0.0692920798103492   0.0127897224615836   0
0.0352194579418821   -0.0553553303936919   -0.0271392996653699   0
0.0246789931203772   0.0163548545101052   -0.0105404648215049   0
0.0298431593510975   -0.0179473885721983   0.00516416623072033   0
0.0447074601860364   0.0922150206459814   0.0148643008349388   0
0.0326228826742599   -0.13581305138188   -0.0120845775117765   0
0.0236602215388725   0.000929902480101302   -0.0089626611353874   0
0.0319595418690338   0.0701698345788493   0.00829932033016134   0
0.0416652107878083   0.10291833483685   0.00970566891877453   0
0.036337470479933   -0.15077686778029   -0.00532774030787537   0
0.0262121587341638   0.0136323243709796   -0.0101253117457692   0
0.0300419590607038   0.0172556736651683   0.00382980032653994   0
0.0364438769834522   0.0672111167112514   0.00640191792274849   0
0.03925971013657   -0.0751119045387604   0.00281583315311779   0
0.0236264043164237   0.0299728425305253   -0.0156333058201463   0
0.0208741661435254   -0.0304598435629498   -0.00275223817289836   0
0.0265220911230341   -0.00684083343416295   0.00564792497950876   0
0.0445761125611131   0.101401378596725   0.018054021438079   0
0.0374490999937582   -0.10909704643094   -0.00712701256735491   0
0.0123006075146118   -0.00712656334061687   -0.0251484924791464   0
0.0265852391934886   0.0297584905269967   0.0142846316788767   0
0.03708072613422   0.0980444482255716   0.0104954869407314   0
0.0356840048105734   -0.128294420008146   -0.00139672132364659   0
0.0161631387592448   0.0297790179363993   -0.0195208660513286   0
0.0228957250688535   0.00766446066222201   0.00673258630960871   0
0.0338758420796443   0.0217943611638358   0.0109801170107909   0
0.0423621261523486   0.0347948961257828   0.00848628407270431   0
0.0247658902141842   -0.113269674234267   -0.0175962359381644   0
0.0167491416028412   0.00751891996859511   -0.00801674861134303   0
0.0188188800967546   0.0340720025633853   0.00206973849391339   0
0.0382395441991798   0.115887369541419   0.0194206641024252   0
0.0341446176159582   -0.0968481276131283   -0.00409492658322163   0
0.0144096869129078   -0.0289009117194342   -0.0197349307030504   0
0.025425033978906   0.0149741859804334   0.0110153470659983   0
0.016837595200281   0.0306543039173552   -0.00858743877862503   0
0.0403866290319708   0.0575146323030678   0.0235490338316898   0
0.0229159382982369   -0.12965606587613   -0.0174706907337339   0
0.026171585141304   0.0446096113086075   0.00325564684306713   0
0.0231223663845745   -0.0164583416429606   -0.00304921875672954   0
0.0221761118710207   0.106062345001448   -0.000946254513553783   0
0.0316323818733667   -0.0637540774416893   0.00945627000234604   0
0.0236284300732936   -0.0368414352446887   -0.00800395180007315   0
0.0251068297369167   0.018119574155856   0.00147839966362312   0
0.0244467708441938   0.0533565035819656   -0.000660058892722887   0
0.0327964460540853   0.0123348555621422   0.00834967520989145   0
0.0225886206719274   -0.108776963908859   -0.0102078253821579   0
0.0374926058439194   -0.0496734195755258   0.014903985171992   0
0.0422626450544094   -0.00604718883123968   0.00477003921049004   0
0.0423885460872982   0.0109291336289697   0.00012590103288871   0
0.02952779848232   0.107930031744051   -0.0128607476049781   0
0.0425891672435902   0.0792875296448422   0.0130613687612702   0
0.0312255725632489   -0.176344755813382   -0.0113635946803413   0
0.027546013280827   0.033080766335624   -0.00367955928242189   0
0.0320024646476642   0.0441928554092738   0.0044564513668372   0
0.0489019737275757   0.0738685338258706   0.0168995090799114   0
0.0314544805070359   -0.093240553913271   -0.0174474932205398   0
0.0383790428942997   -0.00618282372408069   0.00692456238726386   0
0.0270723405136128   0.0546252766640281   -0.011306702380687   0
0.0443551272425703   0.045607579516908   0.0172827867289575   0
0.0255609388502261   -0.141731549723538   -0.0187941883923441   0
0.0239409309243521   0.0669899691216242   -0.00162000792587401   0
0.0266692407980074   -0.0063425574025491   0.00272830987365523   0
0.0467755733489714   0.113688470230171   0.020106332550964   0
0.0467285340960692   -0.0811649554406554   -4.7039252902184e-05   0
0.0177668592717262   -0.0291212700161402   -0.0289616748243429   0
0.0186385954768466   -0.0135802167109624   0.000871736205120308   0
0.0351902507063391   0.0648327184807296   0.0165516552294925   0
0.0413316257999247   0.0435455300368791   0.00614137509358558   0
0.022737743571105   -0.108950918031448   -0.0185938822288197   0
0.0182081817709437   -0.000229463631878757   -0.0045295618001613   0
0.0306166696108166   0.0559870786674502   0.0124084878398729   0
0.0364202421435525   0.0444761341186991   0.00580357253273594   0
0.0222549623547761   -0.0914981154673825   -0.0141652797887765   0
0.0248914081850545   0.0254219676732371   0.00263644583027847   0
0.0241688162441295   0.0300088204233689   -0.000722591940924992   0
0.0546307166320148   0.0656941350969807   0.0304619003878853   0
0.0649515039970207   -0.0287470599148512   0.0103207873650059   0
0.0265626458194115   -0.0674607282154469   -0.0383888581776092   0
0.0192679851247062   -0.000823014698261348   -0.0072946606947053   0
0.0189933466949614   -0.00251488925448534   -0.000274638429744845   0
0.0395995843211453   0.0553888830597602   0.020606237626184   0
0.0377029772062168   0.0176982848937379   -0.00189660711492859   0
0.0181101471244024   -0.0782207528170183   -0.0195928300818144   0
0.0222342650841556   0.0113945518457333   0.00412411795975319   0
0.0381489747100102   0.0977271465513047   0.0159147096258547   0
0.0390395801700339   -0.0636167622862873   0.000890605460023619   0
0.0169330025430371   -0.0289205047703162   -0.0221065776269968   0
0.0410958014095418   0.0203682542033256   0.0241627988665048   0
0.0593113552244635   0.0670928254462443   0.0182155538149217   0
0.0605837203533053   -0.0627380564422639   0.00127236512884175   0
0.036580870362054   0.023850363925445   -0.0240028499912513   0
0.0371586791304871   -0.0285646524068908   0.00057780876843315   0
0.0547109338822755   0.107513190910396   0.0175522547517884   0
0.0657398889656995   -0.0110342644245627   0.011028955083424   0
0.0373329489080105   -0.126553516317741   -0.028406940057689   0
0.0277177305965874   0.0240966353858337   -0.00961521831142309   0
0.0397789384772269   0.0272366039867669   0.0120612078806394   0
0.0399488940644447   -0.0122944295718711   0.000169955587217822   0
0.0225503912947758   -0.0158477049959164   -0.0173985027696689   0
0.0346212444313098   0.0107849827330984   0.012070853136534   0
0.053086411734657   0.10071117822836   0.0184651673033472   0
0.0660010783886332   -0.0774976199410284   0.0129146666539762   0
0.0319044657608183   -0.0112829827731105   -0.0340966126278149   0
0.0240261839780062   0.019792268652736   -0.0078782817828121   0
0.0551696526382259   0.0205933794146271   0.0311434686602197   0
0.0551380144817076   0.00417161320516379   -3.16381565182294e-05   0
0.0366291750558267   -0.0612679557064048   -0.0185088394258809   0
0.0282205378813906   0.018161929325158   -0.00840863717443616   0
0.0369522276190489   0.0292279504306598   0.00873168973765832   0
0.0482605094346299   0.0390160436685128   0.011308281815581   0
0.0326113115175548   -0.0933775616794323   -0.0156491979170751   0
0.0278453290676928   0.0227997482529662   -0.00476598244986192   0
0.0471262034611584   0.0618869412722134   0.0192808743934656   0
0.0620071669015163   0.037615556723327   0.0148809634403579   0
0.0487454440960896   -0.114233465651249   -0.0132617228054267   0
0.0309086350141025   0.0314475424667361   -0.0178368090819872   0
0.0334537644538698   0.00100049098129312   0.00254512943976731   0
0.047941620259306   0.0481516892070568   0.0144878558054362   0
0.0506345529109816   -0.0183521106264866   0.00269293265167564   0
0.0368711734804779   -0.0619635072185699   -0.0137633794305037   0
0.0325941923435372   0.0251514645426965   -0.00427698113694073   0
0.0434717432590988   0.0332432593050534   0.0108775509155616   0
0.0579144015782344   0.0786462187848264   0.0144426583191356   0
0.0503877050461221   -0.0970183221114926   -0.0075266965321123   0
0.0304897119000397   -0.0101123304320399   -0.0198979931460824   0
0.0173320035960936   0.000248924689351115   -0.0131577083039462   0
0.0483064017224684   0.0463540674590907   0.0309743981263749   0
0.0533775608343057   -0.0234494028061815   0.00507115911183724   0
0.0356904582262893   -0.0215401995232794   -0.0176871026080164   0
0.0278321374843004   0.00938101049102966   -0.00785832074198886   0
0.0376519583213808   0.0528743984707668   0.00981982083708043   0
0.0553725449359608   -0.0283108987560061   0.01772058661458   0
0.0368644139593321   -0.0477849911026198   -0.0185081309766287   0
0.0352603848130817   0.0201426716169485   -0.00160402914625044   0
0.0532317170963421   0.0433374367579361   0.0179713322832604   0
0.0667321210768285   0.00508156443619751   0.0135004039804864   0
0.0296737971039266   -0.0831695600532122   -0.037058323972902   0
0.0226391458973992   0.0167572550599413   -0.0070346512065274   0
0.0338035977162935   0.00110366192258354   0.0111644518188943   0
0.0443232588643085   0.0545348030017827   0.010519661148015   0
0.0548383466482625   -0.0362008686681417   0.010515087783954   0
0.0259056204433034   -0.0410220222573034   -0.0289327262049591   0
0.0278899633717042   0.0274287663834014   0.00198434292840075   0
0.0275437627955046   0.00310812776999803   -0.000346200576199527   0
0.0516152202142934   0.050475784002898   0.0240714574187888   0
0.0380656506392574   -0.0705789069164074   -0.013549569575036   0
0.0269165526883036   0.00395079475844082   -0.0111490979509538   0
0.0315589686793232   0.0164869327136107   0.00464241599101954   0
0.044713240886677   0.0819104806785841   0.0131542722073538   0
0.0515657130905799   -0.0746822687790286   0.00685247220390291   0
0.027470539535623   -0.00906294673033831   -0.0240951735549569   0
0.0329627587203381   0.00380568167393949   0.00549221918471511   0
0.0566075277225565   0.0467906481098919   0.0236447690022184   0
0.0503754467693588   -0.076369253357106   -0.00623208095319771   0
0.0274380971289364   0.0103745514349913   -0.0229373496404223   0
0.0307580556766662   0.00339891361603442   0.00331995854772979   0
0.0379732712697036   0.0716282821443039   0.00721521559303741   0
0.0439584358163766   -0.0438281560113512   0.00598516454667294   0
0.0410440881517668   -0.0305525891188676   -0.00291434766460984   0
0.0360904944362778   -0.0059578984325879   -0.00495359371548894   0
0.0410138047046662   0.0540712938628254   0.0049233102683884   0
0.0433923269294526   -0.053945471771936   0.00237852222478643   0
0.0274403581685576   0.00759216884873204   -0.0159519687608951   0
0.0278508451566555   0.00488183441550688   0.000410486988097907   0
0.0457235717903523   0.0655218259032337   0.0178727266336968   0
0.0462488684265356   -0.0579229588640008   0.000525296636183295   0
0.0307756589188176   0.00107202237682708   -0.0154732095077179   0
0.0313609503081061   0.00923569701865251   0.000585291389288454   0
0.0564933513332985   0.0646115330273582   0.0251324010251924   0
0.0488134599900734   -0.0318728585544241   -0.00767989134322507   0
0.0327797451531811   -0.0629772102213559   -0.0160337148368923   0
0.0308567562583545   0.000140734887201593   -0.0019229888948266   0
0.0425745231948932   0.0651183145190659   0.0117177669365387   0
0.0428729858288993   -0.0150467038625496   0.00029846263400609   0
0.0372236051167468   -0.0302819094184596   -0.00564938071215248   0
0.0413700600177834   0.0131113327205561   0.00414645490103658   0
0.0383009345619089   0.0478614616188705   -0.00306912545587453   0
0.0356805620797585   -0.00191018128640141   -0.00262037248215036   0
0.0329348429275896   -0.0476339405847298   -0.00274571915216889   0
0.0309517992004504   0.00615259105439375   -0.00198304372713925   0
0.0341248697207037   0.0459997549492547   0.00317307052025333   0
0.0368577281375969   -0.0361797357191255   0.00273285841689318   0
0.0334794939260587   -0.00576986050911726   -0.00337823421153819   0
0.0444244546155887   0.00822759691443775   0.01094496068953   0
0.0375322132938762   0.046973945127816   -0.00689224132171251   0
0.0440824304582052   0.000601392369316889   0.00655021716432904   0
0.0507847026403867   -0.0732838809314688   0.00670227218218147   0
0.0340714509164564   0.0206776322433527   -0.0167132517239303   0
0.0448563446259835   0.0271827858812455   0.0107848937095271   0
0.0496584278924786   -0.00942149598303055   0.00480208326649512   0
0.0308041993530509   0.0309705295035361   -0.0188542285394278   0
0.0382039949249094   -0.0727807809181614   0.00739979557185847   0
0.0454386713315046   0.0223472997760937   0.00723467640659527   0
0.0411205719330665   0.0329688627099549   -0.00431809939843807   0
0.0356781148051186   0.0604176402872493   -0.00544245712794792   0
0.0328127461895907   -0.0294096907001565   -0.00286536861552791   0
0.0373623822283858   -0.0385215377283295   0.0045496360387951   0
0.0441777806126564   0.0134861999487255   0.00681539838427059   0
0.0345748540713117   0.0205462013197307   -0.0096029265413447   0
0.0355823080893441   0.0143589866139656   0.00100745401803236   0
0.0531931298844362   -0.00115216510541921   0.0176108217950921   0
0.0446215402074491   -0.0724784628941966   -0.00857158967698705   0
0.030594955884665   0.0202739129967361   -0.0140265843227841   0
0.0374827673167951   0.00328338586074545   0.00688781143213002   0
0.0411219486799325   -0.0163765240683547   0.00363918136313741   0
0.0459242493508084   0.0459239243835164   0.00480230067087593   0
0.0453762615609472   0.0840139505767318   -0.000547987789861148   0
0.0432861225023101   -0.108648454119537   -0.00209013905863711   0
0.032413912305868   -0.0141713500140179   -0.0108722101964422   0
0.0519153406539435   0.0271187904606379   0.0195014283480755   0
0.0556757538463782   0.000341095495543342   0.00376041319243471   0
0.0466710756272823   0.0357838963499728   -0.00900467821909596   0
0.0454901342177334   -0.0604336181354151   -0.00118094140954884   0
0.0535236128019681   0.0474743806853214   0.00803347858423464   0
0.0502943973166992   -0.0123910681002248   -0.00322921548526887   0
0.0456865089547779   0.00874073759074956   -0.00460788836192131   0
0.049057958403148   0.00965237165861071   0.00337144944837012   0
0.0379207606588726   -0.0620626890025356   -0.0111371977442754   0
0.0457795637124798   0.0321212863212575   0.00785880305360723   0
0.055900173556685   -0.0107264573352653   0.0101206098442051   0
0.0471304985029333   0.0431248599242136   -0.00876967505375163   0
0.0519913441159545   0.010323840635317   0.00486084561302121   0
0.0568830195391164   -0.0754572511381019   0.00489167542316189   0
0.0567557459308033   -0.00187004250752271   -0.000127273608313085   0
0.0505743089700878   0.0204686322742787   -0.00618143696071557   0
0.0451934625309967   0.0411328581198269   -0.00538084643909109   0
0.0466394016593331   -0.0480280416102501   0.0014459391283364   0
0.0521046822892147   0.0159821852273323   0.00546528062988159   0
0.0524671029557639   -0.00591721391780148   0.0003624206665492   0
0.0534780979476879   0.0398466382098431   0.00101099499192404   0
0.0469026867609149   -0.0176660986113199   -0.00657541118677303   0
0.0631859808745975   -0.0334906917780449   0.0162832941136826   0
0.0660629186400926   -0.00263973680282265   0.00287693776549515   0
0.0473868549900972   0.0415498680485598   -0.0186760636499954   0
0.0405297925769735   -0.0416641570506019   -0.00685706241312365   0
0.056303491218174   -0.0211684183775062   0.0157736986412005   0
0.0496153165950798   0.0343523163121839   -0.00668817462309425   0
0.0408439901794879   0.0431638321866928   -0.00877132641559192   0
0.0462012974021445   -0.0521641264448099   0.0053573072226566   0
0.0411630066741972   0.00617009259799489   -0.00503829072794729   0
0.0550509743540703   0.0136345186233402   0.0138879676798731   0
0.055110508259723   0.0246774153233263   5.95339056527755e-05   0
0.0486253752247808   -0.016072282229286   -0.00648513303494224   0
0.054402171364225   -0.0517178500170132   0.00577679613944419   0
0.0492977068589909   0.0262897554137506   -0.00510446450523407   0
0.0442099556663115   0.0641900207286512   -0.00508775119267945   0
0.0319134474107973   -0.0402192573495499   -0.0122965082555142   0
0.0473268731695059   0.000845868394383831   0.0154134257587086   0
0.0542746060569305   0.0242459045863241   0.00694773288742461   0
0.0481402042257914   0.0398319042129932   -0.00613440183113918   0
0.0486473209297514   -0.0689657696946848   0.000507116703960003   0
0.0518666009221975   0.0182132818523478   0.00321927999244616   0
0.0470949152027318   0.0117287285898733   -0.00477168571946571   0
0.0466855773802028   0.0320336592596601   -0.000409337822529054   0
0.0448323053436359   -0.0709503092655984   -0.00185327203656691   0
0.0504138589312998   -0.00609400107172731   0.00558155358766398   0
0.0455827007867908   0.040880614639411   -0.00483115814450901   0
0.0463880396139568   -0.0118049086765644   0.000805338827165977   0
0.0471713711249655   -0.0632971316495543   0.000783331511008664   0
0.0943575560189062   -0.0844658040179005   0.0471861848939408   0
0.0904376685036716   0.0269605083337274   -0.00391988751523459   0
0.0578394797494499   0.0603582776032343   -0.0325981887542217   0
0.0496457294474308   0.0562278177139456   -0.00819375030201908   0
0.0447093915468272   -0.0983986118996553   -0.00493633790060368   0
0.0651645100197953   0.0393071123313146   0.0204551184729681   0
0.065103322759307   -0.00146056649513543   -6.11872604883018e-05   0
