0.313520560795875   0.299402480519534   0   0   0
0.302384440664942   0.287254129524821   -0.0111361201309327   -0.0121483509947134   0
0.304490715693861   0.267810952825869   0.00210627502891919   -0.0194431766989515   0
0.287430733155468   0.2758777259096   -0.0170599825383932   0.00806677308373094   0
0.277446328218288   0.243134065674172   -0.00998440493718022   -0.0327436602354284   0
0.237161566477138   0.201821278911101   -0.0402847617411499   -0.0413127867630707   0
0.224100699200359   0.179420698239668   -0.0130608672767786   -0.0224005806714332   0
0.277087355909648   0.151865953504736   0.0529866567092886   -0.0275547447349324   0
0.21915138163491   0.127342774216963   -0.057935974274738   -0.0245231792877722   0
0.197553460197588   0.124762717596534   -0.021597921437322   -0.00258005662042932   0
0.178251507278031   0.130671590500193   -0.0193019529195569   0.00590887290365849   0
0.164280542640143   0.139808360078761   -0.0139709646378876   0.00913676957856852   0
0.143955896901134   0.100196838290949   -0.0203246457390092   -0.0396115217878124   0
0.12440992735188   0.107580004992622   -0.0195459695492545   0.00738316670167311   0
0.148411451087206   0.0698574187690391   0.0240015237353258   -0.0377225862235826   0
0.101463439790596   0.0781120056282189   -0.0469480112966091   0.00825458685917978   0
0.114952892508323   0.0473744251490825   0.0134894527177262   -0.0307375804791363   0
0.0846914233701382   0.0461026420318066   -0.0302614691381845   -0.00127178311727594   0
0.0964539541388532   0.0475257321967268   0.011762530768715   0.00142309016492024   0
0.0774492409395341   0.0684965258571557   -0.0190047131993192   0.0209707936604289   0
0.0555527114749586   0.0571784136043052   -0.0218965294645754   -0.0113181122528505   0
0.0687019719225729   0.0691125317057081   0.0131492604476143   0.0119341181014028   0
0.159049275178091   0.0825171802161471   0.090347303255518   0.013404648510439   0
0.138613139158775   0.091042441364138   -0.0204361360193157   0.00852526114799088   0
0.045596536841848   0.065766710162079   -0.0930166023169273   -0.025275731202059   0
0.107764534974   0.062140075001346   0.0621679981321522   -0.00362663516073297   0
0.142872377801449   0.0478870503722343   0.0351078428274489   -0.0142530246291117   0
0.146801427026102   0.0400073488551166   0.00392904922465309   -0.00787970151711765   0
0.13507355436613   0.0711721829043482   -0.0117278726599717   0.0311648340492316   0
0.14671490927295   0.065364986250268   0.0116413549068197   -0.00580719665408022   0
0.132330037450346   0.0797437384253617   -0.0143848718226041   0.0143787521750937   0
0.156363499565404   0.0636945223994183   0.0240334621150576   -0.0160492160259434   0
0.163584010634567   0.0772075325162642   0.00722051106916294   0.0135130101168459   0
0.174259940597373   0.04771522916368   0.0106759299628065   -0.0294923033525842   0
0.169290545061944   0.0761569565265052   -0.00496939553542938   0.0284417273628252   0
0.187050299392008   0.0639218976114602   0.0177597543300647   -0.012235058915045   0
0.207615854582183   0.0686134043205298   0.0205655551901741   0.00469150670906962   0
0.259906998230136   0.0204807320497218   0.0522911436479535   -0.0481326722708081   0
0.187823925152681   0.0505312116588104   -0.0720830730774549   0.0300504796090887   0
0.214727779483699   0.0321904002116485   0.0269038543310176   -0.0183408114471619   0
0.20957449243083   0.0700007275820223   -0.00515328705286891   0.0378103273703738   0
0.237024599868474   0.0704908913872034   0.0274501074376436   0.000490163805181035   0
0.221852455465361   0.0794975090831782   -0.0151721444031125   0.00900661769597484   0
0.238741905099649   0.0756675658010254   0.0168894496342884   -0.00382994328215283   0
0.225042305556644   0.087961300269664   -0.0136995995430053   0.0122937344686387   0
0.245314726106771   0.0721225040249574   0.0202724205501267   -0.0158387962447066   0
0.224296985939201   0.0742542491885986   -0.0210177401675702   0.0021317451636412   0
0.208431873206595   0.0752621609623654   -0.0158651127326059   0.00100791177376681   0
0.199327750438417   0.0737242720107199   -0.00910412276817732   -0.00153788895164549   0
0.205057025339026   0.0704592070968459   0.00572927490060865   -0.00326506491387402   0
0.213546908040271   0.0661279900110657   0.00848988270124496   -0.00433121708578027   0
0.224538610991985   0.0740042213103584   0.010991702951714   0.00787623129929273   0
0.20083844105091   0.079834523607663   -0.0237001699410747   0.00583030229730461   0
0.233243979254535   0.0846189236793402   0.0324055382036247   0.00478440007167719   0
0.21379384561397   0.0916715478815674   -0.0194501336405652   0.00705262420222719   0
0.216495615397287   0.0909237495448246   0.00270176978331707   -0.000747798336742739   0
0.212839058218082   0.095872848353392   -0.00365655717920521   0.00494909880856736   0
0.212712001777262   0.102197790460765   -0.00012705644081959   0.00632494210737337   0
0.204416882482245   0.0976783132145514   -0.00829511929501711   -0.004519477246214   0
0.194861297112998   0.0960271362468573   -0.00955558536924728   -0.00165117696769404   0
0.209968319200993   0.103759021424465   0.015107022087995   0.00773188517760726   0
0.191143897567681   0.143802752871772   -0.0188244216333119   0.0400437314473077   0
0.179243974369126   0.133917873927839   -0.0118999231985547   -0.00988487894393353   0
0.211025166002186   0.0675564556992705   0.0317811916330593   -0.0663614182285682   0
0.225255598410539   0.0597327567793836   0.0142304324083533   -0.00782369891988691   0
0.210079470790484   0.129851062626004   -0.0151761276200545   0.0701183058466207   0
0.216000839721909   0.124906168730061   0.005921368931425   -0.0049448938959432   0
0.197162911875459   0.128357185063293   -0.0188379278464504   0.00345101633323207   0
0.205432145462583   0.122087485684447   0.00826923358712434   -0.0062696993788464   0
0.260025379032509   0.148392650394991   0.0545932335699257   0.0263051647105441   0
0.253824731042978   0.157434239714555   -0.00620064798953129   0.00904158931956414   0
0.278257589128653   0.143626735939901   0.0244328580856747   -0.0138075037746543   0
0.300989493792076   0.1571539858268   0.0227319046634232   0.013527249886899   0
0.320020990976983   0.141934370897257   0.0190314971849069   -0.0152196149295432   0
0.313979672714477   0.155434957594005   -0.00604131826250576   0.013500586696748   0
0.32705352591715   0.15396127626858   0.0130738532026733   -0.00147368132542464   0
0.326061066163518   0.171555194906042   -0.000992459753632269   0.0175939186374619   0
0.323313144641244   0.172969224324011   -0.00274792152227382   0.00141402941796906   0
0.334975625514813   0.162978270132095   0.0116624808735686   -0.00999095419191631   0
0.332233831641586   0.170230507011082   -0.00274179387322615   0.00725223687898727   0
0.320141114557706   0.158006923902087   -0.0120927170838808   -0.0122235831089946   0
0.330408766995914   0.170946058330545   0.0102676524382081   0.0129391344284575   0
0.364955499441028   0.168167089950739   0.034546732445114   -0.00277896837980557   0
0.301451257961233   0.188633472593016   -0.0635042414797945   0.0204663826422765   0
0.321153263390379   0.17760584117717   0.0197020054291455   -0.0110276314158461   0
0.321364217250474   0.192008341721135   0.000210953860095453   0.014402500543965   0
0.345362790135953   0.190527606720129   0.0239985728854783   -0.00148073500100598   0
0.352131730649199   0.201507619434725   0.00676894051324645   0.0109800127145965   0
0.375530504274952   0.192902801859512   0.0233987736257534   -0.00860481757521347   0
0.362938055961344   0.204886634970415   -0.0125924483136078   0.0119838331109032   0
0.380212751441887   0.211504800036548   0.0172746954805423   0.0066181650661328   0
0.376905801453944   0.182179893618231   -0.00330694998794262   -0.0293249064183165   0
0.351235263396217   0.181109253135366   -0.0256705380577271   -0.00107064048286529   0
0.33301183780594   0.177696632242989   -0.0182234255902767   -0.00341262089237698   0
0.334137234197029   0.187105356814683   0.00112539639108827   0.00940872457169459   0
0.33098522486667   0.181742572049726   -0.00315200933035886   -0.00536278476495697   0
0.324137269668099   0.169771850094472   -0.00684795519857068   -0.0119707219552541   0
0.346331821743267   0.162067402929306   0.0221945520751677   -0.00770444716516641   0
0.334307033038628   0.15733237130435   -0.0120247887046394   -0.00473503162495545   0
0.330588029126646   0.153630984847621   -0.00371900391198171   -0.00370138645672935   0
0.305514910462796   0.169374123124667   -0.0250731186638502   0.0157431382770463   0
0.341505870227746   0.150219064018186   0.0359909597649503   -0.0191550591064809   0
0.344412109100784   0.176899719676149   0.00290623887303759   0.0266806556579623   0
0.370343127451408   0.176329641969948   0.0259310183506247   -0.000570077706200905   0
0.354400048942166   0.179127764186627   -0.0159430785092418   0.00279812221667958   0
0.368345138746923   0.166032124948758   0.0139450898047566   -0.0130956392378694   0
0.360895286467086   0.168471040674651   -0.00744985227983719   0.00243891572589322   0
0.3580642335761   0.153115323814274   -0.00283105289098573   -0.0153557168603772   0
0.342263903760534   0.179351341595902   -0.0158003298155663   0.0262360177816282   0
0.394729385339235   0.137535528339044   0.0524654815787008   -0.0418158132568581   0
0.435703685016044   0.134399585075857   0.0409742996768092   -0.00313594326318722   0
0.375394760114483   0.170025702115768   -0.0603089249015613   0.0356261170399115   0
0.370984480744195   0.175009569935682   -0.0044102793702876   0.004983867819914   0
0.388313955474938   0.1856864120996   0.0173294747307433   0.0106768421639177   0
0.375372454723958   0.182898900691748   -0.0129415007509802   -0.00278751140785177   0
0.381169213054202   0.203908237923882   0.00579675833024429   0.0210093372321338   0
0.382642068169928   0.211682895087203   0.00147285511572581   0.00777465716332143   0
0.366624083097128   0.207195824682835   -0.0160179850727999   -0.00448707040436871   0
0.378505372868127   0.219030171781195   0.0118812897709989   0.0118343470983607   0
0.383219647825174   0.199009286011539   0.00471427495704635   -0.0200208857696566   0
0.353313847718993   0.155863545567116   -0.0299058001061803   -0.0431457404444227   0
0.361639764657539   0.166611795796281   0.00832591693854551   0.0107482502291646   0
0.394108299301461   0.197348546343297   0.0324685346439223   0.0307367505470163   0
0.368394787939257   0.218759179347999   -0.0257135113622042   0.0214106330047019   0
0.389444417444338   0.221065256739385   0.0210496295050815   0.00230607739138555   0
0.349733596971695   0.300914138477241   -0.0397108204726433   0.0798488817378562   0
0.372120535653772   0.254834937195629   0.0223869386820767   -0.0460792012816121   0
0.368814248147072   0.257781952911273   -0.00330628750669976   0.00294701571564482   0
0.399905172853565   0.24181280940585   0.0310909247064934   -0.0159691435054233   0
0.401489794602353   0.240981447922864   0.0015846217487881   -0.000831361482986154   0
0.417181756149151   0.236483821297039   0.0156919615467979   -0.0044976266258247   0
0.43711889650968   0.256576611127164   0.0199371403605282   0.0200927898301249   0
0.517579702574396   0.314686714803584   0.0804608060647162   0.0581101036764203   0
0.50232480050383   0.344611577085342   -0.0152549020705656   0.0299248622817579   0
0.535701490897768   0.336057561450728   0.033376690393938   -0.00855401563461411   0
0.564764969978627   0.367699867252152   0.0290634790808593   0.0316423058014234   0
0.586935160412298   0.363950906866558   0.0221701904336705   -0.00374896038559358   0
0.600032543990249   0.366322667167553   0.0130973835779511   0.00237176030099517   0
0.568928952454522   0.338101690219821   -0.0311035915357268   -0.028220976947732   0
0.528980518129921   0.328011766998152   -0.039948434324601   -0.0100899232216692   0
0.519638567507263   0.323061925962346   -0.00934195062265852   -0.00494984103580653   0
0.53748667837352   0.320706728425676   0.0178481108662576   -0.00235519753666996   0
0.504203587740914   0.314473005204342   -0.0332830906326058   -0.00623372322133375   0
0.506198904825208   0.323415607141183   0.00199531708429368   0.00894260193684115   0
0.454740902168751   0.305284829035935   -0.0514580026564567   -0.018130778105248   0
0.452750086886585   0.267106516226205   -0.00199081528216677   -0.0381783128097298   0
0.474929357053962   0.274389537572499   0.0221792701673776   0.00728302134629411   0
0.527566257114507   0.310048206757469   0.0526369000605447   0.0356586691849702   0
0.549018697536796   0.329743564112084   0.0214524404222891   0.0196953573546145   0
0.591753832395701   0.365676938524844   0.0427351348589053   0.03593337441276   0
0.590778958189948   0.359111793969984   -0.000974874205753817   -0.00656514455486029   0
0.601747819946197   0.375597282175337   0.0109688617562489   0.0164854882053537   0
0.623281211475206   0.35757351597761   0.0215333915290091   -0.0180237661977275   0
0.624803185864357   0.366417424721164   0.00152197438915125   0.00884390874355429   0
0.59868778921067   0.326414723930788   -0.0261153966536866   -0.0400027007903763   0
0.586083650075653   0.309944931963829   -0.0126041391350177   -0.016469791966959   0
0.518401767869372   0.347675105319619   -0.0676818822062809   0.03773017335579   0
0.560356307191496   0.33998583788403   0.0419545393221241   -0.00768926743558934   0
0.558530780108751   0.317424601401187   -0.00182552708274486   -0.0225612364828425   0
0.564022429559003   0.344794667282359   0.00549164945025149   0.0273700658811716   0
0.588589702782813   0.353340512652102   0.0245672732238105   0.0085458453697429   0
0.580218156637691   0.355360973401937   -0.00837154614512214   0.00202046074983581   0
0.564972059408437   0.355702142308874   -0.0152460972292542   0.000341168906936584   0
0.57526934218837   0.358377618453636   0.0102972827799335   0.00267547614476205   0
0.589685593051933   0.347776465051292   0.014416250863563   -0.0106011534023441   0
0.568508642041931   0.352232715852833   -0.0211769510100025   0.00445625080154094   0
0.587337766441968   0.355851621330239   0.0188291244000375   0.00361890547740634   0
0.572242046797516   0.353026601264338   -0.0150957196444526   -0.00282502006590102   0
0.558303880518388   0.35546398148617   -0.0139381662791279   0.00243738022183149   0
0.561276513919129   0.349107886182409   0.00297263340074128   -0.00635609530376041   0
0.548212434717514   0.399076764721714   -0.0130640792016149   0.0499688785393043   0
0.523519717346205   0.335217713125366   -0.0246927173713094   -0.0638590515963479   0
0.535917498057126   0.344479943830552   0.0123977807109217   0.00926223070518589   0
0.543837014780164   0.34080670253569   0.00791951672303748   -0.00367324129486202   0
0.571966300152806   0.34967376274   0.0281292853726424   0.00886706020431066   0
0.595065445263872   0.360213670154604   0.0230991451110656   0.0105399074146039   0
0.55876658670809   0.33646745552319   -0.0362988585557813   -0.023746214631414   0
0.558921185291137   0.35046577660522   0.000154598583047005   0.0139983210820298   0
0.558258552276058   0.353442359114609   -0.000662633015079628   0.00297658250938865   0
0.581256488437944   0.354438074931997   0.0229979361618865   0.000995715817388387   0
0.567108304068323   0.354618077311704   -0.0141481843696208   0.000180002379707389   0
0.562526465410331   0.342028840137787   -0.00458183865799267   -0.0125892371739172   0
0.549818484603428   0.357103771781047   -0.0127079808069027   0.0150749316432597   0
0.573844682909269   0.357671071363411   0.0240261983058414   0.000567299582363734   0
0.574608207940367   0.376955237402599   0.000763525031097445   0.0192841660391886   0
