0.163511471699266   0.0392611804296878   0   0   0
0.146620503226834   0.0308434072243972   -0.0168909684724326   -0.00841777320529056   0
0.0651431994832154   0.137465913682265   -0.0814773037436184   0.106622506457868   0
0.0667274477460363   0.338354788555593   0.00158424826282083   0.200888874873328   0
0.177440816553605   0.293216428308511   0.110713368807568   -0.0451383602470822   0
0.688051608233975   0.197453454554238   0.510610791680371   -0.0957629737542728   1
0.744779160424377   0.131983239231739   0.0567275521904017   -0.0654702153224987   0
0.494189615400809   1.78324024213095   -0.250589545023568   1.65125700289921   1
0.480487434822181   1.47209991095416   -0.0137021805786281   -0.311140331176789   1
0.337303910473923   1.25591553643308   -0.143183524348259   -0.216184374521078   0
0.261440003698669   1.18780820722466   -0.0758639067752537   -0.0681073292084282   0
0.281589055108681   1.16151472397512   0.0201490514100125   -0.026293483249535   0
0.341695929137296   1.13851244948628   0.0601068740286146   -0.0230022744888401   0
0.325926011201929   1.07774231805474   -0.0157699179353669   -0.0607701314315425   0
0.385323908527618   1.08863265419929   0.0593978973256888   0.0108903361445563   0
0.557819103280804   1.09515864835293   0.172495194753186   0.00652599415363309   0
0.888844575141352   1.14166867985462   0.331025471860548   0.0465100315016969   0
0.815515455079865   1.10924747019815   -0.0733291200614864   -0.032421209656472   0
0.669550295963642   1.00236121558411   -0.145965159116224   -0.106886254614044   0
0.580804190917214   0.926061280977263   -0.0887461050464272   -0.0762999346068444   0
0.317318313031253   0.877140220165083   -0.263485877885962   -0.0489210608121806   0
0.239474466385229   0.853236026496918   -0.077843846646024   -0.0239041936681644   0
0.283132486558855   0.840551371075706   0.043658020173626   -0.0126846554212119   0
0.358793460789073   0.828866793855472   0.0756609742302182   -0.0116845772202342   0
0.398688048408778   0.83761103915078   0.039894587619705   0.00874424529530815   0
0.373396967701935   0.843030410546529   -0.0252910807068427   0.00541937139574911   0
0.311903295534449   0.813177134654713   -0.0614936721674859   -0.0298532758918161   0
0.245121215536497   0.82531572310374   -0.0667820799979519   0.012138588449027   0
0.256864442582561   0.830706340443029   0.0117432270460641   0.00539061733928881   0
0.576600838522847   0.969060297742612   0.319736395940285   0.138353957299583   0
0.714823425913344   1.02593164143329   0.138222587390497   0.0568713436906759   0
0.741228953930052   0.98912145719775   0.0264055280167084   -0.0368101842355381   0
0.710950603725189   0.856993943229035   -0.0302783502048638   -0.132127513968715   0
0.411795473486536   0.790768345775487   -0.299155130238653   -0.0662255974535477   0
0.276870964664047   0.689735152640127   -0.134924508822488   -0.10103319313536   0
0.334299359929405   0.686041277100365   0.057428395265358   -0.0036938755397623   0
0.363602016243035   0.694129685569455   0.0293026563136294   0.00808840846908965   0
0.392161418919557   0.717772998636407   0.0285594026765221   0.0236433130669526   0
0.286437636631295   0.218153429562774   -0.105723782288262   -0.499619569073634   1
0.739875844404316   0.311541948924218   0.453438207773022   0.0933885193614443   1
0.384892802289157   0.188208404364683   -0.354983042115159   -0.123333544559535   1
0.36947547551138   0.379203217686902   -0.0154173267777773   0.190994813322219   1
0.292107492217916   0.258041655772593   -0.0773679832934633   -0.121161561914309   0
0.0467102940142748   0.517229360319929   -0.245397198203641   0.259187704547335   0
0.212610172960679   0.350488768756575   0.165899878946405   -0.166740591563353   1
0.504052475156198   0.360657056950575   0.291442302195519   0.0101682881939994   1
0.278105392112936   0.195354368230531   -0.225947083043262   -0.165302688720043   0
0.36342203419563   0.212228803790632   0.0853166420826943   0.0168744355601005   1
0.673245196574628   0.341881087312533   0.309823162378998   0.129652283521902   0
0.328838444053794   0.334692789457362   -0.344406752520835   -0.00718829785517139   0
0.408539066414039   0.314758290752603   0.0797006223602457   -0.0199344987047593   1
0.481645206697098   0.455467932611342   0.0731061402830583   0.140709641858739   0
0.350112539084449   0.448820470584286   -0.131532667612648   -0.00664746202705602   0
0.315434843523191   0.431788721865509   -0.0346776955612582   -0.0170317487187769   0
0.2899478746153   0.431439967464188   -0.0254869689078905   -0.000348754401320706   0
0.28432748679586   0.42883196454468   -0.00562038781944041   -0.00260800291950797   0
0.325780062358027   0.444406905499059   0.041452575562167   0.0155749409543789   0
0.211510194338334   0.46360016814627   -0.114269868019693   0.0191932626472109   0
0.408698804504917   0.650516823934823   0.197188610166582   0.186916655788553   1
0.472936892360535   2.57420510689072   0.0642380878556181   1.92368828295589   1
7.75938969474404   7.93926094111568   7.2864528023835   5.36505583422496   1
1.81680482074327   1.50915294553774   -5.94258487400077   -6.43010799557793   1
0.459302159212255   1.54825237451174   -1.35750266153102   0.0390994289739988   1
0.205335024349543   1.36169937502207   -0.253967134862712   -0.186552999489672   1
0.123206705679926   1.30940008260549   -0.0821283186696171   -0.0522992924165866   0
0.095337614779687   1.23140238201461   -0.0278690909002394   -0.0779977005908774   0
0.0888772278735807   1.14749591627825   -0.00646038690610636   -0.0839064657363622   0
0.0951746205951986   1.11075939446219   0.00629739272161794   -0.0367365218160602   0
0.0953364261673889   1.13508299894149   0.000161805572190296   0.0243236044793018   0
0.100092820398118   1.10043040387898   0.00475639423072957   -0.0346525950625094   0
0.105461794714624   1.1129512345787   0.00536897431650601   0.0125208306997211   0
0.178748153239299   1.11407782000013   0.0732863585246748   0.00112658542143484   0
0.791414774366913   0.997606758473122   0.612666621127614   -0.116471061527011   0
0.952950354838992   0.95031809609546   0.161535580472079   -0.0472886623776619   0
0.839396859889367   0.8719682598478   -0.113553494949625   -0.0783498362476605   0
0.61582497916499   0.815391589270763   -0.223571880724377   -0.0565766705770371   0
0.391415368949521   0.74972856210498   -0.224409610215468   -0.0656630271657832   0
0.345905290494971   0.712923642622406   -0.0455100784545509   -0.0368049194825736   0
0.339336187988269   0.732132198073032   -0.0065691025067014   0.0192085554506265   0
0.314998557021136   0.726561901989087   -0.0243376309671328   -0.00557029608394533   0
0.298635091390898   0.726696605548182   -0.0163634656302383   0.000134703559094951   0
0.297106764744948   0.735420182801642   -0.00152832664594987   0.00872357725345962   0
0.283674955667221   0.731535806955135   -0.0134318090777268   -0.00388437584650703   0
0.269767155197494   0.733279769000209   -0.0139078004697272   0.00174396204507443   0
0.279205588977459   0.743514708814997   0.00943843377996523   0.0102349398147881   0
0.518107008018546   0.739833047916386   0.238901419041087   -0.00368166089861077   0
0.953690369789566   0.711557437772595   0.43558336177102   -0.0282756101437919   0
0.995153889426656   0.682338234092338   0.0414635196370891   -0.0292192036802568   0
0.64054603943808   0.63390595385613   -0.354607849988576   -0.0484322802362077   0
0.31783888116648   0.551615967747037   -0.322707158271599   -0.0822899861090931   0
0.230474863772278   0.564363241687036   -0.0873640173942026   0.0127472739399992   0
0.212985135819428   0.604895262860646   -0.0174897279528502   0.0405320211736099   0
0.21291186946829   0.576500061251298   -7.32663511376908e-05   -0.0283952016093483   0
0.223811747261845   0.580918890878064   0.0108998777935552   0.00441882962676621   0
0.210339889835636   0.603071053452452   -0.0134718574262088   0.0221521625743879   0
0.261762799730985   0.597977033915392   0.0514229098953484   -0.00509401953705968   0
0.711311386209872   0.62422651219309   0.449548586478888   0.0262494782776979   0
0.743576905441051   0.620553781603778   0.0322655192311788   -0.00367273058931161   0
0.614823260610852   0.625039452223218   -0.128753644830199   0.00448567061943916   0
0.475990839692583   0.585248018227102   -0.138832420918269   -0.039791433996116   0
0.299169674137336   0.555802869543465   -0.176821165555247   -0.0294451486836367   0
0.263402233668737   0.530739778673598   -0.0357674404685991   -0.0250630908698667   0
0.255107128300348   0.545729644766298   -0.00829510536838957   0.0149898660926999   0
0.239065115886781   0.550240759966262   -0.0160420124135666   0.00451111519996428   0
0.229910267633114   0.55814228441702   -0.00915484825366719   0.00790152445075787   0
0.230767819992303   0.538852340509439   0.000857552359189329   -0.0192899439075817   0
0.224130960933669   0.518750583454612   -0.00663685905863376   -0.020101757054827   0
0.337145049697841   0.511761811985322   0.113014088764172   -0.00698877146928967   0
0.777210794986791   0.535253613404431   0.44006574528895   0.0234918014191089   0
0.838097594680357   0.572496181133988   0.0608867996935659   0.037242567729557   0
0.540653848975118   0.531698636899701   -0.297443745705239   -0.0407975442342871   0
0.433322136842903   0.476698330545378   -0.107331712132215   -0.0550003063543233   0
0.368972045214878   0.470770993554456   -0.0643500916280255   -0.00592733699092113   0
0.45137611528757   0.484343551271719   0.082404070072692   0.0135725577172623   0
0.407963480934176   0.434204597903742   -0.0434126343533937   -0.050138953367977   0
0.430322033383233   0.457965434099016   0.0223585524490563   0.0237608361952741   0
0.716063379639765   0.479973697405649   0.285741346256533   0.0220082633066336   0
1.04449426191378   0.516220390113806   0.328430882274014   0.0362466927081564   0
0.972306231210106   0.526474420135015   -0.0721880307036733   0.0102540300212087   0
0.625088245220953   0.501641010964514   -0.347217985989153   -0.0248334091705004   0
0.378666587991653   0.472278464086073   -0.2464216572293   -0.0293625468784414   0
0.365116921512452   0.457036936179944   -0.0135496664792007   -0.0152415279061291   0
0.34957940257375   0.458026654697082   -0.0155375189387019   0.000989718517138249   0
0.334211445271528   0.464516595484489   -0.0153679573022221   0.00648994078740667   0
0.325275544733   0.455834874626218   -0.00893590053852844   -0.00868172085827051   0
0.335529509482026   0.456640515390936   0.0102539647490263   0.00080564076471823   0
0.193909559152199   0.415784907218264   -0.141619950329827   -0.0408556081726728   0
0.473941136123928   1.42935940743231   0.28003157697173   1.01357450021405   1
0.195384010096144   1.30811487138955   -0.278557126027785   -0.121244536042762   1
0.327256044983756   1.29747509202113   0.131872034887612   -0.0106397793684161   0
0.582549877806527   1.11350538010162   0.255293832822772   -0.183969711919516   0
0.555148848506065   1.04233054611841   -0.0274010293004622   -0.0711748339832101   0
0.307165497742894   0.916580726314518   -0.247983350763171   -0.12574981980389   0
0.266848883252001   1.00207871856569   -0.0403166144908934   0.0854979922511687   0
0.300917076147234   1.01455349258837   0.0340681928952328   0.012474774022678   0
0.314646738227174   1.03353174164077   0.0137296620799408   0.0189782490524031   0
0.308177494872679   1.04078400347827   -0.00646924335449561   0.00725226183749905   0
0.311538276731769   0.997583849201284   0.00336078185908978   -0.0432001542769834   0
0.358734737544331   0.970634721572436   0.0471964608125623   -0.026949127628848   0
0.278138695604261   0.996325898440114   -0.0805960419400695   0.025691176867678   0
0.384634025013805   1.13718762748776   0.106495329409543   0.14086172904765   0
0.46839461406691   1.10911997952262   0.0837605890531058   -0.0280676479651472   0
0.433098996653433   1.01163480264001   -0.0352956174134778   -0.0974851768826031   0
0.34178048060018   0.921758227115712   -0.0913185160532526   -0.0898765755243024   0
0.298174659844679   0.951098743907014   -0.043605820755501   0.0293405167913025   0
0.286177358393078   0.918491921703316   -0.0119973014516013   -0.0326068222036981   0
0.272036441915582   0.908678310385474   -0.0141409164774954   -0.00981361131784164   0
0.464964810316544   1.026802243642   0.192928368400962   0.118123933256528   0
0.571540400918658   1.08267801977608   0.106575590602113   0.0558757761340758   0
0.595398253555181   1.09247799203108   0.0238578526365237   0.00979997225499707   0
0.631107180055852   0.986607903262106   0.0357089265006709   -0.105870088768969   1
0.435143361758731   0.951686332951146   -0.195963818297121   -0.0349215703109602   0
0.330874088449428   0.947520330845729   -0.104269273309303   -0.00416600210541718   0
0.309852096401315   0.891429217776852   -0.0210219920481128   -0.0560911130688769   0
0.401968648411788   0.975433903981198   0.0921165520104731   0.0840046862043456   0
0.722884091520764   1.08311119290184   0.320915443108975   0.107677288920644   0
0.759760512782614   1.17652042323327   0.0368764212618498   0.0934092303314316   0
0.828772351654572   1.18685667383935   0.0690118388719586   0.0103362506060747   0
0.677624172044659   1.10607791521811   -0.151148179609913   -0.0807787586212336   0
0.574081095582636   0.976934519408159   -0.103543076462023   -0.129143395809955   0
0.38174000271364   0.97246103448223   -0.192341092868996   -0.00447348492592825   0
0.365699607723074   0.96462758166792   -0.0160403949905664   -0.00783345281431025   0
0.361371562090267   0.970382613219909   -0.00432804563280625   0.0057550315519892   0
0.360067721616712   0.972447718130003   -0.00130384047355553   0.00206510491009382   0
0.369901494252186   0.974660825714387   0.00983377263547403   0.00221310758438353   0
0.399190720908052   0.974674441418005   0.0292892266558657   1.36157036182416e-05   0
0.663062534034581   1.03979174478895   0.263871813126529   0.0651173033709457   0
0.783548443466831   1.04381193713008   0.120485909432249   0.00402019234112916   0
1.07766561359275   1.10439578848629   0.29411717012592   0.0605838513562085   0
1.0713400924459   1.09737836109976   -0.00632552114684604   -0.00701742738652622   0
0.833918241025845   1.04388955935302   -0.23742185142006   -0.0534888017467381   0
0.581146531136176   1.01050586834763   -0.25277170988967   -0.0333836910053928   0
0.537756475934637   0.999971964190622   -0.0433900552015384   -0.0105339041570095   0
0.521484325917098   0.992619152482462   -0.0162721500175395   -0.00735281170816005   0
0.509630239766009   0.987793514641851   -0.0118540861510886   -0.00482563784061085   0
0.512885750334799   1.00278551636604   0.00325551056879003   0.0149920017241866   0
0.519510386658592   0.965026160978162   0.00662463632379306   -0.037759355387875   0
0.513365257937553   0.942702018377096   -0.00614512872103956   -0.0223241426010665   0
0.563555636005674   0.998818877559515   0.0501903780681215   0.0561168591824195   0
0.768530049190895   1.05130672209827   0.204974413185221   0.0524878445387504   0
1.21881000619718   1.06190336527319   0.450279957006281   0.0105966431749227   0
1.19203062882812   1.0596116800556   -0.0267793773690572   -0.00229168521758871   0
0.966446650319225   1.01145837097937   -0.225583978508894   -0.0481533090762252   0
0.858087577318009   1.02235996859961   -0.108359073001216   0.0109015976202376   0
0.849296828407819   1.03251453332196   -0.00879074891019027   0.0101545647223515   0
0.872879644595576   1.01146325223473   0.0235828161877577   -0.0210512810872372   0
0.861174533883933   1.00150690619567   -0.0117051107116432   -0.0099563460390566   0
0.80412666921186   1.04170624545478   -0.0570478646720732   0.0401993392591127   0
0.803926194915929   1.05737270353764   -0.000200474295930619   0.0156664580828585   0
0.827685202330264   1.08627583387292   0.0237590074143348   0.0289031303352809   0
0.822168245313725   1.0767028015173   -0.00551695701653887   -0.00957303235561824   0
1.07126645801315   1.03470965232004   0.249098212699425   -0.0419931491972627   0
1.44131094848969   1.05752470642628   0.370044490476544   0.022815054106244   0
1.46293303296561   1.0710976070318   0.0216220844759167   0.0135729006055159   0
1.39968966063454   1.07228464288325   -0.0632433723310681   0.00118703585144497   0
1.24263768136246   1.02022947909539   -0.157051979272085   -0.0520551637878561   0
1.00553965786759   0.978797418640058   -0.237098023494867   -0.041432060455332   0
0.924647769461727   1.01307651768977   -0.0808918884058629   0.034279099049717   0
0.914965541041574   0.928112276231405   -0.00968222842015365   -0.0849642414583696   0
0.852390399674451   0.916436422067019   -0.0625751413671231   -0.0116758541643857   0
0.905591395303452   0.934607169793812   0.0532009956290009   0.0181707477267929   0
0.900642506084162   0.919030307486696   -0.00494888921928949   -0.0155768623071169   0
0.9398219962038   0.924139155068685   0.0391794901196382   0.00510884758198915   0
0.959899825082644   0.940421688972321   0.0200778288788434   0.016282533903636   0
0.909672245060615   0.917108890441964   -0.0502275800220284   -0.0233127985303569   0
0.850791635585729   0.886560373649195   -0.0588806094748862   -0.030548516792769   0
1.15518789399648   0.97785117802928   0.30439625841075   0.0912908043800851   0
1.54424423938783   1.12184806041505   0.389056345391348   0.143996882385766   0
1.59998691693274   1.11084504073836   0.0557426775449112   -0.0110030196766897   0
1.52079857137862   1.10078500139991   -0.0791883455541229   -0.0100600393384458   0
1.31161989239557   1.07916975940187   -0.209178678983048   -0.0216152419980353   0
0.878203732200957   0.998857804549513   -0.433416160194611   -0.0803119548523621   0
0.797642113713287   1.00857489559934   -0.0805616184876701   0.00971709104982876   0
0.8715188901712   2.01783244238223   0.0738767764579131   1.00925754678289   1
0.55407132881787   1.12241743459403   -0.31744756135333   -0.895415007788199   1
0.484055112759901   0.936782571272144   -0.0700162160579693   -0.18563486332189   0
0.599282110404607   0.957871613754813   0.115226997644707   0.0210890424826687   0
1.1209412139934   1.0007826690572   0.521659103588794   0.0429110553023853   0
1.30283374021132   0.972296336302493   0.181892526217916   -0.0284863327547056   0
1.11355129536849   0.951896209119592   -0.189282444842828   -0.020400127182901   0
0.841728774824765   0.943660086132713   -0.271822520543724   -0.00823612298687848   0
0.744442984099494   0.910016850229983   -0.0972857907252704   -0.0336432359027299   0
0.74776785688013   0.916176194415135   0.00332487278063553   0.00615934418515185   0
0.753360137189757   0.923453865908444   0.005592280309627   0.00727767149330849   0
0.763747771636527   0.924188513063352   0.0103876344467697   0.000734647154908341   0
0.769206468235814   0.92808331243119   0.00545869659928777   0.00389479936783776   0
0.798306613403091   0.871387346540705   0.0291001451672768   -0.0566959658904853   0
0.800467490100435   0.847991311703722   0.00216087669734366   -0.0233960348369822   0
0.819845226575956   0.880773565172116   0.0193777364755208   0.0327822534683938   0
0.812861050876009   0.867070896265265   -0.00698417569994636   -0.0137026689068511   0
1.05080903749076   0.873801007527458   0.237947986614747   0.00673011126219258   0
1.51967068514245   0.903823014826603   0.468861647651697   0.0300220072991454   0
1.65190939390368   0.864407759786433   0.132238708761231   -0.0394152550401698   0
1.44434625813943   0.90513895384369   -0.207563135764254   0.0407311940572569   0
1.13967303359216   0.930739763855746   -0.304673224547269   0.0256008100120561   0
1.01833796182051   0.899189837850718   -0.121335071771653   -0.0315499260050283   0
0.868694028890799   0.855617312907616   -0.149643932929709   -0.0435725249431015   0
0.858635437501231   0.823665767956427   -0.0100585913895687   -0.0319515449511899   0
0.85991755536899   0.745836108732508   0.00128211786775956   -0.0778296592239183   0
0.853239585387182   0.715314542580745   -0.00667796998180814   -0.0305215661517636   0
0.932384326884472   0.600084760658442   0.0791447414972902   -0.115229781922302   0
1.08025863338793   0.671796293659953   0.147874306503459   0.0717115330015107   0
1.68108054971514   0.698153357235113   0.600821916327212   0.0263570635751603   0
1.93419425629996   0.712833772103092   0.253113706584821   0.0146804148679784   0
1.87346074656783   0.750935032690139   -0.0607335097321346   0.0381012605870471   0
1.55656190940213   0.81407703975361   -0.316898837165698   0.0631420070634706   0
1.19142868296103   0.81833558405904   -0.365133226441104   0.0042585443054306   0
1.12385861446967   0.814025792782544   -0.0675700684913563   -0.00430979127649567   0
1.1192568075815   0.809144172684504   -0.00460180688817236   -0.00488162009804072   0
1.17246491475297   0.811472938115382   0.0532081071714707   0.00232876543087779   0
1.12362543407011   0.80562118322587   -0.0488394806828572   -0.00585175488951206   0
1.10662006709598   0.808893846938676   -0.017005366974129   0.00327266371280643   0
1.13283532257804   0.812711870437488   0.0262152554820598   0.00381802349881188   0
1.12719839591318   0.814663908998246   -0.00563692666486193   0.00195203856075821   0
1.13447348809668   0.829849604161652   0.00727509218349898   0.0151856951634056   0
1.56687102285415   0.972787869029523   0.432397534757466   0.142938264867871   1
2.65775869129611   1.34831609015366   1.09088766844196   0.375528221124136   1
3.30029321127699   1.28223807506845   0.642534519980884   -0.0660780150852067   1
1.3076665666071   0.396068726632516   -1.99262664466989   -0.886169348435937   1
0.763975218842365   0.290617657807471   -0.543691347764734   -0.105451068825045   1
0.560564609933422   0.287023127138111   -0.203410608908943   -0.00359453066935994   0
0.53425002842115   0.305933132887466   -0.026314581512272   0.0189100057493555   0
0.4900849470652   0.318079302421287   -0.0441650813559503   0.0121461695338208   0
0.522217280540208   0.311728631590443   0.0321323334750075   -0.00635067083084412   0
0.55065969964271   0.325786882152658   0.0284424191025027   0.0140582505622154   0
0.563664026752648   0.321656304173026   0.0130043271099378   -0.00413057797963257   0
0.560223043799423   0.321862966342044   -0.00344098295322537   0.000206662169018823   0
0.549850823739357   0.306336572946734   -0.0103722200600653   -0.0155263933953099   0
0.544058487290659   0.306404834329519   -0.00579233644869848   6.82613827845402e-05   0
0.503193634404788   0.32044354791874   -0.0408648528858705   0.0140387135892213   0
0.537088914791866   0.264832907279406   0.0338952803870773   -0.0556106406393342   1
2.75720577398653   3.2118880670265   2.22011685919466   2.9470551597471   1
0.646209295980799   0.880197814050058   -2.11099647800573   -2.33169025297645   1
0.436925302405342   0.85917017815157   -0.209283993575457   -0.0210276358984881   1
1.0548324796457   0.651005763471415   0.617907177240355   -0.208164414680154   1
1.07361199920246   0.462892488181381   0.0187795195567664   -0.188113275290034   0
0.788342066007745   0.292543528482942   -0.285269933194718   -0.170348959698439   1
0.720640475445253   0.341103330556519   -0.0677015905624923   0.0485598020735771   1
0.42977195298814   0.431403987193269   -0.290868522457113   0.0903006566367495   0
0.379952800423737   0.543409178228113   -0.0498191525644031   0.112005191034844   0
0.418270684349609   0.799023620507099   0.0383178839258719   0.255614442278986   0
0.433626056690047   0.908531736093408   0.0153553723404384   0.109508115586309   0
0.423670768195883   0.901316508602224   -0.00995528849416366   -0.00721522749118464   0
0.418531476779008   0.890092522662673   -0.00513929141687558   -0.0112239859395511   0
0.427243317708118   0.889152268133108   0.00871184092911031   -0.000940254529564699   0
0.48749625142046   1.01703840795173   0.0602529337123415   0.127886139818627   0
0.534690011809647   1.05229172418548   0.0471937603891869   0.0352533162337447   0
0.483038043739828   1.07623143480213   -0.0516519680698185   0.0239397106166497   0
0.882511697120214   1.12179795677519   0.399473653380386   0.0455665219730645   1
1.05453656509815   1.18439875959841   0.172024867977934   0.0626008028232152   0
1.06953860570762   1.28556713003347   0.0150020406094722   0.101168370435064   0
0.951568928681995   1.35176825279969   -0.117969677025625   0.0662011227662158   1
0.715248363665377   1.4020555846516   -0.236320565016618   0.0502873318519115   0
0.676641794852343   1.49607147080487   -0.0386065688130347   0.0940158861532709   0
0.64770964038603   1.54753227454325   -0.0289321544663129   0.0514608037383772   0
0.629316152185847   1.51521554911702   -0.0183934882001829   -0.032316725426226   0
0.618585756649796   1.48696083333372   -0.0107303955360514   -0.0282547157833062   0
0.690367094689485   1.56635346868244   0.0717813380396892   0.0793926353487204   0
0.709575627663465   1.54724008871264   0.0192085329739801   -0.0191133799697958   0
0.71574313202992   1.54188080330201   0.00616750436645563   -0.00535928541063102   0
0.99829970826651   1.51725490800647   0.28255657623659   -0.0246258952955394   0
1.20687836519842   1.58805629797183   0.208578656931905   0.0708013899653617   0
1.20211718389348   1.58523182584228   -0.00476118130493242   -0.00282447212955161   0
1.11417216502927   1.47767661184924   -0.0879450188642183   -0.10755521399304   0
0.940185770731508   1.60513675412303   -0.173986394297757   0.127460142273788   1
0.665127325709905   1.65491146484774   -0.275058445021603   0.049774710724714   0
0.549146737156837   1.61805653910205   -0.115980588553068   -0.0368549257456925   0
0.688927334398309   1.53680934022813   0.139780597241472   -0.0812471988739192   1
0.687593501853355   1.47006242119322   -0.00133383254495412   -0.0667469190349146   0
0.602844998062728   1.56008198032764   -0.0847485037906277   0.0900195591344235   0
0.563038507955442   1.55271647731977   -0.0398064901072858   -0.00736550300787342   0
0.558604865753638   1.54652340296633   -0.00443364220180364   -0.00619307435343774   0
0.576865312595549   1.56590780058813   0.0182604468419105   0.0193843976218031   0
0.559207225888579   1.43605833160843   -0.0176580867069699   -0.129849468979697   0
0.620186642736684   1.41286717163393   0.0609794168481057   -0.0231911599745074   0
0.603163241355108   1.42273309146068   -0.0170234013815767   0.00986591982675167   0
0.618811436229971   1.48455240878381   0.0156481948748636   0.0618193173231314   0
0.606754877262639   1.47750501928811   -0.0120565589673325   -0.00704738949570194   0
0.604675808828169   1.4405728724367   -0.00207906843447014   -0.0369321468514088   0
0.668323814488905   1.56710744850788   0.063648005660736   0.126534576071179   0
0.847856256583626   1.5396300449677   0.179532442094722   -0.0274774035401755   1
1.37717995190752   1.92433179499638   0.529323695323894   0.38470175002868   1
1.38327609085244   2.00722684528904   0.00609613894491656   0.0828950502926593   1
0.968738567509831   2.05124801427235   -0.414537523342606   0.0440211689833054   1
0.685098938224984   1.23458101537779   -0.283639629284848   -0.81666699889456   1
0.592760788255262   0.996069999348565   -0.0923381499697213   -0.238511016029223   1
0.666223141181691   1.45766734914975   0.0734623529264291   0.461597349801182   0
0.638456094567199   1.48983475167684   -0.0277670466144927   0.0321674025270962   0
0.643075291220243   1.56548571591727   0.00461919665304389   0.0756509642404251   0
0.71984354771992   1.66482741241855   0.0767682564996769   0.0993416965012839   0
0.86335608719983   1.6714124252063   0.14351253947991   0.0065850127877467   0
0.72279466753567   1.69354176372949   -0.14056141966416   0.022129338523194   1
0.918763164491595   1.72756239350805   0.195968496955925   0.0340206297785535   0
0.614369467702912   1.6965859145741   -0.304393696788683   -0.0309764789339417   0
0.556293815998201   1.7035908510409   -0.0580756517047117   0.00700493646679345   0
0.550223110212221   1.72483824317159   -0.00607070578597957   0.0212473921306904   0
0.556282289982245   1.73302456080756   0.00605917977002346   0.00818631763597555   0
0.549968024917531   1.73023647948886   -0.00631426506471366   -0.00278808131870467   0
0.538673865129876   1.72640180484903   -0.0112941597876548   -0.00383467463982634   0
0.546822777354784   1.75299314322454   0.00814891222490821   0.026591338375507   0
0.545145380473402   1.82591302993605   -0.00167739688138258   0.0729198867115115   0
0.568616079386927   1.87411347433767   0.0234706989135252   0.0482004444016151   0
0.792075007040369   1.88877499221427   0.223458927653442   0.0146615178765992   1
1.02856705583253   1.88931000922268   0.236492048792162   0.000535017008413741   0
1.11757057443054   1.84432377483761   0.0890035185980065   -0.0449862343850693   0
0.964346508293051   1.80686229973738   -0.153224066137486   -0.0374614751002307   0
0.929010675860407   1.83345895573974   -0.0353358324326444   0.0265966560023587   1
0.625075439887059   1.88181552506649   -0.303935235973348   0.0483565693267474   0
0.547768655849904   1.85116673770389   -0.0773067840371552   -0.0306487873625985   0
0.51363827034305   1.87243043989283   -0.0341303855068537   0.0212637021889412   0
0.521544174276734   1.89883315463708   0.00790590393368384   0.0264027147442507   0
0.533731303795271   1.8801914009444   0.0121871295185374   -0.0186417536926828   0
0.553877831541397   1.91659794319153   0.0201465277461257   0.0364065422471338   0
0.813855666927496   1.88044284325528   0.2599778353861   -0.0361550999362503   0
1.04599777027726   1.84829883391025   0.232142103349764   -0.0321440093450269   0
0.992008432292287   1.90204412145467   -0.0539893379849735   0.0537452875444133   0
0.978166485128171   1.89559987846598   -0.0138419471641157   -0.00644424298868262   0
0.838067868904422   1.87595907058423   -0.140098616223748   -0.0196408078817527   0
0.797886604952734   1.85362943238637   -0.0401812639516885   -0.0223296381978642   0
0.762346234075436   1.81054793919831   -0.0355403708772976   -0.0430814931880557   0
0.752471649088522   1.8167270135054   -0.00987458498691418   0.00617907430708908   0
0.731184344345528   1.87917405636898   -0.021287304742994   0.062447042863581   0
0.703509949306333   1.88568526487879   -0.0276743950391947   0.00651120850981179   0
0.679145484397121   1.90407075321146   -0.0243644649092126   0.0183854883326657   0
0.644326864592809   1.92501638177244   -0.034818619804312   0.0209456285609801   0
0.647106482546729   1.84292557170149   0.00277961795392012   -0.0820908100709521   0
0.640645456462465   1.8550229078165   -0.00646102608426413   0.0120973361150185   0
0.643836617620495   1.83949404360961   0.00319116115803053   -0.01552886420689   0
0.669498762774062   1.8067662386067   0.0256621451535668   -0.0327278050029154   0
0.713494758539963   1.79103710538901   0.0439959957659007   -0.0157291332176874   0
0.857549134995191   1.95843597246629   0.144054376455228   0.167398867077282   0
1.00234629210518   2.05732232458261   0.144797157109988   0.0988863521163175   0
1.05599019155341   2.06032010985095   0.0536438994482278   0.00299778526834205   0
1.02456169095033   1.98686267377114   -0.0314285006030763   -0.0734574360798144   0
0.997404558285152   1.91533797040033   -0.0271571326651778   -0.0715247033708106   0
