0.0205165191564194   0   0   0
0.0122577123471929   -0.0547764983534763   -0.00825880680922653   0
0.0287408726802093   0.0918601472524415   0.0164831603330164   0
0.0105290293993903   -0.0673870150738952   -0.018211843280819   0
0.0198738932945963   0.0545060442516038   0.00934486389520602   0
0.0304735719056693   -0.0268894852978475   0.010599678611073   0
0.017553047787561   0.00839971102371988   -0.0129205241181084   0
0.0258215555966817   -0.0111923292826964   0.00826850780912072   0
0.0291105528062849   0.020910133348998   0.00328899720960315   0
0.0274849781406589   -0.0223225941489753   -0.00162557466562593   0
0.0309255811781687   0.00939917451201224   0.00344060303750972   0
0.0512141189662821   0.0426734215513797   0.0202885377881135   0
0.0273845851347181   -0.0569226840028256   -0.023829533831564   0
0.0351986251578808   0.0141657869440232   0.00781404002316269   0
0.0274026025308729   -0.0186167483075306   -0.00779602262700795   0
0.0544916185206955   0.0586389283335398   0.0270890159898226   0
0.0329780180500966   -0.0663500243954492   -0.0215136004705988   0
0.0423533654308238   0.0342336106514859   0.00937534738072715   0
0.0496913015682262   -0.0243443027834717   0.00733793613740243   0
0.0663705423233079   0.0295941472991564   0.0166792407550816   0
0.0625619950914491   -0.0207085014280185   -0.00380854723185876   0
0.0561068438944341   0.0135093404474514   -0.00645515119701496   0
0.0572367615174627   -0.0231519481015499   0.00112991762302857   0
0.0536389294402573   -0.00856963615154519   -0.00359783207720542   0
0.0668015493057983   0.0781676668485031   0.013162619865541   0
0.0602653722168461   -0.0810597350877353   -0.00653617708895222   0
0.0668874227866121   0.0563458236430392   0.00662205056976607   0
0.0705536883783371   -0.0248007666100481   0.00366626559172496   0
0.06424081986899   -0.0228114407972211   -0.00631286850934706   0
0.0732974905731942   0.0606484741196242   0.00905667070420423   0
0.0707380798124857   -0.0564543790284417   -0.00255941076070852   0
0.0641119832687977   0.0182204553264818   -0.006626096543688   0
0.0587672597432873   -0.0193760303331081   -0.00534472352551039   0
0.0678785961512353   0.0389603337873147   0.00911133640794801   0
0.0755771372319202   0.0004684688534147   0.00769854108068486   0
0.0602900307004608   -0.0208839109382817   -0.0152871065314594   0
0.0615058144625774   0.00555334135317642   0.00121578376211668   0
0.0647789564568039   -0.0262326560159413   0.00327314199422649   0
0.0639829827079826   0.0344311836375803   -0.00079597374882133   0
0.0614778129109397   -0.0236114361021203   -0.00250516979704293   0
0.0776102266913002   0.0279656366544484   0.0161324137803605   0
0.0855735243239549   -0.0169813548882287   0.00796329763265474   0
0.0744160304680835   0.0215552602666204   -0.0111574938558714   0
0.080422200989792   0.00545771929280207   0.00600617052170853   0
0.0946740422743347   -0.0151611628870033   0.0142518412845427   0
0.102843902436229   0.00135353619050026   0.00816986016189393   0
0.0917748969844151   -0.0126346100235922   -0.0110690054518135   0
0.0892810725247239   0.0348401569198123   -0.00249382445969122   0
0.103978141174912   -0.00909082243564042   0.0146970686501885   0
0.127740740034806   -0.00221653785135553   0.0237625988598941   0
0.104352395006547   -0.0135339658905453   -0.023388345028259   0
0.0920627339225949   0.0289932523529431   -0.0122896610839525   0
0.096417395528488   -0.0297184656695258   0.00435466160589312   0
0.12312053303901   0.00662738182746431   0.0267031375105222   0
0.0930065839994675   -0.00884968362873241   -0.0301139490395427   0
0.0961536247733932   0.0329624629117607   0.00314704077392575   0
0.117629721838842   -0.0170524801859003   0.0214760970654483   0
0.119516961353329   0.00472999349292876   0.00188723951448787   0
0.0913199848219612   0.0028814848482009   -0.0281969765313682   0
0.0926593135949281   -0.015988186511634   0.00133932877296689   0
0.111448395573392   0.0157666984022231   0.0187890819784638   0
0.112074327422177   -0.019463495052904   0.000625931848784664   0
0.100773040249529   0.0231015015879643   -0.0113012871726473   0
0.0941310003160489   -0.00268153439025018   -0.00664203993348028   0
0.084477420858446   -0.0163509758316901   -0.00965357945760292   0
0.0787733271806676   -0.00370361833777305   -0.00570409367777838   0
0.0697724331420548   0.0138064335936525   -0.00900089403861279   0
0.0656935334223621   0.0519911476989338   -0.00407889971969272   0
0.0703256968299639   -0.0577395276386272   0.00463216340760188   0
0.0729855602433968   0.010610156073362   0.00265986341343284   0
0.0710320124197182   -0.00453785143427402   -0.00195354782367858   0
0.0721508076475932   0.0456434103800586   0.00111879522787504   0
0.0684567069969225   -0.0466631032807027   -0.00369410065067072   0
0.0714919019647155   0.00946623089867174   0.00303519496779302   0
0.0662656717374841   -0.0226363915850559   -0.00522623022723144   0
0.0715854569966074   0.0622690745963793   0.00531978525912329   0
0.0830822337047458   -0.0622023541980181   0.0114967767081384   0
0.0943901040416844   0.00652458266045443   0.0113078703369386   0
0.0952012276982288   -0.00104248458613077   0.000811123656544399   0
0.0865587754512505   0.0576587173446618   -0.00864245224697831   0
0.0855824180440995   -0.0379040015625297   -0.000976357407151004   0
0.10058864849153   0.0130286298928732   0.0150062304474301   0
0.0980596282216718   -0.0197963837829471   -0.00252902026985778   0
0.0887980289265659   -0.00458298593251018   -0.00926159929510598   0
0.0866153914903841   0.0413566218018531   -0.00218263743618177   0
0.10158293116987   -0.0414557799302648   0.0149675396794857   0
0.113332494943242   0.0142961659689744   0.0117495637733723   0
0.103759799269756   -0.0273899222418952   -0.0095726956734864   0
0.0897497970376117   0.0448251714466736   -0.014010002232144   0
0.0973376027799123   -0.0382752504073083   0.0075878057423006   0
0.113424580460641   -0.000221923541221469   0.016086977680729   0
0.123981712800477   -0.00660943663763981   0.0105571323398358   0
0.101367835498508   0.0362937660040083   -0.0226138773019695   0
0.104638980578415   -0.012755730765653   0.00327114507990782   0
0.128702012354596   0.0177391243092243   0.0240630317761803   0
0.151652221376873   -0.00784604959570648   0.022950209022277   0
0.128987902118726   -0.036369984963055   -0.0226643192581468   0
0.131402680942257   0.0196320607058852   0.00241477882353081   0
0.148281881103399   -0.0214346378291576   0.0168792001611422   0
0.160634299047409   0.0133921075884017   0.0123524179440104   0
0.144949646839825   -0.000622414575412858   -0.0156846522075842   0
0.1356535157149   0.0438340718565038   -0.00929613112492547   0
0.144465168387928   -0.0254972512096554   0.00881165267302883   0
0.172146016537299   -0.00114000227141871   0.0276808481493706   0
0.161088835352027   -0.00929408377021199   -0.0110571811852718   0
0.142792700059072   0.0423835070609184   -0.0182961352929555   0
0.174651807549364   -0.0295788130724447   0.0318591074902921   0
0.181560155748419   0.00807924050701959   0.00690834819905478   0
0.185920962619368   -0.0127113475983364   0.00436080687094964   0
0.172521684942792   0.0452284810772251   -0.0133992776765761   0
0.207615389643928   -0.0313692377076999   0.0350937047011358   0
0.223075952042124   0.0100260490028674   0.0154605623981961   0
0.240864711156491   0.013876142965854   0.0177887591143673   0
0.232890634655518   0.0472615986735526   -0.00797407650097323   0
0.242661553210433   1.45078232043627e-05   0.00977091855491533   0
0.265693463208074   -0.0283630285941229   0.0230319099976403   0
0.278807752803791   -0.00344508817321854   0.0131142895957176   0
0.259295002645153   0.0329434276259125   -0.0195127501586381   0
0.259168810469644   -0.0059627849631699   -0.000126192175509687   0
0.257687536109141   -0.0230411464937377   -0.00148127436050222   0
0.222874632949782   -0.0536278528001131   -0.0348129031593594   0
0.211278788383974   0.00052736729175841   -0.011595844565808   0
0.187841810575415   0.0428249075168373   -0.0234369778085591   0
0.220844816951859   -0.0216106124206636   0.033003006376444   0
0.242599612181265   0.00236629249060505   0.0217547952294058   0
0.227218683653546   0.0232170780743933   -0.0153809285277191   0
0.229070778333357   0.0284600690747489   0.00185209467981151   0
0.250474069645942   -0.0356720442480503   0.0214032913125845   0
0.271446974255562   0.00543720657059055   0.0209729046096209   0
0.27920667189154   -0.0107611391964952   0.00775969763597745   0
0.256591270372747   0.0465375160644823   -0.0226154015187932   0
0.304009269963105   -0.0305219196741401   0.0474179995903582   0
0.364019189288491   -0.00813750170668917   0.0600099193253857   0
0.351354174640063   0.00429804160593922   -0.0126650146484275   0
0.298466663499041   0.0481648446058438   -0.0528875111410217   0
0.522298380542435   -0.0117121413061107   0.223831717043393   0
0.470835384314412   0.00331902287800384   -0.0514629962280229   0
0.469099051895492   -0.0084919034080978   -0.00173633241891941   0
0.404066021502984   0.0488410721619826   -0.0650330303925084   0
0.422929970144585   -0.0348593991709227   0.0188639486416014   0
0.456871919217246   -0.00468802579083338   0.0339419490726608   0
0.484706591389575   -0.0138197015302524   0.0278346721723283   0
0.44678489115261   0.0582208934827609   -0.0379217002369641   0
0.458402077173522   -0.0163979760844145   0.011617186020912   0
0.495135866338473   -0.0424645598455138   0.0367337891649505   0
0.474224231258009   0.00468129882149709   -0.0209116350804635   0
0.427529682016933   0.0927194198841719   -0.0466945492410763   0
0.438120262276239   -0.0587057655273779   0.0105905802593054   0
0.457654281581632   -0.0516438536415311   0.0195340193053938   0
0.466883505180361   0.00198315745827035   0.00922922359872846   0
0.436886118549789   0.0690580124203242   -0.0299973866305722   0
0.468900047495732   -0.054575413018727   0.0320139289459438   0
0.492318480774387   -0.0155798986111284   0.0234184332786543   0
0.493940036172408   0.003029666379292   0.00162155539802172   0
0.467626267006837   0.0468883980495272   -0.026313769165571   0
0.430925686556859   0.0653177278634414   -0.0367005804499786   0
0.457606832461558   -0.101627226759965   0.0266811459046989   0
0.49015769918007   -0.0101366493693905   0.0325508667185124   0
0.497110199534771   -0.000113491925692766   0.00695250035470113   0
0.489388230925101   0.00852879563588177   -0.00772196860967012   0
0.445018207960079   0.0860943309281232   -0.0443700229650222   0
0.472853863742542   -0.0207300144927384   0.0278356557824627   0
0.492626552379183   -0.0641505672355258   0.0197726886366416   0
0.524849283262348   -0.00497767683926689   0.0322227308831646   0
0.521799119268134   0.00863757362184717   -0.00305016399421398   0
0.499656698344223   0.0480642363014062   -0.0221424209239106   0
0.544124363947251   -0.0409761848488027   0.0444676656030274   0
0.56149183385068   -0.00635943011843762   0.0173674699034299   0
0.574619389879292   0.0122706721469838   0.0131275560286118   0
0.548274065237906   0.0415998496227403   -0.0263453246413858   0
0.490685736283927   0.0148047615262433   -0.0575883289539789   0
0.548665078616728   -0.0434799609178753   0.0579793423328002   0
0.554001434561545   0.00193990106446562   0.00533635594481752   0
0.555116590207409   0.0131891189743266   0.0011151556458634   0
0.508332207068616   0.0377711828071112   -0.046784383138793   0
0.501243416227336   -0.031882221578855   -0.00708879084128   0
0.525233261137135   -0.00859842665319743   0.0239898449097995   0
0.525498335225241   0.0194406240577715   0.000265074088106165   0
0.464174844136614   0.0713992935823219   -0.0613234910886271   0
0.462466774090042   -0.0702655199909087   -0.00170807004657209   0
0.487915237176756   -0.0233742743866752   0.0254484630867139   0
0.483247776114128   0.00396851650994359   -0.00466746106262828   0
0.466606954720458   0.0836869550494548   -0.0166408213936692   0
0.500783559511741   -0.068726885385393   0.034176604791283   0
0.520429721137254   -0.0104043378616393   0.0196461616255126   0
0.523449598779816   0.00230052846240267   0.00301987764256151   0
0.490975272282627   0.0779691851166835   -0.0324743264971883   0
0.505391681740756   -0.0313374502483717   0.0144164094581292   0
0.523680531911871   -0.052964153173932   0.0182888501711144   0
0.523882946277363   0.00615424283891439   0.000202414365492065   0
0.492565651296099   0.057149286866014   -0.0313172949812642   0
0.52817138170342   -0.047984925980798   0.0356057304073215   0
0.549986132660179   -0.0272308545164347   0.0218147509567589   0
0.556580519013422   0.00439212832941238   0.00659438635324283   0
0.547709937027347   0.0184446026296136   -0.00887058198607527   0
0.508269330362604   0.0532616976175705   -0.0394406066647425   0
0.545973134009815   -0.0512061350935712   0.0377038036472113   0
0.550246774868331   -0.00257048539031887   0.00427364085851578   0
0.518034181487332   0.032983442490122   -0.0322125933809992   0
0.515106050706066   0.0275995919934121   -0.0029281307812663   0
0.548571785206367   -0.0611195230639519   0.033465734500301   0
0.594374695855443   -0.0149534445677115   0.045802910649076   0
0.585747177152823   0.0151164105978379   -0.00862751870262013   0
0.504214521765538   0.0465432427314017   -0.0815326553872848   0
0.490469308096847   -0.022741855981611   -0.0137452136686906   0
0.510730962307211   -0.0151558620193324   0.0202616542103641   0
0.537591434393025   0.017993253945516   0.0268604720858137   0
0.507849079329676   0.0628366062871509   -0.0297423550633485   0
0.50472890322479   -0.0233556026112748   -0.00312017610488591   0
0.541043941933093   -0.0473936028549233   0.0363150387083023   0
0.561809131146424   -0.0020320881703485   0.0207651892133314   0
0.530054267162571   0.0305579173877567   -0.0317548639838533   0
0.527352269171661   0.0231614330170399   -0.00270199799090975   0
0.566519715386411   -0.0613223023810444   0.0391674462147498   0
0.608893018148919   0.0068781183397903   0.0423733027625083   0
0.601254698419272   0.0062818167709669   -0.0076383197296469   0
0.540785210807858   0.0697386871167532   -0.0604694876114138   0
0.54449813895963   -0.00117593040972924   0.00371292815177104   0
0.560658651432625   -0.0606963750633552   0.0161605124729958   0
0.558407106424157   0.019717303650356   -0.00225154500846803   0
0.536481398659357   0.0570823668202295   -0.0219257077648003   0
0.575567269018574   -0.0712424084275679   0.0390858703592175   0
0.596110801545736   -0.012025922577771   0.0205435325271618   0
0.628349014045936   0.00416289533959996   0.0322382125001998   0
0.590933989466886   0.0616004462201385   -0.0374150245790498   0
0.576861938040204   -0.00489516726205591   -0.0140720514266824   0
0.600763914658246   -0.0374912951124233   0.0239019766180421   0
0.620931778879532   0.0118100037850408   0.0201678642212861   0
0.556991686660133   0.0514113046547303   -0.0639400922193989   0
0.543864275851981   -0.00326473936564337   -0.0131274108081517   0
0.563280154557881   -0.0507766288450773   0.0194158787058993   0
0.596947267794443   0.00650987803089714   0.0336671132365619   0
0.56528417107814   0.056937746611494   -0.0316630967163022   0
0.548223778066494   -0.0202541655933171   -0.0170603930116469   0
0.590039078964267   -0.0426592795446756   0.041815300897773   0
0.669044551611849   0.00577900730385855   0.0790054726475823   0
0.680665158821869   0.0237390567371653   0.01162060721002   0
0.66312595928187   0.0868584038989272   -0.0175391995399991   0
0.592449570257672   -0.0201343082223203   -0.070676389024198   0
0.761890808080298   -0.0315003104675723   0.169441237822627   0
0.790516559475512   -0.015222477582375   0.0286257513952132   0
0.795872108938522   0.0397467504287567   0.00535554946300998   0
0.749628914336954   0.058295881008988   -0.0462431946015677   0
0.77509296774645   -0.0733082619289995   0.0254640534094965   0
0.81299820811503   -0.022516631642039   0.0379052403685798   0
0.823956703172108   0.00914966411729462   0.0109584950570781   0
0.818065275088883   0.0758448763180437   -0.00589142808322529   0
0.810945607027068   -0.0392182728486359   -0.00711966806181485   0
0.818049230419081   -0.0317789498375246   0.00710362339201243   0
0.834640146097257   0.0147315937394141   0.0165909156781761   0
0.804955778460842   0.0607404673359625   -0.0296843676364148   0
0.793458848980998   -0.00105506150007312   -0.011496929479844   0
0.845447123857844   -0.0675664462937204   0.051988274876846   0
0.88319654254107   -0.0101834655551873   0.0377494186832261   0
0.889264916364072   0.0664491069110628   0.00606837382300196   0
0.919724448453449   0.0592560428373985   0.0304595320893767   0
1.00389595127409   -0.0707613631346438   0.0841715028206365   0
0.982369606266908   0.0134554996388989   -0.0215263450071769   0
0.985730139544414   0.0330442076554006   0.00336053327750574   0
0.942450424400668   0.08340105804518   -0.0432797151437455   0
0.959538662473795   -0.0500122662902167   0.0170882380731269   0
1.00346525369965   -0.0725687300373797   0.0439265912258532   0
0.993904471796082   0.0450649008789485   -0.00956078190356602   0
0.951650062988623   0.0962310381126055   -0.0422544088074597   0
0.949844740097296   -0.0657133594420216   -0.00180532289132651   0
0.971543331075614   -0.0781517765953038   0.0216985909783175   0
0.985331993024432   0.0424017672906523   0.0137886619488186   0
0.973907072723317   0.11705778426946   -0.0114249203011154   0
0.96976949632954   -0.0716199541067188   -0.00413757639377699   0
0.967412716039152   -0.0761623154753823   -0.00235678029038755   0
0.975689967636364   0.0507342066008772   0.00827725159721204   0
0.947178362908222   0.0945245436003221   -0.0285116047281421   0
0.973177848284937   -0.110377001574923   0.0259994853767148   0
0.993703659363545   -0.031667977936679   0.0205258110786076   0
0.985014446907887   0.0127195793793515   -0.00868921245565812   0
0.96907444244044   0.114973094585728   -0.0159400044674466   0
0.952424401225761   -0.0193708209662555   -0.0166500412146788   0
1.02718157728478   -0.101714877601574   0.0747571760590195   0
1.08697163984128   -0.0156021286182281   0.0597900625565033   0
1.03042503780297   0.0220107135944466   -0.056546602038315   0
0.981976713706848   0.0700221094986732   -0.0484483240961214   0
0.963920999929455   -0.0634522602701212   -0.0180557137773929   0
1.0017256476048   -0.00687419696199593   0.0378046476753423   0
0.967373261772053   0.0746126032580178   -0.0343523858327446   0
0.950036274502321   0.0362371164892907   -0.0173369872697313   0
0.982332235221363   -0.109556926983996   0.0322959607190422   0
1.00490271574715   -0.0176020679343077   0.0225704805257879   0
1.03719942505733   0.0187752383534261   0.032296709310176   0
1.02765989915743   0.0935385167331578   -0.00953952589990181   0
1.07173988839608   -0.049211281345467   0.0440799892386583   0
1.09137981727548   -0.0622565266705963   0.0196399288793916   0
1.11491585277152   0.00345105705952764   0.0235360354960465   0
1.11351518486828   0.0226952514707141   -0.00140066790323745   0
1.0832895905252   0.111280756621636   -0.0302255943430867   0
1.09031701214096   -0.165676549240433   0.00702742161576664   0
1.1283506137582   -0.0740924434228979   0.0380336016172327   0
1.12879737307599   0.0208394820184655   0.000446759317790368   0
1.06916054712681   0.0689713270003515   -0.0596368259491771   0
1.02259074109453   0.0979096102430294   -0.0465698060322852   0
1.0501388450205   -0.117927123084052   0.0275481039259795   0
1.05763144965023   -0.0140202890522246   0.00749260462972678   0
1.03721599465589   0.101127229677994   -0.0204154549943449   0
1.0029948350191   -0.0442409712375824   -0.0342211596367825   0
1.06545944318871   -0.0641512021672339   0.0624646081696076   0
1.04378341253706   0.0525935630307968   -0.0216760306516566   0
0.99681859818788   0.104685431893715   -0.0469648143491751   0
1.05133791082803   -0.10112127736084   0.0545193126401516   0
1.07827580677081   -0.0290763232679789   0.0269378959427822   0
1.11184985814779   0.0667449727953621   0.0335740513769713   0
1.20804510359765   0.0844681274089867   0.0961952454498618   0
1.23051263931918   -0.136141135420119   0.0224675357215314   0
1.22252354744571   -0.026298772890497   -0.00798909187346553   0
1.21074767232401   0.0224216576247211   -0.0117758751217061   0
1.18109024040608   0.0805347881723195   -0.029657431917923   0
1.20167001474115   -0.0390056225003551   0.0205797743350682   0
1.24189918895617   -0.0470970098233579   0.0402291742150211   0
1.24305998893989   0.027325420653936   0.00116079998372109   0
1.20270752558561   0.0995854583840035   -0.0403524633542887   0
1.23332660417385   -0.0499810849230318   0.0306190785882443   0
1.30317504520392   -0.0464115737134152   0.0698484410300744   0
1.4219384874112   0.0470984073549393   0.118763442207275   0
1.36965414904466   0.0353055446397428   -0.0522843383665406   0
1.32659387181354   0.123623912387195   -0.0430602772311148   0
1.34020803481596   -0.0839084374635765   0.0136141630024131   0
1.38926787078743   -0.082659731958253   0.0490598359714767   0
1.41687561692841   0.04718180044694   0.0276077461409718   0
1.3881257018751   0.0900948603019129   -0.0287499150533017   0
1.46400066563936   -0.0688535489313858   0.0758749637642597   0
1.57231760719527   -0.0440994208715406   0.108316941555904   0
1.75721621844218   0.115157110336455   0.184898611246917   0
1.87436862467072   0.22844822325367   0.117152406228534   0
1.85648403697022   0.00501094830694004   -0.0178845877004972   0
1.91816536996931   -0.10463960869803   0.0616813329990888   0
1.94119587851342   -0.0475302463549414   0.0230305085441127   0
1.91008488779144   0.076566251627042   -0.0311109907219795   0
1.86801175239029   0.278504627464884   -0.0420731354011508   0
1.88332270166971   -0.183645697633585   0.0153109492794186   0
1.86459178688768   -0.0468050649994038   -0.0187309147820289   0
1.7472199241118   -0.0546192774596674   -0.11737186277588   0
1.72350704075977   0.0821139769101007   -0.0237128833520315   0
1.77374532149926   -0.0443242889725818   0.0502382807394863   0
1.80800016113225   -0.0246723832904295   0.0342548396329956   0
1.73227634373395   0.123247052502993   -0.0757238173983057   0
1.73587697470572   -0.0249960990871516   0.00360063097177865   0
1.77553001250789   -0.14793544069065   0.03965303780216   0
1.80382124186496   0.0426138062801603   0.0282912293570756   0
1.76372793417877   0.115248559466009   -0.0400933076861938   0
1.87232369732226   -0.0484180209275589   0.108595763143494   0
2.06020456422202   -0.0658631207506726   0.187880866899761   0
1.84327256972714   -0.0474704634947796   -0.21693199449488   0
1.78200253480095   0.176549520089365   -0.0612700349261945   0
1.79568799678598   -0.0806800792253908   0.0136854619850342   0
1.73157292794131   -0.121087032611177   -0.0641150688446683   0
1.66687297808711   -0.0105033250087535   -0.0646999498542   0
1.62587334707535   0.0923887822380982   -0.0409996310117631   0
1.65569892693516   -0.00995605465220961   0.0298255798598128   0
1.70717339730364   -0.0774602834456183   0.0514744703684766   0
1.67351218589991   0.0936180924167551   -0.0336612114037276   0
1.61223259092803   0.0709265789918693   -0.0612795949718845   0
1.67017589778742   -0.16055609503155   0.0579433068593884   0
1.68381093211976   -0.0150777496519684   0.0136350343323399   0
1.65775344372015   0.134350848123587   -0.0260574883996105   0
1.65200067964158   0.0392839514434972   -0.00575276407856284   0
1.74436486582029   -0.143188481842389   0.092364186178711   0
1.81871013592147   0.00205753803942255   0.0743452701011793   0
1.81225312796543   -0.0177861081613997   -0.00645700795603821   0
1.68534828326625   -0.0363805325068945   -0.126904844699183   0
1.42163015542792   -0.104963061211005   -0.263718127838336   0
1.56591030552878   0.00885765804678196   0.144280150100868   0
1.5975895845282   0.0445147632227864   0.0316792789994202   0
1.62634796768996   0.0961195597110173   0.0287583831617519   0
1.69096328029617   -0.0976946901785244   0.0646153126062183   0
1.70993577650536   0.0157433595824042   0.0189724962091888   0
1.62287318825725   0.129751847206716   -0.0870625882481142   0
1.58102291666661   0.0779950183074465   -0.0418502715906373   0
