0.156686379029712   0   0   0
0.150175525530602   0.0140296501360075   -0.00651085349910979   0
0.155229030436457   -0.00790945502372198   0.00505350490585502   0
0.201091739408112   -0.0042390491982616   0.045862708971655   0
0.203105100662939   -0.0201170203876445   0.00201336125482682   0
0.155384515287761   0.00938787008037807   -0.0477205853751776   0
0.155384515287761   0.00986052927987055   0   0
0.143950118279884   -0.012157506869246   -0.0114343970078776   0
0.149761003060551   0.00352168456202735   0.00581088478066777   0
0.210260767483879   0.0536724804892952   0.060499764423328   0
0.0788680327888302   -0.00416915899358569   -0.131392734695049   0
0.115294809141565   -0.0293050437448897   0.0364267763527352   0
0.129474335564862   -0.0145098433108824   0.0141795264232966   0
0.125860479146365   -0.0010386587266145   -0.00361385641849735   0
0.148841633937921   -0.00128110316201163   0.022981154791556   0
0.157469354301599   -0.00539944765084688   0.00862772036367823   0
0.268192348195813   0.0612483133084385   0.110722993894214   0
0.158175552356583   -0.0778625417044522   -0.11001679583923   0
0.113354705384867   -0.00656528482116116   -0.0448208469717155   0
0.0847644958727562   0.0274918678251002   -0.0285902095121108   0
0.0894437340148123   -0.0335942467627103   0.00467923814205615   0
0.0725112896698335   0.0121634976857975   -0.0169324443449789   0
0.0808892114369556   0.00536857120741019   0.00837792176712207   0
0.0734045419789539   -0.0374070107429018   -0.00748466945800169   0
0.413582822463195   0.311121056204188   0.340178280484241   1
0.157992311570089   -0.219648709367729   -0.255590510893106   1
0.137012379293296   -0.0148765032197953   -0.0209799322767928   0
0.118934762672368   -0.0066627580411897   -0.018077616620928   0
0.143936241065801   0.018099787295539   0.0250014783934335   0
0.133995967541527   0.00146285764723222   -0.00994027352427426   0
0.158091599064032   -0.00733778552667962   0.0240956315225044   0
0.150731230768577   0.00134462947308361   -0.00736036829545458   0
0.146519779181003   0.00995727780149626   -0.00421145158757352   0
0.163204371225191   -0.0244937191477066   0.0166845920441877   0
0.156925518483292   0.000478206455775482   -0.00627885274189918   0
0.14143152028671   0.0108878782435562   -0.0154939981965821   0
0.133171161778217   0.0126428696611186   -0.00826035850849297   0
0.134391797439762   -0.0123084201890323   0.00122063566154509   0
0.121025891317561   0.00015937292307612   -0.0133659061222013   0
0.15341263947603   -0.0217203117548465   0.0323867481584698   0
0.151668464918354   0.0168058366134731   -0.00174417455767639   0
0.14598257888851   0.000722052754211971   -0.00568588602984421   0
0.151795812069775   -0.00263691681171875   0.00581323318126531   0
0.194445450306352   -0.0332338691366995   0.0426496382365768   0
0.12344381915978   -0.00414851271223372   -0.0710016311465718   0
0.108889894926917   0.071633896932353   -0.0145539242328632   0
0.169013556722005   -0.0777633208583788   0.0601236617950884   0
0.161059824269594   -0.0032480857425768   -0.00795373245241129   0
0.178590167727685   0.0206535422022468   0.0175303434580906   0
0.168162918073189   0.0154579756226103   -0.0104272496544958   0
0.160392764558606   0.00393649041954952   -0.00777015351458252   0
0.159109881992171   0.00178856551818714   -0.00128288256643552   0
0.157985115070289   -0.0186880480304662   -0.00112476692188163   0
0.0834863361734871   0.0835636298313159   -0.074498778896802   0
0.182092310514482   -0.096396258336328   0.0986059743409948   0
0.138523748589015   0.000243977855274226   -0.0435685619254674   0
0.13891269977512   0.026333716248222   0.000388951186105019   0
0.150674021683202   -0.0122045227319373   0.0117613219080824   0
0.166762418418659   -0.0300241811266072   0.0160883967354574   0
0.166569780171855   0.00147740040237106   -0.000192638246804572   0
0.164521176453276   -0.000926382785132115   -0.00204860371857865   0
0.165560405988456   -0.000340056575833698   0.00103922953518029   0
0.165571735648517   -0.0102968320167636   1.13296600608992e-05   0
0.150760363288614   0.0118211216908278   -0.0148113723599028   0
0.135470469503782   0.0245379408337292   -0.0152898937848329   0
0.142135851857844   -0.0337789494353954   0.00666538235406255   0
0.139214981246867   0.00320622587188873   -0.00292087061097676   0
0.133776397238584   -0.00154641427436561   -0.00543858400828295   0
0.125199964008374   0.00366904417888399   -0.00857643323021054   0
0.128768398277139   -0.000858101877789466   0.00356843426876516   0
0.187511323042477   0.0322028059040796   0.0587429247653376   0
0.43053804249044   0.120683219019818   0.243026719447964   0
0.377569252586109   -0.160902571609128   -0.0529687899043309   0
0.299639749581477   0.0847643263757122   -0.0779295030046326   0
0.272834101516838   -0.0343835698786929   -0.0268056480646391   0
0.287424143978529   -0.0200337819922265   0.0145900424616912   0
0.294498857731847   -0.00707298035643724   0.00707471375331797   0
0.279447416339282   0.0143184328644225   -0.0150514413925647   0
0.294691699141174   -0.00621540496379075   0.0152442828018925   0
0.290487893653664   0.00870243558776988   -0.00420380548751037   0
0.26685184414278   0.00193854703475603   -0.0236360495108842   0
0.258972570661788   -0.0209220809371931   -0.00787927348099149   0
0.267730003756401   -0.011032381071196   0.00875743309461258   0
0.275781977164742   0.0242432560358453   0.00805197340834096   0
0.275741546069376   -0.0203049676230704   -4.04310953656117e-05   0
0.245291429729312   0.000159174085015167   -0.0304501163400644   0
0.255630894002173   -0.00643952311436174   0.0103394642728606   0
0.255265014083816   -0.00606133201106304   -0.000365879918356848   0
0.239504550966573   0.0116176137769992   -0.0157604631172422   0
0.231589490620197   0.00702280629889547   -0.00791506034637615   0
0.244225073422454   -0.00462537361296598   0.0126355828022564   0
0.514271751370032   0.0158064594272047   0.270046677947579   0
0.321037231028023   0.00876577332076901   -0.19323452034201   0
0.349502270782001   -0.0387366995707846   0.0284650397539781   0
0.397511660130621   -0.00433578647886858   0.0480093893486203   0
0.388733970807302   0.0251845204403073   -0.00877768932331879   0
0.279151285460971   0.027652158741365   -0.109582685346331   0
0.249736513514724   0.00306904779587526   -0.0294147719462468   0
0.319020598386687   0.233149303265133   0.0692840848719631   0
0.368399803841506   -0.254078182296208   0.0493792054548185   0
0.325048900246382   -0.0238397842982964   -0.0433509035951236   0
0.332944440353511   0.0193458096601357   0.00789554010712856   0
0.364855729179648   -0.0103128156882803   0.031911288826137   0
0.363324503014829   -0.013192741334372   -0.00153122616481871   0
0.313378314537657   0.039318025843503   -0.0499461884771722   0
0.321210348353556   -0.0185905423976874   0.00783203381589881   0
0.345962220946768   0.0217033762625558   0.024751872593212   0
0.352806185720755   -0.0104880576399336   0.0068439647739878   0
0.328563188517382   -0.00870272822359269   -0.0242429972033738   0
0.359406779652236   0.0126613660339957   0.0308435911348549   0
0.311071602633943   0.02687309754258   -0.048335177018293   0
0.355297773357081   0.0435425231120596   0.044226170723138   0
0.389414502853964   0.00968958447740809   0.0341167294968827   0
0.38452748214822   -0.0197875535482694   -0.00488702070574371   0
0.389609371382414   -0.0123793941959374   0.00508188923419384   0
0.406020220375168   -0.0112818501136169   0.0164108489927538   0
0.463630398857215   -0.035193365525323   0.0576101784820466   0
0.461630262924237   0.0280000171372404   -0.00200013593297793   0
0.421551064298514   0.0543103752684056   -0.0400791986257226   0
0.393230996940997   -0.0458642824724266   -0.0283200673575177   0
0.401139153803655   -0.00075598468591867   0.00790815686265861   0
0.424489396701346   0.00190572707898462   0.0233502428976907   0
0.412381028407397   -0.0185070475607012   -0.0121083682939486   0
0.402968194524447   -0.0174534750006377   -0.00941283388295022   0
0.397654851969142   0.0157711166224426   -0.0053133425553053   0
0.391724736712975   0.00570097757982288   -0.00593011525616616   0
0.38760923506261   0.00918714307179518   -0.00411550165036578   0
0.388715960493766   -0.0127747628504906   0.00110672543115653   0
0.354295688427881   0.0103695565287395   -0.0344202720658849   0
0.364611613506334   0.00284389327782421   0.0103159250784529   0
0.384237645221434   0.03877439154872   0.0196260317150997   0
0.340755048090575   0.0296423349890844   -0.0434825971308591   0
0.336778458922774   -0.0109803936385268   -0.00397658916780069   0
0.380107405239653   -0.00154254338427667   0.0433289463168789   0
0.382240744025577   0.00683934743372233   0.00213333878592364   0
0.36894894213444   -0.0235001371177136   -0.0132918018911365   0
0.392247144510731   -0.0176810500660017   0.023298202376291   0
0.364297868124111   0.0252001949250852   -0.0279492763866198   0
0.35683347820083   0.00770565502388854   -0.00746438992328102   0
0.356093096380785   -0.00761036568214196   -0.000740381820045488   0
0.388879471248337   -0.00504802988978648   0.0327863748675524   0
0.387229881359477   0.00270103422639303   -0.00164958988885983   0
0.379242249713442   0.000173470436498985   -0.00798763164603578   0
0.3753753652723   -0.000166906980932108   -0.00386688444114186   0
0.388223913380722   -0.0082824540693178   0.0128485481084224   0
0.38385263325006   -0.00585570721957662   -0.0043712801306624   0
0.378489975727512   -0.00429420120484089   -0.00536265752254794   0
0.382193862622132   0.00629618684712846   0.00370388689462003   0
0.378879736487748   0.00919514239143118   -0.00331412613438431   0
0.378528920359188   -0.00887982836745974   -0.000350816128559528   0
0.383287790593472   -0.0146052772472242   0.00475887023428362   0
0.409235371918502   0.00275874630388231   0.0259475813250307   0
0.403461741859959   0.0160225237973833   -0.00577363005854314   0
0.387448084605848   -0.0296813376642124   -0.0160136572541116   0
0.375240010653568   0.0177781757612138   -0.0122080739522794   0
0.39916441621481   0.0104340311218864   0.0239244055612418   0
0.384904088176006   0.00242130038060165   -0.0142603280388042   0
0.397964726940542   -0.00145885102823803   0.0130606387645361   0
0.394848808266471   -0.00457871653207859   -0.00311591867407074   0
0.392456098830226   0.00397900814006738   -0.00239270943624537   0
0.385217562523907   0.00445812404668475   -0.0072385363063191   0
0.365997603794055   -0.00709122919213273   -0.0192199587298518   0
0.367755863104999   -0.00511548447217253   0.0017582593109437   0
0.375305922853081   0.0192699440179066   0.00755005974808209   0
0.381106217762988   0.00641638483973375   0.0058002949099073   0
0.369663219924853   -0.0266728641965224   -0.0114429978381353   0
0.358796718658574   -0.00479887354212   -0.0108665012662786   0
0.401343190933894   0.0327342640620901   0.0425464722753198   1
0.365059997423646   -0.0777165173609975   -0.0362831935102478   1
0.394941417770933   -0.00305887625680537   0.0298814203472873   0
0.367170415715006   0.0587710663848322   -0.0277710020559278   0
0.375226759514976   -0.0241869154761701   0.00805634379997089   0
0.339483495427245   0.00542839595931886   -0.0357432640877319   0
0.347361424847535   -0.00678799611995586   0.00787792942029086   0
0.336904119217916   -0.00670505316675818   -0.0104573056296191   0
0.340047904507159   0.00785743462014622   0.00314378528924281   0
0.326403975684565   0.00286708610062779   -0.0136439288225942   0
0.329785194086939   0.0040815999281745   0.0033812184023741   0
0.321144272909607   0.000280786818946235   -0.00864092117733228   0
0.356601871977195   -0.00488290913824441   0.0354575990675886   0
0.344504501768685   0.0284207171394495   -0.0120973702085101   0
0.305776086754491   -0.00732577524023975   -0.0387284150141942   0
0.318348662411027   0.0023284943646929   0.0125725756565359   0
0.31224586708216   0.00391514913041674   -0.00610279532886682   0
0.290375498223266   0.0076751753181957   -0.021870368858894   0
