0.00815893850081614   0   0   0
0.00259708   0.00289126823016287   -0.00556185850081614   0
0.0178796426139905   0.119555128767468   0.0152825626139905   0
0.00655665   0.0292652845251888   -0.0113229926139905   0
0.0436070599025172   -0.0806823136200479   0.0370504099025172   0
0.0278392953711117   0.00227982774498107   -0.0157677645314055   0
0.018871756981267   0.00784210221978381   -0.00896753838984467   0
0.0070338   0.069997230263612   -0.011837956981267   0
0.00921505   -0.0904219977557588   0.00218125   0
0.0245075702701737   0.00350385641777205   0.0152925202701737   0
0.0107827   -0.0163608874846826   -0.0137248702701737   0
0.0231481395741105   0.116938223085411   0.0123654395741105   0
0.0398781890457679   -0.0682316763624865   0.0167300494716574   0
0.0343222521389914   -0.0417765879724597   -0.00555593690677645   0
0.0325998757606528   -0.0038910139368374   -0.00172237637833857   0
0.023449567864835   0.104318360417969   -0.00915030789581788   0
0.026025850419775   -0.0956828349100827   0.00257628255494   0
0.0334129909877506   0.0194666352446879   0.00738714056797561   0
0.033192938893506   -0.0318106289232811   -0.000220052094244534   0
0.0211619066961177   0.0857134705329093   -0.0120310321973883   0
0.0224121457531519   -0.00303942737529922   0.00125023905703417   0
0.0370019618099162   -0.079802863886947   0.0145898160567643   0
0.0545174779305912   -0.00327968280623585   0.017515516120675   0
0.0296940824384674   0.053040847807952   -0.0248233954921238   0
0.025611059903487   0.0267624541090392   -0.00408302253498042   0
0.0342840245078156   -0.0677994280586535   0.00867296460432858   0
0.0339830383415035   -0.0109759951040406   -0.000300986166312037   0
0.0300537556002574   0.108408001590273   -0.0039292827412462   0
0.0210590968526051   -0.106076117904069   -0.0089946587476523   0
0.0349937262533586   0.0207028972382725   0.0139346294007536   0
0.0444184423870874   -0.0364557531628963   0.00942471613372875   0
0.0331218353392954   0.0800331299018129   -0.0112966070477919   0
0.0252683717480965   0.0558444618399795   -0.00785346359119896   0
0.0348055198468935   -0.130319243745444   0.00953714809879707   0
0.038130830237388   0.0230983763143914   0.00332531039049442   0
0.0262517990761586   0.0198875363239175   -0.0118790311612294   0
0.0200785193859812   0.0563651334073803   -0.00617327969017733   0
0.0407592095520448   -0.0926855130744142   0.0206806901660635   0
0.062583901166323   0.0113912124285799   0.0218246916142782   0
0.0486962465720152   -0.0196834815538833   -0.0138876545943079   0
0.0274472844351677   0.135921810635683   -0.0212489621368474   0
0.0287452511291865   -0.0524083031181522   0.00129796669401883   0
0.0403010620278796   -0.0675830642347964   0.0115558108986931   0
0.0333842288179988   -0.00806860173947983   -0.00691683320988084   0
0.029432327028159   0.114651324703448   -0.00395190178983976   0
0.0304606678648056   -0.0860238473485719   0.00102834083664658   0
0.0427354112435168   0.00412256766527749   0.0122747433787112   0
0.0369956420367994   -0.0345999639561966   -0.00573976920671735   0
0.0226793729896243   0.108213990842316   -0.0143162690471751   0
0.0264733047597009   -0.0630745866900185   0.00379393177007656   0
0.0319306157123927   -0.0192233817252402   0.00545731095269185   0
0.039985506017212   -0.0288436710543242   0.00805489030481933   0
0.0339971241554709   0.085195675947892   -0.00598838186174118   0
0.0256530663140788   -0.00353644527476935   -0.00834405784139205   0
0.0354988586180598   -0.0647738083234835   0.00984579230398101   0
0.0411334936179143   -0.00495633756258892   0.00563463499985453   0
0.0261967258965696   0.0982611160827894   -0.0149367677213447   0
0.0275258724596515   -0.0794567067295034   0.00132914656308189   0
0.0319498193422514   0.00694725620800897   0.00442394688259988   0
0.0242746079010558   -0.0457021308195399   -0.00767521144119558   0
0.0192266787089977   0.0964385527853872   -0.0050479291920581   0
0.0112839654639238   -0.104154723294777   -0.00794271324507389   0
0.0135531367757883   0.00627530147112451   0.00226917131186449   0
0.0140766487110747   0.0816710463433259   0.000523511935286375   0
0.0149965192082196   -0.0161664930355642   0.000919870497144955   0
0.0274398107529298   -0.051705656149581   0.0124432915447101   0
0.0274400482103936   -0.00632126403143   2.37457463830859e-07   0
0.0168460306736847   0.0619724811054735   -0.0105940175367089   0
0.0159807295796343   -0.029408337158584   -0.000865301094050336   0
0.0265311523243003   -0.0282336175757239   0.010550422744666   0
0.0221827576856491   -0.0138100239681067   -0.00434839463865118   0
0.0131894018943137   0.0710668524515128   -0.00899335579133545   0
0.013568748660525   -0.0862244688829758   0.000379346766211366   0
0.0336343323506651   0.0370823569916076   0.0200655836901401   0
0.031243081885035   -0.0169728522607137   -0.00239125046563018   0
0.0193270353428171   0.0767009890397226   -0.0119160465422179   0
0.0353941919929316   -0.100984479358573   0.0160671566501145   0
0.0516763773366731   0.0308138781105451   0.0162821853437416   0
0.0194233333622355   0.0551773358822513   -0.0322530439744376   0
0.0191013597141205   -0.00813701430295917   -0.000321973648115061   0
0.0408016986453962   -0.0365929024718267   0.0217003389312757   0
0.0497933239775424   -0.00796691368980625   0.00899162533214623   0
0.0121827994292527   0.0359992946600103   -0.0376105245482897   0
0.0177106529399547   -0.00438638019971087   0.00552785351070197   0
0.0468967126187338   -0.012885511183701   0.0291860596787791   0
0.0473844102699664   -0.0191569541119246   0.000487697651232681   0
0.0252163693894284   0.0565199149205562   -0.0221680408805381   0
0.034294643632133   -0.0563337912527687   0.00907827424270463   0
0.0539553038321683   0.0132339882275172   0.0196606602000353   0
0.0604411451547834   -0.0143839544404637   0.00648584132261508   0
0.0391350132353574   0.0549080486817967   -0.021306131919426   0
0.0316263555865057   -0.00896542865959396   -0.0075086576488517   0
0.048914644687165   -0.033932870789652   0.0172882891006593   0
0.0544432302368403   -0.0121266461647592   0.00552858554967526   0
0.0306295933773467   0.0303940847259956   -0.0238136368594936   0
0.0282635811712546   0.00985237287843933   -0.00236601220609205   0
0.0475833729277791   -0.0360674846004319   0.0193197917565244   0
0.0509662908915697   0.0168411881030844   0.00338291796379061   0
0.0547366688666894   -0.0296380890183948   0.00377037797511966   0
0.0438317137393018   0.0483347970545872   -0.0109049551273875   0
0.0473026264258297   -0.0531075715654513   0.00347091268652787   0
0.0615990600161366   0.0370477254647747   0.0142964335903069   0
0.0375296120565028   -0.00873625996484591   -0.0240694479596338   0
0.0328699776869487   0.0451958725669334   -0.00465963436955411   0
0.0513296421828713   -0.0641783976035686   0.0184596644959226   0
0.0555304244914505   0.0116612210844867   0.00420078230857923   0
0.0315316128413062   0.0221117249373923   -0.0239988116501443   0
0.0460140170761283   -0.0187897277210208   0.0144824042348221   0
0.0718603865691836   0.0123799552105912   0.0258463694930553   0
0.0693702392907074   0.0010967811059298   -0.00249014727847623   0
0.048696387017211   0.0134464827706669   -0.0206738522734963   0
0.042101250411122   -0.00158246163695445   -0.00659513660608905   0
0.0691429332420169   -0.0224650150570418   0.0270416828308949   0
0.0803542484642225   -0.00479103272470946   0.0112113152222056   0
0.0521775373115673   0.025554924450576   -0.0281767111526552   0
0.0686449648743628   0.0134507547922054   0.0164674275627955   0
0.0724719528130711   -0.0371588754693074   0.00382698793870828   0
0.0777884513995837   0.0119346144247626   0.00531649858651265   0
0.0790547158255314   -0.0290937845160264   0.00126626442594768   0
0.0721494055268129   0.0663143320446509   -0.00690531029871849   0
0.0666153144194713   -0.0906805627983848   -0.00553409110734157   0
0.0682300594497119   0.0546133248522448   0.00161474503024059   0
0.0781976790927966   -0.0301283187726938   0.00996761964308467   0
0.0724913228245285   0.0903794873524288   -0.00570635626826813   0
0.0893893218554096   -0.0930556218304666   0.0168979990308811   0
0.0803055933463182   0.0440108936455663   -0.00908372850909138   0
0.0875639859905031   -0.0245937807295044   0.00725839264418492   0
0.0605146655961388   0.0168748812760722   -0.0270493203943644   0
0.0635481089566204   0.0306035133046896   0.00303344336048166   0
0.0712343777336477   -0.0425599348306496   0.00768626877702726   0
0.0770299809851153   -0.00827100059308154   0.00579560325146763   0
0.0612362590707499   0.0273080851786199   -0.0157937219143654   0
0.0604153705147126   -0.00729889144105662   -0.000820888556037347   0
0.0875715005908029   -0.0141957459610302   0.0271561300760904   0
0.0769652069877195   -0.0092500920548432   -0.0106062936030835   0
0.0731545996057152   0.0226967726812879   -0.0038106073820043   0
0.0672149313681119   -0.03297583463541   -0.00593966823760322   0
0.0877521502045471   0.0235189009038484   0.0205372188364352   0
0.0812551586247181   -0.00753302386091055   -0.006496991579829   0
0.0683680707469137   0.0806296533449027   -0.0128870878778044   0
0.0784317107333826   -0.0707924868970236   0.0100636399864688   0
0.0874387065481443   0.000839441394390572   0.00900699581476178   0
0.0992271573452173   0.00639097419219525   0.0117884507970729   0
0.0797264160906064   0.00976803589664188   -0.0195007412546108   0
0.0904764687571995   -0.0458433605590994   0.0107500526665931   0
0.0886312921831928   0.00296151827406863   -0.00184517657400669   0
0.0811102564655975   0.0850622885147977   -0.00752103571759534   0
0.0799848443208774   -0.0578863970278644   -0.00112541214472005   0
0.087004611600837   0.0247168501774886   0.00701976727995955   0
0.092635888552105   -0.0132798081830699   0.00563127695126804   0
0.0833418661659567   0.0235240624748265   -0.00929402238614835   0
0.0800628758946055   0.0187929002468209   -0.0032789902713512   0
0.0763810334629939   -0.0404718201418183   -0.00368184243161156   0
0.0803486922123347   0.00351471644685944   0.00396765874934078   0
0.0777017570051186   -0.0198358628314255   -0.00264693520721611   0
0.0831818989093931   0.0576523847688202   0.00548014190427454   0
0.0811392987674932   0.0511351871774396   -0.00204260014189994   0
0.0757819596587803   -0.0643795052642992   -0.00535733910871294   0
0.0812208413000629   0.0132563384848808   0.00543888164128262   0
0.0808122246522765   -0.0385085420969501   -0.000408616647786408   0
0.0788755994637283   0.0209195662661863   -0.00193662518854815   0
0.0866534771002872   0.0746994543795005   0.00777787763655889   0
0.0806034678071142   -0.0460728841273029   -0.00605000929317298   0
0.125496708595325   0.00211898275110584   0.0448932407882111   0
0.211163650257827   0.0442166957388044   0.085666941662502   0
0.151817045377685   0.0272834056712674   -0.0593466048801425   0
0.132560767581174   -0.0426926868452165   -0.0192562777965109   0
0.109708580654945   -0.0376744291175513   -0.0228521869262292   0
0.102690756061463   -0.00984529056679392   -0.00701782459348119   0
0.122920402373284   0.030046393750023   0.0202296463118204   0
0.121226287093435   0.0529278730023331   -0.00169411527984853   0
0.1165352042975   -0.0508891313276976   -0.00469108279593557   0
0.105786398601876   -0.0217495522024475   -0.0107488056956237   0
0.0944593762432957   0.00711833628773748   -0.0113270223585803   0
0.109557003855584   0.0442312355991006   0.0150976276122885   0
0.1079064136206   -0.024014503066096   -0.00165059023498428   0
0.110615777960294   -0.0249802089084583   0.00270936433969388   0
0.107522049707641   0.00548341737842167   -0.00309372825265246   0
0.107603868678048   0.0443685502136204   8.18189704061417e-05   0
0.109362943382345   -0.0166260070321263   0.00175907470429749   0
0.102596608993636   -0.0371464672236782   -0.00676633438870915   0
0.0972210087471839   0.0108370904027145   -0.00537560024645202   0
0.0989709923637224   -0.0151140024532001   0.00174998361653857   0
0.117617430451794   0.0762436692597396   0.0186464380880711   0
0.116873900729857   -0.0403186631916888   -0.000743529721936434   0
0.0998290501455488   -0.0429410493010913   -0.0170448505843083   0
0.0925844290888727   -0.000485251671153111   -0.0072446210566761   0
0.117256898479791   0.0833922998512069   0.0246724693909182   0
0.113452330582077   -0.00860648270600617   -0.00380456789771345   0
0.112061386758832   -0.0471621105753627   -0.00139094382324562   0
0.108324256235307   0.00739972921096452   -0.00373713052352465   0
0.1069301890344   -0.0207919486902328   -0.00139406720090729   0
0.121149804300017   0.0528922277592589   0.0142196152656174   0
0.119542319196854   -0.0631573470863256   -0.00160748510316348   0
0.110573248641997   -0.0122743254701082   -0.00896907055485641   0
0.109656395018496   -0.00127616352523449   -0.000916853623501176   0
0.119757241046888   0.0572391158861244   0.010100846028392   0
0.115172431210956   0.0374644935887926   -0.00458480983593181   0
0.118287383142392   -0.0891818855617803   0.00311495193143546   0
0.124634849737724   0.0173090421262718   0.00634746659533192   0
0.124615530949206   -0.0104804423119159   -1.93187885179219e-05   0
0.132552572353991   0.0561729636577266   0.007937041404785   0
0.129842601063076   -0.0737726816771337   -0.00270997129091533   0
0.129804149003807   0.0218526471202748   -3.84520592687232e-05   0
0.125296305535329   -0.0113523601750445   -0.00450784346847793   0
0.133602986866771   0.0442794041327088   0.00830668133144175   0
0.137460135222325   0.0112135967113825   0.00385714835555478   0
0.133622451824741   -0.0612233638267478   -0.0038376833975845   0
0.13765326682522   0.00365715386926586   0.00403081500047908   0
0.126257823192883   -0.0110001952552224   -0.0113954436323374   0
0.13245326878205   0.0622730955989408   0.00619544558916738   0
0.137592867702409   -0.0613471887598149   0.00513959892035848   0
0.149018160392526   -0.00220525212679902   0.0114252926901171   0
0.160693959385076   0.0261750177682507   0.0116757989925505   0
0.164924009204573   0.0501703798246971   0.00423004981949662   0
0.169183196236365   -0.0425738247414517   0.00425918703179257   0
0.177162511028356   -0.0226709635774635   0.00797931479199107   0
0.186842078093968   -0.00450968184534334   0.00967956706561177   0
0.181675907077968   0.0576459590504909   -0.00516617101600006   0
0.180959561962169   -0.00725776575648263   -0.000716345115799322   0
0.185123873504446   -0.0498775542690884   0.00416431154227689   0
0.187708998548073   0.0117161264139096   0.00258512504362715   0
0.191759823101999   0.0162178096538825   0.00405082455392633   0
0.194165150726263   0.0501798225079036   0.00240532762426401   0
0.200706271320804   -0.0612522914398446   0.00654112059454037   0
0.207620455818598   0.0251342318625849   0.00691418449779471   0
0.207579859355647   0.00646229287580891   -4.05964629516808e-05   0
0.213493772249503   0.0310821561022926   0.00591391289385604   0
0.21583188579339   -0.0118029773686282   0.00233811354388727   0
0.213244844904279   -0.0558154918260548   -0.00258704088911088   0
0.210576254099085   0.0107517924940831   -0.0026685908051938   0
0.219045891328735   -0.018650439417512   0.00846963722964986   0
0.206044176960458   0.0297852644918349   -0.0130017143682771   0
0.2211717623095   -0.0214526330142958   0.0151275853490422   0
0.21740839503814   -0.0278515387249803   -0.00376336727135995   0
0.195198573003756   -0.00664517017368638   -0.0222098220343845   0
0.19435800291987   0.034088725985158   -0.000840570083885883   0
0.186103564805836   0.0167904640934825   -0.0082544381140337   0
0.189755695929799   -0.0422582950589454   0.00365213112396343   0
0.195613155112354   0.0150697524557914   0.00585745918255492   0
0.191246595632994   -0.0308258079744163   -0.00436655947936015   0
0.204092590478415   0.0791792593374506   0.0128459948454207   0
0.203466961507489   -0.0573160736825057   -0.000625628970925968   0
0.196708754538912   -0.00376855700585103   -0.00675820696857679   0
0.200747288517803   -0.0206476680656384   0.00403853397889073   0
0.198515893476574   0.0318337919597629   -0.00223139504122885   0
0.199493765614499   0.000541082112410413   0.000977872137924524   0
0.196480688950651   -0.0180066988740337   -0.00301307666384751   0
0.201494707483869   -0.0128679095437533   0.00501401853321809   0
0.209138728085935   0.0438134968865521   0.00764402060206545   0
0.204855493231424   0.00396245627303778   -0.00428323485451063   0
0.207777092842119   -0.039845225233566   0.00292159961069494   0
0.208834182661747   0.00749419801614884   0.00105708981962829   0
0.204661377235667   -0.00980431291848219   -0.0041728054260802   0
0.199723913655476   0.0839006004309894   -0.00493746358019109   0
0.213064439236701   -0.088521878158411   0.0133405255812254   0
0.208743766776765   0.0245972606549074   -0.00432067245993625   0
0.211993023754468   -0.0299422393115847   0.00324925697770301   0
0.211059600428741   0.0771255160473492   -0.000933423325726684   0
0.212152281655913   -0.0236998904493385   0.00109268122717193   0
0.211093098517508   -0.0307772403918019   -0.00105918313840497   0
0.220456782082362   0.00143514469377339   0.00936368356485348   0
0.218677918682414   -0.0288913054439634   -0.00177886339994782   0
0.217934187309495   0.0702021212682513   -0.000743731372919165   0
0.221253857844677   -0.0140809694819338   0.00331967053518201   0
0.215957443315599   -0.0299338952418672   -0.00529641452907828   0
0.224043275325326   -0.0130562094254939   0.00808583200972773   0
0.223691199594642   -0.0174543538393393   -0.00035207573068427   0
0.223667864986323   0.0955541656106766   -2.3334608319131e-05   0
0.221942634622868   -0.0486237677029338   -0.00172523036345471   0
0.223120979457003   -0.0114976663664527   0.00117834483413506   0
0.22771721360203   -0.0128312103671746   0.00459623414502655   0
0.218350580959474   0.0635111069890835   -0.00936663264255544   0
0.226989662968361   -0.0131095288773034   0.0086390820088863   0
0.230062165913851   -0.0287269898191918   0.00307250294549069   0
0.234487235266555   -0.0126060640159645   0.00442506935270315   0
0.235491746046438   -0.0171136787740687   0.00100451077988334   0
0.236496910907077   0.0920075915753197   0.00100516486063926   0
0.234435726475424   -0.0556245784929184   -0.00206118443165279   0
0.228370753059083   -0.0314010258610841   -0.00606497341634177   0
0.233288967224127   -0.00655074715900142   0.00491821416504479   0
0.240472584167697   0.0356750501956441   0.00718361694356937   0
0.241118424609822   0.0453274756150154   0.000645840442125456   0
0.235259553090204   -0.0828907627139901   -0.00585887151961823   0
0.235534892409601   0.00328604532324608   0.000275339319397383   0
0.227522722653233   -0.0165048653686547   -0.00801216975636831   0
0.217487025903271   0.0890271437449747   -0.0100356967499622   0
0.227198145252228   -0.0605495694582478   0.00971111934895719   0
0.225872932826158   -0.0175272670412496   -0.00132521242607023   0
0.221025335904761   0.000368317750939692   -0.00484759692139664   0
0.235561200399514   0.0697241066973065   0.0145358644947528   0
0.232311237309993   -0.0388359696813944   -0.00324996308952075   0
0.23290537701651   -0.00111166890755625   0.000594139706516422   0
0.236699692878994   -0.0177045443900687   0.00379431586248419   0
0.223169402893749   0.0427897664724882   -0.0135302899852448   0
0.225288351971179   -0.000161414545965965   0.00211894907743032   0
0.22885462907165   -0.0324484003598304   0.00356627710047058   0
0.230298281199752   -0.0221966657583423   0.00144365212810191   0
0.225286858973338   0.0100642915865691   -0.00501142222641429   0
0.228482759679483   0.0727267857428681   0.0031959007061457   0
0.219927603960718   -0.0888060244114234   -0.00855515571876511   0
0.230443510110938   0.0268534508977168   0.0105159061502199   0
0.228651759455733   -0.0268973786398726   -0.00179175065520476   0
0.231542843070262   0.00622273440863098   0.00289108361452872   0
0.231576373137373   0.0871852866564042   3.35300671113758e-05   0
0.230291613267744   -0.102792590219896   -0.00128475986962973   0
0.233836559040091   0.013259217308405   0.00354494577234743   0
0.22479312691497   -0.0111294700564719   -0.00904343212512065   0
0.234251157314256   0.068486312965274   0.00945803039928511   0
0.234705508022735   -0.0224630095358285   0.000454350708479156   0
0.2298344552788   -0.023531906929303   -0.00487105274393518   0
0.247623761416892   -0.00197797469090985   0.0177893061380928   0
0.246707535491465   -0.0296847091015439   -0.000916225925427228   0
0.23651823498583   0.138118841119486   -0.0101893005056346   0
0.236689136758006   -0.083714480745783   0.000170901772175408   0
0.240990657014857   -0.0333245687652068   0.00430152025685127   0
0.24434593493449   -0.0242380057973144   0.00335527791963283   0
0.23790389796061   0.045839251237155   -0.00644203697387957   0
0.25065863112778   0.0441756299029964   0.0127547331671697   0
0.245526687243083   -0.069461420300088   -0.00513194388469745   0
0.246832444800111   0.0248125193812923   0.00130575755702875   0
0.243998769337757   -0.0431047102111004   -0.00283367546235425   0
0.24819301343733   0.0719959886651518   0.00419424409957261   0
0.244279849487944   -0.0178887570677086   -0.00391316394938587   0
0.253812841026754   -0.044189746553844   0.00953299153881057   0
0.243459308318664   0.00747430962259667   -0.01035353270809   0
0.249343238538385   0.0596621829452006   0.00588393021972067   0
0.232695245684269   0.00407957015483892   -0.0166479928541157   0
0.243405929005689   -0.0723776484383598   0.0107106833214196   0
0.247755944794469   0.0280523479043155   0.00435001578878005   0
0.251591488288475   -0.000814503997238161   0.00383554349400628   0
0.254758680996527   0.0394947892282367   0.00316719270805127   0
0.244144736749479   -0.0656730650902911   -0.0106139442470474   0
0.249010103764385   0.0248756275700055   0.00486536701490622   0
0.242271513864223   -0.0176454718570134   -0.0067385899001623   0
0.244905052912471   0.0964202986440906   0.00263353904824737   0
0.246606247549231   -0.060568164883974   0.00170119463676027   0
0.253981994119293   0.0198593035636282   0.00737574657006199   0
0.254538744252835   -0.00761707961884331   0.00055675013354195   0
0.249167814683317   0.0281980396383569   -0.00537092956951737   0
0.262136312548433   -0.0253034454529997   0.0129684978651161   0
0.263656887774793   0.00891294397086152   0.00152057522635995   0
0.24918714130687   -0.0201405836406875   -0.0144697464679234   0
0.260383820693433   0.0350381446845288   0.0111966793865633   0
0.257614267823567   0.0591984817943969   -0.00276955286986635   0
0.25697840802155   -0.067878532764879   -0.000635859802017358   0
0.263551250975024   0.0104793558951156   0.00657284295347427   0
0.268767802028238   -0.00512476377513071   0.00521655105321395   0
0.259407602547559   0.0472899190089495   -0.00936019948067845   0
0.267275322170234   -0.0418887231223328   0.00786771962267485   0
0.268803687571897   0.00785793183750974   0.00152836540166279   0
0.281430696333485   -0.0116213008979848   0.0126270087615876   0
0.269584693374554   0.0287765444176805   -0.0118460029589302   0
0.267652302133757   -0.0090505751534016   -0.0019323912407973   0
0.266297786674054   -0.0314378316966598   -0.00135451545970305   0
0.259226408264962   -0.00432254500949469   -0.0070713784090925   0
0.258225780952445   0.0640138320740256   -0.00100062731251671   0
0.257478442952687   -0.0348170231844067   -0.000747337999758013   0
0.251247927417322   -0.0170883337382135   -0.00623051553536458   0
0.260453661852257   -0.0151024357400628   0.00920573443493511   0
0.251121648910443   -6.12266465153388e-05   -0.00933201294181396   0
0.257848938418098   0.0831715387196117   0.00672728950765444   0
0.254785286994878   -0.079100558647727   -0.00306365142321946   0
0.248286785107967   0.00629011929912784   -0.00649850188691092   0
0.253314155773518   -0.0180376693186837   0.00502737066555026   0
0.24798244928384   0.0574665793236503   -0.00533170648967721   0
0.24798853659557   -0.00501713911373669   6.0873117297966e-06   0
0.252484572993084   -0.0288482880530573   0.00449603639751381   0
0.268658089359878   -0.0037629778800693   0.0161735163667935   0
0.259690982664512   -0.000964425636847399   -0.00896710669536538   0
0.253068283557645   0.0522356592090128   -0.00662269910686747   0
0.259177182535544   -0.0859122882133253   0.0061088989778989   0
0.259455035109169   0.00540542851781171   0.000277852573625115   0
0.26269374627168   -0.0162037517122045   0.00323871116251162   0
0.27598178793944   0.00454821121602067   0.0132880416677595   0
