0.0170475105415611   0.01262725   0   0   0
0.0187245977095611   0.00277352   0.00167708716799995   -0.00985373   0
0.000648489   0   -0.0180761087095611   -0.00277352   0
0.0210981012311316   0.00999416482953928   0.0204496122311317   0.00999416482953928   0
0.0483544927743855   0   0.0272563915432539   -0.00999416482953928   0
0.104271542669369   0.0120563   0.0559170498949833   0.0120563   0
0.0356790442500917   0   -0.0685924984192771   -0.0120563   0
0.0545259374883183   0.0162077   0.0188468932382267   0.0162077   0
0.0372006733440404   0.0163402   -0.0173252641442779   0.000132500000000004   0
0.0172507490935901   0.00698855   -0.0199499242504503   -0.00935165   0
0.057313918804745   0.003840195   0.0400631697111549   -0.003148355   0
0.104199194352836   0.0281018748769544   0.0468852755480906   0.0242616798769544   0
0.0511805375238244   0.0201512366701929   -0.0530186568290111   -0.00795063820676153   0
0.0194752029232971   0.00400739449189246   -0.0317053346005273   -0.0161438421783004   0
0.0171889965972944   0.0042274382031261   -0.00228620632600265   0.00022004371123364   0
0.0605802368381183   0.00580468486232026   0.0433912402408238   0.00157724665919417   0
0.102845580403565   0.0188593190021704   0.0422653435654465   0.0130546341398501   0
0.0445995083348113   0.00927504715723457   -0.0582460720687535   -0.00958427184493582   0
0.0344133614614208   0.00594879808290296   -0.0101861468733905   -0.0033262490743316   0
0.0210314349297427   0.00488512748670454   -0.0133819265316781   -0.00106367059619842   0
0.0261124043173527   0.0132295019280773   0.00508096938761004   0.00834437444137272   0
0.027151690992115   0.00782870785747878   0.00103928667476232   -0.00540079407059848   0
0.0219359354421917   0.00523668648323298   -0.00521575554992336   -0.0025920213742458   0
0.0639401029103019   0.0085788228979068   0.0420041674681103   0.00334213641467382   0
0.112574076726478   0.0194410509396489   0.0486339738161758   0.0108622280417421   0
0.0720278782150696   0.0217910297612165   -0.0405461985114081   0.0023499788215676   0
0.0418097296701378   0.0191258329289374   -0.0302181485449318   -0.00266519683227917   0
0.0429874804975309   0.0147286604067758   0.00117775082739312   -0.00439717252216157   0
0.0281910456401479   0.00610993639267628   -0.014796434857383   -0.00861872401409952   0
0.0762851150401571   0.00400739449189246   0.0480940694000092   -0.00210254190078382   0
0.0990699134816827   0.00992106858861484   0.0227847984415256   0.00591367409672238   0
0.0372523487138731   0.00456161915324482   -0.0618175647678097   -0.00535944943537001   0
0.0299957852454307   0.00400739449189246   -0.00725656346844233   -0.000554224661352364   0
0.0246028589822403   0.0215781907244473   -0.00539292626319048   0.0175707962325549   0
0.0756300924873823   0.00737781530658806   0.051027233505142   -0.0142003754178593   0
0.0923856115655463   0.0195388866882974   0.016755519078164   0.0121610713817093   0
0.0467604715951411   0.0159901247277812   -0.0456251399704052   -0.00354876196051618   0
0.0355694260673405   0.0145745883268834   -0.0111910455278007   -0.00141553640089784   0
0.0247345347045381   0.0271959254100224   -0.0108348913628024   0.012621337083139   0
0.0202014201708419   0.0133924289932083   -0.00453311453369616   -0.0138034964168141   0
0.0704340383352829   0.00932768446832466   0.050232618164441   -0.00406474452488359   0
0.117648268373487   0.00880189572482684   0.047214230038204   -0.000525788743497818   0
0.0551275615115525   0.0140842314949201   -0.0625207068619344   0.00528233577009329   0
0.049150813086357   0.0162261007220042   -0.00597674842519548   0.00214186922708407   0
0.0406232825273882   0.0127243141661201   -0.00852753055896881   -0.00350178655588408   0
0.0282384790056565   0.009991467433857   -0.0123848035217317   -0.00273284673226311   0
0.0573583594759299   0.00853055846076328   0.0291198804702735   -0.00146090897309372   0
0.0952666082408206   0.0143544878607671   0.0379082487648907   0.00582392940000383   0
0.0515000870474992   0.0179502591686722   -0.0437665211933214   0.00359577130790508   0
0.0499508887708717   0.0175874027340516   -0.0015491982766275   -0.000362856434620612   0
0.0392378117521862   0.0174483784333244   -0.0107130770186856   -0.000139024300727181   0
0.0336639054485661   0.0250361756282784   -0.00557390630362005   0.00758779719495398   0
0.0771023015788958   0.00836504122814257   0.0434383961303297   -0.0166711344001358   0
0.120472565646831   0.00972423034690273   0.0433702640679352   0.00135918911876016   0
0.089445340913284   0.0101066839129175   -0.031027224733547   0.00038245356601475   0
0.0660126421850391   0.0209545639766138   -0.0234326987282449   0.0108478800636963   0
0.0459730796808306   0.0259108306991613   -0.0200395625042085   0.00495626672254753   0
0.0332100340746603   0.0258742479623858   -0.0127630456061703   -3.65827367755228e-05   0
0.0549652282726089   0.0252567398918586   0.0217551941979485   -0.000617508070527219   0
0.118696354103106   0.00729484683619883   0.0637311258304975   -0.0179618930556597   0
0.0867315934693373   0.0196789250978045   -0.031964760633769   0.0123840782616057   0
0.0667744682894593   0.0425144306176444   -0.0199571251798781   0.0228355055198399   0
0.058496731449287   0.0293112787239183   -0.00827773684017229   -0.0132031518937261   0
0.0639556770319101   0.029435481209556   0.00545894558262317   0.000124202485637725   0
0.10198564380039   0.0296851303383529   0.0380299667684797   0.000249649128796891   0
0.0876687742832646   0.0164896668222777   -0.0143168695171252   -0.0131954635160752   0
0.0696012049595408   0.026884710204222   -0.0180675693237239   0.0103950433819444   0
0.0511445153288688   0.0147093731195452   -0.0184566896306719   -0.0121753370846768   0
0.0391572121139912   0.0270142559995593   -0.0119873032148776   0.012304882880014   0
0.0887698456945719   0.0303175257114594   0.0496126335805807   0.00330326971190009   0
0.136610682207871   0.0318485026770883   0.0478408365132994   0.00153097696562892   0
0.0922474026488551   0.0259176593778258   -0.0443632795590162   -0.00593084329926252   0
0.0940150892232731   0.0446337909266623   0.00176768657441796   0.0187161315488365   0
0.0966955459703289   0.0497326945061797   0.00268045674705589   0.00509890357951745   0
0.0998532143823623   0.0446164182447168   0.00315766841203331   -0.00511627626146292   0
0.132330600850786   0.0447068146146927   0.0324773864684235   9.03963699758689e-05   0
0.111590624047229   0.0287517819506026   -0.0207399768035569   -0.01595503266409   0
0.0970000864982604   0.0329616602325338   -0.0145905375489686   0.00420987828193116   0
0.0832051155557403   0.0305297856945066   -0.0137949709425201   -0.0024318745380272   0
0.0998611880432713   0.0422065617823224   0.016656072487531   0.0116767760878158   0
0.136972524720471   0.0378060626954527   0.0371113366771995   -0.00440049908686974   0
0.117415834994859   0.0288357567040107   -0.0195566897256117   -0.00897030599144196   0
0.101065756033733   0.0427174709116481   -0.0163500789611264   0.0138817142076373   0
0.0891827355946205   0.0449887408381808   -0.0118830204391123   0.00227126992653275   0
0.101702713921753   0.0404011702838853   0.0125199783271328   -0.00458757055429549   0
0.140973594709967   0.0399833952537175   0.0392708807882135   -0.000417775030167829   0
0.118924686836081   0.0410549092602212   -0.0220489078738856   0.00107151400650374   0
0.103525092709401   0.0471471301568293   -0.0153995941266806   0.00609222089660803   0
0.0955148232835092   0.0407639509818111   -0.00801026942589141   -0.00638317917501816   0
0.119243534397872   0.0442469707360289   0.0237287111143624   0.0034830197542178   0
0.150350226880042   0.049087664745942   0.03110669248217   0.0048406940099131   0
0.110355115957951   0.049812462766084   -0.0399951109220903   0.000724798020141929   0
0.102541955773186   0.0415294205031505   -0.00781316018476555   -0.00828304226293342   0
0.0963622288821715   0.0430356864757029   -0.00617972689101436   0.00150626597255239   0
0.10078854475202   0.0575305273603067   0.0044263158698488   0.0144948408846038   0
0.136250878689484   0.0645484925723676   0.0354623339374634   0.00701796521206091   0
0.144604447723471   0.0423827031918388   0.00835356903398712   -0.0221657893805289   0
0.11405568341569   0.0609764828023682   -0.0305487643077813   0.0185937796105294   0
0.102863976721299   0.0552650667511358   -0.0111917066943903   -0.00571141605123233   0
0.10822417587032   0.0541839641859333   0.00536019914902094   -0.00108110256520256   0
0.15381591760039   0.0499562021480316   0.0455917417300699   -0.00422776203790164   0
0.154674033685037   0.0508780348835576   0.000858116084647031   0.000921832735525922   0
0.123750531645646   0.059631105216552   -0.0309235020393913   0.00875307033299448   0
0.118909550267251   0.048296561494712   -0.00484098137839441   -0.01133454372184   0
0.105927532388657   0.0441017924140561   -0.0129820178785944   -0.00419476908065588   0
0.131312627428463   0.0536140904669192   0.0253850950398062   0.00951229805286308   0
0.173172970840256   0.0499036241243559   0.0418603434117923   -0.00371046634256331   0
0.146506127707922   0.048995431273334   -0.0266668431323334   -0.000908192851021873   0
0.135614758229405   0.049020697348008   -0.0108913694785171   2.52660746739714e-05   0
0.121325090111856   0.0457992341853551   -0.014289668117549   -0.00322146316265291   0
0.11310286330792   0.0441710797970233   -0.00822222680393625   -0.00162815438833182   0
0.144487759384669   0.0491468633065733   0.0313848960767495   0.00497578350955   0
0.155843926274109   0.0479294966851116   0.0113561668894399   -0.00121736662146168   0
0.122218692772014   0.0427485116041544   -0.0336252335020951   -0.00518098508095721   0
0.110156700713166   0.0482616551992884   -0.0120619920588483   0.00551314359513399   0
0.107084922939321   0.0509374046008923   -0.00307177777384447   0.00267574940160387   0
0.122388609286853   0.0561199459993949   0.0153036863475318   0.00518254139850265   0
0.163131274412634   0.0622695218691546   0.0407426651257805   0.00614957586975971   0
0.144532178916738   0.0642365886380163   -0.0185990954958956   0.00196706676886169   0
0.131505658179297   0.0569965993028751   -0.0130265207374415   -0.00723998933514123   0
0.0988854148345447   0.0575517029188972   -0.0326202433447519   0.000555103616022123   0
0.0751621371862855   0.245456625233406   -0.0237232776482592   0.187904922314508   0
0.24151948948383   0.201227286103202   0.166357352297545   -0.0442293391302034   0
0.243671248444723   0.21567278848712   0.00215175896089284   0.0144455023839178   0
0.18386303392344   0.135625436060014   -0.059808214521283   -0.0800473524271061   0
0.133495123854057   0.0980489300964192   -0.0503679100693832   -0.0375765059635946   0
0.129354252112174   0.0749220654924335   -0.00414087174188246   -0.0231268646039857   0
0.121012194475691   0.0791772081279708   -0.00834205763648371   0.00425514263553725   0
0.122980470460665   0.0926971772909106   0.00196827598497383   0.0135199691629398   0
0.122051227097395   0.0881177151213222   -0.000929243363269119   -0.00457946216958832   0
0.152174362536204   0.0949100790831775   0.0301231354388084   0.00679236396185523   0
0.197265815479114   0.0961608774266983   0.0450914529429106   0.00125079834352088   0
0.159793189992847   0.0996209359523012   -0.0374726254862677   0.00346005852560288   0
0.149875986362492   0.0935103217623595   -0.00991720363035434   -0.00611061418994174   0
0.161492717584292   0.0902083158491638   0.0116167312218   -0.00330200591319565   0
0.186440629759288   0.088721075578833   0.0249479121749959   -0.00148724027033079   0
0.158718571964027   0.0763228848952266   -0.0277220577952613   -0.0123981906836065   0
0.151198756941914   0.0812194444185012   -0.00751981502211288   0.00489655952327459   0
0.153774679895529   0.0724213649413969   0.00257592295361528   -0.0087980794771042   0
0.159143826015705   0.0775642728342921   0.00536914612017547   0.00514290789289512   0
0.209433822557413   0.0754585726195838   0.0502899965417083   -0.00210570021470829   0
0.1904521370433   0.0745346313038442   -0.0189816855141129   -0.000923941315739529   0
0.165043728068049   0.0798571112952378   -0.0254084089752515   0.00532247999139358   0
0.16234859538259   0.079186607593172   -0.00269513268545846   -0.000670503702065867   0
0.15743378716543   0.0776821448520347   -0.00491480821715995   -0.00150446274113726   0
0.17383486069359   0.0688419249291266   0.0164010735281602   -0.00884021992290812   0
0.209091693094153   0.0650570178985327   0.0352568324005628   -0.00378490703059391   0
0.200388366761567   0.0690073816658225   -0.00870332633258603   0.00395036376728987   0
0.173396282286443   0.0585871814928189   -0.0269920844751238   -0.0104202001730037   0
0.170814475586702   0.0522062057336539   -0.00258180669974151   -0.00638097575916497   0
0.170154889596194   0.0602050252798095   -0.000659585990508166   0.00799881954615557   0
0.158247116772231   0.0551552096597411   -0.0119077728239629   -0.00504981562006837   0
0.204767604677815   0.0572798526244578   0.0465204879055842   0.00212464296471664   0
0.218451696337405   0.0642296220041002   0.0136840916595903   0.00694976937964249   0
0.189656402067001   0.0626657058775771   -0.0287952942704043   -0.00156391612652315   0
0.176241550294617   0.0660971897379533   -0.0134148517723842   0.00343148386037621   0
0.171073807599644   0.0669217805494968   -0.00516774269497305   0.000824590811543444   0
0.190392893647435   0.0751521190921786   0.0193190860477913   0.00823033854268188   0
0.233961588640016   0.0741596343064237   0.0435686949925806   -0.000992484785754894   0
0.191831223173523   0.07456522623814   -0.0421303654664928   0.000405591931716257   0
0.191015248941963   0.0743008809716614   -0.000815974231560296   -0.000264345266478547   0
0.180442446248354   0.0693976620597193   -0.0105728026936091   -0.00490321891194218   0
0.179844078240013   0.0673407199595831   -0.000598368008340427   -0.00205694210013613   0
0.218663608357769   0.0728602335940189   0.0388195301177563   0.00551951363443576   0
0.2127316158943   0.0770124985481253   -0.00593199246346948   0.00415226495410641   0
0.178313512697187   0.0722122826018884   -0.0344181031971126   -0.00480021594623688   0
0.172976083907574   0.064230879383868   -0.0053374287896136   -0.00798140321802042   0
0.160650241514073   0.0627741858941635   -0.0123258423935007   -0.00145669348970448   0
0.156216305675924   0.0643142264486637   -0.00443393583814941   0.00154004055450022   0
0.19039286675632   0.0679139441978045   0.0341765610803968   0.00359971774914074   0
0.20947396342973   0.0709257476698871   0.0190810966734099   0.00301180347208266   0
0.17791358501755   0.0764844814116236   -0.0315603784121806   0.00555873374173649   0
0.159039267190968   0.0720179907340173   -0.0188743178265821   -0.00446649067760635   0
0.151869591660246   0.0716633720164108   -0.0071696755307212   -0.000354618717606434   0
0.18554172709234   0.077496751497095   0.0336721354320936   0.00583337948068417   0
0.225976488216009   0.0824590032760068   0.0404347611236688   0.00496225177891178   0
0.186649395991629   0.0762918361853351   -0.0393270922243797   -0.00616716709067174   0
0.17901160316013   0.0825481572761773   -0.00763779283149879   0.0062563210908422   0
0.170103683628662   0.0848566683951532   -0.00890791953146816   0.00230851111897597   0
0.194254930887665   0.0821982321379998   0.024151247259003   -0.00265843625715347   0
0.20982141440761   0.0947098913096726   0.0155664835199447   0.0125116591716729   0
0.176818548813324   0.0910374126355341   -0.0330028655942856   -0.00367247867413854   0
0.17215334974705   0.0890572953569218   -0.0046651990662748   -0.00198011727861232   0
0.170185421559839   0.0841802497968051   -0.001967928187211   -0.00487704556011667   0
0.185230234303393   0.0821251952109248   0.0150448127435547   -0.00205505458588033   0
0.205504341276869   0.0909043657744451   0.020274106973476   0.00877917056352032   0
0.170868078674046   0.0877388958889528   -0.0346362626028233   -0.00316546988549227   0
0.168451743639447   0.0896416837233103   -0.00241633503459904   0.0019027878343575   0
0.152370636306376   0.0875749842063931   -0.0160811073330707   -0.00206669951691722   0
0.152518740978347   0.0911111630852663   0.000148104671970378   0.00353617887887324   0
0.188876371861881   0.0940583007541067   0.0363576308835345   0.00294713766884042   0
0.195368290679655   0.0882621900574646   0.00649191881777339   -0.00579611069664215   0
0.165899318214753   0.0852418674332045   -0.0294689724649012   -0.00302032262426014   0
0.166927604119271   0.0902418975781344   0.00102828590451742   0.00500003014492995   0
0.166011934501469   0.0918896195681128   -0.000915669617801873   0.00164772198997841   0
0.15636588486409   0.0900614234145786   -0.00964604963737847   -0.00182819615353425   0
0.197422933821504   0.09559324868049   0.0410570489574137   0.00553182526591142   0
0.198280687506096   0.0970631657941558   0.000857753684591595   0.00146991711366579   0
0.177957666224414   0.0882305726770807   -0.0203230212816816   -0.00883259311707504   0
0.170652366688364   0.0845820512665069   -0.00730529953604969   -0.00364852141057381   0
0.163749314240763   0.0702228922483616   -0.00690305244760192   -0.0143591590181453   0
0.1701634247292   0.0975763344401321   0.00641411048843712   0.0273534421917705   0
0.205294595328299   0.100380587925268   0.0351311705990992   0.00280425348513615   0
0.203659787368764   0.0944042433647515   -0.00163480795953527   -0.00597634456051674   0
0.183319946116646   0.0958716372487192   -0.0203398412521176   0.00146739388396774   0
0.181276784607434   0.0863844068043533   -0.0020431615092121   -0.00948723044436592   0
0.172456042712049   0.0928830940618367   -0.00882074189538509   0.00649868725748337   0
0.16811868923118   0.0938083112056176   -0.00433735348086906   0.000925217143780924   0
0.184150543292112   0.0959639863333636   0.0160318540609325   0.00215567512774603   0
0.201102804792872   0.100584352885886   0.0169522615007598   0.00462036655252268   0
0.179175869914897   0.094294286893937   -0.0219269348779753   -0.00629006599194928   0
0.165263083252129   0.0924447909664796   -0.0139127866627681   -0.00184949592745744   0
0.162488452413333   0.0924979073092257   -0.00277463083879556   5.31163427460873e-05   0
0.160532794408868   0.0939711848239129   -0.00195565800446473   0.00147327751468723   0
0.160906935783048   0.0881470495668238   0.000374141374179821   -0.00582413525708908   0
0.194363508784963   0.106940375777767   0.0334565730019151   0.0187933262109431   0
0.204170530430055   0.107067170609558   0.00980702164509167   0.000126794831790566   0
0.178298897782488   0.0986301182962   -0.0258716326475673   -0.00843705231335755   0
0.177224947108724   0.101603412976435   -0.00107395067376376   0.00297329468023504   0
0.173709020411722   0.101696264089309   -0.00351592669700207   9.285111287409e-05   0
0.197275359950907   0.1143130689638   0.0235663395391853   0.0126168048744909   0
0.225513074945606   0.131327335516725   0.0282377149946988   0.0170142665529251   0
0.208466119775277   0.122967738779235   -0.0170469551703293   -0.00835959673748995   0
0.189766050941258   0.110983305615484   -0.018700068834019   -0.0119844331637508   0
0.18463142590388   0.118309722569682   -0.00513462503737747   0.00732641695419807   0
0.179465396157309   0.115269446777637   -0.00516602974657082   -0.00304027579204537   0
0.212335574650703   0.136814165997358   0.0328701784933932   0.0215447192197205   0
0.218798204319894   0.146796944518611   0.0064626296691912   0.00998277852125298   0
0.194666598409023   0.138699246836455   -0.0241316059108704   -0.00809769768215504   0
0.181559358403609   0.13697569909619   -0.0131072400054149   -0.0017235477402654   0
0.192049850480051   0.1497157252913   0.0104904920764426   0.0127400261951099   0
0.212745113155062   0.149303860510203   0.0206952626750105   -0.000411864781097449   0
0.172618714656465   0.144718441292912   -0.040126398498597   -0.00458541921729055   0
0.183295398294256   0.145497873347001   0.0106766836377914   0.00077943205408923   0
0.191195241696152   0.145144778178548   0.0078998434018959   -0.000353095168452833   0
0.239191435946712   0.151350846196842   0.0479961942505599   0.00620606801829326   0
0.215599052569834   0.146173753555486   -0.023592383376878   -0.00517709264135544   0
0.198977656066102   0.146357849562297   -0.0166213965037318   0.000184096006810963   0
0.199802841682119   0.143956927982817   0.000825185616017188   -0.00240092157948002   0
0.184536164220025   0.139087412501096   -0.0152666774620944   -0.00486951548172124   0
0.190880632758512   0.136707094707078   0.0063444685384873   -0.00238031779401787   0
0.236690706776803   0.149454403235569   0.0458100740182907   0.0127473085284908   0
0.266175784791273   0.147748544299936   0.02948507801447   -0.0017058589356333   0
0.23994683874967   0.153077914366345   -0.0262289460416032   0.00532937006640932   0
0.225643552423308   0.140712288057049   -0.014303286326362   -0.0123656263092956   0
0.210642306848577   0.146489172645967   -0.0150012455747308   0.00577688458891801   0
0.226260612262143   0.155084139093106   0.0156183054135666   0.00859496644713922   0
0.24984033618141   0.161600489829858   0.0235797239192667   0.00651635073675141   0
0.219668765543147   0.156941832656242   -0.0301715706382633   -0.00465865717361547   0
0.209093627152742   0.144844749363758   -0.0105751383904046   -0.012097083292484   0
0.20460498995198   0.144684971304901   -0.00448863720076187   -0.000159778058857557   0
0.2150467932238   0.147459667486571   0.0104418032718201   0.00277469618166981   0
0.257972184605647   0.160586490309739   0.0429253913818465   0.0131268228231686   0
0.237643391188573   0.158178694159485   -0.0203287934170744   -0.00240779615025399   0
0.236154942386159   0.150863262023927   -0.00148844880241369   -0.00731543213555849   0
0.224597235228954   0.161900021275477   -0.011557707157205   0.0110367592515505   0
0.216021870405313   0.156158980744785   -0.00857536482364044   -0.00574104053069271   0
0.205389199459684   0.139437796032855   -0.010632670945629   -0.0167211847119298   0
0.203560220990841   0.155870130185357   -0.00182897846884345   0.0164323341525018   0
0.207899629249212   0.15457066423565   0.00433940825837159   -0.00129946594970667   0
0.201065164232296   0.151107476894759   -0.00683446501691687   -0.00346318734089129   0
0.254064539000228   0.162712477593914   0.0529993747679324   0.0116050006991555   0
0.279829685158669   0.168718989190607   0.0257651461584413   0.00600651159669241   0
0.236310260763281   0.160637882042966   -0.0435194243953881   -0.00808110714764007   0
0.230446529543428   0.158851928006871   -0.00586373121985334   -0.00178595403609585   0
0.210361733923473   0.159819048114579   -0.020084795619955   0.000967120107708053   0
0.237520936879594   0.167698738028943   0.027159202956121   0.00787968991436422   0
0.258210293972103   0.169263184736817   0.0206893570925095   0.00156444670787462   0
0.237234990880013   0.162756990989635   -0.02097530309209   -0.00650619374718289   0
0.222056866180715   0.151508484957939   -0.0151781246992983   -0.0112485060316957   0
0.208024585644197   0.151685136511459   -0.0140322805365177   0.00017665155352023   0
0.202020262400186   0.151525096239864   -0.00600432324401132   -0.000160040271595302   0
0.259917503701571   0.157293117793659   0.0578972413013848   0.00576802155379549   0
0.248299672876917   0.166144700307443   -0.0116178308246536   0.00885158251378354   0
0.215555172668739   0.165223618935066   -0.032744500208178   -0.000921081372376592   0
0.193420969479139   0.147983075202031   -0.0221342031896003   -0.0172405437330352   0
0.21675698639308   0.162575101711486   0.0233360169139413   0.0145920265094548   0
0.249596422207551   0.164519501161716   0.0328394358144705   0.00194439945023045   0
0.207287175171934   0.150608203033567   -0.042309247035617   -0.0139112981281499   0
0.208870301011154   0.144738589296359   0.00158312583921991   -0.00586961373720785   0
0.203744200526935   0.151871717864947   -0.00512610048421855   0.00713312856858808   0
0.200326229872076   0.152342221195406   -0.0034179706548588   0.000470503330459199   0
0.227040760633764   0.153205317039749   0.0267145307616872   0.000863095844342993   0
0.246645269194951   0.160147287029003   0.0196045085611876   0.00694196998925445   0
0.226182111120862   0.160448446144704   -0.0204631580740892   0.000301159115700667   0
0.214012722725916   0.16323802259584   -0.0121693883949456   0.00278957645113603   0
0.209447693315276   0.157357134192416   -0.00456502941064021   -0.00588088840342418   0
0.202005116296494   0.15485756143873   -0.0074425770187824   -0.00249957275368606   0
0.210614563553924   0.162926765967106   0.00860944725743046   0.00806920452837576   0
0.249110279812367   0.169635186132624   0.0384957162584423   0.0067084201655184   0
0.25247679897294   0.168418932575884   0.00336651916057368   -0.00121625355674052   0
0.226255292420664   0.160061704824265   -0.0262215065522766   -0.00835722775161893   0
0.207991190456735   0.15853754966411   -0.0182641019639282   -0.00152415516015506   0
0.194755568023741   0.153987319663828   -0.0132356224329945   -0.00455023000028135   0
0.20797445873665   0.156811395715522   0.0132188907129089   0.00282407605169371   0
0.226123299670091   0.161666511492022   0.0181488409334416   0.00485511577649989   0
0.204083415695739   0.162236745992546   -0.022039883974352   0.000570234500524569   0
0.196331115759474   0.15549619476775   -0.00775229993626542   -0.00674055122479647   0
0.166712715161292   0.145004199529703   -0.0296184005981823   -0.0104919952380466   0
0.16842237277562   0.134970447218086   0.00170965761432851   -0.0100337523116177   0
0.187009875222955   0.137758604225834   0.0185875024473349   0.00278815700774859   0
0.20061787991393   0.142628625929369   0.0136080046909748   0.00487002170353534   0
0.172681612116105   0.156730499952147   -0.027936267797825   0.0141018740227777   0
0.174115212712847   0.150013052496741   0.00143360059674225   -0.00671744745540609   0
0.169627584269069   0.159191897103433   -0.00448762844377842   0.00917884460669194   0
0.162439371168514   0.151333357597193   -0.00718821310055426   -0.00785853950623966   0
0.207692979985458   0.148720508187338   0.0452536088169439   -0.00261284940985559   0
0.207880996353298   0.16278754931889   0.000188016367839938   0.0140670411315521   0
0.188689483814785   0.156629919174148   -0.0191915125385133   -0.0061576301447423   0
0.174280381886889   0.158910682455586   -0.0144091019278956   0.00228076328143817   0
0.169251792522265   0.150813958464137   -0.00502858936462391   -0.00809672399144853   0
0.16963924646617   0.149106185531495   0.000387453943904575   -0.00170777293264257   0
0.205818180176704   0.141211613911534   0.0361789337105335   -0.00789457161996113   0
0.198613191054774   0.14710233362272   -0.00720498912192996   0.00589071971118643   0
0.170169163039635   0.150884293905131   -0.0284440280151382   0.00378196028241123   0
0.168638114383908   0.150738538365517   -0.00153104865572751   -0.000145755539613962   0
0.166062379693325   0.152568710515951   -0.00257573469058303   0.0018301721504336   0
0.200046660298641   0.144741947470317   0.0339842806053165   -0.00782676304563382   0
0.194633511508065   0.155269719553588   -0.0054131487905765   0.0105277720832715   0
0.171145071112814   0.149597333367778   -0.0234884403952513   -0.00567238618581078   0
0.181242555207352   0.154708905633297   0.0100974840945384   0.00511157226551964   0
0.172240249296615   0.154671182513906   -0.00900230591073711   -3.77231193913752e-05   0
0.211962409693828   0.158088260514499   0.0397221603972137   0.00341707800059274   0
0.22903036896665   0.165921886426264   0.0170679592728219   0.0078336259117652   0
0.200894112242843   0.154798258386521   -0.0281362567238073   -0.0111236280397432   0
0.175429724058524   0.168317674287343   -0.0254643881843186   0.0135194159008221   0
0.175012252373255   0.16780743884137   -0.000417471685269094   -0.000510235445973117   0
0.195418415691169   0.163367240296976   0.0204061633179134   -0.00444019854439329   0
0.220653867060063   0.16292661907589   0.0252354513688944   -0.000440621221086818   0
0.196689078053892   0.159275373473899   -0.0239647890061711   -0.00365124560199054   0
0.18619662284867   0.158756789020974   -0.0104924552052216   -0.00051858445292513   0
0.187608548053893   0.158915527578333   0.00141192520522296   0.000158738557359428   0
0.172398844283394   0.155228089137598   -0.0152097037704991   -0.00368743844073552   0
0.217629560859704   0.158128618489033   0.0452307165763098   0.00290052935143478   0
0.217589632321947   0.164334653004289   -3.99285377571668e-05   0.00620603451525628   0
0.182570881854391   0.157267373009312   -0.0350187504675558   -0.00706727999497708   0
0.166960787556959   0.154703824550332   -0.015610094297432   -0.00256354845897944   0
0.16673036489701   0.160600429016395   -0.000230422659949325   0.00589660446606227   0
0.186616960479348   0.155617931711773   0.019886595582338   -0.00498249730462172   0
0.218894411303167   0.161173738859654   0.0322774508238192   0.00555580714788134   0
0.174619239348046   0.158580813883647   -0.0442751719551213   -0.00259292497600686   0
0.176868594579026   0.150179593705337   0.00224935523098088   -0.00840122017831066   0
0.162846603577846   0.156048453489613   -0.0140219910011808   0.00586885978427659   0
0.156195886446603   0.157456569612068   -0.00665071713124288   0.00140811612245467   0
0.207234297319373   0.145385875239825   0.0510384108727706   -0.0120706943722428   0
0.214072626203445   0.142136386011816   0.00683832888407196   -0.00324948922800905   0
0.174684325536094   0.158303534973954   -0.0393883006673514   0.0161671489621383   0
0.167783979730635   0.168857402728079   -0.00690034580545923   0.0105538677541241   0
0.157000575025985   0.169640730472733   -0.0107834047046494   0.000783327744654672   0
0.202878710737327   0.171270901194781   0.0458781357113418   0.00163017072204805   0
0.222376795700811   0.181726335585469   0.0194980849634835   0.0104554343906878   0
0.184296008961697   0.17226752918955   -0.0380807867391132   -0.00945880639591887   0
0.187411131076172   0.16730121998755   0.00311512211447443   -0.00496630920200042   0
0.167173643254671   0.172750827118346   -0.0202374878215007   0.00544960713079584   0
0.223684583971395   0.176258143826952   0.0565109407167241   0.00350731670860646   0
0.223889588362679   0.199800528820972   0.000205004391284264   0.0235423849940198   0
0.18071125117604   0.199421455013428   -0.0431783371866389   -0.000379073807544317   0
0.184900526638082   0.195728501159521   0.00418927546204134   -0.00369295385390681   0
0.194983128083534   0.280890587320352   0.0100826014454526   0.0851620861608317   0
0.203827024028439   0.290067664145028   0.00884389594490495   0.00917707682467517   0
0.239485626564435   0.337299125344997   0.0356586025359955   0.0472314611999695   0
0.223582451841038   0.308162154409817   -0.0159031747233971   -0.0291369709351798   0
0.215777678602051   0.278742131765634   -0.00780477323898687   -0.0294200226441833   0
0.224666119784359   0.272946047235168   0.00888844118230814   -0.00579608453046598   0
0.227392904823875   0.274849872188964   0.00272678503951615   0.00190382495379637   0
0.258633553062939   0.289025854125976   0.0312406482390636   0.0141759819370118   0
0.242240146486106   0.285828950858726   -0.016393406576833   -0.00319690326724997   0
0.240257064236954   0.298538293128788   -0.0019830822491515   0.0127093422700617   0
0.230976054584539   0.298003198875402   -0.00928100965241518   -0.000535094253385604   0
0.219288719466483   0.295116091147619   -0.0116873351180559   -0.00288710772778278   0
0.267879324396714   0.296886659381152   0.0485906049302309   0.00177056823353239   0
0.264141282544484   0.296664446920254   -0.0037380418522302   -0.000222212460898152   0
0.237457105896644   0.30142644390506   -0.02668417664784   0.00476199698480589   0
0.231150443213267   0.292635409557268   -0.00630666268337646   -0.00879103434779149   0
0.22147930709897   0.27714226138193   -0.00967113611429718   -0.0154931481753381   0
