0.00222429   0   0   0   0
0.176933313558883   0.0125458780724986   0.174709023558883   0.0125458780724986   0
0.0860234369744083   0.0265522557717795   -0.090909876584475   0.014006377699281   0
0.156390716868542   0.01904615   0.0703672798941335   -0.00750610577177954   0
0.161514491181923   0.003297065   0.00512377431338157   -0.015749085   0
0.0101020939708013   0.017032102870829   -0.151412397211122   0.013735037870829   0
0.0514099595604782   0.0127102135442717   0.0413078655896769   -0.00432188932655721   0
0.0659018517081823   0.010912672637924   0.0144918921477042   -0.00179754090634774   0
0.0413643979297221   0.0192631336319561   -0.0245374537784602   0.00835046099403214   0
0.111650462925014   0.0198378065027267   0.0702860649952922   0.000574672870770537   0
0.0854561774025143   0.0241980834700313   -0.0261942855225   0.00436027696730457   0
0.0177161749594826   0.0254382903297883   -0.0677400024430317   0.00124020685975703   0
0.16036526430652   0.0361593058553396   0.142649089347037   0.0107210155255514   0
0.104032803591704   0.0391875835169126   -0.0563324607148163   0.00302827766157296   0
0.178551965474571   0.0465206341787437   0.0745191618828676   0.00733305066183113   0
0.04792172150591   0.0500450869904579   -0.130630243968661   0.00352445281171417   0
0.16741678208519   0.0599621952430446   0.11949506057928   0.00991710825258669   0
0.0947766369075206   0.0663914032580273   -0.0726401451776694   0.00642920801498271   0
0.131348374931021   0.0640411314274467   0.0365717380235002   -0.00235027183058062   0
0.0869245262361343   0.0589945001677911   -0.0444238486948865   -0.00504663125965562   0
0.164285001722921   0.0852079204934025   0.0773604754867862   0.0262134203256114   0
0.0846614793721938   0.0893314955489384   -0.0796235223507267   0.0041235750555359   0
0.111450595309097   0.0810570315879505   0.0267891159369031   -0.00827446396098791   0
0.0632409196137509   0.0593970375201491   -0.0482096756953461   -0.0216599940678014   0
0.113850406484869   0.0844238563947567   0.0506094868711185   0.0250268188746076   0
0.131208783766827   0.0941802671317086   0.0173583772819577   0.00975641073695195   0
0.161871777182514   0.0852089341012578   0.0306629934156873   -0.00897133303045081   0
0.1049300799419   0.0830008610295393   -0.0569416972406141   -0.00220807307171851   0
0.196647573722637   0.0866609740379284   0.0917174937807368   0.00366011300838912   0
0.244150318529405   0.106085559134408   0.0475027448067681   0.0194245850964797   0
0.294722380771973   0.132235878680636   0.0505720622425681   0.0261503195462283   0
0.235611932910411   0.108735161455069   -0.0591104478615622   -0.0235007172255671   0
0.230450506662494   0.106800428371203   -0.00516142624791743   -0.00193473308386616   0
0.22534581433488   0.109627154238457   -0.00510469232761407   0.00282672586725405   0
0.158094478101197   0.100592174548086   -0.0672513362336821   -0.00903497969037176   0
0.0799770759294187   0.100016876515216   -0.0781174021717788   -0.00057529803286932   0
0.243065500733362   0.102752594114893   0.163088424803943   0.00273571759967708   0
0.140420497911558   0.122972808053244   -0.102645002821804   0.0202202139383508   0
0.0900566099851643   0.112427165874456   -0.0503638879263942   -0.0105456421787878   0
0.101245363465593   0.098698327683705   0.0111887534804285   -0.0137288381907513   0
0.14925997056418   0.10708260071983   0.0480146070985876   0.00838427303612488   0
0.183370432171629   0.106973536401532   0.0341104616074486   -0.000109064318297339   0
0.15426772483086   0.113425562636912   -0.0291027073407688   0.0064520262353793   0
0.176676449114261   0.120487385689333   0.0224087242834009   0.00706182305242084   0
0.215298328563322   0.115737928563846   0.0386218794490605   -0.00474945712548629   0
0.166065995718148   0.117287593301679   -0.0492323328451735   0.00154966473783241   0
0.194455578292036   0.127121523544402   0.0283895825738874   0.00983393024272342   0
0.172698690117499   0.102299801314861   -0.0217568881745364   -0.0248217222295413   0
0.153836969069759   0.10273686263933   -0.0188617210477402   0.000437061324468871   0
0.210659912014602   0.0979318986869064   0.0568229429448434   -0.0048049639524233   0
0.149679843745776   0.106396852529821   -0.0609800682688261   0.00846495384291472   0
0.179322582467017   0.106094167051504   0.0296427387212404   -0.000302685478316828   0
0.174430768813876   0.104079284714827   -0.00489181365314029   -0.00201488233667739   0
0.185626952741244   0.122151047295961   0.0111961839273675   0.0180717625811337   0
0.212422854064811   0.123188632758871   0.0267959013235671   0.00103758546291047   0
0.204354004386726   0.118435051452262   -0.00806884967808505   -0.00475358130660883   0
0.211709486198918   0.127803123105423   0.00735548181219242   0.00936807165316116   0
0.215842964586317   0.125939939604162   0.00413347838739841   -0.00186318350126127   0
0.239942030828281   0.132192815395732   0.0240990662419647   0.00625287579156961   0
0.210984664925771   0.119449359872458   -0.0289573659025102   -0.0127434555232736   0
0.228055985661876   0.138753719872658   0.0170713207361051   0.0193043600001997   0
0.206957997422786   0.135287344565188   -0.0210979882390902   -0.00346637530746946   0
0.191888605996422   0.127232285118597   -0.0150693914263644   -0.00805505944659121   0
0.166152030644377   0.131330510135688   -0.0257365753520448   0.00409822501709065   0
0.196920657879157   0.144673208386176   0.0307686272347799   0.0133426982504885   0
0.175244915520109   0.146835266157351   -0.0216757423590483   0.00216205777117431   0
0.169042010365264   0.132890924221709   -0.00620290515484467   -0.0139443419356416   0
0.215683351265321   0.13705663440071   0.0466413409000574   0.00416571017900141   0
0.185881727552334   0.151116569716891   -0.0298016237129876   0.0140599353161806   0
0.208226476194455   0.134465977942201   0.0223447486421215   -0.01665059177469   0
0.185595388413533   0.13063502127014   -0.0226310877809226   -0.00383095667206082   0
0.253616554895062   0.145525662584817   0.0680211664815295   0.0148906413146768   0
0.246116246105961   0.151346288951034   -0.00750030878910093   0.00582062636621741   0
0.230631569907504   0.148545983181976   -0.0154846761984568   -0.00280030576905807   0
0.214012383862733   0.139649936719185   -0.0166191860447708   -0.00889604646279088   0
0.204848344828558   0.141439055436432   -0.00916403903417501   0.00178911871724624   0
0.278418984340149   0.148834069155889   0.0735706395115903   0.00739501371945744   0
0.221779927908817   0.15151529768723   -0.056639056431332   0.00268122853134112   0
0.212549674748304   0.147743174197795   -0.00923025316051237   -0.00377212348943526   0
0.214020685480259   0.14442140457897   0.00147101073195469   -0.00332176961882513   0
0.25733642260232   0.150710721479097   0.0433157371220612   0.00628931690012727   0
0.226830944612943   0.143803293933936   -0.0305054779893774   -0.00690742754516113   0
0.207843727598622   0.130637568367602   -0.0189872170143214   -0.0131657255663336   0
0.253785838743792   0.138336331997419   0.0459421111451705   0.00769876362981609   0
0.240008151119832   0.145622719334072   -0.0137776876239603   0.00728638733665377   0
0.247803676940033   0.156086866740126   0.00779552582020077   0.0104641474060541   0
0.219812638169419   0.138872410925497   -0.0279910387706133   -0.0172144558146298   0
0.260074526082986   0.153788585490764   0.0402618879135672   0.0149161745652673   0
0.310125734275632   0.156033696920729   0.0500512081926457   0.00224511142996534   0
0.2761504683889   0.161175307234553   -0.0339752658867321   0.0051416103138236   0
0.259390429085192   0.161105967928721   -0.0167600393037081   -6.93393058320835e-05   0
0.241698937128424   0.141833597564223   -0.0176914919567677   -0.0192723703644976   0
0.266363020033487   0.149141817962803   0.0246640829050631   0.00730822039858034   0
0.235482482009512   0.153029616840172   -0.0308805380239757   0.00388779887736901   0
0.223126695128777   0.147529758937172   -0.0123557868807352   -0.00549985790300075   0
0.323204084264107   0.156513652248774   0.10007738913533   0.00898389331160179   0
0.372754306137434   0.16105241250832   0.0495502218733271   0.00453876025954628   0
0.30628197909371   0.159091270490401   -0.0664723270437239   -0.00196114201791858   0
0.300095384519656   0.1599595935655   -0.00618659457405463   0.000868323075098931   0
0.276471776912219   0.147531640192104   -0.0236236076074363   -0.0124279533733959   0
0.27905727405   0.158090192974612   0.00258549713778083   0.0105585527825076   0
0.301171413180003   0.162895053563636   0.0221141391300027   0.00480486058902466   0
0.283744780935333   0.163920449878134   -0.01742663224467   0.00102539631449799   0
0.268864024829002   0.156732826415687   -0.0148807561063312   -0.00718762346244706   0
0.33449117432901   0.170831087219218   0.0656271495000081   0.0140982608035304   0
0.336234515798126   0.170778095235455   0.00174334146911587   -5.29919837632398e-05   0
0.307825224063916   0.168351224605733   -0.0284092917342098   -0.00242687062972147   0
0.289006256067235   0.157077879351295   -0.0188189679966812   -0.0112733452544381   0
0.303926039257185   0.163769008596712   0.0149197831899505   0.00669112924541718   0
0.351176250311948   0.160162323776536   0.047250211054763   -0.00360668482017604   0
0.312872162139747   0.162876295470673   -0.0383040881722013   0.00271397169413687   0
0.287962244708382   0.153061070188504   -0.0249099174313649   -0.00981522528216955   0
0.361094901660215   0.147976320353123   0.0731326569518326   -0.00508474983538079   0
0.321688494274269   0.151536125110483   -0.0394064073859455   0.00355980475736045   0
0.285621562424828   0.141777145675185   -0.0360669318494408   -0.0097589794352986   0
0.286354556008735   0.148498879441058   0.000732993583907326   0.00672173376587384   0
0.330606615914503   0.144936312006343   0.044252059905768   -0.00356256743471542   0
0.319101772351706   0.118853312220821   -0.0115048435627975   -0.0260829997855218   0
0.264617591578867   0.0929984807634646   -0.0544841807728391   -0.0258548314573565   0
0.242802240617421   0.124345561104177   -0.0218153509614459   0.0313470803407119   0
0.275097329470935   0.123447848844198   0.0322950888535137   -0.000897712259978381   0
0.387081178226222   0.127651851900403   0.111983848755287   0.00420400305620516   0
0.361519456397923   0.130615168604033   -0.0255617218282984   0.00296331670362981   0
0.338766218792547   0.133755283855592   -0.022753237605376   0.00314011525155891   0
0.321326131312099   0.134690276175045   -0.0174400874804488   0.000934992319453348   0
0.293206754917072   0.127943605007402   -0.0281193763950264   -0.00674667116764377   0
0.34460671392618   0.130169121418061   0.0513999590091078   0.00222551641065974   0
0.392003061914062   0.132252116804269   0.0473963479878822   0.0020829953862076   0
0.332075466497075   0.150466634489311   -0.0599275954169871   0.0182145176850423   0
0.332014745377732   0.152400020237244   -6.07211193432988e-05   0.00193338574793314   0
0.31677008452979   0.134027989862948   -0.0152446608479422   -0.0183720303742964   0
0.397685108843668   0.136384205845334   0.0809150243138784   0.0023562159823862   0
0.346742083971877   0.149744419295979   -0.0509430248717912   0.0133602134506449   0
0.335018985914231   0.159198235789228   -0.0117230980576453   0.0094538164932485   0
0.343694859648846   0.15635701829228   0.0086758737346147   -0.00284121749694718   0
0.374585699708745   0.149118055080832   0.0308908400598988   -0.00723896321144857   0
0.365456288454529   0.139689032277055   -0.00912941125421574   -0.00942902280377725   0
0.370477406721719   0.120322707867883   0.00502111826718987   -0.0193663244091712   0
0.326547617110032   0.0937462773727688   -0.0439297896116871   -0.0265764304951146   0
0.317044392126339   0.126310479476789   -0.00950322498369266   0.0325642021040205   0
0.301139948295954   0.136826035098624   -0.0159044438303851   0.0105155556218351   0
0.409439890305036   0.142857682434836   0.108299942009082   0.00603164733621173   0
0.337706515029485   0.159986016243483   -0.0717333752755508   0.0171283338086468   0
0.314968954793961   0.158077733117887   -0.0227375602355248   -0.00190828312559571   0
0.302571732660207   0.160694116820993   -0.0123972221337532   0.0026163837031056   0
0.379895382331768   0.155939471952493   0.0773236496715603   -0.00475464486849939   0
0.389695660189025   0.155572392322071   0.00980027785725729   -0.00036707963042204   0
0.352048162073032   0.161814334830571   -0.0376474981159928   0.00624194250849913   0
0.349197081181959   0.160793761626104   -0.00285108089107278   -0.00102057320446611   0
0.34897450050561   0.159819519297089   -0.000222580676349338   -0.000974242329015801   0
0.399392489393579   0.159726907223462   0.0504179888879688   -9.2612073626458e-05   0
0.345223538152036   0.169222140903872   -0.0541689512415433   0.00949523368041008   0
0.325234384700081   0.168993861848559   -0.0199891534519551   -0.000228279055312836   0
0.316079786811511   0.165615649194332   -0.00915459788856993   -0.00337821265422758   0
0.407023608089261   0.168737969193929   0.09094382127775   0.00312231999959683   0
0.334338225212867   0.168184469223474   -0.0726853828763933   -0.000553499970454896   0
0.323000372969816   0.173249305253127   -0.0113378522430517   0.00506483602965332   0
0.397640263180177   0.180216342041697   0.0746398902103609   0.00696703678857008   0
0.390108781576229   0.174121613993471   -0.00753148160394745   -0.00609472804822647   0
0.381786731371063   0.184907359122592   -0.00832205020516635   0.0107857451291213   0
0.384515906590352   0.1962325696156   0.00272917521928889   0.0113252104930078   0
0.398398197444517   0.175596678490483   0.0138822908541649   -0.020635891125117   0
0.432783985603673   0.171568424375499   0.0343857881591563   -0.00402825411498411   0
0.698329730546394   0.261480086600629   0.265545744942722   0.0899116622251304   0
1.12443772564469   0.312937197668494   0.426107995098294   0.0514571110678647   0
0.863053663439702   0.234048715198759   -0.261384062204987   -0.0788884824697344   0
0.81496401681608   0.194995599558682   -0.0480896466236216   -0.0390531156400771   0
0.693131512157686   0.218682127547503   -0.121832504658394   0.0236865279888209   0
0.529442561327714   0.233310022424568   -0.163688950829972   0.0146278948770649   0
0.480992441216502   0.247589242461809   -0.0484501201112121   0.0142792200372409   0
0.422255614936024   0.242947002068373   -0.0587368262804776   -0.00464224039343619   0
0.39220406218447   0.216158822098683   -0.0300515527515538   -0.0267881799696901   0
0.455288590018463   0.214398581580365   0.0630845278339925   -0.00176024051831761   0
0.626058551997335   0.251171600011173   0.170769961978872   0.0367730184308074   0
0.554746691509738   0.256883011322669   -0.0713118604875974   0.00571141131149638   0
0.514035293627286   0.271725018734846   -0.0407113978824518   0.0148420074121772   0
0.50938856516514   0.272183189056217   -0.00464672846214587   0.000458170321371076   0
0.501877066746429   0.27344498775522   -0.00751149841871057   0.00126179869900289   0
0.576725294242103   0.277270985157431   0.0748482274956733   0.00382599740221123   0
0.626182645147764   0.280238922920943   0.0494573509056609   0.00296793776351123   0
0.594252546209615   0.282923488402169   -0.0319300989381491   0.00268456548122681   0
0.590935317534407   0.29633369379806   -0.00331722867520801   0.0134102053958908   0
0.5799662804819   0.298521797640729   -0.0109690370525065   0.00218810384266904   0
0.662450902194268   0.289685619242175   0.0824846217123683   -0.008836178398554   0
0.755494164213729   0.292841580989743   0.0930432620194602   0.00315596174756827   0
0.71212635531765   0.28716864901298   -0.0433678088960784   -0.00567293197676372   0
0.665332368674642   0.305109881592616   -0.0467939866430078   0.017941232579636   0
0.586779571248011   0.280078532232609   -0.0785527974266309   -0.0250313493600069   0
0.551264570922166   0.247949469734909   -0.0355150003258452   -0.0321290624977   0
0.660026345700844   0.241470694484341   0.108761774778678   -0.00647877525056784   0
0.634550203009155   0.267116312629798   -0.0254761426916889   0.0256456181454569   0
0.611457331322767   0.278389439429412   -0.0230928716863882   0.0112731267996144   0
0.555293235858542   0.268637650054069   -0.0561640954642252   -0.00975178937534332   0
0.666648259072954   0.263527993287696   0.111355023214412   -0.00510965676637298   0
0.76803333759805   0.244278896866517   0.101385078525096   -0.019249096421179   0
0.652273225844423   0.263935237985235   -0.115760111753627   0.0196563411187176   0
0.606598148220954   0.286317236994863   -0.0456750776234697   0.0223819990096282   0
0.6292848673591   0.287604685314652   0.0226867191381463   0.00128744831978905   0
0.743963166078805   0.26436106828391   0.114678298719705   -0.0232436170307422   0
0.661815240249905   0.262404267398493   -0.0821479258288998   -0.00195680088541644   0
0.650401171834922   0.264237674085003   -0.0114140684149833   0.00183340668651011   0
0.730580464346837   0.255671551032394   0.0801792925119149   -0.00856612305260956   0
0.728793238221239   0.234049300546429   -0.00178722612559767   -0.0216222504859652   0
0.618303039404918   0.245246479008206   -0.110490198816321   0.0111971784617775   0
0.545151315759065   0.250435095036498   -0.0731517236458532   0.00518861602829221   0
0.615638877141535   0.242062716248992   0.0704875613824698   -0.00837237878750643   0
0.721155903866841   0.230308887469573   0.105517026725306   -0.0117538287794189   0
0.641589033606373   0.261452005979797   -0.0795668702604675   0.0311431185102242   0
0.601114800851718   0.258801300685091   -0.0404742327546558   -0.00265070529470607   0
0.608548334377977   0.270105546741126   0.00743353352625942   0.0113042460560346   0
0.707453518087231   0.265397747358677   0.0989051837092541   -0.00470779938244914   0
0.724407993529889   0.258838725023131   0.0169544754426582   -0.00655902233554556   0
0.648654545007009   0.275777983775956   -0.0757534485228801   0.0169392587528251   0
0.603694566489413   0.277448888236572   -0.0449599785175963   0.00167090446061602   0
0.694118076155635   0.278526151454565   0.0904235096662223   0.0010772632179929   0
0.701737292317431   0.265806439547883   0.00761921616179628   -0.012719711906682   0
0.597320733198045   0.275018232444796   -0.104416559119386   0.00921179289691304   0
0.646262070666351   0.268537247197087   0.0489413374683063   -0.0064809852477089   0
0.712949746135027   0.251224790211205   0.066687675468676   -0.0173124569858822   0
0.614696836987665   0.27380724910106   -0.0982529091473622   0.022582458889855   0
0.580626556042186   0.255556756887521   -0.0340702809454788   -0.0182504922135389   0
0.680626963340419   0.238730913912505   0.100000407298233   -0.0168258429750159   0
0.631217855916038   0.255939727291608   -0.0494091074243809   0.0172088133791024   0
0.566549439834689   0.243182834870314   -0.064668416081349   -0.0127568924212934   0
0.526846011696966   0.227217329087049   -0.0397034281377228   -0.0159655057832648   0
0.633333198972705   0.269050335471734   0.106487187275739   0.0418330063846844   0
0.496230735775446   0.235744739377197   -0.13710246319726   -0.0333055960945368   0
0.488647483179848   0.241239799991528   -0.00758325259559739   0.00549506061433122   0
0.575699338686653   0.242758053575036   0.0870518555068052   0.00151825358350774   0
0.626683409512331   0.244077186517754   0.0509840708256776   0.00131913294271813   0
0.498234180875178   0.206689798435578   -0.128449228637153   -0.0373873880821757   0
0.510712657471116   0.24340379287791   0.0124784765959381   0.0367139944423316   0
0.600336274212953   0.25331530607717   0.0896236167418366   0.00991151319925962   0
0.484833883603694   0.21292140418159   -0.115502390609259   -0.0403939018955796   0
0.472897043587714   0.224839832350437   -0.0119368400159799   0.0119184281688468   0
0.565061514596641   0.265191398196307   0.0921644710089273   0.0403515658458707   0
0.659474359115652   0.253486830563759   0.094412844519011   -0.0117045676325482   0
0.56859023147592   0.252236819264104   -0.0908841276397322   -0.00125001129965485   0
0.573401800454803   0.249509586481366   0.00481156897888346   -0.00272723278273793   0
0.638437629174605   0.223404700838014   0.0650358287198014   -0.0261048856433525   0
0.664217364339416   0.234420969407837   0.025779735164811   0.0110162685698229   0
0.561064879868594   0.234958458080764   -0.103152484470822   0.000537488672926856   0
0.517915439470576   0.219301116790505   -0.0431494403980179   -0.0156573412902592   0
0.517430061131589   0.247296316129906   -0.000485378338987208   0.0279951993394017   0
0.623761342406693   0.242757411880956   0.106331281275104   -0.00453890424895043   0
0.627202375453059   0.237784959542146   0.00344103304636578   -0.00497245233880983   0
0.527329209622424   0.230523238474107   -0.0998731658306353   -0.00726172106803896   0
0.498852949083194   0.238625738530046   -0.0284762605392294   0.00810250005593927   0
0.503712679592454   0.237100137965613   0.00485973050925947   -0.00152560056443374   0
0.62875521501217   0.255192676040874   0.125042535419716   0.0180925380752615   0
0.607138027969596   0.263273151120296   -0.0216171870425739   0.00808047507942156   0
0.51707178555191   0.24104546452182   -0.0900662424176865   -0.0222276865984755   0
0.490876852118737   0.241091555931269   -0.026194933433173   4.6091409448501e-05   0
0.518328873631414   0.253104409858086   0.0274520215126771   0.0120128539268175   0
0.572547272636941   0.270192851317355   0.0542183990055277   0.0170884414592693   0
0.491403781966612   0.235013557985391   -0.0811434906703289   -0.0351792933319649   0
0.53033047616787   0.249367759938915   0.0389266942012578   0.0143542019535248   0
0.618602137427604   0.256890542600253   0.0882716612597335   0.00752278266133785   0
0.582215813289617   0.253527154509576   -0.0363863241379869   -0.00336338809067704   0
0.519522187696551   0.24971944121854   -0.0626936255930662   -0.00380771329103585   0
0.439688517950389   0.22411104292449   -0.0798336697461612   -0.0256083982940505   0
0.481187156948946   0.207002225061526   0.0414986389985569   -0.0171088178629641   0
0.612049729353751   0.237056337064784   0.130862572404805   0.0300541120032584   0
0.658712865834037   0.243887384912489   0.046663136480286   0.00683104784770486   0
0.594461823445577   0.259927464517224   -0.0642510423884605   0.0160400796047347   0
0.56775336842682   0.265950373771593   -0.026708455018757   0.00602290925436938   0
0.595055234399242   0.26200776266983   0.0273018659724223   -0.00394261110176286   0
0.629625051651378   0.247808965295346   0.0345698172521356   -0.0141987973744841   0
0.545736664443294   0.256756936967631   -0.0838883872080831   0.00894797167228498   0
0.549421987186907   0.255165247967371   0.00368532274361266   -0.0015916890002598   0
0.664254678997446   0.258050474254282   0.114832691810539   0.00288522628691107   0
0.6414132455695   0.246590855712154   -0.0228414334279458   -0.011459618542128   0
0.548988846539536   0.25073513928945   -0.0924243990299645   0.00414428357729596   0
0.497002855468658   0.202340627087771   -0.0519859910708776   -0.048394512201679   0
0.523443516395074   0.214924577152661   0.0264406609264157   0.0125839500648895   0
0.626933920764382   0.242603275616509   0.103490404369308   0.0276786984638486   0
0.5743012818911   0.246399470162783   -0.0526326388732822   0.00379619454627328   0
0.54574118966686   0.22377612580043   -0.0285600922242392   -0.0226233443623523   0
0.524893440496272   0.234907348548848   -0.0208477491705888   0.0111312227484178   0
0.659675032202978   0.234699883180094   0.134781591706706   -0.000207465368753629   0
0.624809189262322   0.245479544828607   -0.0348658429406561   0.0107796616485124   0
0.575954708013651   0.261109001474001   -0.0488544812486709   0.0156294566453944   0
0.529031506340596   0.218555347274438   -0.0469232016730551   -0.0425536541995637   0
0.589837222863427   0.244270630407137   0.0608057165228311   0.0257152831326992   0
0.644375868264788   0.248091549038863   0.0545386454013614   0.00382091863172615   0
0.61325970179799   0.25008203659134   -0.031116166466798   0.00199048755247749   0
0.587808369009833   0.253429655286728   -0.0254513327881574   0.00334761869538808   0
0.577095714467618   0.23903892721741   -0.0107126545422155   -0.0143907280693189   0
0.650123723205822   0.230109673793281   0.0730280087382043   -0.00892925342412895   0
0.58381325222292   0.250355804864796   -0.066310470982902   0.0202461310715158   0
0.545092374707893   0.246412386339445   -0.0387208775150268   -0.00394341852535118   0
0.530418623186526   0.235395131800235   -0.0146737515213669   -0.0110172545392102   0
0.666977985006252   0.243200646522064   0.136559361819726   0.00780551472182917   0
0.607668614096236   0.250844150329941   -0.0593093709100161   0.00764350380787682   0
0.541518389632337   0.250847540128461   -0.0661502244638984   3.38979852032573e-06   0
0.523180840753071   0.258793513420449   -0.0183375488792666   0.00794597329198754   0
0.648855314563894   0.265129295595093   0.125674473810823   0.00633578217464381   0
0.626624866352469   0.257704804538546   -0.0222304482114247   -0.00742449105654702   0
0.556126159271437   0.264650451095402   -0.070498707081032   0.00694564655685687   0
0.549914282636085   0.257948152009275   -0.00621187663535228   -0.00670229908612757   0
0.621439621430602   0.268879085425959   0.0715253387945171   0.0109309334166838   0
0.554525622232995   0.262054046748471   -0.0669139991976073   -0.00682503867748735   0
0.531060782217667   0.254005664512133   -0.023464840015328   -0.00804838223633886   0
0.637573228787094   0.255419561221826   0.106512446569427   0.00141389670969322   0
0.660877280039948   0.239168615433234   0.0233040512528541   -0.0162509457885921   0
0.569304850873633   0.247459024590941   -0.0915724291663146   0.00829040915770748   0
0.52021474508322   0.246061191671401   -0.0490901057904131   -0.00139783291954002   0
0.602327876611253   0.239243736677159   0.0821131315280326   -0.00681745499424166   0
0.645344974656664   0.235946695053141   0.0430170980454109   -0.00329704162401828   0
0.526932015532364   0.237246246497705   -0.118412959124299   0.00129955144456423   0
0.505451575241388   0.240783058759332   -0.021480440290977   0.00353681226162678   0
0.629413461575934   0.235157130119416   0.123961886334547   -0.00562592863991607   0
0.703170031364392   0.227382121920348   0.0737565697884579   -0.0077750081990681   0
0.605732741593816   0.257403697708968   -0.0974372897705765   0.0300215757886204   0
0.562360667659679   0.260702029797909   -0.0433720739341364   0.00329833208894087   0
0.632128150948556   0.247527249071188   0.0697674832888766   -0.0131747807267212   0
0.657210545898344   0.251966894925702   0.0250823949497888   0.00443964585451431   0
0.627165578050239   0.264772070416236   -0.0300449678481058   0.0128051754905331   0
0.597620928698151   0.275575415044594   -0.029544649352088   0.010803344628358   0
0.659239547365751   0.254078228135549   0.0616186186676002   -0.0214971869090447   0
0.66360206003749   0.24546254684269   0.00436251267173882   -0.00861568129285833   0
0.586959765554889   0.278748767167229   -0.076642294482601   0.0332862203245384   0
0.533566859636166   0.2805547757061   -0.0533929059187227   0.00180600853887092   0
0.544738078287804   0.274986576926947   0.0111712186516383   -0.00556819877915238   0
0.641786525057203   0.259991552238241   0.0970484467693989   -0.0149950246887064   0
0.606762358932235   0.279216746815982   -0.0350241661249685   0.0192251945777407   0
0.537858252127491   0.258552196777556   -0.0689041068047433   -0.0206645500384258   0
0.529651823724086   0.254402510369395   -0.00820642840340569   -0.00414968640816116   0
0.636560520316018   0.267509602849131   0.106908696591933   0.0131070924797366   0
0.622149227132848   0.283558457805882   -0.0144112931831704   0.0160488549567503   0
0.594236125643039   0.279955844125909   -0.0279131014898086   -0.00360261367997322   0
0.631617267960875   0.260834441393387   0.037381142317836   -0.0191214027325219   0
0.723501636018883   0.255952348655956   0.0918843680580075   -0.00488209273743068   0
0.664108800393746   0.276917198998636   -0.0593928356251369   0.0209648503426798   0
0.615683888070818   0.28383313018832   -0.0484249123229276   0.0069159311896847   0
0.582346917359404   0.285067155021847   -0.0333369707114147   0.00123402483352708   0
0.610932049587808   0.290511011821411   0.0285851322284045   0.00544385679956361   0
0.549463406145086   0.287668039028496   -0.0614686434427218   -0.00284297279291551   0
0.478995631827682   0.288715378449954   -0.0704677743174046   0.00104733942145824   0
0.515219285174226   0.286542220260819   0.036223653346544   -0.00217315818913427   0
0.567263354185691   0.308334482908983   0.0520440690114649   0.0217922626481636   0
0.648853892897315   0.304222566900041   0.0815905387116244   -0.00411191600894195   0
0.821560997876603   0.20740799065429   0.172707104979288   -0.0968145762457513   0
0.643199169938371   0.176600389584862   -0.178361827938232   -0.0308076010694283   0
0.494492401796024   0.149916393946501   -0.148706768142348   -0.0266839956383605   0
0.473340964212902   0.186316651402424   -0.0211514375831213   0.0364002574559233   0
0.459127647394491   0.230640912976211   -0.0142133168184114   0.0443242615737864   0
0.386601606679654   0.222239998760912   -0.0725260407148368   -0.00840091421529907   0
0.296537255406919   0.215942612906184   -0.0900643512727355   -0.00629738585472769   0
0.258046259784946   0.211855384619438   -0.0384909956219723   -0.00408722828674596   0
0.262813439053257   0.214188028884669   0.00476717926831061   0.0023326442652315   0
0.487671675309321   0.220720757285082   0.224858236256064   0.00653272840041233   0
0.390021347054556   0.231049548664891   -0.0976503282547656   0.0103287913798095   0
0.368385221086569   0.239088882120227   -0.021636125967987   0.00803933345533606   0
0.388016122988465   0.244604746502393   0.0196309019018969   0.00551586438216572   0
0.425412784583914   0.247061991836563   0.037396661595449   0.00245724533417005   0
0.483490644468949   0.265067296815356   0.0580778598850349   0.0180053049787928   0
0.552640578410598   0.285466285416071   0.0691499339416484   0.0203989886007155   0
0.520358286196155   0.281273406093609   -0.0322822922144423   -0.00419287932246298   0
0.515987964090249   0.300225143869147   -0.00437032210590649   0.0189517377755385   0
0.609244514658113   0.312936771596116   0.0932565505678643   0.0127116277269695   0
0.602253170825991   0.331413218590478   -0.00699134383212241   0.0184764469943616   0
0.589364986514545   0.319477623224225   -0.0128881843114458   -0.0119355953662529   0
0.604123255488447   0.312413244082257   0.0147582689739024   -0.00706437914196806   0
0.541401317968621   0.314686315602141   -0.0627219375198264   0.00227307151988343   0
0.561129091193818   0.335247255510392   0.0197277732251968   0.0205609399082514   0
0.618703683380825   0.332668663281124   0.057574592187007   -0.00257859222926776   0
0.578246056208773   0.318705564967495   -0.0404576271720515   -0.0139630983136294   0
0.574048403590673   0.310152599343452   -0.00419765261810068   -0.00855296562404251   0
0.606713482314346   0.290573686945756   0.0326650787236731   -0.0195789123976966   0
0.585552222120658   0.295573769053091   -0.0211612601936881   0.00500008210733538   0
0.570448417434916   0.296631003895834   -0.0151038046857419   0.0010572348427425   0
0.530488669855446   0.287840852169215   -0.0399597475794702   -0.00879015172661829   0
0.608538303483027   0.29322018835041   0.0780496336275809   0.0053793361811949   0
0.525721929327321   0.301355338600049   -0.0828163741557059   0.00813515024963857   0
