0.0181995336702277   0   0   0
0.006991   0.0173300424788661   -0.0112085336702276   0
0.0163934   -0.036414406163613   0.0094024   0
0.00799502216376071   0.0650181621927919   -0.00839837783623929   0
0.0120342619293166   -0.00124149068369625   0.00403923976555594   0
0.0157010488777024   -0.0343705425749393   0.00366678694838576   0
0.00753196167548003   -0.00730152116286862   -0.00816908720222237   0
0.0065711   0.0252970594863347   -0.000960861675480033   0
0.00408162   -0.0486206551929968   -0.00248948   0
0.0157259666506236   0.031899760928966   0.0116443466506236   0
0.00878714388140424   -0.0237989994220766   -0.00693882276921934   0
0.0189076106603928   0.057690274273485   0.0101204667789886   0
0.00531585   -0.0590814586414046   -0.0135917606603928   0
0.00683046095813635   0.0305137442414205   0.00151461095813635   0
0.00429378   -0.00840873781305027   -0.00253668095813635   0
0.0226213   0.0400343579119887   0.01832752   0
0.0281794132931294   -0.0272052849964483   0.00555811329312943   0
0.0207844470059947   0.0297634274694516   -0.00739496628713478   0
0.0272738833529899   -0.0327528619210262   0.00648943634699526   0
0.0447482111635203   0.0534373595932325   0.0174743278105303   0
0.0391797330846255   -0.0606761616146995   -0.00556847807889473   0
0.0384732296779852   0.019432997687176   -0.000706503406640344   0
0.0411452357992393   -0.0153078066078139   0.00267200612125408   0
0.0619186222149686   0.0443881916011517   0.0207733864157293   0
0.0302302833309018   -0.0302197172810641   -0.0316883388840668   0
0.0367061663690857   0.0178903580016259   0.00647588303818391   0
0.0467817511484446   -0.0501414911367474   0.0100755847793589   0
0.0694132910955279   0.058400796467366   0.0226315399470833   0
0.0533102655055056   -0.0488937486688262   -0.0161030255900223   0
0.0435384174883803   0.0256744955046697   -0.00977184801712531   0
0.0462546496510948   -0.0349497150560747   0.0027162321627145   0
0.0658544400910258   0.0436251272551809   0.019599790439931   0
0.0544474566739577   -0.0401010092006261   -0.0114069834170681   0
0.0356504028409919   0.0362311575000522   -0.0187970538329658   0
0.0561221486048512   -0.00252073455131606   0.0204717457638593   0
0.0578326649563419   0.000626678974364622   0.00171051635149075   0
0.0445362248420317   0.00880678750288111   -0.0132964401143103   0
0.035137836461107   -0.0221326658049252   -0.00939838838092468   0
0.0615356125295142   0.0271614147855974   0.0263977760684072   0
0.0521850616432998   -0.0411781092791332   -0.00935055088621437   0
0.0475070139444693   0.0100842684946358   -0.00467804769883051   0
0.0440672701791817   -0.00915336869387418   -0.00343974376528756   0
0.063524675573355   0.044907236951451   0.0194574053941732   0
0.0548305301490648   -0.0604470457179685   -0.00869414542429019   0
0.0383329120437321   0.0585053055580371   -0.0164976181053327   0
0.0602412662143858   -0.03114165549137   0.0219083541706537   0
0.0755632192117468   0.0643123723578628   0.015321952997361   0
0.0532517133783271   -0.0665571753485327   -0.0223115058334197   0
0.0448649996250418   0.0511586966581992   -0.00838671375328528   0
0.0423837761213828   -0.0515646366264663   -0.00248122350365898   0
0.0762950132805874   0.0660171567410887   0.0339112371592045   0
0.0589151902400391   -0.0819506097151393   -0.0173798230405482   0
0.0489063392557907   0.0343827619914476   -0.0100088509842484   0
0.0516284228675204   -0.0193162179860353   0.00272208361172962   0
0.0710243555440843   0.0594085588403323   0.019395932676564   0
0.0527200271579976   -0.0364313495852949   -0.0183043283860868   0
0.0532081144355116   0.0365299676504783   0.000488087277514052   0
0.0681188638544603   -0.0167812991178369   0.0149107494189487   0
0.0722959836288642   0.00210702019262171   0.00417711977440391   0
0.0452961423490732   0.00852467678193339   -0.026999841279791   0
0.0518945583559828   -0.0413392951376673   0.00659841600690959   0
0.0700485460510959   0.0351387332641953   0.0181539876951131   0
0.0524785211536348   -0.0400365200260986   -0.017570024897461   0
0.0422576065594409   0.01851579394571   -0.010220914594194   0
0.0469270064662397   -0.00887159274604138   0.00466939990679881   0
0.061769660597052   0.0244346524902906   0.0148426541308123   0
0.0376670767908461   -0.0233507783407122   -0.0241025838062059   0
0.039563698870936   0.0216190660544893   0.00189662208008982   0
0.044948178967145   -0.0224108031006046   0.00538448009620908   0
0.0562951115048634   0.0261137394175961   0.0113469325377183   0
0.0474541337053739   -0.0500398280615543   -0.00884097779948949   0
0.0417204760262272   0.0274724759857438   -0.00573365767914665   0
0.0522081780020621   -0.00737532262029843   0.0104877019758349   0
0.0536799863849182   0.0129903561944213   0.00147180838285607   0
0.0413605845564651   -0.0328040735085754   -0.0123194018284531   0
0.0466469543542234   0.0370530749803315   0.00528636979775828   0
0.0549971501904871   -0.0225446705130971   0.00835019583626375   0
0.0597173743167347   0.0405395231941754   0.00472022412624752   0
0.0472774645412854   -0.036825552115162   -0.0124399097754492   0
0.0430520199517688   0.0407529794070217   -0.00422544458951661   0
0.0570286784917247   -0.020859434725068   0.0139766585399558   0
0.0628077225162241   0.015877294397531   0.00577904402449941   0
0.04323905427429   -0.0352778587166896   -0.019568668241934   0
0.0415464254290005   0.0269774626914797   -0.00169262884528953   0
0.0483273845486438   -0.0313745889656897   0.00678095911964333   0
0.0617941071912403   0.0388551011001446   0.0134667226425965   0
0.0397099604222291   -0.039814021021091   -0.0220841467690112   0
0.044535367416386   0.0367452136182432   0.00482540699415697   0
0.0515024038534853   -0.0103487375544662   0.00696703643709928   0
0.0537958920681914   -0.0202922802640595   0.00229348821470608   0
0.0547342819249052   0.0630200298594569   0.000938389856713767   0
0.0611810580636074   -0.0522412804959626   0.00644677613870223   0
0.066209025397864   0.00836868270187845   0.0050279673342566   0
0.0566220835719377   -0.0125463016118139   -0.00958694182592628   0
0.0542858832357787   0.025408008650195   -0.00233620033615901   0
0.0643836978078108   -0.0145814165905128   0.0100978145720321   0
0.0639421423550032   0.0290465699891222   -0.000441555452807565   0
0.0499830745029255   -0.0116417662775903   -0.0139590678520777   0
0.0448662921813804   -0.00807110058861298   -0.00511678232154504   0
0.0572888614228368   -0.00726445788414459   0.0124225692414564   0
0.0715446210984795   0.00280233702362326   0.0142557596756427   0
0.0456669902398497   0.00797832563267699   -0.0258776308586298   0
0.0472498994128559   -0.00148719664872528   0.00158290917300623   0
0.0676421773263546   0.0201986767815389   0.0203922779134987   0
0.0528643222472397   -0.0312223568802993   -0.0147778550791149   0
0.0497879178796673   0.00984963782013595   -0.00307640436757234   0
0.0541424121612622   -3.92280239864401e-05   0.00435449428159486   0
0.0616527605812586   0.00114571285717428   0.00751034841999645   0
0.0567571182730246   -0.0144103417771695   -0.00489564230823408   0
0.0548687079646498   0.0147203731463504   -0.00188841030837476   0
0.049975429291828   -0.014927397937565   -0.00489327867282181   0
0.0629953359580295   0.0330524071498658   0.0130199066662015   0
0.0527985892961791   -0.0300522551804717   -0.0101967466618503   0
0.0546770183665093   0.0292041203702523   0.00187842907033021   0
0.0542981562941137   -0.0150001503015911   -0.000378862072395625   0
0.0614879685190729   0.0155369691507249   0.00718981222495918   0
0.060202371772898   -0.0238109247255414   -0.00128559674617491   0
0.0507705975566814   0.00899616686567914   -0.00943177421621662   0
0.0582018651664403   0.000241587481072739   0.00743126760975897   0
0.0534169878886155   0.0342432212694477   -0.00478487727782479   0
0.0569966422058241   -0.0223148359250247   0.00357965431720854   0
0.0573202794477007   0.0230994233980307   0.000323637241876638   0
0.0569688010928923   -0.0163776880073695   -0.000351478354808421   0
0.0593923620781747   0.0409143864150345   0.00242356098528237   0
0.0578759895746284   -0.0325701996149863   -0.00151637250354623   0
0.0569231414619549   0.02064094983478   -0.000952848112673578   0
0.0586337498008186   0.00241086500890414   0.00171060833886378   0
0.0509557616945533   -0.0132132586361015   -0.00767798810626538   0
0.0580574763980058   -0.0103167199702466   0.00710171470345254   0
0.0493588280751022   0.00970624232219333   -0.00869864832290358   0
0.0546943830526728   -0.00314996783699334   0.00533555497757055   0
0.0334339728876812   0.0149181372987434   -0.0212604101649916   0
0.0366650056695499   -0.011424551420148   0.0032310327818687   0
0.0322951632575607   0.00383649427869617   -0.00436984241198915   0
0.0455631164809322   -0.00838101589070311   0.0132679532233715   0
0.0280766272009745   0.00620652354214898   -0.0174864892799578   0
0.0239805783871683   0.015208951654904   -0.00409604881380615   0
0.0370342902136993   -0.013273133418138   0.0130537118265309   0
0.0404272600772672   0.00846099917232868   0.00339296986356793   0
0.0429994315943246   -0.0390541798470284   0.00257217151705742   0
0.0256067412791124   0.0375628064386704   -0.0173926903152122   0
0.0319835605988842   0.0110925390778112   0.00637681931977181   0
0.0311847751745547   -0.0140707448898478   -0.000798785424329495   0
0.0333768209847792   0.00407892552577238   0.00219204581022451   0
0.0349802607107566   -0.00178228803618535   0.00160343972597733   0
0.0246798682955359   0.0185082575191657   -0.0103003924152206   0
0.030038817687494   -0.0301953934304768   0.00535894939195802   0
0.0315451897479235   0.0102451420174413   0.00150637206042957   0
0.0347970901094474   -0.0114953057260288   0.00325190036152383   0
0.0282581224805365   0.0265440354223828   -0.00653896762891091   0
0.027832466501157   -0.0285958930530203   -0.000425655979379484   0
0.0331481512404915   0.0179835936930926   0.00531568473933455   0
0.0291909528098176   -0.00943688908884263   -0.00395719843067389   0
0.0184085720320894   0.0240934020723627   -0.0107823807777282   0
0.0475170932005789   -0.0355424412892589   0.0291085211684895   0
0.0388401192465342   0.0151152797967385   -0.00867697395404465   0
0.0222834676401144   0.0141095033785823   -0.0165566516064199   0
0.0186967725279659   -0.016677677989779   -0.00358669511214849   0
0.033692701079351   0.0149793124450161   0.0149959285513851   0
0.041621566862175   -0.0118338790762736   0.00792886578282395   0
0.0235301651613944   0.00882102818748082   -0.0180914017007805   0
0.0254992084901669   -0.00883086611654141   0.00196904332877248   0
0.0278373310819302   -3.78911069925103e-05   0.00233812259176334   0
0.0465236913312454   -0.00305253397827948   0.0186863602493152   0
0.0258662561424146   0.0128240985257583   -0.0206574351888308   0
0.0267229569364526   -0.0151980703034267   0.000856700794038014   0
0.0414417532139387   -0.00235190610345498   0.0147187962774861   0
0.0365989120372792   0.0111091936868886   -0.00484284117665952   0
0.0229919681432827   0.016367592373627   -0.0136069438939965   0
0.0216452635827102   -0.030803317213375   -0.00134670456057248   0
0.040977723893385   0.0199324021271736   0.0193324603106749   0
0.0434009371967357   -0.00682138156588571   0.00242321330335069   0
0.0277194730092854   0.027545156431195   -0.0156814641874504   0
0.024935357545311   -0.0282101328972102   -0.00278411546397433   0
0.0421719670212631   0.00974716334095468   0.017236609475952   0
0.0349447211615002   0.00412890539132751   -0.00722724585976287   0
0.0171470118063914   0.0197818557650415   -0.0177977093551088   0
0.0332084938121635   -0.0411219976560534   0.0160614820057721   0
0.0476755047792889   0.0167395189016956   0.0144670109671254   0
0.036543678119341   -0.000416453995398303   -0.0111318266599479   0
0.0199516569914788   0.0224416381019773   -0.0165920211278622   0
0.0216962240462482   -0.0288956230602743   0.00174456705476943   0
0.0452529755393775   0.0281580796104794   0.0235567514931293   0
0.0443783675247299   -0.0246536565474614   -0.000874608014647629   0
0.0232399414701285   0.0233521596671104   -0.0211384260546013   0
0.0232952156039604   -0.0246972623375475   5.52741338318598e-05   0
0.0529742078005184   -0.00229071450568169   0.029678992196558   0
0.040149681808982   8.90234547662461e-06   -0.0128245259915364   0
0.0325479369780175   0.0204516131843497   -0.00760174483096449   0
0.028967009206682   -0.031539960972149   -0.00358092777133551   0
0.0471700638894522   0.0305286038748903   0.0182030546827702   0
0.0421506703503337   -0.0138697364844562   -0.00501939353911848   0
0.0241499437002449   0.0177926483709304   -0.0180007266500888   0
0.0304579022912774   -0.0141109582097434   0.00630795859103245   0
0.0475168257434143   0.00226989399152691   0.0170589234521369   0
0.0383244094130947   -0.0143467512304929   -0.00919241633031961   0
0.0333096054102266   0.029647257903942   -0.00501480400286804   0
0.0388351450852833   -0.0145332004674558   0.00552553967505662   0
0.0492313686692235   0.00421372316961721   0.0103962235839402   0
0.0234379099371531   0.00321784559146435   -0.0257934587320704   0
0.0186536692202901   0.0154246703023998   -0.00478424071686295   0
0.0470745289662308   -0.014101056615647   0.0284208597459406   0
0.0461338408715879   -0.00850105966034923   -0.000940688094642823   0
0.0308656288810871   0.00668054520600372   -0.0152682119905008   0
0.0333096054102266   -0.0176600205665821   0.0024439765291395   0
0.0428884073703198   0.026248998695762   0.00957880196009314   0
0.0528969572270939   -0.00698758961136542   0.0100085498567741   0
0.0290645369494338   0.0246372338940008   -0.0238324202776601   0
0.0368764847196015   -0.0377667360769106   0.00781194777016771   0
0.0487713930915357   0.0120193515841745   0.0118949083719343   0
0.0317276765700311   0.000563083055801994   -0.0170437165215046   0
0.026957400132153   -0.00763876938200708   -0.00477027643787814   0
0.0499597630827109   -0.00492344613060999   0.0230023629505579   0
0.0619250421433244   0.00734768665562374   0.0119652790606135   0
0.0378462375311272   0.017101146885116   -0.0240788046121972   0
0.0377008485257696   -0.0154152261541902   -0.000145389005357571   0
0.0716306240184497   0.00659403750942869   0.0339297754926801   0
0.0538931069958163   -0.00321213701517165   -0.0177375170226334   0
0.0401636122121131   0.0324164798669965   -0.0137294947837032   0
0.0565374322151484   -0.0253883411543778   0.0163738200030353   0
0.0716605501120561   0.016262214272745   0.0151231178969077   0
0.0483203929478279   -0.0193064763144929   -0.0233401571642281   0
0.0394346034348325   0.00469574070819551   -0.00888578951299548   0
0.0655221332391582   -2.38343828913024e-05   0.0260875298043257   0
0.0641214485779914   0.00483841326393258   -0.00140068466116675   0
0.0431228241663855   0.00781539662619143   -0.020998624411606   0
0.0536892366518886   -0.0164973899785096   0.0105664124855031   0
0.0712429745941486   0.00645924422998378   0.01755373794226   0
0.062102522229556   -0.00182395400700619   -0.00914045236459256   0
0.0414436944840225   0.0161286646861608   -0.0206588277455335   0
0.0535145779861198   -0.0370235358433514   0.0120708835020973   0
0.0699047095500189   0.0107408837840342   0.0163901315638991   0
0.0646850036602186   0.0101470515163248   -0.00521970588980027   0
0.0477671895544944   0.011428564071302   -0.0169178141057242   0
0.0543502190803772   -0.0187252311639899   0.0065830295258828   0
0.0668132139215178   0.00686006053860178   0.0124629948411406   0
0.0628839037753104   -0.00332594891663557   -0.00392931014620738   0
0.0386708547299513   0.0143991502381937   -0.0242130490453591   0
0.0610030546880441   -0.0350589932109066   0.0223321999580928   0
0.0720557306915279   7.13080468048022e-05   0.0110526760034838   0
0.0569703042250083   0.00824311768208411   -0.0150854264665196   0
0.0410783266776107   0.0210122254013945   -0.0158919775473977   0
0.0559398427604378   -0.0273760983539818   0.0148615160828271   0
0.0625575567976404   0.0127352118190188   0.00661771403720262   0
0.0704069944964455   -0.00642096334168765   0.00784943769880508   0
0.0498533044963671   -0.000184310391760784   -0.0205536900000783   0
0.0427373929576314   -0.000277607559437926   -0.00711591153873575   0
0.0523832908555295   -0.00857338448025316   0.00964589789789812   0
0.0674407598926087   0.00926688000121426   0.0150574690370792   0
0.0562717185984443   0.00439095838372944   -0.0111690412941644   0
0.0368220689686905   0.0258563370018308   -0.0194496496297538   0
0.0508671029112581   -0.0334631535803776   0.0140450339425676   0
0.0648991738831281   -0.0126870632073298   0.01403207097187   0
0.0592526194697121   0.000869719908493577   -0.00564655441341606   0
0.0453052137880951   0.0365734493297456   -0.013947405681617   0
0.0433466026702451   -0.0303951852352088   -0.00195861111784996   0
0.0695179889472682   0.0258481694728908   0.0261713862770231   0
0.0791201205730881   -0.0142554700678545   0.00960213162581994   0
0.0511861645766217   0.00929237740299074   -0.0279339559964664   0
0.0470435330610383   -0.0207699440566236   -0.00414263151558342   0
0.0792097783990241   -0.0111785665166095   0.0321662453379858   0
0.0681396928175678   -0.00771789324608457   -0.0110700855814563   0
0.058523978049813   0.0228681590849335   -0.00961571476775475   0
0.0463400012879532   0.019350731424233   -0.0121839767618599   0
0.0639924657387493   -0.0293627481203765   0.0176524644507961   0
0.0789055489137171   0.0186750633223057   0.0149130831749678   0
0.0569097115207501   -0.00424515492474498   -0.021995837392967   0
0.0415192313452646   0.0100457999840292   -0.0153904801754856   0
0.0658097259470437   -0.0273568435211382   0.0242904946017792   0
0.0798731423702298   0.0189172108060054   0.0140634164231861   0
0.0568848098244382   0.0018041480652175   -0.0229883325457916   0
0.0537555233380255   -0.0123679472029829   -0.00312928648641272   0
0.0777995641737953   -0.015737291251126   0.0240440408357699   0
0.085137975743523   0.0134709590269195   0.0073384115697277   0
0.0692047336353484   0.00456309415987011   -0.0159332421081746   0
0.0596820897824046   0.0194884990035358   -0.00952264385294381   0
0.0634953701120208   -0.030761075667197   0.00381328032961616   0
0.0863617896084982   0.0116458831347943   0.0228664194964774   0
0.0830423428486486   0.0103736908801858   -0.00331944675984959   0
0.0577036675612781   0.00937510071620021   -0.0253386752873705   0
0.0679587427154336   -0.0183964104221703   0.0102550751541555   0
0.0929409808837442   0.0191964475967265   0.0249822381683106   0
0.0820235641777563   -0.00877454747861042   -0.0109174167059879   0
0.0582264205866632   0.00902161508893728   -0.023797143591093   0
0.0709602814411168   -0.0365946384854018   0.0127338608544535   0
0.0853938340551295   0.015916076408257   0.0144335526140128   0
0.0818880213574153   0.00162390967742562   -0.00350581269771426   0
0.0642618911176951   0.0122390376942805   -0.0176261302397202   0
0.075399678072887   -0.0133210125138409   0.0111377869551919   0
0.0923888453637397   0.00230505090187971   0.0169891672908526   0
0.0846933226494864   -0.000749829462619978   -0.00769552271425331   0
0.0632385759772071   0.00384306588767497   -0.0214547466722792   0
0.0819157344362638   -0.0268537555871644   0.0186771584590567   0
0.0897788115780249   0.0141192728701784   0.00786307714176106   0
0.0727764272557571   0.0131054880146146   -0.0170023843222678   0
0.0655751499675944   0.00314249967891428   -0.00720127728816261   0
0.0827211127378162   -0.0161291356602785   0.0171459627702218   0
0.0997704015822077   0.00655455125247725   0.0170492888443915   0
0.0781224949806234   0.0076482501342163   -0.0216479066015843   0
0.0704049395799755   -0.0124430855337682   -0.00771755540064789   0
0.0957647438056538   0.00352311992848672   0.0253598042256783   0
0.0964717279307259   -0.0111578311971315   0.000706984125072113   0
0.0792422517879509   0.0212282333477524   -0.017229476142775   0
0.0689247933074342   0.00621493553705432   -0.0103174584805167   0
0.0933068255648803   -0.0126224085740492   0.0243820322574461   0
0.0915347205672935   0.0033480608626178   -0.00177210499758682   0
0.0711049261907007   0.0221599393017915   -0.0204297943765927   0
0.080126030571984   -0.0108657059366349   0.0090211043812833   0
0.0916906920323977   -0.000168545747332549   0.0115646614604137   0
0.0883552080330016   -0.014763459627205   -0.00333548399939605   0
0.0726655500393584   0.0300417147903097   -0.0156896579936432   0
0.0940301788514198   -0.0193394869183111   0.0213646288120614   0
0.0977874884180615   0.00920113079718901   0.00375730956664164   0
0.0733301913614031   0.0144197313949064   -0.0244572970566583   0
0.0795418595575625   -0.0266404674668361   0.0062116681961594   0
0.108140137172768   0.0228776231399162   0.0285982776152051   0
0.0952508933468605   -0.0232717608587808   -0.0128892438259071   0
0.0730477968750256   0.0147448147320658   -0.0222030964718349   0
0.0923040451941302   -0.0185277359625414   0.0192562483191046   0
0.109622785166235   0.0156185825396707   0.0173187399721048   0
0.0909363962101122   -0.00626290703869192   -0.0186863889561228   0
0.0960129139781988   -0.0015361843006701   0.00507651776808662   0
0.120336670521354   -0.000485874467740566   0.0243237565431556   0
0.139850806414237   0.00181962238041711   0.019514135892883   0
0.109425034887189   -0.00275815033920102   -0.0304257715270485   0
0.113277293622475   -0.0210991971082543   0.0038522587352865   0
0.139593001164851   0.0147072385841295   0.0263157075423753   0
0.140849811289455   -0.00564004438809415   0.00125681012460405   0
0.122287441818569   0.0212859777538931   -0.0185623694708853   0
0.135337220101475   -0.0264254717074932   0.0130497782829053   0
0.146615329853208   0.0104486199865422   0.0112781097517333   0
0.137376657205882   0.00580312086989565   -0.0092386726473257   0
0.123316378413747   -0.00137763813973263   -0.0140602787921351   0
0.145325406901968   -0.0143615174126282   0.0220090284882206   0
0.150629056901067   0.0085196452821456   0.0053036499990996   0
0.127166561889909   0.0188233140356341   -0.0234624950111586   0
0.130387580863142   -0.0155507754292663   0.0032210189732336   0
0.15809228568549   0.010185616623788   0.0277047048223473   0
0.153513736654851   -0.00745209295024379   -0.00457854903063856   0
0.130844668289818   0.0186791830121478   -0.0226690683650332   0
0.132898256690504   -0.0288206589937466   0.00205358840068565   0
0.169748531499657   0.0097708009861717   0.0368502748091532   0
0.15511605459929   -0.00948710336969413   -0.0146324769003666   0
0.130376968832996   0.0165427229176751   -0.0247390857662943   0
0.149279027676529   -0.00681603599272715   0.0189020588435334   0
0.160729106530911   0.0137612181562346   0.0114500788543819   0
0.153703787988268   -0.00447642173850635   -0.00702531854264302   0
0.1335818477279   0.017649082914426   -0.0201219402603677   0
0.155582994730795   -0.0297270119586034   0.0220011470028942   0
0.167376384836519   0.00776207689570388   0.0117933901057242   0
0.145515156046716   -0.00596747316109364   -0.0218612287898034   0
0.143554478134827   -0.00112301959919164   -0.00196067791188864   0
0.160713190641885   0.00833052408575952   0.0171587125070585   0
0.15770429588208   -0.000974940674457137   -0.00300889475980584   0
0.143479574874065   0.0175391498657273   -0.0142247210080143   0
0.152158336484573   -0.0230053714189704   0.0086787616105076   0
0.168818519663958   0.0148142807575241   0.0166601831793846   0
0.160790082391149   -0.0159323694940674   -0.00802843727280841   0
0.1464532211043   0.00781360523792726   -0.014336861286849   0
0.155991555403113   -0.0165718670804844   0.00953833429881298   0
0.169517700540128   -0.000734446994358484   0.0135261451370149   0
0.162990380552235   0.00694670798866109   -0.00652731998789263   0
0.140408567833911   0.0220174032685552   -0.0225818127183243   0
0.14953742522286   -0.0236370164892798   0.00912885738894911   0
0.159912901071278   -0.0062177481425017   0.0103754758484183   0
0.162015519885635   -0.00693715642331241   0.00210261881435625   0
0.15070772291764   0.0206464450052857   -0.0113077969679952   0
0.163175078221584   -0.0197883131141755   0.0124673553039443   0
0.172185105085486   0.0149249596265246   0.00901002686390254   0
0.161398187994049   0.00631085879005425   -0.010786917091437   0
0.16087241563789   -0.00419319798138104   -0.000525772356159471   0
0.169439210580085   -0.00285283023990454   0.00856679494219542   0
0.186843090491929   -0.0200389033582828   0.0174038799118432   0
0.157185796899243   0.0238743670093077   -0.0296572935926857   0
0.165983601728153   -0.0169410270183974   0.00879780482890988   0
