0.0418395581053087   0   0   0
0.0309776083241993   -0.00272408797707152   -0.0108619497811094   0
0.0464772677319246   -0.016558684305471   0.0154996594077253   0
0.0534867000071046   0.0113382885460273   0.00700943227517997   0
0.0444006085445346   -0.027233469806491   -0.00908609146256995   0
0.04286039199672   -0.00683826702411255   -0.00154021654781462   0
0.0323612670220512   0.0018357233203897   -0.0104991249746688   0
0.0488138256030502   -0.0127816724433591   0.016452558580999   0
0.015518070352825   0.030420931263171   -0.0332957552502252   0
0.0207673317033773   -0.044245643202302   0.00524926135055234   0
0.0505919415935483   -0.00891366077782223   0.029824609890171   0
0.03518879354173   0.0240223822183972   -0.0154031480518183   0
0.0277401538649752   -0.00146123056255777   -0.00744863967675479   0
0.0528747146202095   -0.0157025112328878   0.0251345607552343   0
0.020110419316976   0.0106513445479803   -0.0327642953032336   0
0.0321092959892848   -0.00999263982407722   0.0119988766723088   0
0.028299636145585   -0.0253531196381633   -0.00380965984369981   0
0.0159851911158922   -0.00322752395810601   -0.0123144450296927   0
0.0397959283710985   0.0149450280377632   0.0238107372552062   0
0.0117366051506004   -0.00986677237079854   -0.028059323220498   0
0.0202914453136839   -0.00868595755236334   0.00855484016308351   0
0.0417343042840048   0.0284595190425877   0.0214428589703209   0
0.0225906831336505   0.0112710187829042   -0.0191436211503543   0
0.0189321796186414   -0.0312285775336809   -0.0036585035150091   0
0.0312873705368077   0.0171118859732615   0.0123551909181663   0
0.0353013163351241   0.0302801723627833   0.00401394579831645   0
0.0369226923913063   -0.00993664457614495   0.00162137605618214   0
0.0399371662978547   -0.0278207647419888   0.00301447390654842   0
0.0466976324593764   0.0226519622803876   0.00676046616152168   0
0.0390631405678678   -0.0196671693782398   -0.00763449189150854   0
0.0608026552455978   -0.00796031628972879   0.02173951467773   0
0.0657406449851422   0.0355550062515173   0.00493798973954435   0
0.0822559097990078   0.00130174507621589   0.0165152648138656   0
0.0848464061621498   -0.0078676896657781   0.00259049636314208   0
0.065610002740131   0.0109923013939529   -0.0192364034220188   0
0.0664671195442236   0.000756536461879564   0.000857116804092548   0
0.06393847393645   -0.00574090280188193   -0.00252864560777352   0
0.0646032080734579   0.00535622408240639   0.000664734137007891   0
0.0763309514409457   0.00239372170087085   0.0117277433674877   0
0.071502039576382   0.0196622435077892   -0.00482891186456365   0
0.0924650786262306   0.00400969847096469   0.0209630390498486   0
0.0923262733184601   0.0160804787010679   -0.000138805307770454   0
0.0870811308827291   0.00629131546880207   -0.005245142435731   0
0.0859336552880331   0.00186900074286081   -0.00114747559469602   0
0.0936724579313071   0.00374516699383731   0.00773880264327402   0
0.0938791291771499   -0.00337632970190771   0.000206671245842782   0
0.10192564301183   -0.0182902088831843   0.00804651383468007   0
0.0954061815997094   0.0122025759426865   -0.00651946141212059   0
0.0941053017457306   0.0188591074223637   -0.00130087985397881   0
0.0961761670106087   -0.0121965708861625   0.00207086526487817   0
0.0909599993255552   0.0118959401114681   -0.00521616768505355   0
0.109003684254295   -0.00170306719313723   0.0180436849287396   0
0.108381587120472   -0.00213727754504803   -0.000622097133822636   0
0.083958591835157   -0.0062486291538302   -0.0244229952853151   0
0.09259961677391   0.0133966162364525   0.00864102493875299   0
0.0958973501436562   -0.0220394213685386   0.00329773336974619   0
0.0947574968593478   -0.000121278232632277   -0.00113985328430843   0
0.0903440312453734   0.0179744653972441   -0.0044134656139744   0
0.0875580968068773   -0.00879269392148849   -0.00278593443849606   0
0.0907911429431583   -0.024761336221158   0.00323304613628096   0
0.0906799503312336   0.0249943019025059   -0.000111192611924632   0
0.0785810400065118   0.00475104847289906   -0.0120989103247219   0
0.0826430765763987   -0.0330953245554115   0.00406203656988691   0
0.0828457378996198   -0.00443752159325472   0.000202661323221151   0
0.0738643381644688   0.0188890108539486   -0.00898139973515102   0
0.0680759017709461   -0.0227581022416881   -0.00578843639352271   0
0.0702766607001393   -0.0307738924075977   0.00220075892919322   0
0.0660498858734442   0.00963733555433316   -0.00422677482669512   0
0.0564797776383946   -0.0087340222402414   -0.00957010823504957   0
0.0548724246885674   -0.00435110163643534   -0.00160735294982722   0
0.0538430036733882   -0.0156040808010457   -0.00102942101517915   0
0.0503720415461544   0.0204428378753647   -0.00347096212723389   0
0.0486661876789728   0.00725384550395283   -0.0017058538671816   0
0.0487464744559799   -0.0107832840682653   8.0286777007138e-05   0
0.0476102727695662   -0.0257863047048307   -0.00113620168641365   0
0.0585722813004155   0.0147791455651505   0.0109620085308492   0
0.0538962541111161   0.0230306419734509   -0.00467602718929937   0
0.0588822649074617   -0.00454361021971897   0.00498601079634562   0
0.0596060425171182   -0.00598411680180516   0.000723777609656445   0
0.0836431194406224   -0.0331402987065918   0.0240370769235042   0
0.0850904279060267   -0.000738458770604133   0.00144730846540429   0
0.0783653787735534   0.0170608284629402   -0.00672504913247324   0
0.0841421887483473   0.0151189748957793   0.00577680997479382   0
0.0895449622966167   -0.0253678062545646   0.0054027735482694   0
0.0862037990869312   0.00851845530192434   -0.00334116320968547   0
0.0801326956220899   0.0314248145597547   -0.00607110346484133   0
0.0750335947944319   -0.00246484503979497   -0.00509910082765797   0
0.0932742442002614   -0.0387393956985744   0.0182406494058295   0
0.0945240548610511   -0.0050032983905017   0.00124981066078969   0
0.0860942098274327   0.0390841252237462   -0.00842984503361846   0
0.120174649768795   -0.0247938700047813   0.0340804399413622   0
0.145172010026899   -0.0153852614850865   0.0249973602581039   0
0.146148755797826   0.0212484431093424   0.000976745770926962   0
0.140564256256027   0.033155915375119   -0.00558449954179882   0
0.141167824841047   -0.0114459272080198   0.000603568585019976   0
0.135461640593417   -0.0261080741266412   -0.0057061842476302   0
0.150790085569941   -0.0147796701910188   0.0153284449765239   0
0.139341584389307   0.00102853190645082   -0.0114485011806331   0
0.155743933180088   0.0276496356939671   0.0164023487907801   0
0.169035642698692   -0.0234449780941877   0.0132917095186048   0
0.166889269904666   -0.0145708560128502   -0.00214637279402621   0
0.153906192495591   0.0128671458454864   -0.0129830774090749   0
0.162873752155957   -0.00665223672425135   0.00896755966036536   0
0.180072057096561   0.0057713463319974   0.0171983049406046   0
0.173285109580281   0.0203525482216429   -0.00678694751628026   0
0.172429136376368   0.00408256440527029   -0.000855973203913368   0
0.180281838431004   -0.0196545929797949   0.00785270205463598   0
0.183870396648019   -0.00967126391144496   0.00358855821701581   0
0.162454949712413   0.0377384039013141   -0.0214154469356068   0
0.164772594481705   0.00851786625194166   0.00231764476929272   0
0.167429267273153   0.00427157331994149   0.00265667279144802   0
0.163289737558994   -0.0135669707900382   -0.00413952971415976   0
0.169674481571832   0.00307274454105137   0.00638474401283853   0
0.151602239880922   0.00865225932410967   -0.0180722416909105   0
0.15906820776105   -0.00177807081582401   0.00746596788012813   0
0.15366411514433   0.0259052159294408   -0.00540409261671942   0
0.166309515068291   0.0116103259727604   0.0126453999239604   0
0.162455024746082   0.00915511122834797   -0.00385449032220905   0
0.140211477030529   -0.0185926422660062   -0.0222435477155528   0
0.149986554080099   -0.0299356832946465   0.00977507704957029   0
0.143968998794879   0.0258916773732101   -0.00601755528521961   0
0.153904857552491   0.00209254649924392   0.00993585875761138   0
0.14272898750627   -0.0210328047715779   -0.0111758700462208   0
0.163964398606862   -0.0103379552110908   0.0212354111005921   0
0.1633676569036   0.0310052241424674   -0.000596741703261766   0
0.15992157900672   0.0156077330725534   -0.0034460778968807   0
0.176687870461762   0.00150446347122077   0.0167662914550426   0
0.152970932416301   -9.44129947082761e-05   -0.0237169380454614   0
0.151446640084883   -0.0142732860290875   -0.00152429233141821   0
0.154523502018382   0.00683417334348474   0.00307686193349971   0
0.178110677224652   0.0338635532679579   0.0235871752062699   0
0.173758808107636   -0.0180547827611059   -0.00435186911701624   0
0.158938728618617   -0.00179706234183016   -0.0148200794890187   0
0.153723069138142   -0.0169820539720893   -0.00521565948047531   0
0.181691216841246   0.0260140818560915   0.0279681477031035   0
0.175787425050428   0.0128684778509169   -0.0059037917908171   0
0.166987765747195   -0.00857069849466283   -0.00879965930323362   0
0.179847887297328   -0.013269861865062   0.0128601215501335   0
0.173339435090381   0.00667473435780747   -0.00650845220694704   0
0.17014061287815   0.0308020486633986   -0.00319882221223125   0
0.169514415689345   0.00662823530392356   -0.000626197188805161   0
0.182225107699927   0.0167632566727862   0.0127106920105822   0
0.160176385847758   -0.0222396899597475   -0.0220487218521685   0
0.156640280337626   0.0341829709091615   -0.00353610551013267   0
0.158487767800862   0.0156918288367286   0.00184748746323635   0
0.161861468198117   -0.00217456443610042   0.00337370039725474   0
0.167244195365639   -0.0146025740714144   0.00538272716752203   0
0.159880771305526   0.00269876394256707   -0.00736342406011262   0
0.183630518807468   0.030021571531118   0.0237497475019421   0
0.196800564790856   -0.00400630934784046   0.0131700459833879   0
0.246970486029201   0.015204958222744   0.0501699212383452   0
0.247152503365275   0.00148377258978905   0.000182017336074036   0
0.215324697678877   0.00262803598466516   -0.031827805686398   0
0.183687170080684   -0.000112872306788303   -0.0316375275981938   0
0.182078327607351   -0.0264012849565278   -0.00160884247333221   0
0.17713504944886   -0.0199272487735869   -0.00494327815849169   0
0.177777988194546   0.00612394328618227   0.000642938745685856   0
0.179838502038384   0.0168094071146606   0.00206051384383879   0
0.182692786690314   -0.0144907604073486   0.00285428465192941   0
0.203508680349783   -0.00745214754120294   0.0208158936594688   0
0.189762603322158   -0.00433627022017408   -0.0137460770276251   0
0.187225625647906   0.0281280622406377   -0.00253697767425107   0
0.197269160734135   0.00091671616239386   0.0100435350862285   0
0.225923828852779   -0.00298199523753545   0.0286546681186445   0
0.233928035287265   0.00511926495468157   0.00800420643448574   0
0.228814268792535   0.00979328671040269   -0.00511376649473014   0
0.241011648399512   0.0171529379227822   0.0121973796069769   0
0.229211011642656   -0.0142293527022459   -0.0118006367568556   0
0.221953356605617   -0.00622707396807548   -0.0072576550370399   0
0.223979452163256   0.00239829562303034   0.00202609555763988   0
0.22901224526813   0.012339637780538   0.00503279310487326   0
0.235333893038699   -0.0113429162224534   0.00632164777056965   0
0.248088552491348   0.0107268700660395   0.0127546594526489   0
0.2323013186756   -0.0305529815261952   -0.0157872338157487   0
0.21956209832528   -0.0196023561985892   -0.0127392203503195   0
0.208818241696152   0.0320839098050849   -0.0107438566291283   0
0.191909842335535   -0.0191997516132319   -0.0169083993606166   0
0.188570617686691   -0.00503164103657588   -0.00333922464884476   0
0.197047595799314   -0.00166343943062769   0.00847697811262393   0
0.188729258660389   0.0150393093598232   -0.00831833713892549   0
0.199383724894987   -0.0159414920656166   0.0106544662345985   0
0.187945031303038   -0.00878505252263623   -0.0114386935919492   0
0.205118120280121   0.0199660166944784   0.0171730889770824   0
0.195641719779422   0.0262586169664174   -0.00947640050069826   0
0.201023619344842   -0.00464823084348615   0.00538189956541987   0
0.216348421599858   0.00455887014900497   0.0153248022550161   0
0.222508873812372   -0.00703407131203482   0.0061604522125136   0
0.218286382450418   -0.00576607649551586   -0.00422249136195418   0
0.215333484571025   -0.000111036496864669   -0.00295289787939232   0
0.229873453992626   0.00932886723568943   0.0145399694216008   0
0.216698046337525   -0.0109438000557599   -0.0131754076551014   0
0.207916422253631   0.000742393313701017   -0.00878162408389416   0
0.212683468326172   -0.000585136488505777   0.00476704607254191   0
0.21104222488758   0.0240128940061125   -0.0016412434385922   0
0.239583063523384   -0.0137199875412828   0.0285408386358041   0
0.238857810032454   -0.019807623637165   -0.000725253490930083   0
0.215166030825035   0.00246320011666656   -0.0236917792074191   0
0.227756075445311   0.0174124288801835   0.0125900446202754   0
0.225467060406836   -0.0103822557711396   -0.0022890150384742   0
0.222611972699696   -0.0257850059803614   -0.0028550877071408   0
0.208998354178927   0.00629588795442776   -0.0136136185207691   0
0.233407292575125   0.0471875724904419   0.0244089383961985   0
0.236664198945996   -0.0113302041904227   0.003256906370871   0
0.235126764950845   0.00635318406683333   -0.00153743399515086   0
0.262037470950721   0.0166119902912675   0.0269107059998759   0
0.274811108038776   0.00916763422099809   0.0127736370880552   0
0.251131192636439   -0.0229429864729089   -0.0236799154023378   0
0.241031738343729   -0.00474094747033721   -0.0100994542927092   0
0.240101999524161   -0.00204064152043726   -0.000929738819568759   0
0.236903650675755   -0.0416650453400578   -0.00319834884840595   0
0.216601475801182   -0.00205128774435998   -0.0203021748745727   0
0.206318620057667   -0.0198105272293076   -0.0102828557435148   0
0.222465299082801   0.0348527150550766   0.0161466790251336   0
0.22887092482336   0.0354171304098828   0.00640562574055903   0
0.217258558627733   -0.0132438665077219   -0.011612366195627   0
0.204789360853414   -0.00543477598487696   -0.0124691977743183   0
0.186424295928669   -0.00322345802464324   -0.0183650649247453   0
0.182125291339506   -0.00777442192028749   -0.00429900458916296   0
0.207792602203495   0.00954993002683319   0.025667310863989   0
0.214240444515035   0.0020546679709143   0.00644784231154027   0
0.195479039707586   -0.034000742879131   -0.0187614048074494   0
0.182350037092127   0.00888433808402617   -0.0131290026154593   0
0.200234822969183   0.0255477973256525   0.0178847858770561   0
0.189497053651238   0.0183443068906835   -0.0107377693179453   0
0.15782233365991   -0.0231167723663726   -0.0316747199913274   0
0.162102573448851   -0.00758261098329699   0.00428023978894043   0
0.186755126384934   0.0147456585110445   0.024652552936083   0
0.154542259348576   -0.0103855349534888   -0.0322128670363576   0
0.129356936897302   -0.0258775313832278   -0.0251853224512742   0
0.136539311590641   0.0115133176569402   0.00718237469333954   0
0.139141423835391   -0.00640859957008677   0.00260211224475004   0
0.147587005890669   0.00202409575178214   0.00844558205527815   0
0.124578232640939   -0.00218649177816499   -0.0230087732497301   0
0.140483892193207   0.00779580838975441   0.0159056595522673   0
0.140651970750724   -0.00465158647827085   0.000168078557517271   0
0.142044343416774   -9.76829999646545e-05   0.00139237266605036   0
0.151534221129255   0.00292224293553228   0.00948987771248092   0
0.159096790279856   0.0194137349778621   0.00756256915060086   0
0.156227105635386   0.0033221689916676   -0.00286968464447024   0
0.141994359926724   -0.0296713651799636   -0.014232745708662   0
0.13771071263944   -0.0118808871304473   -0.00428364728728356   0
0.142792542417496   -0.00170325011683675   0.00508182977805607   0
0.148637569689169   -0.0096604795799563   0.00584502727167238   0
0.13090728116881   -0.0138063156327214   -0.0177302885203583   0
0.131877254036244   -0.00443832553270537   0.000969972867433389   0
0.144770155825027   0.0147564835280996   0.0128929017887828   0
0.148829217187016   0.00770356243495024   0.00405906136198944   0
0.139239978408286   0.00518765101270638   -0.00958923877872989   0
0.143536997142627   -0.0011941271104827   0.00429701873434077   0
0.147700150105789   0.00644295644279108   0.00416315296316169   0
0.143458413783237   -0.0133307411158873   -0.00424173632255148   0
0.143043347570981   0.0131816149689877   -0.000415066212256093   0
0.159112266326523   0.0111674729907427   0.0160689187555423   0
0.159528063830475   -0.0167001287861216   0.000415797503951293   0
0.168219907881023   0.00530033051765755   0.00869184405054874   0
0.157872295163092   0.0118213473077574   -0.0103476127179312   0
0.165563102556857   0.000676272906859954   0.00769080739376526   0
0.153038966055217   -0.0114323165242632   -0.01252413650164   0
0.180371804360438   0.0579358892640612   0.0273328383052202   0
0.178859180090092   0.0395264043733164   -0.00151262427034557   0
