0.00414795524522927   0   0   0
0   -0.000607123439658019   -0.00414795524522927   0
0.0170821768712334   0.0279575315076971   0.0170821768712334   0
0.0226709755807624   0.0246889656905671   0.00558879870952904   0
0.0132592875544993   0.073833596963963   -0.0094116880262631   0
0.0100589315532379   -0.0711249097246999   -0.0032003560012614   0
0.0230425985814648   0.0086465740739179   0.0129836670282269   0
0.0245544761450133   -0.00676529129729025   0.00151187756354842   0
0.0233439334081684   0.0738921819901124   -0.00121054273684486   0
0.0363089282719141   0.0862343082027558   0.0129649948637457   0
0.0511455094017305   0.00229468717101461   0.0148365811298164   0
0.0275681157131223   -0.0603457400004059   -0.0235773936886082   0
0.0318104644114952   0.012973587945029   0.00424234869837288   0
0.032746427576951   -0.012981925733468   0.000935963165455883   0
0.0391027655845226   0.0143934641202784   0.00635633800757155   0
0.037939036923102   0.0666455668742859   -0.00116372866142055   0
0.0354332337344829   -0.0454925322960141   -0.0025058031886191   0
0.0438380001324764   -0.02956962980579   0.00840476639799345   0
0.0496619740153873   -0.00735643623652699   0.00582397388291087   0
0.0519717820791485   -0.00461624318323281   0.00230980806376122   0
0.040593721934463   0.038841652862519   -0.0113780601446855   0
0.0399469965242057   -0.0022869860485869   -0.000646725410257287   0
0.0383501748171048   -0.0314667027975524   -0.00159682170710086   0
0.0373941661461384   0.00319505032671352   -0.000956008670966457   0
0.0370181028219978   0.00191470013580797   -0.000376063324140578   0
0.0361788611166106   0.0795873313568061   -0.000839241705387156   0
0.0172992919072574   0.00243165961585629   -0.0188795692093533   0
0.0309016145148599   -0.0502289249779555   0.0136023226076025   0
0.0428367291856241   -0.0132040847231449   0.0119351146707642   0
0.0447638344495029   0.0604917471925649   0.00192710526387878   0
0.0386217583071059   0.0457971696580163   -0.00614207614239702   0
0.0337047971011175   -0.0315071655589751   -0.00491696120598833   0
0.0424941431770309   -0.0453532426991679   0.00878934607591335   0
0.0564460990246447   -0.0184815248336599   0.0139519558476139   0
0.0447824727350445   0.00614313442267264   -0.0116636262896003   0
0.0518800500879432   0.096990127577857   0.00709757735289879   0
0.0444799090093775   -0.012502329492415   -0.00740014107856577   0
0.0433923817898373   -0.0511789792887353   -0.00108752721954022   0
0.0508162477135266   -0.0121448636219105   0.00742386592368936   0
0.0607783551664159   -0.00381019965202697   0.00996210745288932   0
0.0619556263120832   0.0264916794233152   0.00117727114566728   0
0.0488962787763292   0.0896331049868642   -0.013059347535754   0
0.058108710935926   0.0448768171699733   0.00921243215959677   0
0.0584806087709635   -0.0116183650065759   0.000371897835037591   0
0.0851982415168441   -0.047446521783477   0.0267176327458806   0
0.0945970817528876   -0.00895907130001339   0.00939884023604347   0
0.101175346556412   -0.0154206819742252   0.00657826480352409   0
0.0994850770546141   0.0361874958934636   -0.00169026950179758   0
0.110966822076285   0.0556933679588414   0.0114817450216714   0
0.098354680363519   -0.0448111880250829   -0.0126121417127664   0
0.105494695594091   -0.0154802615591592   0.00714001523057234   0
0.117979217460375   0.000814858618954528   0.0124845218662838   0
0.174498987723425   0.170781205614396   0.0565197702630497   0
0.344748525520955   -0.105120793586138   0.17024953779753   0
0.339787806670575   -0.0440803207109198   -0.00496071885037996   0
0.260833521148069   0.0036008935314451   -0.0789542855225062   0
0.24255630819822   -0.00865454631124885   -0.0182772129498485   0
0.243819430367024   0.0861346747719474   0.00126312216880367   0
0.227108040329928   0.0101690180882998   -0.0167113900370963   0
0.233425758174842   -0.0552971224936339   0.00631771784491481   0
0.233806935312498   -0.0042628860560982   0.000381177137655342   0
0.248944060677921   0.0150921355463907   0.0151371253654234   0
0.248687180040634   -0.0300302860430599   -0.000256880637287626   0
0.234862620948529   0.0347196063062338   -0.0138245590921044   0
0.229725879618928   0.120427669987652   -0.00513674132960162   0
0.229972350314576   0.0269048754429073   0.000246470695648343   0
0.228609514977505   0.000544697693207641   -0.00136283533707107   0
0.232983969052057   -0.0584603494426147   0.00437445407455248   0
0.244317112787357   -0.0517354799194266   0.0113331437352994   0
0.230851134842348   -0.0409109958211324   -0.0134659779450086   0
0.230457402688653   -0.0109893520340234   -0.000393732153695037   0
0.23354890419501   0.100585250104364   0.00309150150635701   0
0.222023016474807   0.0618408489655837   -0.0115258877202029   0
0.222926036615286   -0.0389875845782777   0.000903020140479188   0
0.21381534898265   -0.0482662392375939   -0.00911068763263617   0
0.229715544053423   -0.0317461654037638   0.0159001950707725   0
0.232786113702198   -0.0280592039244063   0.00307056964877492   0
0.24094752915747   0.00573539778301396   0.00816141545527266   0
0.24854165142877   0.11580173260888   0.00759412227129924   0
0.246601963538918   0.0335700784936953   -0.00193968788985119   0
0.240362153389942   -0.0669234586142962   -0.00623981014897637   0
0.240364808854167   -0.0841687457211683   2.65546422451024e-06   0
0.248151743964253   -0.0228190115095785   0.0077869351100861   0
0.254975981356578   0.0521824666866798   0.00682423739232541   0
0.248137662456246   0.101092782106494   -0.00683831890033176   0
0.233317943336448   -0.0173587106322718   -0.0148197191197981   0
0.232023680921259   -0.0665154902646783   -0.00129426241518954   0
0.237063913178493   -0.0445928309705982   0.0050402322572343   0
0.240561381525069   -0.0202440735963386   0.00349746834657649   0
0.250248587371138   0.0763064611353562   0.00968720584606844   0
0.262928347309681   0.121416372934618   0.0126797599385427   0
0.256108957520525   -0.0185522382120931   -0.00681938978915564   0
0.257468990355635   -0.0985538217853791   0.00136003283510999   0
0.266393458964836   -0.0644451622036223   0.0089244686092016   0
0.261797617844873   -0.0221812268356851   -0.00459584111996375   0
0.273694397715773   0.0834600890255868   0.0118967798709008   0
0.27385109475863   0.0628966736037638   0.000156697042856258   0
0.268605180367487   -0.0540523642019057   -0.00524591439114314   0
0.278629510063992   -0.0435903117034881   0.010024329696505   0
0.285931763923668   -0.0178256401792707   0.00730225385967603   0
0.286199134550142   0.0607888597603164   0.000267370626473862   0
0.282706809387836   0.0917650333862616   -0.00349232516230591   0
0.270212279666839   -0.0062193111070098   -0.0124945297209966   0
0.265712748885427   -0.042372112357366   -0.00449953078141196   0
0.27507194166663   -0.0325294158159602   0.00935919278120317   0
0.276673421752976   -0.0302200738521877   0.00160148008634559   0
0.278853898077918   0.0108452057136154   0.00218047632494245   0
0.275820102676998   0.0843468015756368   -0.00303379540091975   0
0.261138964769239   0.0295055631794526   -0.0146811379077592   0
0.265517421418068   -0.0625835123134203   0.00437845664882885   0
0.277950238453307   -0.0316203243229136   0.0124328170352384   0
0.279634317851011   -0.0267782509041777   0.00168407939770399   0
0.276574950961308   0.0156473689352182   -0.00305936688970243   0
0.28368256299868   0.0816412129641357   0.00710761203737176   0
0.270934601072842   -0.0233289951930196   -0.0127479619258379   0
0.278394499185508   -0.0329384813052656   0.0074598981126664   0
0.299718668164831   -0.0150357612902617   0.0213241689793225   0
0.305458308023779   -0.00744663665314432   0.00573963985894838   0
0.309014019360773   0.0673551360988678   0.00355571133699345   0
0.307185941732772   0.0714530278087057   -0.00182807762800064   0
0.285979910525635   -0.0488243527138884   -0.0212060312071374   0
0.291167981155638   -0.0568301813257338   0.00518807063000337   0
0.292844607760669   -0.0266053614924597   0.00167662660503087   0
0.286798981604712   -0.0151046835399757   -0.00604562615595677   0
0.297995453122191   0.0955503347488427   0.0111964715174789   0
0.285443982061717   -5.14669784990041e-05   -0.0125514710604738   0
0.298636413909121   -0.0859479755114931   0.013192431847404   0
0.295327813621999   -0.0317611805282279   -0.0033086002871226   0
0.306076510782435   0.0322781412252962   0.0107486971604362   0
0.325076558501459   0.0760254503714147   0.019000047719024   0
0.306725282475557   -0.0212901936049549   -0.0183512760259024   0
0.312484868578464   -0.0223830122193249   0.00575958610290761   0
0.317324748976585   -0.00970490699085047   0.0048398803981205   0
0.328225462984288   0.00341867296231535   0.010900714007703   0
0.32012087762828   0.0524209079178283   -0.008104585356008   0
0.300321973943383   0.00540256981067355   -0.0197989036848967   0
0.309004820074866   -0.0346834320321439   0.00868284613148257   0
0.312185867362298   -0.0133218470117951   0.00318104728743202   0
0.317701683589338   0.00234366821774923   0.00551581622704073   0
0.326031332879602   0.0643936411877127   0.00832964929026409   0
0.30355571677412   0.0213459725014332   -0.022475616105482   0
0.294003722805511   -0.00202844290326287   -0.0095519939686089   0
0.30035223442152   -0.0320696483016901   0.00634851161600902   0
0.308220162845084   -0.0107355859491225   0.00786792842356338   0
0.322191025604764   -0.0202575504502572   0.0139708627596806   0
0.316054130264501   -0.01820575957717   -0.00613689534026374   0
0.314847034425052   0.0917405913089568   -0.00120709583944856   0
0.299970886679441   0.00822558919997174   -0.0148761477456112   0
0.310389453513244   -0.0579289914316031   0.0104185668338026   0
0.313066371527668   -0.0427644865987179   0.00267691801442466   0
0.306086262519653   0.00364370646696632   -0.0069801090080151   0
0.310275559405265   0.0903711654551245   0.00418929688561165   0
0.317643348454678   -0.0145877455506374   0.00736778904941326   0
0.322008504895057   -0.0544829676844761   0.00436515644037905   0
0.312373052287645   -0.0330495472472526   -0.00963545260741167   0
0.343130586342867   0.0222260266958778   0.030757534055222   0
0.351291804169625   0.087053427470366   0.00816121782675738   0
0.341231944141005   -0.0277017699753846   -0.0100598600286198   0
0.342253705833114   -0.0337669482298532   0.00102176169210938   0
0.350614124216353   -0.0101959561721342   0.00836041838323831   0
0.345059187290384   0.054877530802329   -0.00555493692596909   0
0.336111055270799   0.0502055683109554   -0.00894813201958478   0
0.332646329883932   0.0142510954953651   -0.00346472538686643   0
0.318743152983715   -0.0522802306997646   -0.0139031769002173   0
0.334899815516148   -0.024313806367582   0.016156662532433   0
0.332363720489316   -0.0329182221227151   -0.00253609502683227   0
0.351234447742886   0.00247592224858229   0.01887072725357   0
0.379069717908527   0.134614150403617   0.0278352701656409   0
0.376890268591204   0.0279091671078312   -0.00217944931732256   0
0.368442500172347   -0.091702512287041   -0.00844776841885703   0
0.362981103853906   -0.0537120841140237   -0.00546139631844123   0
0.370243904741861   -0.0109224641315618   0.00726280088795478   0
0.369972596661226   0.0214593370935325   -0.000271308080634969   0
0.370637209715242   0.0830112258096987   0.000664613054015994   0
0.37263195753518   -0.011038041813504   0.00199474781993814   0
0.380442117918745   -0.0559022248586947   0.00781016038356486   0
0.361304526822942   -0.0247552897664715   -0.0191375910958027   0
0.380079724550324   0.00207390801895524   0.0187751977273818   0
0.391129486173377   0.0605474420023207   0.0110497616230533   0
0.381476864182482   0.0671750852229891   -0.00965262199089484   0
0.365954611586601   -0.014806282690062   -0.0155222525958813   0
0.36858354008352   -0.0715670557779554   0.00262892849691937   0
0.358780071050149   -0.0529124005692848   -0.00980346903337126   0
0.367083519490116   -0.0241766985804907   0.00830344843996644   0
0.379187837102537   0.0470598052240018   0.0121043176124213   0
0.387519549950064   0.0850898637080237   0.00833171284752698   0
0.388074483778888   -0.0137427533825963   0.000554933828823712   0
0.380361541779003   -0.0491425658152048   -0.00771294199988481   0
0.394833346450753   -0.0183247212994655   0.0144718046717499   0
0.41391388710123   0.0417363533627582   0.0190805406504776   0
0.400524975659134   0.0653497680235925   -0.0133889114420961   0
0.393783302759589   -0.0108400814029875   -0.0067416728995453   0
0.396450177635854   -0.0498384444437551   0.00266687487626499   0
0.40433062610443   -0.0213082384210925   0.00788044846857577   0
0.393824886883117   -0.00568303220324362   -0.0105057392213125   0
0.394604575180648   0.0844049251591487   0.000779688297531389   0
0.391574157167579   0.0335938794007946   -0.00303041801306925   0
0.380951373329327   -0.0379408878296695   -0.0106227838382527   0
0.387390897910947   -0.0391656943989873   0.00643952458162073   0
0.395635405463793   -0.0181724720696843   0.00824450755284589   0
0.386849427959704   -0.0186000958669785   -0.00878597750408944   0
0.391221154842756   0.0143359248072412   0.00437172688305276   0
0.402749261958666   0.0940225045360137   0.0115281071159092   0
0.403006594244126   0.0312758776824349   0.000257332285460765   0
0.403681844410298   -0.0625068430763202   0.000675250166171482   0
0.397951777165588   -0.0631038667101466   -0.0057300672447097   0
0.398534592050364   -0.00192947369588869   0.000582814884775629   0
0.42348526249859   0.167370762166629   0.0249506704482265   0
0.460428674983162   0.141864783414644   0.0369434124845713   0
0.44895951991772   -0.0401757504109883   -0.0114691550654414   0
0.456871961282918   -0.0813837546719747   0.00791244136519748   0
0.455675650895184   -0.0569315467864265   -0.00119631038773338   0
0.463590471634987   -0.022419184545809   0.00791482073980293   0
0.45863016465394   0.0692794507561103   -0.00496030698104738   0
0.455366151267581   0.00581803750995313   -0.00326401338635851   0
0.455132969228224   -0.0275958564243879   -0.000233182039356961   0
0.476283603866961   -0.00725641794954945   0.0211506346387362   0
0.485151196979612   0.0320592674024907   0.00886759311265106   0
0.471851308967401   0.0270011799903078   -0.0132998880122105   0
0.468029526370399   -0.0377566403783878   -0.00382178259700222   0
0.487317456434202   -0.0256482935057546   0.0192879300638026   0
0.486163711833267   -0.00544666559575491   -0.00115374460093448   0
0.483182046634454   0.0842991179208836   -0.00298166519881271   0
0.476445291475005   0.00577999677917529   -0.00673675515944944   0
0.473730990480043   -0.0552936214907912   -0.00271430099496212   0
0.477400569505839   -0.0379202473970789   0.00366957902579657   0
0.484921260697291   -0.00387436004873609   0.00752069119145143   0
0.483778680834015   0.0873739998301513   -0.00114257986327559   0
0.475000619876503   0.0438043558057425   -0.00877806095751177   0
0.451715165793459   -0.0544598562095392   -0.0232854540830441   0
0.47118651928073   -0.0405909800155785   0.0194713534872709   0
0.452980165300524   -0.0334862434744828   -0.0182063539802065   0
0.470051716983156   0.0497560247251418   0.0170715516826316   0
0.524068531460402   0.16545754626082   0.0540168144772466   0
0.521681162298451   0.0809906937604929   -0.00238736916195126   0
0.5275288711374   0.0527686188921825   0.00584770883894947   0
0.515116195534561   -0.0989980145498615   -0.0124126756028395   0
0.517739614550838   -0.0766118912874454   0.00262341901627683   0
0.519744752214488   -0.0392717765659496   0.00200513766365085   0
0.526710525220923   0.00145256469798472   0.00696577300643408   0
0.534419661904388   0.155355254090122   0.00770913668346507   0
0.568984910402728   0.134877611002365   0.03456524849834   0
0.711262139006604   0.225571210981389   0.142277228603877   0
0.848943595715287   0.327351367265065   0.137681456708682   0
1.05120834262101   0.163371612029992   0.202264746905718   0
1.08744209221871   -0.0188039699470064   0.0362337495977023   0
1.01399042891896   -0.124942114082586   -0.0734516632997506   0
0.985237707679725   -0.0633307159244301   -0.0287527212392313   0
0.998909395231244   -0.094915151583429   0.0136716875515189   0
0.998677740631206   -0.0429095733292422   -0.0002316546000386   0
1.03532743923553   0.0635186300267003   0.0366496986043241   0
1.04676747585555   0.075805167368616   0.0114400366200205   0
1.01928083473889   0.0221413775347838   -0.0274866411166643   0
0.989951270138586   0.023318129224164   -0.0293295646002997   0
0.982782547718975   -0.099085251935225   -0.00716872241961097   0
0.979307994376769   -0.040370906669249   -0.00347455334220625   0
0.979491971179958   -0.00181583093781423   0.000183976803189156   0
0.988399295744893   0.0125117172135403   0.00890732456493459   0
0.995080450949696   0.0630894380113232   0.00668115520480317   0
1.05665381421448   -0.0985917569979253   0.0615733632647797   0
1.16697176927079   -0.223813078621193   0.110317955056315   0
1.07623535028078   0.112123378340139   -0.0907364189900079   0
1.03320087906769   0.0722407023169209   -0.0430344712130917   0
0.978675463723292   0.126610953880135   -0.0545254153443998   0
0.987040175051654   -0.0275434677049304   0.00836471132836258   0
0.992317773087835   -0.0801955414199733   0.00527759803618066   0
1.01949778095994   -0.0222049478845225   0.0271800078721091   0
1.04267356228939   -0.0135933324667341   0.023175781329448   0
1.04317332308982   0.00203302360182889   0.000499760800424243   0
1.03551859894717   -0.00278818009255088   -0.007654724142651   0
1.00866602283115   0.00164478353938846   -0.0268525761160201   0
0.999195076831847   -0.00163287360831088   -0.00947094599929843   0
1.01092024330112   0.0326873091925495   0.0117251664692756   0
0.989843430172798   0.10643418140177   -0.0210768131283245   0
0.959463387121807   0.0445023316159203   -0.0303800430509908   0
0.970724644663717   -0.0671176167331984   0.0112612575419102   0
0.987509884150154   -0.0231991731806476   0.0167852394864366   0
0.999168955803522   -0.0197743432736943   0.0116590716533682   0
1.00017020246056   -0.0301094196232772   0.00100124665703938   0
0.973767482370407   0.0544842427272303   -0.0264027200901545   0
0.962854583344494   0.00973345262016556   -0.0109128990259123   0
0.981549639391712   -0.0331325416019219   0.0186950560472174   0
1.01225820110743   -0.0143117192710491   0.0307085617157179   0
1.02927045322549   0.0254774426388875   0.0170122521180576   0
1.02744783084556   -0.0079382516718256   -0.00182262237992559   0
1.0159657826946   -0.00997063244654095   -0.0114820481509623   0
1.01208120600387   0.0415240811790849   -0.00388457669072828   0
0.980895748475596   0.0426542244360892   -0.0311854575282752   0
0.971698809804766   -0.0531068910964958   -0.0091969386708296   0
1.01339150200256   0.00363400617502196   0.0416926921977914   0
1.00944926261279   0.0140325829434691   -0.00394223938977056   0
0.992623533598338   0.000227089929203839   -0.0168257290144496   0
0.985310132891416   0.0356564365265195   -0.00731340070692132   0
0.969640386469128   0.011866573222896   -0.0156697464222881   0
0.990595979361667   -0.0371419341847452   0.020955592892539   0
1.00568416380467   -0.0305010017324781   0.0150881844430039   0
1.02765642627242   0.0113075962999278   0.0219722624677481   0
0.992534071723611   0.0599003350679561   -0.0351223545488081   0
0.960554074760109   0.0603920625975567   -0.0319799969635015   0
0.94304181939098   -0.00295137154107694   -0.0175122553691294   0
0.94408237526513   -0.0596702164464298   0.00104055587414997   0
0.983682660988924   -0.0363042241744174   0.0396002857237937   0
0.991480754775654   -0.00155622569316516   0.00779809378672991   0
1.00266530756641   0.00206831640842386   0.0111845527907597   0
0.989509679666273   0.0414929076383221   -0.0131556279001405   0
0.991220657437712   0.0150901062876776   0.00171097777143892   0
1.03894851064923   -0.0138107532130174   0.0477278532115166   0
1.04079600059017   -0.0357363208999608   0.00184748994094486   0
1.01064538426517   0.0320874789514574   -0.0301506163249998   0
0.98405834409043   0.0370069971771041   -0.0265870401747431   0
0.980084936903557   -0.0636594473817482   -0.003973407186873   0
1.01387737908548   -0.0150309302867713   0.0337924421819267   0
0.998892112799225   0.0177976171033363   -0.014985266286259   0
0.987944662302626   0.0252036898014794   -0.010947450496599   0
1.002602283323   0.0327881569031787   0.0146576210203774   0
1.00629903384034   -0.0135423176732306   0.00369675051733553   0
1.01016436690434   -0.0174868959375707   0.00386533306400305   0
1.0051596271374   -0.0213752155384916   -0.0050047397669406   0
1.01222955194585   0.023393476547874   0.00706992480845026   0
0.985380987921931   0.048311969431766   -0.0268485640239211   0
0.982771402368832   -0.00336027529299732   -0.00260958555309876   0
0.989843204624475   -0.0550714929411826   0.00707180225564297   0
0.997845483211454   0.00299807140356023   0.00800227858697911   0
1.02397640069022   0.0264818962191278   0.0261309174787671   0
1.01912381970801   0.034944708184234   -0.0048525809822082   0
0.985224863934752   0.0596787339722102   -0.0338989557732611   0
0.979073227277204   -0.0145606515110024   -0.00615163665754759   0
0.974696474052948   -0.0564801630849447   -0.00437675322425568   0
0.999278390016641   -0.0269235440275293   0.0245819159636925   0
1.01269176957811   -0.00366038979186278   0.013413379561472   0
0.995824700032591   0.072751529983283   -0.016867069545522   0
0.983569033098084   0.0397842935400441   -0.0122556669345071   0
1.00188792212378   -0.0718794524164497   0.0183188890256933   0
1.0221239963906   -0.0426448575832916   0.0202360742668271   0
1.05342823387702   0.0413278848340919   0.0313042374864123   0
1.04479428138282   0.0817795351157311   -0.00863395249419341   0
1.02414474671796   -0.0278676796604818   -0.0206495346648605   0
1.03508951382248   -0.0344665520433527   0.0109447671045135   0
1.02637404581468   -0.0202765237620872   -0.00871546800779366   0
1.03676747393437   0.0174944889422759   0.0103934281196851   0
1.03797700510765   0.0281750176340692   0.00120953117328382   0
1.02062212070298   -0.0116388503251104   -0.0173548844046707   0
1.00923465522605   -0.040815462333774   -0.0113874654769277   0
1.03885303854215   0.00279769978176869   0.0296183833160932   0
1.04137653688387   0.0904486322422324   0.00252349834172727   0
1.00143569423316   0.0365782756262614   -0.0399408426507142   0
0.988311610581146   -0.0334210822952241   -0.0131240836520131   0
0.997369391515626   -0.0452787438511979   0.00905778093447951   0
1.00450420796692   -0.0296538066772201   0.00713481645129455   0
0.989312912331079   0.103117988702331   -0.0151912956358419   0
0.973071962467962   0.0832804809183492   -0.016240949863117   0
0.994079454895835   -0.0888766391407245   0.0210074924278734   0
1.0037932573928   -0.0552572271768543   0.00971380249696607   0
1.02257395188233   -0.00146381669756646   0.0187806944895312   0
1.02139012174903   0.0463837497335244   -0.00118383013330159   0
0.999063106863625   0.0088851673923509   -0.0223270148854052   0
1.00742876782058   -0.0530031966605635   0.00836566095695834   0
1.02302792529334   -0.0170211288925115   0.0155991574727585   0
1.05115759850093   0.0372887052086193   0.0281296732075913   0
1.02382827268847   0.0518574454844438   -0.0273293258124665   0
1.00055428307339   0.0142101078771937   -0.0232739896150798   0
1.01077121874401   -0.0362644460714936   0.0102169356706219   0
1.02025813528403   -0.0446947078499909   0.00948691654002243   0
1.02341920988188   -0.0286747956984941   0.00316107459784765   0
1.01085951812307   0.082401634183064   -0.012559691758812   0
1.03576814185174   0.0867108163622503   0.0249086237286698   0
1.06875808524579   -0.0124576684770159   0.0329899433940541   0
1.17720029673374   -0.172297270464058   0.108442211487947   0
1.0935004068152   0.0442376687129995   -0.0836998899185415   0
1.03776059257242   -0.0117817025525213   -0.0557398142427812   0
1.00719411096236   0.0428257603629041   -0.0305664816100593   0
0.992244841338694   0.084552712164053   -0.0149492696236621   0
0.995784741307201   -0.0550255068992467   0.00353989996850745   0
1.02227436141283   -0.0311098175115674   0.0264896201056241   0
1.02258645360197   -0.0134994175562111   0.000312092189142854   0
