0.0611425266427323   0   0   0
0.0503383731878822   -0.0269407202352817   -0.01080415345485   0
0.0542949751945104   -0.00192010885559559   0.00395660200662818   0
0.0514612333994727   -0.0141059855848921   -0.00283374179503775   0
0.0522459827801861   -0.00662595139127747   0.000784749380713413   0
0.0257868306391557   0.0248229487802744   -0.0264591521410304   0
0.0233068959849955   -0.00198291966943608   -0.0024799346541602   0
0.0389737611159418   -0.00407809771224805   0.0156668651309463   0
0.0325743965155918   -0.00126318274678539   -0.00639936460035003   0
0.0402747677972822   -0.00962741360020807   0.0077003712816904   0
0.0439203423724133   0.0083996515320577   0.00364557457513106   0
0.04430994036613   -0.00210999529878431   0.000389597993716774   0
0.0376587541810998   0.00228060005160746   -0.00665118618503026   0
0.0432318188107729   0.00148914491468816   0.00557306462967314   0
0.0400719172939728   0.00426590522063561   -0.00315990151680008   0
0.0384240370961407   -0.0143575403017863   -0.0016478801978321   0
0.0526402073369302   0.00297636803266834   0.0142161702407895   0
0.0352780753050673   -0.000801989142415721   -0.0173621320318629   0
0.0394763023812388   -0.000139622389696642   0.00419822707617149   0
0.0353331831936354   0.00374856398643706   -0.00414311918760338   0
0.0395909292196154   -0.011498851864103   0.00425774602597993   0
0.0454794056601722   0.0108217135117517   0.00588847644055682   0
0.0438637324563685   -0.00937188815440203   -0.00161567320380366   0
0.0360963691929327   0.00622472531367367   -0.00776736326343583   0
0.0552700993822609   -0.00209181572322151   0.0191737301893283   0
0.0474599705167681   -0.00889460907886982   -0.00781012886549281   0
0.0543151365444753   0.00883813919295216   0.00685516602770721   0
0.0485425157317531   -0.00868216737690546   -0.00577262081272221   0
0.0618679901705842   0.0093190481997355   0.0133254744388311   0
0.0550178112633991   -0.00776463694495192   -0.00685017890718512   0
0.0624396610050455   0.00265972868144118   0.00742184974164645   0
0.0555109030774586   0.00624592940171396   -0.00692875792758693   0
0.0428894256425462   0.00360470551749862   -0.0126214774349124   0
0.0576077654543856   0.00812579045053982   0.0147183398118394   0
0.0512695129371735   -0.003828234624556   -0.00633825251721211   0
0.0487776501581154   0.00459808034540785   -0.00249186277905804   0
0.0325619535409809   -0.00384054223563163   -0.0162156966171345   0
0.0426399474050743   0.016973100502781   0.0100779938640933   0
0.0410996910473789   -0.017687329889115   -0.00154025635769534   0
0.0433917416733012   -0.00543122467112275   0.00229205062592222   0
0.0600298453694702   0.0136956714550009   0.016638103696169   0
0.0647084949714101   -0.0239522167024355   0.00467864960193988   0
0.067542270105505   0.0232496478498857   0.00283377513409498   0
0.0697648890719035   -0.00280930779690851   0.00222261896639844   0
0.0572036337145203   0.0116073058302444   -0.0125612553573832   0
0.0559353876672005   0.00270272996567145   -0.00126824604731981   0
0.0660964002725564   0.00252678626125678   0.010161012605356   0
0.0733633370240885   -0.00410734130899675   0.00726693675153209   0
0.0657176516789249   -0.0154403795137146   -0.00764568534516365   0
0.0783625968079319   -0.00701000340305406   0.012644945129007   0
0.0717471461692206   0.0373390268742893   -0.00661545063871134   0
0.0788592525507312   -0.0284973633580781   0.00711210638151061   0
0.0722150507517997   0.00115586874985414   -0.00664420179893151   0
0.0679680759228367   0.0235950263161475   -0.00424697482896291   0
0.0737972416273976   -0.0251478975700246   0.00582916570456084   0
0.0769331285905006   0.0250992881794837   0.00313588696310302   0
0.0619326462306835   -0.0262110096504597   -0.0150004823598171   0
0.0766976942482791   0.0281312874795723   0.0147650480175955   0
0.0775909831661515   0.00528705717513175   0.000893288917872409   0
0.0688016754083976   -0.00733871038941997   -0.0087893077577539   0
0.199222568251196   0.0616935541891551   0.130420892842799   0
0.147233056394794   -0.0822797441993924   -0.0519895118564024   0
0.115539961509471   0.00314698933844475   -0.0316930948853229   0
0.0958937695797282   -0.00312817806975989   -0.0196461919297427   0
0.0993284243026763   0.014187645023546   0.00343465472294817   0
0.0800130491652612   0.000201935189429306   -0.0193153751374152   0
0.0870757230836507   0.0227131925604553   0.00706267391838956   0
0.0894009988047253   -0.00257422978074622   0.00232527572107456   0
0.0875718591544253   -0.00174966804524317   -0.00182913965030006   0
0.0869075474073598   0.0111760135271474   -0.000664311747065424   0
0.0800582819350534   0.00550635919935824   -0.00684926547230641   0
0.0739070407354809   -0.00712215207084731   -0.00615124119957257   0
0.0865022916035899   0.0218650101488494   0.0125952508681091   0
0.0722631535723428   -0.0124622029299527   -0.0142391380312471   0
0.0689107497449101   -0.0250899587639427   -0.00335240382743271   0
0.0699094074064294   0.0218435852924823   0.000998657661519298   0
0.0693373685351197   -0.0123473189261401   -0.00057203887130973   0
0.0719075982321236   -0.00311420240592039   0.00257022969700391   0
0.067839736533189   0.022994038391664   -0.00406786169893454   0
0.0843991929522581   -0.00898362025359453   0.0165594564190691   0
0.0798212154664135   0.0226059463425275   -0.00457797748584469   0
0.084355312656317   -0.00772016824063643   0.00453409718990358   0
0.072536645406391   0.00825001371636541   -0.0118186672499261   0
0.0821953425489851   -0.0198740655666149   0.00965869714259412   0
0.0671657760157284   0.00476267013511776   -0.0150295665332567   0
0.0785471470710108   0.00202309485740909   0.0113813710552824   0
0.0766563424633768   0.00471342567214036   -0.00189080460763402   0
0.0755890873598498   -0.0111361623685326   -0.001067255103527   0
0.0533047946767924   -0.00106592208060977   -0.0222842926830573   0
0.0730922085416257   -0.0104991790044569   0.0197874138648333   0
0.0714442114178959   0.0131446874562856   -0.00164799712372984   0
0.070608206792288   0.00201543687097923   -0.000836004625607886   0
0.0692200264391924   -0.00918861745082857   -0.00138818035309553   0
0.0660231528253642   0.0236491866486348   -0.00319687361382821   0
0.0693828582736039   -0.00923659626553527   0.00335970544823964   0
0.0786011351397039   0.00972546291348469   0.00921827686610008   0
0.0778265963416267   -0.00959852858532698   -0.000774538798077262   0
0.0747354479991925   0.0227426213413115   -0.00309114834243422   0
0.0723134681270543   -0.0220905221908603   -0.00242197987213816   0
0.0771746539262406   0.00619615796202996   0.00486118579918628   0
0.090869656797869   0.00277784128349046   0.0136950028716284   0
0.0758058039171969   0.000436511033515441   -0.0150638528806721   0
0.0786288266367049   0.00973903259612385   0.00282302271950804   0
0.0793392899650135   -0.0393417462795981   0.000710463328308611   0
0.0664571754927562   -0.00537759592674937   -0.0128821144722573   0
0.0937722285610559   0.0155686990662582   0.0273150530682996   0
0.0875624681835916   0.0186906633765427   -0.00620976037746424   0
0.0932916662537576   -0.00399085784565067   0.005729198070166   0
0.0777862258059549   0.0112937186304251   -0.0155054404478028   0
0.0980109118558138   0.000415100896041326   0.0202246860498589   0
0.106518370698439   0.0312140529331022   0.00850745884262488   0
0.0923255790758565   0.00590351235201411   -0.0141927916225822   0
0.0926141447109457   -0.0100793510886433   0.000288565635089277   0
0.0890781031198921   -0.0061451054953027   -0.00353604159105368   0
0.081902648228995   -0.0615844999659118   -0.00717545489089703   0
0.113914183854558   0.00851003493656928   0.0320115356255628   0
0.090542601763424   0.0190059936111359   -0.0233715820911338   0
0.0906300854168195   0.029315978654476   8.74836533954759e-05   0
0.091973340249512   -0.0205990676031331   0.00134325483269246   0
0.0820494333246885   0.0209456702816096   -0.00992390692482351   0
0.105353536466509   -0.0155020429697944   0.0233041031418203   0
0.0821346775454954   0.0200914535144321   -0.0232188589210134   0
0.0933536225831783   -0.0126125703402094   0.0112189450376829   0
0.0843535111266271   0.00250176219450188   -0.0090001114565512   0
0.0769202478304152   -0.00165372141932013   -0.00743326329621188   0
0.078481352770276   -0.0189743294459956   0.00156110493986072   0
0.0874719786292302   0.0201685710737565   0.00899062585895422   0
0.129447710593892   -0.0487460925303589   0.0419757319646618   0
0.105926749374273   0.0521746096282988   -0.0235209612196191   0
0.0981744985816582   -0.0114082824079905   -0.00775225079261464   0
0.0999389449965453   0.0331716129509122   0.00176444641488713   0
0.097402324200311   -0.0146250548477846   -0.00253662079623423   0
0.0935890853930227   0.0252456864646426   -0.00381323880728832   0
0.0982429356952575   -0.0163805846013983   0.00465385030223477   0
0.0892612100713546   0.0178756971298913   -0.00898172562390287   0
0.0894944690459276   0.0210455495272199   0.000233258974573006   0
0.0907374329351453   -0.00762996405780791   0.00124296388921771   0
0.0891479243056169   0.00202346876314977   -0.00158950862952846   0
0.0942057438721361   -0.000374877264683604   0.00505781956651917   0
0.0972590962679198   -0.0107294246513149   0.00305335239578379   0
0.0990297324592594   0.00870618516053326   0.00177063619133958   0
0.10855502748809   -0.00403048303915599   0.0095252950288307   0
0.101158700536069   0.0269598196857437   -0.00739632695202108   0
0.0930918521690573   -0.020327343068039   -0.00806684836701171   0
0.0971835400637906   0.0142075021154604   0.00409168789473331   0
0.100239800431777   -0.0165591653461208   0.00305626036798647   0
0.0971167722635802   0.0234851718874109   -0.0031230281681969   0
0.101030757199182   0.00761027990699012   0.00391398493560148   0
0.101594175619484   -0.00998130341537715   0.000563418420302067   0
0.095064989637629   0.0211111608145147   -0.0065291859818548   0
0.0997309832862887   -0.0294464168327427   0.00466599364865977   0
0.0922737767518622   0.00920857738190745   -0.00745720653442655   0
0.101295577777315   -0.0283814404599233   0.00902180102545247   0
0.0995529996775713   0.0224795429519338   -0.00174257809974339   0
0.100001622063045   0.000651970357321396   0.000448622385473316   0
0.0993091884421578   -0.000331082135386962   -0.000692433620886793   0
0.0991889790521608   0.00676673147704099   -0.000120209389996948   0
0.0909391465434991   -0.00466961471485447   -0.00824983250866174   0
0.0927503183890627   0.0188730615374687   0.00181117184556358   0
0.0932037922301984   0.0100285291617234   0.000453473841135768   0
0.0960777102919298   0.0264247168053539   0.00287391806173139   0
0.10331071284747   -0.0118641100226521   0.00723300255554066   0
0.0883633188223626   0.0157476216478017   -0.0149473940251079   0
0.0914121188016255   -0.013154644120451   0.00304879997926295   0
0.0854342624196669   -0.0341171200297823   -0.00597785638195866   0
0.102065293331695   0.00823863189785884   0.0166310309120284   0
0.107583699263887   0.0294327876783392   0.00551840593219181   0
0.104472110123205   0.00144324293282155   -0.00311158914068242   0
0.10444336807597   0.00131833666669168   -2.87420472349226e-05   0
0.103946830580458   0.0164241024277045   -0.000496537495511457   0
0.10691673194034   -0.0108755247885571   0.00296990135988161   0
0.109699698504474   0.0118219260277319   0.00278296656413411   0
0.100283067423033   -0.0214453179709475   -0.00941663108144142   0
0.107058171444605   0.0135356457284139   0.00677510402157268   0
0.110881458826532   -0.0106634687738086   0.00382328738192712   0
0.0887588245069892   -0.00405628796575647   -0.0221226343195432   0
0.10849471412774   -0.0783715048861481   0.0197358896207507   0
0.117279600874161   0.0529745796681629   0.00878488674642111   0
0.103964149035821   0.0134533073041118   -0.0133154518383395   0
0.115752176908914   0.0493046384334856   0.0117880278730924   0
0.120044190142019   -0.00891247856719773   0.00429201323310516   0
0.126049759505532   0.0136442752501093   0.0060055693635131   0
0.13195535496039   0.00817715728422186   0.00590559545485775   0
0.120846226343813   0.0161156811501483   -0.0111091286165773   0
0.119299016282208   -0.0224159078066634   -0.00154721006160477   0
0.112092572396836   0.00360260131527712   -0.00720644388537152   0
0.122902288355425   0.000857623677166852   0.0108097159585885   0
0.107091268060298   -0.0057591947640831   -0.0158110202951273   0
0.102470193047356   0.000753891963291231   -0.00462107501294107   0
0.0846007538944689   -0.0407437265272498   -0.0178694391528876   0
0.113247033819533   0.021889611163796   0.0286462799250643   0
0.105429684766495   -0.0257225630417704   -0.00781734905303827   0
0.110872178273688   0.0306858027535627   0.00544249350719325   0
0.100302510309189   -0.0244333523555434   -0.0105696679644991   0
0.0977539208372738   0.0236902805756852   -0.00254858947191534   0
0.106552763485057   -0.00254799032588543   0.0087988426477832   0
0.0890827578073473   -0.00424124028730788   -0.0174700056777097   0
0.110701598921752   -0.000721179175531106   0.0216188411144049   0
0.0972352660772443   0.00792604539373959   -0.0134663328445079   0
0.112404321620979   0.00917352063282517   0.0151690555437348   0
0.104032046084043   -0.00725059203508505   -0.0083722755369358   0
0.103624288867644   0.00443098577826501   -0.000407757216398921   0
0.107476800090112   -0.0786647705348372   0.00385251122246813   0
0.150618137666293   -0.0345014721560384   0.0431413375761809   0
0.169523127065926   0.0219396212548877   0.0189049893996324   0
0.145439141499366   0.0241918036146964   -0.0240839855665601   0
0.146153862931125   0.0219992178981444   0.00071472143175913   0
0.116500235201061   0.0351069773552349   -0.0296536277300639   0
0.134922287724536   0.00507477892985336   0.0184220525234752   0
0.132066509138161   -0.0156707668541444   -0.00285577858637492   0
0.143159501536128   0.00985287344685215   0.0110929923979664   0
0.11971537595401   -0.0148244278740314   -0.0234441255821173   0
0.225576799644162   -0.0559458412593783   0.105861423690152   0
0.159579657498097   0.0295749490576886   -0.065997142146065   0
0.169316753068834   -0.062467178678203   0.00973709557073682   0
0.153068660587994   0.0787106750368808   -0.01624809248084   0
0.147767038246263   -0.012015540894533   -0.00530162234173112   0
0.13521910610376   0.0700320529826796   -0.0125479321425025   0
0.11787330723599   -0.0320014854861232   -0.0173457988677707   0
0.114206369020077   0.00391489289563413   -0.00366693821591263   0
0.127202148768211   0.0158122946758065   0.0129957797481337   0
0.106137413689   -0.0025375388974937   -0.0210647350792103   0
0.11077314169361   0.0372233608535021   0.00463572800460922   0
0.096039828499964   -0.0338757420468661   -0.0147333131936455   0
0.096498760907809   0.0371311565748474   0.000458932407845017   0
0.104890458110831   -0.0370705053017726   0.00839169720302199   0
0.0925137805100138   0.0200504111338219   -0.0123766776008173   0
0.108430364592719   -0.0112562754339179   0.0159165840827054   0
0.0908066255520075   0.00781090156976616   -0.0176237390407117   0
0.114645160666391   -0.0156748443205091   0.0238385351143831   0
0.105819401874946   0.00104609675250417   -0.00882575879144418   0
0.120350640798332   0.017615343564363   0.0145312389233852   0
0.0845145898307737   0.0172380588843445   -0.0358360509675578   0
0.0903679107171291   0.0127872732787723   0.0058533208863554   0
0.085224323296985   -0.0400747675595101   -0.00514358742014409   0
0.0923529287119391   0.0219363807764363   0.00712860541495403   0
0.0971428898932521   -0.0149072548805767   0.00478996118131303   0
0.106658582798205   0.024608999507531   0.00951569290495277   0
0.10286673835474   -0.0107950221818835   -0.00379184444346506   0
0.117609085419331   0.0261267752554744   0.0147423470645908   0
0.129890653198768   -0.0134268873384233   0.012281567779437   0
0.112256085379424   0.0358296479814071   -0.0176345678193437   0
0.114268317473786   -0.0140173509619541   0.00201223209436237   0
0.0996935175957043   -0.0142947353710066   -0.014574799878082   0
0.118692260907272   0.0137242582357167   0.018998743311568   0
0.101742399468855   -0.0315500482424202   -0.0169498614384176   0
0.1147790429894   0.021207307682533   0.0130366435205452   0
0.104496561254725   -0.00665436872242026   -0.0102824817346748   0
0.106436709838758   0.0372219043789434   0.00194014858403313   0
0.102099085452564   -0.0140658415115579   -0.00433762438619399   0
0.107149953013592   0.00525200232392464   0.00505086756102795   0
0.0994459192967715   -0.0169440035854333   -0.00770403371682057   0
0.11485882404317   0.00456032955606739   0.0154129047463989   0
0.113715219035371   -0.00691070722103948   -0.00114360500779906   0
0.113625614028848   0.00822934843610212   -8.96050065229553e-05   0
0.107160034747895   -0.00190241621113091   -0.0064655792809538   0
0.109138389545945   -0.00634507781759752   0.00197835479805063   0
0.101680356010453   -0.00230489011316332   -0.00745803353549213   0
0.108791776068564   0.0138691275308062   0.00711142005811047   0
0.109793258504359   0.00310548251646825   0.00100148243579548   0
