0.139347134137018   0.0903886426961374   0   0   0
0.149252555147843   0.046731646239359   0.00990542101082562   -0.0436569964567784   0
0.171138488745373   0.0575479799530357   0.0218859335975293   0.0108163337136767   0
0.198932162088788   0.0570109607656721   0.0277936733434159   -0.000537019187363638   0
0.165618902555656   0.0487821430763604   -0.0333132595331321   -0.00822881768931164   0
0.112802765823006   0.0619006751882805   -0.0528161367326501   0.01311853211192   0
0.115109669562943   0.0349486216803324   0.00230690373993703   -0.0269520535079481   0
0.158676796011043   0.0437757401100144   0.0435671264480992   0.00882711842968201   0
0.162753860309671   0.0575063571769461   0.00407706429862875   0.0137306170669317   0
0.164670157162196   0.0381804303179653   0.00191629685252492   -0.0193259268589808   0
0.133130480572595   0.0735353460371439   -0.0315396765896015   0.0353549157191787   0
0.12968293512047   0.0154242781186941   -0.00344754545212478   -0.0581110679184498   0
0.121471586729819   0.0195853359625256   -0.00821134839065063   0.00416105784383155   0
0.133240368591655   0.0221053176891896   0.0117687818618354   0.00251998172666399   0
0.133645166376416   0.0358116124242542   0.000404797784761685   0.0137062947350646   0
0.133876861858825   0.0251411262385707   0.000231695482408562   -0.0106704861856835   0
0.129044758144297   0.0510109776985797   -0.00483210371452836   0.025869851460009   0
0.139349032735681   0.0413538221000792   0.0103042745913848   -0.00965715559850054   0
0.123931147765443   0.0229653662650414   -0.0154178849702386   -0.0183884558350378   0
0.118916455350342   0.0343123092881767   -0.00501469241510025   0.0113469430231354   0
0.0675898527686664   0.0288636197058252   -0.0513266025816761   -0.00544868958235156   0
0.160380084912761   0.0470002661785425   0.0927902321440945   0.0181366464727174   0
0.121267365026096   0.0259343955137285   -0.0391127198866645   -0.0210658706648141   0
0.175956702535851   0.0341109522814154   0.0546893375097548   0.00817655676768694   0
0.198987842838727   0.0435090108721171   0.0230311403028761   0.00939805859070164   0
0.17552919798008   0.0455371051490156   -0.0234586448586476   0.00202809427689851   0
0.18613721068341   0.0387727119985322   0.0106080127033299   -0.00676439315048335   0
0.192554322654491   0.0274583361310368   0.00641711197108186   -0.0113143758674954   0
0.133016547413696   0.0433026455697351   -0.0595377752407956   0.0158443094386983   0
0.178819427762391   0.0443625046162297   0.0458028803486949   0.00105985904649457   0
0.240548610744668   0.0337458799813488   0.0617291829822768   -0.0106166246348808   0
0.193509100513903   0.0305177290663558   -0.0470395102307641   -0.003228150914993   0
0.36995546542128   0.0587743852123315   0.176446364907377   0.0282566561459756   0
0.204367770964064   0.0345873409834079   -0.165587694457216   -0.0241870442289236   0
0.228707418456865   0.0197973971579606   0.0243396474928013   -0.0147899438254473   0
0.209437009843301   0.0158078063707587   -0.0192704086135643   -0.00398959078720184   0
0.347417778355295   0.0146203690857994   0.137980768511994   -0.00118743728495928   0
0.291832026055829   0.0311915510321305   -0.0555857522994662   0.016571181946331   0
0.307643951963435   0.0284004151732858   0.0158119259076063   -0.00279113585884472   0
0.198531048533051   0.0106885715473596   -0.109112903430385   -0.0177118436259262   0
0.362555704082636   0.0162498303462682   0.164024655549586   0.00556125879890865   0
0.387905645255454   0.0493963951282632   0.0253499411728181   0.0331465647819949   0
0.237908380144043   0.0921580598758249   -0.149997265111411   0.0427616647475617   0
0.370527904753016   0.0553579627611864   0.132619524608973   -0.0368000971146385   0
0.232405891501619   0.0843448865773868   -0.138122013251397   0.0289869238162004   0
0.221403561808144   0.0714886377763103   -0.0110023296934757   -0.0128562488010765   0
0.394706284207749   0.0441542684331337   0.173302722399605   -0.0273343693431766   0
0.264816696369564   0.0820052751062089   -0.129889587838185   0.0378510066730752   0
0.31848558231911   0.0605399258391724   0.0536688859495462   -0.0214653492670364   0
0.324185750428238   0.0948546071635702   0.00570016810912782   0.0343146813243977   0
0.291849043857848   0.0892538471295126   -0.0323367065703904   -0.00560076003405764   0
0.360666490457835   0.103599295484839   0.0688174465999872   0.0143454483553265   0
0.233643820338758   0.115479456720352   -0.127022670119077   0.0118801612355127   0
0.355721142021514   0.124464213689166   0.122077321682755   0.00898475696881471   0
0.226985222161682   0.116495653247289   -0.128735919859832   -0.00796856044187789   0
0.409266379244631   0.142761518924963   0.182281157082949   0.0262658656776742   0
0.257151133167735   0.179112712652487   -0.152115246076896   0.0363511937275246   0
0.293284156592425   0.172780611311086   0.0361330234246902   -0.00633210134140164   0
0.258415547788364   0.13951085030693   -0.0348686088040614   -0.0332697610041562   0
0.420499689645652   0.126249808184498   0.162084141857289   -0.0132610421224317   0
0.227741390312807   0.126948317111975   -0.192758299332845   0.000698508927476887   0
0.307687563404015   0.152694930295058   0.0799461730912082   0.0257466131830829   0
0.250722049898727   0.137779788419864   -0.0569655135052879   -0.0149151418751935   0
0.414362109530589   0.134461566410257   0.163640059631862   -0.00331822200960691   0
0.255624790498298   0.113418190332658   -0.158737319032291   -0.0210433760775993   0
0.352084588183138   0.128939919609377   0.0964597976848398   0.0155217292767188   0
0.31138799163057   0.14112465474514   -0.0406965965525681   0.0121847351357635   0
0.33767771695331   0.163963089628718   0.0262897253227403   0.0228384348835778   0
0.385694736355592   0.179382638228439   0.0480170194022821   0.015419548599721   0
0.250090579653553   0.210539892986792   -0.13560415670204   0.0311572547583535   0
0.47743201968939   0.256521241025383   0.227341440035837   0.0459813480385903   0
0.410062126092084   0.274697538260338   -0.0673698935973062   0.0181762972349555   0
0.303008608528867   0.270621576570106   -0.107053517563217   -0.00407596169023178   0
0.428872575473765   0.289458517566287   0.125863966944898   0.0188369409961805   0
0.316824823084698   0.245216268713074   -0.112047752389067   -0.044242248853213   0
0.400790056942834   0.279664522653947   0.0839652338581361   0.034448253940873   0
0.304497282576134   0.267579647045529   -0.0962927743666999   -0.0120848756084177   0
0.429374179266628   0.264599163621146   0.124876896690494   -0.00298048342438317   0
0.315500382167629   0.237663637385402   -0.113873797098998   -0.0269355262357437   0
0.457668016966054   0.324902403931382   0.142167634798425   0.0872387665459792   0
0.307572365161989   0.236252497206908   -0.150095651804065   -0.0886499067244737   0
0.446165858185003   0.255203670868118   0.138593493023014   0.0189511736612097   0
0.329453836566673   0.240971015902167   -0.11671202161833   -0.0142326549659504   0
0.462759046468991   0.29158212738539   0.133305209902318   0.0506111114832232   0
0.360666464686558   0.286920159289919   -0.102092581782434   -0.00466196809547137   0
0.522756869208813   0.286798730850003   0.162090404522255   -0.000121428439915972   0
0.332228934335121   0.298223862731754   -0.190527934873692   0.0114251318817513   0
0.467011187540556   0.310113573666524   0.134782253205435   0.0118897109347695   0
0.378739840074278   0.292003430090981   -0.0882713474662772   -0.0181101435755432   0
0.338230153772501   0.271192969586769   -0.040509686301777   -0.020810460504212   0
0.409195913266494   0.363753242150788   0.0709657594939924   0.0925602725640197   0
0.356795187683354   0.327736250596894   -0.0524007255831396   -0.0360169915538945   0
0.511897916304609   0.359686576949349   0.155102728621254   0.0319503263524553   0
0.353741538951096   0.355790931764906   -0.158156377353512   -0.00389564518444308   0
0.475201249510142   0.389216546375588   0.121459710559046   0.0334256146106816   0
0.319190429615128   0.398206201375983   -0.156010819895014   0.00898965500039545   0
0.447605217951042   0.395392850010645   0.128414788335914   -0.00281335136533856   0
0.367429427093149   0.383769671284317   -0.0801757908578928   -0.0116231787263277   0
0.467228729307178   0.404167220789787   0.0997993022140283   0.0203975495054697   0
0.400236071727674   0.38396282559408   -0.0669926575795035   -0.0202043951957064   0
0.458225896392816   0.424818500671451   0.057989824665142   0.0408556750773714   0
0.404448252094134   0.402627003982101   -0.0537776442986825   -0.0221914966893509   0
0.479864474623825   0.438588216880812   0.0754162225296917   0.0359612128987111   0
0.415541411198691   0.417367232321912   -0.0643230634251341   -0.0212209845589002   0
0.615011086978113   0.482316049711258   0.199469675779421   0.0649488173893462   0
0.448068321703833   0.488889549380341   -0.166942765274279   0.00657349966908294   0
0.530596739042938   0.511178103667206   0.0825284173391049   0.0222885542868649   0
0.457428751457536   0.484636687954253   -0.0731679875854027   -0.0265414157129522   0
0.570135419149696   0.506269503115507   0.112706667692161   0.0216328151612538   0
0.429110941367148   0.464626219889171   -0.141024477782548   -0.0416432832263364   0
0.643441210968803   0.534210709785278   0.214330269601655   0.0695844898961068   0
0.451601137835148   0.456883310739745   -0.191840073133656   -0.0773273990455329   0
0.458397994573493   0.489762895626492   0.00679685673834529   0.032879584886747   0
0.677651627396408   0.50959670094527   0.219253632822915   0.0198338053187781   0
0.556063224655254   0.53272917943853   -0.121588402741153   0.0231324784932607   0
0.463029268258077   0.509944792883494   -0.0930339563971775   -0.0227843865550362   0
0.616204979107602   0.539839993478207   0.153175710849525   0.0298952005947132   0
0.466373405869117   0.562199677616957   -0.149831573238485   0.0223596841387493   0
0.521514321534893   0.555994435329122   0.0551409156657763   -0.00620524228783492   0
0.583527576482037   0.584820140207786   0.0620132549471442   0.0288257048786641   0
0.488837866137639   0.550171486654152   -0.0946897103443987   -0.0346486535536336   0
0.691865087928275   0.596618600646822   0.203027221790636   0.0464471139926701   0
0.52571249909908   0.590698705794945   -0.166152588829195   -0.00591989485187772   0
0.675647247966718   0.616197482422496   0.149934748867638   0.0254987766275515   0
0.624639236342066   0.612992652911485   -0.0510080116246517   -0.00320482951101142   0
0.424229848682292   0.537594799041688   -0.200409387659775   -0.075397853869797   0
0.580351611868185   0.571876688005966   0.156121763185893   0.0342818889642779   0
0.667471191624777   0.631446811626173   0.0871195797565925   0.0595701236202077   0
0.611991850166528   0.640746148617042   -0.055479341458249   0.00929933699086871   0
0.700753205161418   0.623139000459456   0.0887613549948895   -0.0176071481575859   0
0.724596628790115   0.643238500422715   0.0238434236286976   0.0200994999632584   0
0.614368824252175   0.633173710904893   -0.11022780453794   -0.010064789517822   0
0.786127766221878   0.661083067977724   0.171758941969703   0.0279093570728314   0
0.621282509914773   0.65345092854877   -0.164845256307105   -0.00763213942895369   0
0.685258195597105   0.645808745627225   0.0639756856823318   -0.00764218292154517   0
0.639607087567829   0.655223337726343   -0.0456511080292762   0.00941459209911832   0
0.632571329622992   0.616959531846216   -0.00703575794483668   -0.0382638058801271   0
0.647704954213722   0.646758680706529   0.0151336245907302   0.0297991488603128   0
0.783100276593617   0.678661044523885   0.135395322379895   0.0319023638173556   0
0.693302861688166   0.685953911899335   -0.0897974149054515   0.00729286737544999   0
0.759023971026607   0.657025383127623   0.0657211093384416   -0.0289285287717114   0
0.778746247138951   0.68923188580205   0.0197222761123435   0.0322065026744267   0
0.720919224763773   0.673105929749144   -0.0578270223751775   -0.0161259560529057   0
0.828495489502508   0.705280260871875   0.107576264738734   0.0321743311227307   0
0.743311103692121   0.712209406842187   -0.0851843858103863   0.00692914597031224   0
0.895427301529275   0.720014740976878   0.152116197837154   0.00780533413469031   0
0.653195898385775   0.656128717015381   -0.2422314031435   -0.0638860239614965   0
0.728969034552909   0.667346795815581   0.0757731361671335   0.0112180788001996   0
0.632371123387208   0.635702765260033   -0.0965979111657004   -0.031644030555548   0
0.922696312711284   0.67880874012078   0.290325189324076   0.043105974860747   0
0.662552952333623   0.628930491830576   -0.260143360377661   -0.0498782482902039   0
0.47710979983333   0.459240880190494   -0.185443152500293   -0.169689611640082   0
0.616553641414922   0.600240806533513   0.139443841581592   0.140999926343019   0
0.630690093641877   0.594747989860798   0.0141364522269556   -0.00549281667271517   0
0.724775435798565   0.657858249340996   0.0940853421566877   0.0631102594801977   0
0.649431045746198   0.639547985092106   -0.0753443900523674   -0.01831026424889   0
0.845389189279115   0.675900304866376   0.195958143532918   0.0363523197742702   0
0.641560186563973   0.6210536533797   -0.203829002715142   -0.0548466514866761   0
0.844027460805038   0.643347152754638   0.202467274241065   0.0222934993749385   0
0.69103193325562   0.662580510720961   -0.152995527549418   0.0192333579663229   0
0.747618069560253   0.657112937887773   0.0565861363046332   -0.00546757283318855   0
0.683528340353931   0.637679384436891   -0.0640897292063221   -0.0194335534508816   0
0.801936213893599   0.642130993013996   0.118407873539668   0.00445160857710436   0
0.756603620361415   0.684429134557956   -0.045332593532184   0.0422981415439604   0
0.80035429130417   0.688814285589556   0.0437506709427548   0.00438515103159975   0
0.796856577320536   0.676095826615762   -0.0034977139836333   -0.0127184589737942   0
0.795569043023294   0.66078516656853   -0.00128753429724238   -0.0153106600472314   0
0.833851869997903   0.716793934204245   0.0382828269746092   0.0560087676357153   0
0.826781315300485   0.691345354042276   -0.00707055469741846   -0.0254485801619693   0
0.798223427954855   0.667134608229556   -0.0285578873456294   -0.0242107458127206   0
0.823727284270104   0.642316799404313   0.0255038563152482   -0.0248178088252428   0
0.88414738258166   0.691681168402032   0.0604200983115563   0.0493643689977191   0
0.745826893445121   0.661361546155998   -0.138320489136539   -0.0303196222460337   0
0.812242336222386   0.667594320134616   0.0664154427772652   0.00623277397861799   0
0.86768062558121   0.664205718133509   0.0554382893588239   -0.00338860200110758   0
0.95287354910817   0.723914899481458   0.0851929235269601   0.0597091813479498   0
0.870379799675981   0.726874867144442   -0.0824937494321896   0.00295996766298345   0
0.932671681890793   0.758574649213411   0.062291882214812   0.0316997820689695   0
0.943163067921449   0.737717097333558   0.0104913860306567   -0.0208575518798536   0
1.03764877910688   0.794764818301616   0.0944857111854315   0.0570477209680581   0
0.945311676480302   0.793816638641129   -0.0923371026265783   -0.000948179660487325   0
1.05513022457373   0.809731102680081   0.109818548093423   0.0159144640389527   0
0.520108487327557   0.302649774579876   -0.535021737246168   -0.507081328100205   1
0.332313087032455   0.171213152832223   -0.187795400295102   -0.131436621747654   1
0.17484138048517   0.19284569531234   -0.157471706547285   0.0216325424801178   0
