0.00906866868509375   0   0   0
0.00379183348916128   0.00847471637867499   -0.00527683519593247   0
0.0113493570537057   0.00647478656956363   0.00755752356454445   0
0.0106837131048854   0.136338162290298   -0.000665643948820332   0
0.0307149023817837   -0.00111837058129127   0.0200311892768983   0
0.0205133541526965   -0.110527412102601   -0.0102015482290872   0
0.0259175974255427   -0.00242143880318114   0.00540424327284626   0
0.000558347082693417   -0.0149327592946937   -0.0253592503428493   0
0.0190075513808519   0.134421208213714   0.0184492042981585   0
0.0171950156639213   -0.0629210390068325   -0.00181253571693056   0
0.0087212474911649   -0.0523752479192967   -0.00847376817275644   0
0.013801744478123   -0.0371480488739896   0.00508049698695815   0
0.0129504452696616   0.0946320553475246   -0.000851299208461465   0
0.0245438514337604   0.0763858199666608   0.0115934061640988   0
0.00983360165151228   -0.141223733591886   -0.0147102497822481   0
0.0168032132448678   -0.0117448380031771   0.0069696115933555   0
0.00964490634000144   0.0102159035992751   -0.00715830690486634   0
0.0144962591140922   0.140955572568903   0.00485135277409072   0
0.0192689992588121   -0.0232726445207824   0.00477274014471991   0
0.010217772889681   -0.099412988313047   -0.00905122636913107   0
0.0144266227489319   0.0176238871684195   0.00420884985925092   0
0.00656651620540717   0.115227094839931   -0.00786010654352475   0
0.0129970851919767   -0.0411701047838106   0.00643056898656953   0
0.0185423359912526   -0.0676967427774802   0.00554525079927586   0
0.0206484690750913   -0.0307050871517209   0.0021061330838387   0
0.0129122738594922   0.0838997868178405   -0.00773619521559908   0
0.0281831213464709   0.101416369812012   0.0152708474869788   0
0.0155552388845366   -0.116327395568686   -0.0126278824619343   0
0.0234140966710228   -0.056739679837864   0.00785885778648616   0
0.0188999550592329   -0.0126895482019982   -0.00451414161178983   0
0.008127398470607   0.119957316467465   -0.0107725565886259   0
0.0158034444028035   0.0131779646871775   0.00767604593219646   0
0.0109450188801299   -0.110678759249435   -0.00485842552267356   0
0.0220260823613165   -0.0259309349579315   0.0110810634811866   0
0.0202820799675576   0.0411478140568966   -0.00174400239375898   0
0.0276477099553019   0.120667161270156   0.00736562998774434   0
0.020629470839675   -0.0873203949115283   -0.00701823911562693   0
0.0321582542207285   -0.0669466943502915   0.0115287833810535   0
0.0180894789196649   -0.0153446332292312   -0.0140687753010636   0
0.0192236707563228   0.106750626692065   0.00113419183665791   0
0.0103272627846347   0.0474331633419791   -0.00889640797168813   0
0.0222747889299764   -0.132016155420772   0.0119475261453418   0
0.0247795106400934   -0.0128345782605592   0.00250472171011694   0
0.0189718321752276   0.0270999388706273   -0.00580767846486579   0
0.0167055325860925   0.133384628098056   -0.00226629958913502   0
0.016445471190118   -0.0704735143015744   -0.000260061395974585   0
0.0275059314289209   -0.0710408061249699   0.011060460238803   0
0.0367232566383688   -0.021177168226863   0.0092173252094479   0
0.0140779062872467   0.104233957339614   -0.0226453503511221   0
0.00842293979142674   0.0494311144302143   -0.00565496649581995   0
0.0207688356796307   -0.129842682197805   0.0123458958882039   0
0.0339915558304191   -0.0164436394326133   0.0132227201507885   0
0.0343019578520673   -0.00770806193227605   0.00031040202164815   0
0.0211856768899415   0.143042610344173   -0.0131162809621258   0
0.0173777004122446   -0.0310669902202669   -0.0038079764776969   0
0.0400722568616368   -0.0981491082642447   0.0226945564493923   0
0.0396398409211301   -0.0189724987285185   -0.000432415940506733   0
0.0289208678452947   0.113764951634075   -0.0107189730758354   0
0.0134110320680634   0.0471386502471006   -0.0155098357772313   0
0.0303991987856999   -0.120285727812399   0.0169881667176365   0
0.0362220786590858   -0.0243012030439341   0.00582287987338589   0
0.0304636476391945   0.0249797342631443   -0.00575843101989133   0
0.015732073249642   0.133669309396291   -0.0147315743895525   0
0.00895085900118111   -0.0552686164984919   -0.00678121424846084   0
0.049035827447694   -0.0902935195985673   0.0400849684465129   0
0.0576376995599451   -0.00305631225983395   0.00860187211225109   0
0.0425370197933285   0.0780622742954982   -0.0151006797666166   0
0.0241897529910684   0.0966083418671457   -0.0183472668022602   0
0.0454684749659586   -0.120998570013367   0.0212787219748902   0
0.0652683274905218   -0.0445517145208514   0.0197998525245632   0
0.0417934768364933   0.0555795911651901   -0.0234748506540285   0
0.0263435269220448   0.0967488558022837   -0.0154499499144485   0
0.0462823260703803   -0.120407186739668   0.0199387991483354   0
0.0504963644607461   -0.0479025606226139   0.00421403839036582   0
0.0434011574999446   0.0322901821839425   -0.00709520696080144   0
0.0324742414527268   0.130701063280104   -0.0109269160472178   0
0.0320924701208866   -0.0355231607032353   -0.000381771331840197   0
0.0543654283671158   -0.0916301592714008   0.0222729582462292   0
0.0594191886273702   -0.0103435378056357   0.00505376026025439   0
0.0535677006909481   0.107491453632431   -0.0058514879364221   0
0.029491799836819   0.0363884603889261   -0.024075900854129   0
0.0447452139833413   -0.121973931537329   0.0152534141465222   0
0.0551419642717096   -0.0266632486293748   0.0103967502883683   0
0.0388194057388183   0.119572393884719   -0.0163225585328913   0
0.0247217953778725   0.0559484421123908   -0.0140976103609458   0
0.0352698844235418   -0.0899359400849207   0.0105480890456693   0
0.0632022275868501   -0.0361489538462705   0.0279323431633083   0
0.0705970128640192   -0.0300956913151162   0.00739478527716911   0
0.0457727195566311   0.0408586904488561   -0.0248242933073881   0
0.0300451382386568   0.114072147130419   -0.0157275813179743   0
0.0222959290903631   -0.0631242396839021   -0.00774920914829374   0
0.0570643790155689   -0.106780524011498   0.0347684499252058   0
0.0701046747762943   -0.00748422500990763   0.0130402957607254   0
0.0628798619115055   0.0362912827001309   -0.00722481286478885   0
0.0449870756934978   0.120434445327205   -0.0178927862180077   0
0.0566630552992203   -0.059437837651021   0.0116759796057225   0
0.0689869487967833   -0.0781260471686451   0.012323893497563   0
0.0879431722241699   -0.0295582651367242   0.0189562234273866   0
0.0580534626552327   0.0447521457442273   -0.0298897095689371   0
0.0479375037305083   0.108152167696288   -0.0101159589247244   0
0.0576883991066878   -0.108888810536187   0.00975089537617951   0
0.0743846674854771   -0.041352597218233   0.0166962683787893   0
0.0752680448691874   -0.0200311468343314   0.000883377383710207   0
0.0705575241317501   0.142064084683512   -0.00471052073743725   0
0.0533843885858965   0.0291865340263021   -0.0171731355458536   0
0.0793199648123976   -0.117710884984932   0.0259355762265011   0
0.0927002961434994   -0.0422816229447498   0.0133803313311018   0
0.080859244871103   0.0438523148644823   -0.0118410512723964   0
0.0602663690615255   0.129916382649002   -0.0205928758095775   0
0.064932521558866   -0.0793242857915958   0.0046661524973405   0
0.0906655982733282   -0.076173792730311   0.0257330767144621   0
0.0874466288320625   -0.0158280122375048   -0.00321896944126571   0
0.0568592399328544   0.131885771175779   -0.0305873888992081   0
0.0436678344402662   0.0190338832793824   -0.0131914054925882   0
0.0806009947612311   -0.134626460390291   0.0369331603209649   0
0.076976856801655   -0.0345440924224554   -0.00362413795957608   0
0.0687102685751191   0.0854519787909346   -0.00826658822653591   0
0.0524925710880368   0.103333491360537   -0.0162176974870823   0
0.0542858642604585   -0.0975588459509996   0.0017932931724217   0
0.0813523463592938   -0.0618866466560293   0.0270664820988352   0
0.0712483274318948   -0.00874179491192036   -0.0101040189273989   0
0.0686449904608851   0.147726627933714   -0.00260333697100978   0
0.0628804158173672   0.00535198898644579   -0.00576457464351789   0
0.0820745956873685   -0.119490319119813   0.0191941798700013   0
0.0740962802491799   0.0151268924463857   -0.0079783154381886   0
0.0567021047461644   0.102375961313414   -0.0173941755030155   0
0.0561035516434343   -0.0281217937601971   -0.000598553102730104   0
0.0809000037887205   -0.0862653836856107   0.0247964521452862   0
0.114567312678017   -0.0275259343920047   0.0336673088892964   0
0.0846734017575915   0.0304685150664247   -0.0298939109204254   0
0.0594247494651271   0.132987239343128   -0.0252486522924644   0
0.0464616852681325   -0.0600811310553693   -0.0129630641969946   0
0.0751791225525079   -0.113007828825282   0.0287174372843754   0
0.0791670815665514   -0.0226421389883982   0.0039879590140435   0
0.0669948233455392   0.114042740999256   -0.0121722582210122   0
0.0485504635963705   0.0753535229555591   -0.0184443597491686   0
0.0588153808424718   -0.119182619172614   0.0102649172461013   0
0.0752682618256526   -0.0412391857923683   0.0164528809831808   0
0.0788692432866735   0.00129462019025928   0.00360098146102089   0
0.0682758170556201   0.15013211729967   -0.0105934262310535   0
0.0764115676803094   -0.0333598849864599   0.0081357506246893   0
0.0944835496507858   -0.0908694728424309   0.0180719819704764   0
0.0977580847173394   -0.0140561373324246   0.00327453506655358   0
0.0746094370345501   0.112883577056154   -0.0231486476827892   0
0.0762828977463166   0.0750118774063249   0.00167346071176648   0
0.0938661116115662   -0.144905104671243   0.0175832138652496   0
0.0955590895495688   -0.0515441389694394   0.00169297793800258   0
0.0875145903901887   0.0184348533860596   -0.00804449915938008   0
0.0590111796822009   0.129846223314665   -0.0285034107079878   0
0.0620004801635036   -0.0293364856453897   0.00298930048130269   0
0.0924294320788027   -0.131899986537104   0.0304289519152991   0
0.0974056038103558   -0.0231230040131876   0.0049761717315531   0
0.0918081088842919   0.0189020514917934   -0.00559749492606389   0
0.0869657054543629   0.165134357252814   -0.00484240342992906   0
0.0805525652057528   -0.0184518868853699   -0.00641314024861003   0
0.0827185876130728   -0.120999631595516   0.00216602240731997   0
0.0943201253803238   -0.0159628977594189   0.011601537767251   0
0.100411301392419   0.0444391213786433   0.00609117601209531   0
0.0784014541353069   0.129829796663755   -0.0220098472571122   0
0.0787341386448883   -0.0484470038784668   0.000332684509581474   0
0.1057977360118   -0.0970606348161624   0.0270635973669116   0
0.103966110088956   -0.0205566153744924   -0.00183162592284339   0
0.0884174054263215   0.0203422167326627   -0.015548704662635   0
0.0770145348568517   0.142115052365441   -0.0114028705694698   0
0.0691278477493543   -0.0412281553575635   -0.00788668710749743   0
0.0932632492547976   -0.123808005940061   0.0241354015054433   0
0.0953076990376517   -0.0415280549128252   0.00204444978285415   0
0.0905359644281763   0.138668233738584   -0.00477173460947546   0
0.0932636034363888   0.0783854114474266   0.00272763900821257   0
0.10643642555507   -0.130210347335737   0.0131728221186814   0
0.114350549433267   -0.0450715980846366   0.00791412387819664   0
0.112149712221924   0.0292115598907806   -0.00220083721134272   0
0.110428334632421   0.124842426800346   -0.00172137758950289   0
0.0952533622762997   -0.00152217762456403   -0.0151749723561215   0
0.105121925173534   -0.133279863953296   0.0098685628972339   0
0.124484437840561   -0.0062938693667989   0.019362512667027   0
0.128006685919877   0.0141339030550776   0.00352224807931623   0
0.111203895303413   0.140348485279014   -0.0168027906164636   0
0.117144299898416   -0.0197509197563946   0.00594040459500261   0
0.132427882331064   -0.123828694099743   0.0152835824326476   0
0.139299090802498   -0.019004523047959   0.00687120847143419   0
0.120305559506961   0.0922789961075635   -0.0189935312955369   0
0.10869234340992   0.0627151188958381   -0.0116132160970407   0
0.125063563760593   -0.141726726557716   0.0163712203506732   0
0.135404930196475   -0.0202745537849504   0.0103413664358821   0
0.129366614206487   0.0352043987887878   -0.00603831598998866   0
0.118495048935164   0.129299253484317   -0.0108715652713229   0
0.119502810945803   -0.0976239311119732   0.00100776201063858   0
0.127416291912389   -0.0772266500641671   0.00791348096658606   0
0.158421794815683   0.0350243619090671   0.0310055029032948   0
0.132484073239286   0.161536023546129   -0.0259377215763974   0
0.123135503736595   -0.0544116668169041   -0.00934856950269142   0
0.147040800131979   -0.116734353747464   0.0239052963953841   0
0.156207874609477   -0.0163876359851572   0.00916707447749804   0
0.162055553878454   0.107122243736624   0.00584767926897725   0
0.148750938334318   0.114811205605866   -0.0133046155441362   0
0.167535314761427   -0.1305381885681   0.0187843764271091   0
0.181408280825905   -0.0433030961154319   0.0138729660644781   0
0.188979288633597   -0.00898743056659487   0.0075710078076921   0
0.174227527986999   0.0432187991806623   -0.0147517606465984   0
0.155407589315839   0.124309390660906   -0.0188199386711599   0
0.156493722009736   -0.08178635328629   0.00108613269389685   0
0.176470899476969   -0.114161701082821   0.0199771774672332   0
0.171048089315433   0.0164312402315697   -0.00542281016153559   0
0.166511690065474   0.123008354223851   -0.00453639924995936   0
0.168358535163681   -0.00480869720329574   0.00184684509820715   0
0.174406593654628   -0.115691743511522   0.00604805849094667   0
0.17468557745335   0.00307369465090054   0.000278983798722543   0
0.158185327148128   0.0703626220763534   -0.0165002503052218   0
0.15256780485299   0.0892908558535819   -0.00561752229513848   0
0.158517783189175   -0.084813212555887   0.00594997833618546   0
0.175969359668695   -0.080391335639085   0.0174515764795192   0
0.179079926201851   -0.0242740477300047   0.00311056653315639   0
0.181562152654292   0.0121839705320299   0.00248222645244095   0
0.170545972888428   0.14180990448814   -0.011016179765864   0
0.157370848213089   -0.00820385043908642   -0.0131751246753385   0
0.168690025716432   -0.143159087014153   0.0113191775033423   0
0.171880923224366   -0.0169729863453203   0.00319089750793428   0
0.14830849810601   0.125026801319077   -0.0235724251183559   0
0.140579008945896   0.0507090607541787   -0.00772948916011379   0
0.169169672691947   -0.148080517375463   0.0285906637460512   0
0.171746820419189   -0.0398977507701802   0.00257714772724119   0
0.174750963914253   0.0358484716124234   0.00300414349506395   0
0.156214424816988   0.132478701924174   -0.0185365390972642   0
0.165867269887771   0.00560665302436922   0.00965284507078218   0
0.180266795853784   -0.15156559089161   0.0143995259660139   0
0.18649437932415   -0.0273997170817364   0.0062275834703657   0
0.177138060362737   0.149546172648757   -0.00935631896141356   0
0.159617822126008   0.0399242761821241   -0.0175202382367284   0
0.184700224545911   -0.143775244183905   0.0250824024199029   0
0.181511063927817   -0.0535292576105979   -0.00318916061809449   0
0.185014523421698   0.0189658615135394   0.00350345949388106   0
0.177971218575757   0.164745246206285   -0.00704330484594037   0
0.178391593523742   0.0100507164250905   0.000420374947984664   0
0.206036763615022   -0.156553946949874   0.0276451700912801   0
0.218193887851975   -0.0240336431070505   0.0121571242369533   0
0.214583043720165   0.0768870614448078   -0.00361084413181004   0
0.19504285442861   0.134636306625209   -0.0195401892915552   0
0.203592487034818   -0.120937559185807   0.00854963260620778   0
0.201835835525336   -0.105471539790115   -0.00175665150948212   0
0.187372495582891   0.0327371047974599   -0.0144633399424451   0
0.171345493311643   0.162002372945043   -0.0160270022712474   0
0.158362816106686   -0.0130304163971744   -0.0129826772049574   0
0.179364468796938   -0.164413942626985   0.0210016526902517   0
0.205737450879052   -0.000853805540231886   0.0263729820821146   0
0.181493182705193   0.00157601053477724   -0.0242442681738596   0
0.170259697316953   0.178190195326454   -0.0112334853882397   0
0.176417756538877   -0.011609501776786   0.00615805922192392   0
0.2026003379858   -0.162268662960669   0.0261825814469233   0
0.214918883928822   -0.0258402844023521   0.0123185459430218   0
0.206559558628881   0.0851796766698965   -0.00835932529994121   0
0.194234498246856   0.139286987707364   -0.0123250603820244   0
0.199345698843945   -0.112887662419723   0.00511120059708903   0
0.209878010659068   -0.106668211565465   0.010532311815123   0
0.210707306542056   -0.0111332229162595   0.000829295882987746   0
0.200529674179394   0.163588228583485   -0.0101776323626615   0
0.192813302181903   0.0275715771918181   -0.00771637199749101   0
0.224774947553664   -0.11990215812145   0.0319616453717607   0
0.2341167532476   -0.0472227701557086   0.00934180569393578   0
0.225149375161386   0.0694395921743971   -0.00896737808621403   0
0.224604323165322   0.151400495727571   -0.000545051996063695   0
0.221513414985955   -0.106548108497186   -0.00309090817936702   0
0.237959222951229   -0.0933820933218065   0.0164458079652734   0
0.230539961519062   -0.0225287034351642   -0.00741926143216701   0
0.224088114846041   0.147458255797917   -0.00645184667302046   0
0.212710057559439   0.0801651242404137   -0.0113780572866018   0
0.240916115028115   -0.171116673429666   0.0282060574686758   0
0.248922772894506   -0.0505812363269953   0.00800665786639124   0
0.245258658325369   0.0801453627491803   -0.00366411456913757   0
0.245454721149956   0.144959401176972   0.000196062824586868   0
0.229044008183166   -0.0912611081696794   -0.0164107129667902   0
0.227622364831254   -0.0523886666025433   -0.00142164335191153   0
0.23345978811918   -0.0211863290532879   0.00583742328792619   0
0.228893044738673   0.0794269085099883   -0.00456674338050753   0
0.217983856625875   0.100350594352102   -0.0109091881127977   0
0.238155250444059   -0.107824503466514   0.0201713938181841   0
0.252517587199511   -0.0766250731102067   0.0143623367554517   0
0.237567050660419   0.033194527422724   -0.0149505365390919   0
0.243383756992409   0.133256687435067   0.00581670633199016   0
0.260434042554905   -0.0368785149925468   0.0170502855624959   0
0.246994793565047   -0.118819217003429   -0.0134392489898582   0
0.248147788417487   -0.0345515260565665   0.00115299485244055   0
0.234735174636206   0.0979817825385503   -0.0134126137812814   0
0.220303704140194   0.128697053355732   -0.014431470496012   0
0.219587732197156   -0.113199426207076   -0.000715971943037463   0
0.228615103100145   -0.113116279090455   0.00902737090298891   0
0.235395413871511   -0.0063112449913252   0.00678031077136593   0
0.239067524435022   0.164264400429   0.00367211056351124   0
0.220349977641047   0.0255031150302029   -0.0187175467939751   0
0.227650430316395   -0.149581108325288   0.00730045267534821   0
0.249309175467912   -0.0661887182881125   0.0216587451515163   0
0.224054320294187   0.100855024781986   -0.025254855173725   0
0.197408863559213   0.119626698981067   -0.0266454567349736   0
0.186198770227041   -0.0155532508641787   -0.0112100933321718   0
0.224554081899133   -0.194058189452938   0.0383553116720917   0
0.249074086034136   -0.00576880350902483   0.0245200041350027   0
0.245165246118287   0.0192060462153337   -0.00390883991584912   0
0.232658821701951   0.182562755856657   -0.012506424416336   0
0.228050434886101   -0.00249022875820998   -0.00460838681584907   0
0.236126949503567   -0.164059430688601   0.00807651461746539   0
0.245254721904064   -0.0194387142381953   0.00912777240049764   0
0.233214532327689   0.105986608800292   -0.0120401895763759   0
0.225675268508431   0.100231402442726   -0.0075392638192574   0
0.240035809504103   -0.117068301292869   0.0143605409956717   0
0.2589451527969   -0.0518145568173221   0.0189093432927973   0
0.266445090961515   -0.0125136532451897   0.00749993816461475   0
0.261795398139578   0.0425167356445077   -0.00464969282193728   0
0.265731783868547   0.140060992311098   0.00393638572896893   0
0.246527049203434   -0.0588217618658781   -0.0192047346651124   0
0.236093305303094   -0.0784492653222171   -0.0104337439003402   0
0.233460801201165   -0.00712342288723211   -0.00263250410192883   0
0.230686731637279   0.0308047289876135   -0.00277406956388618   0
0.226698811905003   0.0900877424091293   -0.00398791973227591   0
0.208337268392653   -0.0134766828478137   -0.0183615435123498   0
0.242296302322673   -0.116571948584271   0.0339590339300193   0
0.242296302322673   -0.0177508083672723   0   0
0.240979681233688   0.00456591045216431   -0.00131662108898448   0
0.223350268854752   0.118156668624534   -0.0176294123789362   0
0.213974219581449   -0.00799577193244599   -0.00937604927330338   0
0.232867502200307   -0.141237312009292   0.0188932826188584   0
0.236321910064408   -0.0364591127017785   0.0034544078641007   0
0.227026346159405   0.0169299053634948   -0.00929556390500272   0
0.223173407806178   0.159471501829066   -0.00385293835322731   0
0.226340265044777   0.0288301677090488   0.00316685723859952   0
0.242870005985692   -0.155973163558788   0.0165297409409147   0
0.242975754168477   -0.0463079928066597   0.000105748182784748   0
0.237324122508101   0.0495020571509169   -0.00565163166037591   0
0.229360145604702   0.133449208764899   -0.00796397690339895   0
0.23294613488348   -0.0213793787881433   0.00358598927877829   0
0.241821726708044   -0.15914749805128   0.0088755918245641   0
0.252204369090545   -0.0308656764107471   0.0103826423825011   0
0.233579145872357   0.0825771992702074   -0.0186252232181879   0
0.225622758530894   0.144580721065371   -0.00795638734146362   0
0.221892797534243   -0.0848076530469711   -0.00372996099665088   0
0.237356817966411   -0.138694558582261   0.0154640204321682   0
0.235657827072431   0.00493278904304317   -0.00169899089397962   0
0.227307177476185   0.160624898178463   -0.00835064959624615   0
0.212266552784088   0.0314591145022741   -0.0150406246920973   0
0.242452083455866   -0.143152239360669   0.0301855306717776   0
0.243508446470081   -0.0432873976744556   0.00105636301421588   0
0.236002289938233   0.131860371537127   -0.007506156531848   0
0.225678073762362   0.0758249526157158   -0.0103242161758716   0
0.240179925807903   -0.138405476614954   0.0145018520455416   0
0.255166742623995   -0.0790842346192246   0.0149868168160914   0
0.24342347980616   0.0512220838442221   -0.0117432628178347   0
0.226239047719641   0.152958958994213   -0.017184432086519   0
0.2295648038879   -0.0194213383852789   0.00332575616825898   0
0.246211995298442   -0.193996567956499   0.0166471914105419   0
0.248147587332801   -0.00889698095190685   0.00193559203435884   0
0.244031644057692   0.0497094376278607   -0.00411594327510897   0
0.251132550591316   0.144303409727465   0.00710090653362441   0
0.253450816725356   0.00290543811251556   0.00231826613403979   0
0.270468628223312   -0.155045612255197   0.0170178114979557   0
0.249816850259345   0.0645918995433748   -0.0206517779639667   0
0.254946688916526   0.135244237920253   0.00512983865718125   0
0.303443229788951   -0.0347154496845741   0.0484965408724246   0
0.322506603784326   -0.122525476568262   0.0190633739953748   0
0.317640864402709   -0.0537438740718296   -0.00486573938161688   0
0.277426772479694   0.0271098508082303   -0.0402140919230146   0
0.288235850900352   0.156388193817602   0.0108090784206579   0
0.283885102568803   0.0393892054434196   -0.00435074833154864   0
0.281882203475583   -0.132766461310519   -0.00200289909322038   0
0.287475839378286   -0.0433075342168567   0.00559363590270279   0
0.285984243886792   -0.0137141585840924   -0.00149159549149402   0
0.269848750374798   0.0290120801383593   -0.0161354935119939   0
0.251246237713801   0.116217294086802   -0.0186025126609964   0
0.270132976215585   -0.0365134636209874   0.018886738501784   0
0.265303231280906   -0.112462833840419   -0.00482974493467919   0
0.278048562934769   -0.0129800611252952   0.0127453316538625   0
0.282682580445082   0.0173395384903354   0.00463401751031289   0
0.270813401813573   0.156046724724959   -0.0118691786315081   0
0.276504459714197   -0.03662748573021   0.00569105790062358   0
0.280495577463269   -0.142838991097266   0.00399111774907157   0
0.280341816515731   -0.00384705729460372   -0.000153760947537218   0
0.27186220908074   0.0295914935715503   -0.00847960743499138   0
