0.0257254864148479   0   0   0
0.00399567   -0.0761244772049844   -0.0217298164148479   0
0.0222251904761242   3.32895078596976e-05   0.0182295204761242   0
0.0132116672764114   0.0739555062743723   -0.00901352319971275   0
0.0178760938670896   0.064289689409951   0.00466442659067824   0
0.0264760320706295   -0.0493966612866666   0.00859993820353983   0
0.0390132663416241   -0.0406795923846375   0.0125372342709946   0
0.0308184357270531   -0.0393770208896488   -0.00819483061457104   0
0.0162406668370421   0.0581579528673716   -0.0145777688900109   0
0.0272957782998122   -0.0325212278840974   0.0110551114627701   0
0.0293135947703877   0.034626366489818   0.00201781647057546   0
0.0348965509625593   0.0186978432577921   0.00558295619217164   0
0.0367858989906798   -0.0256495540942062   0.00188934802812052   0
0.0252165662024987   -0.0166804602327601   -0.0115693327881811   0
0.026042341911587   0.0351107793715085   0.000825775709088282   0
0.0319128531245249   -0.0588250955984141   0.00587051121293793   0
0.0363363479450329   0.0898517268652394   0.00442349482050803   0
0.0267675400033791   -0.0284920035290349   -0.00956880794165385   0
0.0298867070378136   -0.0270847969955653   0.00311916703443455   0
0.0427945671980977   -0.0452732191020574   0.0129078601602841   0
0.0581347261420401   0.0803230900726297   0.0153401589439424   0
0.0599493873339837   -0.016623878021017   0.00181466119194355   0
0.0323432193441686   -0.0181569870838029   -0.0276061679898151   0
0.0398813631649546   0.0417366647785382   0.00753814382078606   0
0.0534615447468084   -0.0118966349366516   0.0135801815818538   0
0.0532872592064932   -0.031097374293368   -0.000174285540315178   0
0.0520407428419092   -0.0134184250900265   -0.00124651636458405   0
0.0527365461051442   0.0535442938436223   0.000695803263234998   0
0.0558628651280303   -0.0334541079679969   0.00312631902288606   0
0.047055279086756   -0.00857463760379468   -0.00880758604127424   0
0.0595343137439452   0.0364393220559053   0.0124790346571892   0
0.0618469076054333   -0.0163856779520034   0.00231259386148809   0
0.0588667032419431   -0.0162799148702532   -0.00298020436349013   0
0.0646025700440779   0.0278465184081498   0.00573586680213481   0
0.0595966881660802   0.0351938374546688   -0.00500588187799778   0
0.0546483724336096   -0.0656601212130434   -0.00494831573247059   0
0.0581232396134498   0.0353965296413742   0.00347486717984023   0
0.06765443735848   -0.0273342289114585   0.00953119774503024   0
0.0615384532942615   -0.0304418949775554   -0.00611598406421858   0
0.0624276946053592   -0.00353537474237708   0.000889241311097778   0
0.0607370264613769   0.0535908072403122   -0.00169066814398233   0
0.0555042533142506   0.0284574043501227   -0.0052327731471263   0
0.0603677945595166   -0.0685071247997652   0.00486354124526597   0
0.0624676798594281   0.045766840028547   0.00209988529991154   0
0.0679703431212466   -0.00785048415319634   0.00550266326181852   0
0.0731072568065066   -0.0256027336032246   0.00513691368525993   0
0.0726948541956203   -0.0223756865979092   -0.000412402610886223   0
0.0645632922237745   0.0678449660121859   -0.00813156197184586   0
0.0696587675777429   0.0155306779723092   0.00509547535396838   0
0.0626330177634818   -0.0764877362733752   -0.00702574981426107   0
0.0705653102956049   0.031842818780841   0.00793229253212309   0
0.0734132322869147   -0.016018526343492   0.00284792199130984   0
0.0917469022396533   -0.00970108985489562   0.0183336699527386   0
0.0797587009037259   -0.0154981905105966   -0.0119882013359274   0
0.070552151171262   0.0594071133542286   -0.0092065497324639   0
0.0603569809875585   0.0182430700232303   -0.0101951701837034   0
0.0684077578688448   -0.0686434323085922   0.0080507768812863   0
0.0767507695621516   0.0333831039632538   0.00834301169330681   0
0.0839018793182399   -0.0103474573478648   0.00715110975608831   0
0.0927761225482883   -0.0126223173228154   0.00887424323004832   0
0.0871708337531109   0.00579815705295432   -0.00560528879517735   0
0.0691951231005338   0.0745156200098279   -0.0179757106525771   0
0.0763247891098462   -0.0916055427683903   0.00712966600931245   0
0.0821392487980929   0.0222540104829638   0.00581445968824663   0
0.0890958957557249   -0.00973592038731233   0.00695664695763205   0
0.0929155238972611   0.00237421640242713   0.00381962814153618   0
0.101200796207849   -0.0044375298242666   0.00828527231058747   0
0.074511509019077   0.0542329077209634   -0.0266892871887715   0
0.0693721407733861   -0.0109672083142208   -0.00513936824569095   0
0.0813305312964941   -0.0331284052319272   0.011958390523108   0
0.0939478568920015   0.0233379894854834   0.0126173255955075   0
0.101817669898206   -0.0320151773229471   0.00786981300620425   0
0.0964469333941339   -0.000438579312848505   -0.00537073650407188   0
0.0852981416739691   0.029613273513782   -0.0111487917201648   0
0.0786941871413798   0.0660617338846668   -0.00660395453258932   0
0.070608347567945   -0.101255314900697   -0.00808583957343476   0
0.0942989932689634   0.0352643269639839   0.0236906457010184   0
0.0900689406593083   -0.00752154935885301   -0.00423005260965505   0
0.0920449392095513   -0.0194064736122176   0.00197599855024298   0
0.0925645358794744   0.0179608932563075   0.000519596669923059   0
0.0752873714281587   0.05249004003992   -0.0172771644513157   0
0.0727482563127461   -0.063010339963151   -0.0025391151154126   0
0.0817965727529889   0.0139886346062035   0.00904831644024279   0
0.0968434473472521   0.00184402171302257   0.0150468745942633   0
0.0859571112267769   -0.0335678079043522   -0.0108863361204752   0
0.0882953291554117   -0.0150055649405178   0.00233821792863478   0
0.0823921235756186   0.06963294036564   -0.00590320557979315   0
0.0728790558797416   0.0231092914598205   -0.00951306769587695   0
0.0693363675999212   -0.0818201461007158   -0.00354268827982043   0
0.0773853324203786   0.047226133175556   0.00804896482045742   0
0.0969839871208645   0.00175881218732316   0.0195986547004859   0
0.0932345190757828   -0.0275084283383907   -0.00374946804508168   0
0.0976938603015563   -0.0258706686848686   0.00445934122577354   0
0.0953193286894767   0.0186856251915687   -0.00237453161207959   0
0.0753576812017203   0.0868817832577963   -0.0199616474877564   0
0.0776542242295936   -0.0472712648154834   0.00229654302787324   0
0.0858576345426689   -0.0125384178940395   0.00820341031307535   0
0.0956170194649206   0.0160147179956465   0.00975938492225163   0
0.0996121354896581   -0.0198471854063072   0.00399511602473751   0
0.110907593645566   -0.0129511848100205   0.0112954581559079   0
0.10924065778221   -0.002900008025272   -0.00166693586335566   0
0.0770103785983584   0.054700784715292   -0.0322302791838519   0
0.0757507918012248   0.00446720640107406   -0.00125958679713366   0
0.0801146340601547   -0.0582729794086292   0.00436384225892993   0
0.0995638051763039   0.0239233952034249   0.0194491711161492   0
0.101991708153727   -0.0179952447383539   0.002427902977423   0
0.106823188632303   -0.0156453049218339   0.00483148047857568   0
0.0966913070042623   0.0105200364373707   -0.0101318816280403   0
0.0778963253055784   0.0635783152278233   -0.0187949816986838   0
0.0738911481533485   -0.0441508637482209   -0.00400517715222991   0
0.0845670324377355   -0.0134221134804225   0.0106758842843869   0
0.100903938260902   0.00846314271381883   0.0163369058231669   0
0.094492204653585   -0.0139273823593559   -0.00641173360731734   0
0.0955326111299304   -0.0141880535160938   0.00104040647634535   0
0.0892445548292163   0.0374599957131476   -0.00628805630071406   0
0.0775127795970768   0.0287694238257536   -0.0117317752321396   0
0.0829534034708191   -0.0540971398898975   0.00544062387374232   0
0.0956007183951826   0.0272233972062681   0.0126473149243635   0
0.112615282787517   -0.00746942413602056   0.0170145643923348   0
0.100927692940156   -0.0153094709092033   -0.0116875898473609   0
0.0911517584476158   0.0371207835431873   -0.00977593449254062   0
0.0814526521488784   0.0235462548893181   -0.00969910629873742   0
0.0785042600445511   -0.0654889057451621   -0.0029483921043273   0
0.0928477518187301   0.0269502070373756   0.014343491774179   0
0.096749739831291   -0.00532661701841812   0.00390198801256092   0
0.111545564508287   -0.0149786676208157   0.0147958246769963   0
0.102570160809126   0.00130432279249522   -0.00897540369916122   0
0.0834819375180793   0.0505035549632555   -0.0190882232910468   0
0.0823645394398281   0.0220349439879786   -0.00111739807825122   0
0.0845013921829694   -0.0528397845706561   0.00213685274314128   0
0.0926443907907138   0.00408004179734783   0.00814299860774444   0
0.102318245022381   -0.00465927480410211   0.00967385423166721   0
0.118483802504488   -0.0113036483347336   0.0161655574821069   0
0.103585246871212   0.014362306161821   -0.0148985556332756   0
0.085798369075729   0.0574909037110475   -0.0177868777954834   0
0.0886508956216039   -0.0719378334940137   0.00285252654587491   0
0.100038195912161   0.0171863645247754   0.0113873002905576   0
0.0987287048860411   -0.0214872129877088   -0.00130949102612035   0
0.117456219529874   -0.00795367329072871   0.0187275146438331   0
0.113309526199753   0.0059878268168068   -0.00414669333012126   0
0.0940042442039853   0.0723014983864487   -0.0193052819957677   0
0.0923267715322186   -0.0474386528063655   -0.00167747267176663   0
0.112911975372367   -0.00484845687130124   0.0205852038401483   0
0.110871129077592   -0.0051620347341836   -0.00204084629477524   0
0.11921475907329   -0.00575635444824282   0.00834362999569796   0
0.100986151633442   0.0401842864864855   -0.0182286074398479   0
0.0865342579790513   0.00877990399758247   -0.0144518936543905   0
0.0915275535875536   -0.0504015289303868   0.00499329560850235   0
0.116659935390219   0.0230191506816703   0.0251323818026651   0
0.118333030187359   -0.0171864114252246   0.00167309479714067   0
0.121663071411378   -0.0190235888218512   0.00333004122401838   0
0.119512839397071   0.0248116515923358   -0.00215023201430709   0
0.0868434371003935   0.0633952052245129   -0.0326694022966772   0
0.0866941311175387   -0.0762086225889337   -0.000149305982854744   0
0.105838055610399   0.00659158979944802   0.0191439244928607   0
0.123950588047213   -0.00409120660788223   0.018112532436814   0
0.118989141610695   -0.0152428599132122   -0.00496144643651851   0
0.126248600655611   -0.0155973342911191   0.00725945904491637   0
0.117552905152329   0.0382952398374931   -0.00869569550328204   0
0.0840105580942062   0.0535958895031381   -0.033542347058123   0
0.0905536875744577   -0.0773217720015313   0.00654312948025151   0
0.112548201765832   0.0349244543139738   0.0219945141913746   0
0.124973004218911   -0.00650584600779992   0.0124248024530789   0
0.119528354848337   -0.041589530882855   -0.00544464937057407   0
0.119337259935864   -0.0138169021573961   -0.00019109491247303   0
0.11740233720016   -0.00381745981594819   -0.00193492273570442   0
0.0957552524871221   0.100314253708165   -0.0216470847130376   0
0.0901701343535652   -0.0162905088623323   -0.00558511813355686   0
0.104178012777037   -0.0681260650474964   0.0140078784234719   0
0.124179335486515   0.020589034126287   0.0200013227094781   0
0.119495736340256   -0.017553812222789   -0.00468359914625913   0
0.132468149245394   -0.00198341365441128   0.012972412905138   0
0.124002158002391   -0.0163141427404241   -0.00846599124300285   0
0.111267619382561   0.0511035077985499   -0.0127345386198301   0
0.10386103199107   0.0247075759021391   -0.00740658739149147   0
0.114929000417388   -0.0646426842655461   0.0110679684263184   0
0.124023189891044   0.0246485463271238   0.00909418947365603   0
0.1248159411103   -0.0106030222662108   0.000792751219256344   0
0.139747481367286   -0.0141234543342796   0.0149315402569857   0
0.130745221696626   -0.0107131113218529   -0.00900225967065979   0
0.117175677227923   0.0309377596935429   -0.013569544468703   0
0.0997321726021874   0.0696698197304606   -0.0174435046257361   0
0.110764994124926   -0.0966288335951096   0.0110328215227391   0
0.12196177832522   0.0465255137002219   0.0111967842002931   0
0.13247919814635   -0.024440296957644   0.0105174198211309   0
0.133460565885583   -0.0178252852713466   0.000981367739232353   0
0.117404642892392   0.0298857696406363   -0.0160559229931912   0
0.105754341635178   0.0200346528476383   -0.0116503012572133   0
0.13062707818921   -0.0449429173525145   0.0248727365540318   0
0.138564478417991   -0.000505315251518729   0.00793740022878131   0
0.136365586642122   -0.011777679379109   -0.00219889177586965   0
0.114161071657998   0.0576496485819676   -0.0222045149841239   0
0.106989078237279   0.0173660193254021   -0.00717199342071924   0
0.117967463283314   -0.0416557763612425   0.0109783850460353   0
0.135768046780161   0.0096494344112429   0.0178005834968472   0
0.13699650835149   -0.00191301674185668   0.00122846157132944   0
0.136241123077799   -0.0252332792175747   -0.0007553852736914   0
0.120250753904082   0.0709603767967329   -0.0159903691737175   0
0.109216704956122   -0.00698872301546716   -0.0110340489479601   0
0.129926209734603   -0.0539370036284147   0.0207095047784813   0
0.14209083518739   0.00634272393614452   0.0121646254527871   0
0.133183199589888   -0.0182819676029559   -0.00890763559750166   0
0.127167602074978   0.0332471248889457   -0.00601559751491004   0
0.105563290561267   0.0482941534734911   -0.0216043115137111   0
0.113602981831508   -0.0773203582957728   0.00803969127024119   0
0.113586254412022   0.035049772041159   -1.67274194866757e-05   0
0.142392568852802   -0.0073835194636294   0.0288063144407806   0
0.134414209134488   -0.00773294516542179   -0.0079783597183137   0
0.136044930541347   -0.0153946669475736   0.0016307214068588   0
0.118009690407833   0.0485269906855217   -0.0180352401335146   0
0.109204318825997   0.0409633608931553   -0.00880537158183561   0
0.117899033571103   -0.0914022992419613   0.00869471474510569   0
0.12697595304033   0.0178653731795969   0.00907691946922694   0
0.129912711441183   -0.0053856219148422   0.00293675840085306   0
0.1359898278558   -0.0043181971463081   0.00607711641461689   0
0.126370391291829   0.0139730072033366   -0.00961943656397046   0
0.111464287365236   0.0568023274484653   -0.0149061039265927   0
0.108711741950168   -0.0218563684931206   -0.00275254541506802   0
0.126181300007172   -0.0120678450021113   0.0174695580570038   0
0.132725086099991   -0.0104973636606794   0.00654378609281867   0
0.138374119925837   -0.0237098808008518   0.00564903382584636   0
0.141589534077382   0.00364014776813823   0.00321541415154433   0
0.1104191546159   0.0401507968883584   -0.0311703794614817   0
0.0957376552333119   0.0261504906381933   -0.0146814993825879   0
0.106244565991348   -0.0890634832134404   0.0105069107580365   0
0.125451219483909   0.0563536361536809   0.0192066534925609   0
0.131311069065978   -0.00749008424078251   0.00585984958206845   0
0.137789977756004   -0.0204455068749329   0.00647890869002593   0
0.127857384328204   0.00698527987605864   -0.00993259342780001   0
0.111237254643442   0.0611698925425034   -0.0166201296847616   0
0.108889208687099   -0.0523254474130529   -0.00234804595634361   0
0.123364138010201   -0.00838310161912759   0.0144749293231028   0
0.139345397896737   -0.000962387082123442   0.0159812598865358   0
0.131050730185871   -0.00259352359762358   -0.00829466771086601   0
0.119502957097304   0.0317305237417346   -0.0115477730885675   0
0.118341148528196   -0.00718273459899907   -0.00116180856910784   0
0.118552891585359   -0.0106914476756623   0.000211743057163677   0
0.13407708532501   0.00156118216768246   0.0155241937396505   0
0.137284320508571   -0.00589597899880734   0.00320723518356089   0
0.124105113940764   0.0294128035677872   -0.0131792065678069   0
0.109582436649869   0.0314065526554013   -0.0145226772908952   0
0.105895115229658   -0.0720269124307051   -0.00368732142021098   0
0.123335323687093   0.0273107395207235   0.0174402084574352   0
0.127937602396637   -0.020154444060479   0.00460227870954411   0
0.131149179784892   -0.00542240354968639   0.0032115773882552   0
0.128962112755065   0.00578776838638413   -0.00218706702982768   0
0.108638819098527   0.0606205686473797   -0.0203232936565375   0
0.109241783975959   -0.0439182168615144   0.000602964877431458   0
0.119551111192034   -0.00251604214423976   0.0103093272160751   0
0.133946435362237   -0.00472151172961298   0.0143953241702036   0
0.133946435362237   -0.0173692170008535   0   0
0.119978886084177   0.0269578557380907   -0.0139675492780599   0
0.107946073255353   0.0611880875840645   -0.0120328128288245   0
0.0943698846391819   -0.0333454540401254   -0.0135761886161709   0
0.111589965464071   -0.0286678071738468   0.0172200808248889   0
0.132862649128715   0.00942540517812679   0.0212726836646441   0
0.137198777203006   -0.0145657995432318   0.00433612807429085   0
0.137363424508673   -0.0110780250075854   0.00016464730566762   0
0.1267108183641   0.031712491805046   -0.0106526061445731   0
0.112980351359086   0.0673892619679734   -0.0137304670050144   0
0.0992114617915188   -0.049217196625808   -0.013768889567567   0
0.120290214133362   -0.0264763929551806   0.0210787523418428   0
0.125253496635822   0.000511342272374843   0.00496328250246088   0
0.138788522986413   -0.00347113831531418   0.0135350263505902   0
0.128608473575811   -0.00983617079284996   -0.010180049410602   0
0.114331904262327   0.0622007119687805   -0.0142765693134833   0
0.0992029155586669   0.0378864635244653   -0.0151289887036605   0
0.107048722208581   -0.0742285440870913   0.00784580664991436   0
0.127596988727203   -0.0129445018629176   0.0205482665186218   0
0.135745059498495   -0.00167897204219475   0.00814807077129209   0
0.131818477943155   -0.0154882474147087   -0.0039265815553404   0
0.135571402373436   0.0128987395978559   0.00375292443028086   0
0.107233937032651   0.0874652324487978   -0.028337465340785   0
0.111480990032427   -0.040820189733756   0.00424705299977589   0
0.134077979885774   -0.0445620959922749   0.0225969898533473   0
0.138405591146998   0.000942153534494422   0.00432761126122416   0
0.142071468363637   -0.0146049957373017   0.00366587721663922   0
0.129234377722222   0.0350293663960336   -0.0128370906414151   0
0.111081960100695   0.0725574862797395   -0.0181524176215267   0
0.108417617734492   -0.042779323367459   -0.00266434236620321   0
0.125096142379571   -0.037250780796091   0.0166785246450791   0
0.144895084813116   -0.00129944507906146   0.0197989424335444   0
0.150928862323447   -0.0134973151967799   0.00603377751033121   0
0.136039051891359   0.0187784761702134   -0.0148898104320875   0
0.126945294805479   0.0610229865356202   -0.00909375708588039   0
0.118208293592286   -0.000332949574018776   -0.00873700121319347   0
0.126670296289225   -0.0708346592190184   0.00846200269693918   0
0.153393783323347   0.00533343714221324   0.0267234870341224   0
0.159618660567147   -0.01416508532371   0.0062248772437995   0
0.157152432893194   0.00439900259190784   -0.00246622767395221   0
0.135682879748147   0.0854843814927936   -0.0214695531450479   0
0.141283304537868   0.00277936974391119   0.00560042478972161   0
0.154397747841411   -0.0671932720658107   0.0131144433035431   0
0.168146431343338   0.00568483678610829   0.0137486835019272   0
0.169031020340942   -0.021474558806768   0.000884588997603797   0
0.170908191742672   0.00514044979359921   0.00187717140172999   0
0.157254339794646   0.045478740378749   -0.0136538519480261   0
0.129250243328833   0.0561596635105863   -0.0280040964658132   0
0.131636808372744   -0.078335820672828   0.00238656504391108   0
0.153181026854666   -0.00749116189456386   0.0215442184819224   0
0.165077239432031   -0.0120045112927334   0.0118962125773644   0
0.163783099228064   0.00199596929280832   -0.00129414020396632   0
0.147783463372936   0.0714267269133028   -0.0159996358551281   0
0.132391590217242   -0.00368529296560341   -0.0153918731556948   0
0.140839437553904   -0.0663876620748867   0.0084478473366624   0
0.161156165307133   0.00199997712492372   0.0203167277532292   0
0.171127269239885   -0.00221996082342676   0.00997110393275169   0
0.163310879641407   0.0102100261408266   -0.00781638959847811   0
0.147531834102   0.0706501841398434   -0.0157790455394068   0
0.141899180471559   -0.0317590627720462   -0.00563265363044105   0
0.165917102400566   -0.0553210848226165   0.0240179219290075   0
0.17776521987934   0.00325586400297931   0.0118481174787734   0
0.174941631571076   -0.0116454591400644   -0.00282358830826399   0
0.168742562872412   0.0486091783944897   -0.00619906869866352   0
0.132709242715833   0.0387808503639375   -0.0360333201565787   0
0.137745177065297   -0.0583224488228986   0.00503593434946342   0
0.156092787798636   -0.011561160155272   0.0183476107333391   0
0.172298941370805   -0.000334695616407976   0.0162061535721688   0
0.182717684475942   -0.00647007991512946   0.0104187431051375   0
0.160701432856867   0.0432266703266769   -0.0220162516190757   0
0.139222060617202   0.0265053779232696   -0.0214793722396641   0
0.146715250019383   -0.0800199505068846   0.00749318940218027   0
0.170660338501657   0.00284798225628771   0.0239450884822738   0
0.17889189079581   0.000532193489216792   0.0082315522941534   0
0.169127273315837   0.00863300758013935   -0.00976461747997248   0
0.153845358669834   0.0600797513010106   -0.0152819146460031   0
0.149885377513952   -0.0117608813313214   -0.00395998115588211   0
0.171629013371137   -0.0447943107973462   0.0217436358571849   0
0.176574561580229   -0.000440142704283525   0.00494554820909154   0
0.175104634157694   0.0200962858192025   -0.00146992742253435   0
0.150943098492445   0.0764117358537547   -0.0241615356652493   0
0.137166401339769   -0.0375852289062863   -0.0137766971526765   0
0.150834256160529   -0.0746870578899163   0.01366785482076   0
0.163542219177496   0.025989290137723   0.0127079630169668   0
0.167351854669287   -0.0176709976130549   0.00380963549179097   0
0.176275636590114   -0.00703554865459227   0.00892378192082763   0
0.164356978277468   0.0147287298570855   -0.0119186583126464   0
0.145000203197271   0.0777142533606475   -0.0193567750801963   0
0.138084196029089   -0.0142560267507663   -0.006916007168182   0
0.161496702268189   -0.0699997003555733   0.0234125062390994   0
0.181663305869677   -0.000952200025468058   0.0201666036014887   0
0.180858777684413   -0.0151011833646839   -0.000804528185264303   0
0.182039735599813   0.00402088848568721   0.00118095791540029   0
0.155706458110285   0.0618550764450004   -0.0263332774895283   0
0.146423130425148   0.00996909442792712   -0.00928332768513684   0
0.153933345494893   -0.0728982290876071   0.00751021506974434   0
0.17511076548859   0.00456306121427347   0.0211774199936974   0
0.185037450732277   -0.00198409408948025   0.00992668524368731   0
0.174904249701086   0.0216342781259493   -0.010133201031191   0
0.154588589032309   0.0803089767549552   -0.0203156606687778   0
0.145249006028441   -0.033672470639822   -0.00933958300386792   0
0.167829281238406   -0.0536862744553178   0.0225802752099654   0
0.188168571380823   -0.0145541316263932   0.0203392901424173   0
0.176459670466087   0.000634755891725375   -0.0117089009147364   0
0.154237826313781   0.0668527210000733   -0.0222218441523062   0
0.156298694001262   0.0216041337770498   0.00206086768748084   0
0.176248668384331   -0.0570402601539546   0.0199499743830698   0
0.186182675316475   -0.0108414781973483   0.0099340069321438   0
0.183209574947654   -0.000578607827260547   -0.00297310036882129   0
0.173822990622645   0.0439956842249922   -0.00938658432500925   0
0.165031334483788   0.00411489893083405   -0.00879165613885635   0
0.17969878059756   -0.0647163745332701   0.0146674461137717   0
0.191390901294314   -0.00222790805384745   0.0116921206967544   0
0.175349248972586   0.0469869454251519   -0.0160416523217283   0
0.152726180486516   0.0424479998159586   -0.0226230684860697   0
0.1558680908565   -0.0690763526129231   0.0031419103699831   0
0.178397837631234   0.00065837391312934   0.0225297467747341   0
0.19621927296331   -0.00463282515574939   0.0178214353320765   0
0.196730717904576   -0.00517199303052363   0.000511444941266259   0
0.179425584836723   0.0568619875234579   -0.0173051330678536   0
0.162347563256274   0.0407716244984892   -0.0170780215804484   0
0.169471818556951   -0.0753426851590538   0.00712425530067631   0
0.188123125629865   -0.0242686136006141   0.0186513070729144   0
0.194897012196827   -0.00258315752902338   0.00677388656696162   0
0.197364378410847   0.00585146334226738   0.0024673662140203   0
