0.0507132658717618   0.01358735   0   0   0
0.05123900641201   0.02460655   0.000525740540248183   0.0110192   0
0.265322724268559   0.0333608860411411   0.214083717856549   0.00875433604114106   0
0.110920329735761   0.0259002532578834   -0.154402394532798   -0.00746063278325765   0
0.213718141824624   0.0141268840744341   0.102797812088863   -0.0117733691834493   0
0.0959633665039947   0.0197824359682407   -0.117754775320629   0.00565555189380661   0
0.283140440226118   0.0680270862053817   0.187177073722123   0.048244650237141   0
0.148756877740359   0.0276493119871906   -0.13438356248576   -0.0403777742181911   0
0.171851324641767   0.0158740319774939   0.0230944469014084   -0.0117752800096966   0
0.0919103413858468   0.00850791172640466   -0.0799409832559202   -0.00736612025108927   0
0.202401208005288   0.0411612205396354   0.110490866619442   0.0326533088132307   0
0.333279319356062   0.0494105908896564   0.130878111350774   0.00824937035002109   0
0.139939963367045   0.0156909345227276   -0.193339355989017   -0.0337196563669288   0
0.132500897953335   0.0111408472371943   -0.00743906541371073   -0.0045500872855333   0
0.0871829204701242   0.0187666910046763   -0.0453179774832105   0.00762584376748203   0
0.322028939668844   0.0931746518068171   0.23484601919872   0.0744079608021407   0
0.23639450132023   0.0789981709194112   -0.0856344383486145   -0.0141764808874059   0
0.174507984822042   0.0214668744183894   -0.0618865164981877   -0.0575312965010218   0
0.123149823480385   0.0253740214392595   -0.0513581613416568   0.00390714702087011   0
0.297726627011441   0.0921215973998633   0.174576803531056   0.0667475759606038   0
0.372032151867873   0.0798636242795336   0.0743055248564313   -0.0122579731203297   0
0.163820479501496   0.0429845988462438   -0.208211672366377   -0.0368790254332898   0
0.133797137697523   0.0276812787090192   -0.0300233418039726   -0.0153033201372245   0
0.173501647981856   0.0763398954260852   0.0397045102843331   0.048658616717066   0
0.456338327807439   0.148079270846944   0.282836679825583   0.0717393754208585   0
0.217158746775257   0.0819628071173901   -0.239179581032183   -0.0661164637295535   0
0.155036455857453   0.0442676397719906   -0.0621222909178035   -0.0376951673453995   0
0.0858178274163946   0.0690629070836871   -0.0692186284410584   0.0247952673116965   0
0.339908854217362   0.114084518877629   0.254091026800968   0.0450216117939415   0
0.247880711004281   0.0977860441485517   -0.0920281432130808   -0.0162984747290769   0
0.173256182654963   0.0417784475106783   -0.0746245283493182   -0.0560075966378734   0
0.110458795900952   0.160542009483351   -0.0627973867540109   0.118763561972673   0
0.126408825045591   0.182477156519254   0.0159500291446389   0.021935147035903   0
0.292916949243297   0.205282679240876   0.166508124197705   0.0228055227216218   0
0.330822987437391   0.180949752791631   0.0379060381940942   -0.024332926449245   0
0.148705253120695   0.150265239005899   -0.182117734316696   -0.0306845137857322   0
0.136788438574355   0.133724873825927   -0.0119168145463404   -0.0165403651799725   0
0.215485556959069   0.169593365003624   0.078697118384714   0.0358684911776975   0
0.421241743887046   0.185653003875133   0.205756186927978   0.0160596388715084   0
0.143902444294876   0.137221190141765   -0.27733929959217   -0.0484318137333673   0
0.191138878099041   0.131821247316631   0.0472364338041645   -0.0053999428251339   0
0.13612757575249   0.168442926658713   -0.0550113023465505   0.0366216793420814   0
0.444475475627171   0.229552275770515   0.308347899874681   0.061109349111802   0
0.204410736195534   0.184679334811261   -0.240064739431638   -0.0448729409592534   0
0.162070876522619   0.137738946566912   -0.0423398596729146   -0.0469403882443499   0
0.17505076654288   0.167283021666501   0.0129798900202614   0.0295440750995893   0
0.47368917567008   0.226428237128345   0.2986384091272   0.0591452154618441   0
0.207117233510396   0.168834006607266   -0.266571942159684   -0.0575942305210784   0
0.174651335857159   0.120047614733197   -0.0324658976532377   -0.0487863918740699   0
0.147671024896863   0.168500028063677   -0.0269803109602953   0.0484524133304807   0
0.450167147518563   0.239902664939997   0.3024961226217   0.0714026368763198   0
0.182953734267546   0.169810008651463   -0.267213413251017   -0.0700926562885338   0
0.160056403079789   0.13297937071657   -0.0228973311877571   -0.036830637934893   0
0.102399745978738   0.145736922711937   -0.0576566571010517   0.0127575519953665   0
0.215257965458308   0.173735071424267   0.11285821947957   0.0279981487123299   0
0.466204646225239   0.223150545678349   0.250946680766931   0.0494154742540827   0
0.195858708782581   0.142297586773151   -0.270345937442657   -0.080852958905198   0
0.176893406358547   0.135142636555049   -0.0189653024240344   -0.00715495021810247   0
0.159470293782761   0.161935795563535   -0.0174231125757862   0.0267931590084863   0
0.385816669139632   0.268390722152508   0.226346375356871   0.106454926588973   0
0.359934125561887   0.258155651622529   -0.0258825435777451   -0.0102350705299795   0
0.176488128898943   0.182195321919705   -0.183445996662943   -0.0759603297028238   0
0.146062771946893   0.206545772577218   -0.0304253569520505   0.0243504506575132   0
0.248199933172836   0.307654976045529   0.102137161225943   0.101109203468311   0
0.524007875142159   0.355375784560717   0.275807941969323   0.0477208085151878   0
0.20990150814563   0.237967822816684   -0.314106366996528   -0.117407961744033   0
0.158857352757938   0.207924052555212   -0.0510441553876919   -0.0300437702614717   0
0.165189658013933   0.236876244453243   0.0063323052559944   0.0289521918980311   0
0.491579096611115   0.34701489346822   0.326389438597183   0.110138649014977   0
0.296948634415112   0.268895304271593   -0.194630462196003   -0.078119589196627   0
0.182628271871937   0.208961512705959   -0.114320362543176   -0.0599337915656343   0
0.158199401696719   0.229256952960417   -0.0244288701752172   0.0202954402544587   0
0.433956226967652   0.30757072136829   0.275756825270932   0.0783137684078722   0
0.284043643817284   0.271422289380685   -0.149912583150368   -0.0361484319876041   0
0.186102564300576   0.216327610983948   -0.0979410795167079   -0.055094678396737   0
0.163685348966393   0.234939041364505   -0.0224172153341825   0.0186114303805565   0
0.464202999988152   0.337472202995391   0.300517651021758   0.102533161630886   0
0.324623560993345   0.264911190977396   -0.139579438994807   -0.072561012017995   0
0.177682792596948   0.199889079284669   -0.146940768396397   -0.0650221116927276   0
0.117716375650341   0.218176036500282   -0.0599664169466073   0.0182869572156138   0
0.287961965995511   0.2836795641283   0.170245590345171   0.0655035276280181   0
0.528931486143527   0.336782610394435   0.240969520148016   0.053103046266135   0
0.217960132788178   0.220725987615958   -0.310971353355349   -0.116056622778477   0
0.162878214896437   0.202373869426391   -0.0550819178917403   -0.0183521181895668   0
0.289018837832415   0.299471147688392   0.126140622935978   0.0970972782620006   0
0.547196354791404   0.367341128560106   0.258177516958989   0.0678699808717145   0
0.228996786597018   0.239918722352097   -0.318199568194386   -0.127422406208009   0
0.180806453762027   0.193974550191572   -0.0481903328349906   -0.0459441721605252   0
0.151238236794536   0.222010864360334   -0.0295682169674915   0.0280363141687622   0
0.51453420852748   0.333854786007738   0.363295971732944   0.111843921647404   0
0.410405910647008   0.28603779710044   -0.104128297880472   -0.0478169889072979   0
0.185242132305396   0.204867627719151   -0.225163778341612   -0.0811701693812893   0
0.130206880495829   0.209705756200736   -0.0550352518095676   0.00483812848158532   0
0.245203671842409   0.257878876672795   0.114996791346581   0.0481731204720588   0
0.507629531734512   0.291943964813883   0.262425859892103   0.0340650881410886   0
0.246927733052729   0.197327752331901   -0.260701798681783   -0.0946162124819825   0
0.168576674182877   0.201239891726324   -0.078351058869852   0.00391213939442292   0
0.183283100704484   0.218840828535885   0.0147064265216065   0.017600936809561   0
0.481716828171904   0.335979648666809   0.29843372746742   0.117138820130924   0
0.350927354717469   0.259765024628418   -0.130789473454436   -0.0762146240383914   0
0.20255233603   0.194803889459432   -0.148375018687469   -0.0649611351689861   0
0.138153451693036   0.200205036262017   -0.064398884336964   0.00540114680258549   0
0.225074918907016   0.242814665607377   0.0869214672139805   0.0426096293453601   0
0.531827528502427   0.313655547018624   0.306752609595411   0.0708408814112471   0
0.325327891909071   0.237072294788425   -0.206499636593356   -0.0765832522301992   0
0.234425616218535   0.19200065182252   -0.0909022756905355   -0.0450716429659053   0
0.167358463507556   0.182326215543219   -0.0670671527109791   -0.00967443627930048   0
0.370628924522898   0.254971003481004   0.203270461015342   0.0726447879377843   0
0.511373433964847   0.307334125452886   0.140744509441949   0.0523631219718818   0
0.297380065144337   0.226137967010827   -0.21399336882051   -0.0811961584420582   0
0.213918663054442   0.171091589002126   -0.0834614020898946   -0.055046378008701   0
0.227445182468678   0.205953301425499   0.0135265194142353   0.0348617124233728   0
0.542808467149325   0.325588288962491   0.315363284680648   0.119634987536992   0
0.357039040679027   0.254397376888132   -0.185769426470298   -0.0711909120743585   0
0.222897073713945   0.187272544419283   -0.134141966965082   -0.067124832468849   0
0.143840114612892   0.184367994934654   -0.079056959101053   -0.00290454948462932   0
0.452146992077798   0.293422946955879   0.308306877464905   0.109054952021225   0
0.472526974295648   0.275606115359062   0.0203799822178504   -0.017816831596817   0
0.243535503396137   0.198426274002562   -0.228991470899511   -0.0771798413564993   0
0.184277213114509   0.186774059648389   -0.0592582902816287   -0.0116522143541734   0
0.32270189953423   0.232260775497155   0.138424686419721   0.0454867158487663   0
0.499914203388942   0.299489357907522   0.177212303854712   0.0672285824103669   0
0.284224708623318   0.213340494710105   -0.215689494765624   -0.0861488631974169   0
0.210866879888711   0.180837422999057   -0.0733578287346071   -0.0325030717110481   0
0.148660401968715   0.191490100259883   -0.0622064779199956   0.0106526772608256   0
0.427390637937941   0.277153195308191   0.278730235969226   0.0856630950483077   0
0.462042893794505   0.279704051524714   0.034652255856564   0.00255085621652373   0
0.262949135251212   0.198488079688152   -0.199093758543293   -0.0812159718365628   0
0.209033451411491   0.174997466753922   -0.0539156838397211   -0.0234906129342296   0
0.241939732141788   0.213132053284836   0.0329062807302972   0.0381345865309137   0
0.523626007929324   0.317103596600973   0.281686275787536   0.103971543316137   0
0.339992776318851   0.236516800650165   -0.183633231610473   -0.0805867959508076   0
0.200948337878794   0.197171418853773   -0.139044438440056   -0.0393453817963922   0
0.155112088177092   0.198480858956531   -0.0458362497017017   0.00130944010275835   0
0.342434057263585   0.259214011933171   0.187321969086492   0.0607331529766394   0
0.503003348522651   0.282552820958865   0.160569291259067   0.0233388090256944   0
0.215861099913254   0.196418501042672   -0.287142248609397   -0.0861343199161935   0
0.162577075826514   0.181736763629081   -0.0532840240867407   -0.0146817374135905   0
0.193699007854351   0.204410139758868   0.0311219320278374   0.022673376129787   0
0.515919042855563   0.301495890264677   0.322220035001212   0.0970857505058086   0
0.32706001942457   0.228216573753398   -0.188859023430993   -0.0732793165112791   0
0.209060123010033   0.173796144511041   -0.117999896414537   -0.0544204292423571   0
0.168143999313356   0.164146795400459   -0.0409161236966763   -0.00964934911058202   0
0.273527708172317   0.201724238537694   0.10538370885896   0.0375774431372355   0
0.528934733701617   0.274766728786875   0.2554070255293   0.0730424902491806   0
0.264035605956848   0.17671372987462   -0.264899127744768   -0.0980529989122552   0
0.18813592570134   0.153458239663597   -0.0758996802555085   -0.0232554902110225   0
0.231135734772968   0.190490652059202   0.0429998090716288   0.037032412395605   0
0.516190900604612   0.277429142544907   0.285055165831643   0.0869384904857052   0
0.309113506209289   0.186609155130422   -0.207077394395323   -0.0908199874144851   0
0.209131353755768   0.160639283063328   -0.0999821524535212   -0.0259698720670943   0
0.168166991663484   0.156479183578024   -0.0409643620922833   -0.0041600994853038   0
0.282954188802711   0.213957389156089   0.114787197139226   0.0574782055780646   0
0.497753469579068   0.274030793583933   0.214799280776357   0.0600734044278441   0
0.240820390294011   0.163702870265735   -0.256933079285056   -0.110327923318198   0
0.180916889377664   0.165797268058735   -0.0599035009163472   0.00209439779300011   0
0.210852879377636   0.182923776165074   0.029935989999972   0.0171265081063388   0
0.534932569072028   0.27598627656985   0.324079689694392   0.0930625004047767   0
0.331029116944416   0.208188933486923   -0.203903452127612   -0.0677973430829273   0
0.191526688680116   0.155972336988744   -0.1395024282643   -0.0522165964981789   0
0.154159876307392   0.177299160046651   -0.0373668123727242   0.0213268230579071   0
0.441404186330397   0.260594809900811   0.287244310023006   0.08329564985416   0
0.460968118734908   0.243645132627973   0.0195639324045105   -0.0169496772728385   0
0.222100929434278   0.154879015972605   -0.23886718930063   -0.0887661166553677   0
0.18095295217998   0.150527650494295   -0.0411479772542981   -0.00435136547831066   0
0.22943856443667   0.182259124428628   0.0484856122566904   0.0317314739343331   0
0.53921189484098   0.250616510347303   0.30977333040431   0.0683573859186757   0
0.314877903953262   0.162197487614397   -0.224333990887717   -0.0884190227329063   0
0.173369365766207   0.147093494573146   -0.141508538187055   -0.0151039930412515   0
0.156509760583965   0.159817978732662   -0.0168596051822422   0.0127244841595164   0
0.358666273757375   0.213475309856901   0.20215651317341   0.0536573311242394   0
0.46572108872586   0.239963671858205   0.107054814968485   0.0264883620013042   0
0.236672215504499   0.158855795769851   -0.22904887322136   -0.0811078760883548   0
0.168230546891134   0.143776325831272   -0.0684416686133653   -0.015079469938579   0
0.253811792525485   0.162752613117801   0.0855812456343513   0.0189762872865289   0
0.533437888701206   0.258276593087087   0.279626096175721   0.0955239799692859   0
0.314504814637233   0.168678319191953   -0.218933074063973   -0.0895982738951332   0
0.195832795936253   0.127191638740219   -0.11867201870098   -0.0414866804517339   0
0.200336207591164   0.164425549202892   0.00450341165491136   0.0372339104626721   0
0.524653995892531   0.261256567478336   0.324317788301367   0.0968310182754448   0
0.435506453889032   0.221833807498818   -0.0891475420034986   -0.0394227599795187   0
0.238019014523399   0.145077289954088   -0.197487439365634   -0.0767565175447298   0
0.177313629356065   0.128571902448435   -0.0607053851673339   -0.0165053875056525   0
0.393151385252551   0.214075292989225   0.215837755896486   0.0855033905407895   0
0.509665475468959   0.239090073760753   0.116514090216408   0.0250147807715285   0
0.256588602910359   0.142631465292489   -0.2530768725586   -0.0964586084682644   0
0.190914204861582   0.111246829968728   -0.0656743980487775   -0.0313846353237612   0
0.234540919404269   0.145936459703518   0.0436267145426876   0.0346896297347904   0
0.540120345177813   0.231717217183731   0.305579425773544   0.0857807574802131   0
0.308378393983755   0.140540265901529   -0.231741951194058   -0.0911769512822022   0
0.182178588662609   0.115226240417157   -0.126199805321146   -0.0253140254843719   0
0.189433414650346   0.127833678340256   0.00725482598773747   0.0126074379230987   0
0.429539431420446   0.164280141455602   0.2401060167701   0.0364464631153458   0
0.407229974022051   0.147957585272511   -0.0223094573983955   -0.0163225561830902   0
0.212266056044036   0.121184969284241   -0.194963917978014   -0.0267726159882702   0
0.165294572886347   0.109584590108692   -0.046971483157689   -0.0116003791755494   0
0.332794340540821   0.182581014512524   0.167499767654474   0.0729964244038321   0
0.528500503708369   0.228072467243796   0.195706163167548   0.0454914527312722   0
0.271322263108209   0.141604960002899   -0.257178240600161   -0.0864675072408976   0
0.200287433250716   0.129395368455134   -0.0710348298574927   -0.0122095915477641   0
0.269136355329413   0.165048616948681   0.0688489220786969   0.0356532484935468   0
0.562306067056901   0.258473597935534   0.293169711727488   0.0934249809868527   0
0.336870166237677   0.164917743874552   -0.225435900819224   -0.0935558540609814   0
0.219566231919892   0.126264090953089   -0.117303934317784   -0.0386536529214632   0
0.201394328534669   0.145340574446711   -0.0181719033852239   0.0190764834936219   0
0.493748334422507   0.251274412985928   0.292354005887839   0.105933838539216   0
0.404987121506351   0.18147160836801   -0.088761212916156   -0.0698028046179173   0
0.240935883555024   0.126330475987942   -0.164051237951327   -0.0551411323800682   0
0.18727263785508   0.110721106951489   -0.0536632456999437   -0.0156093690364532   0
0.352389768791604   0.173439148938965   0.165117130936524   0.0627180419874762   0
0.513048647629053   0.232641924316475   0.160658878837449   0.05920277537751   0
0.233356095759525   0.120640917018066   -0.279692551869528   -0.112001007298409   0
0.185003555119354   0.113166547900995   -0.0483525406401702   -0.00747436911707135   0
0.188828166181584   0.133128252962782   0.00382461106222989   0.019961705061787   0
0.490200815810215   0.225166957837229   0.30137264962863   0.092038704874447   0
0.393605048050708   0.180347620562131   -0.0965957677595068   -0.0448193372750977   0
0.201818531467405   0.111351649744952   -0.191786516583303   -0.0689959708171792   0
0.145288857113718   0.115365858889545   -0.056529674353687   0.00401420914459324   0
0.289585924019107   0.16648779525966   0.144297066905389   0.0511219363701147   0
0.451788537668897   0.205962030698282   0.16220261364979   0.0394742354386218   0
0.219048083772984   0.123377747330799   -0.232740453895913   -0.0825842833674828   0
0.179110192648685   0.111268421735055   -0.0399378911242991   -0.0121093255957443   0
0.195027119174129   0.134806095795674   0.0159169265254446   0.0235376740606195   0
0.515099060456336   0.190377746296836   0.320071941282207   0.0555716505011619   0
0.397330489003802   0.144452759329685   -0.117768571452534   -0.0459249869671508   0
0.218441238920791   0.108698700864638   -0.178889250083011   -0.0357540584650476   0
0.161586024379462   0.095566597536744   -0.0568552145413291   -0.0131321033278938   0
0.343999525817987   0.154163469017379   0.182413501438525   0.0585968714806354   0
0.504777958800699   0.194377037626902   0.160778432982712   0.0402135686095224   0
0.269279403667436   0.12540427399758   -0.235498555133263   -0.0689727636293223   0
0.205123117549169   0.0981525192721002   -0.0641562861182676   -0.0272517547254793   0
0.202636940376058   0.116061466029255   -0.00248617717311073   0.0179089467571552   0
0.491361673397509   0.178012430517429   0.288724733021451   0.0619509644881737   0
0.399996885244123   0.155149862709325   -0.0913647881533858   -0.0228625678081037   0
0.22404779966409   0.0986030827377623   -0.175949085580033   -0.056546779971563   0
0.177855938108173   0.0881731999017275   -0.046191861555917   -0.0104298828360348   0
0.309849287428582   0.106240300099586   0.131993349320409   0.0180671001978581   0
0.494064003436802   0.134154053148992   0.18421471600822   0.0279137530494062   0
0.267431927352065   0.0969837126466217   -0.226632076084737   -0.03717034050237   0
0.204973590995572   0.0757760221333569   -0.0624583363564928   -0.0212076905132648   0
0.191531305662364   0.0938023765250113   -0.0134422853332076   0.0180263543916544   0
0.417232802673759   0.145598683027947   0.225701497011395   0.0517963065029354   0
0.438757372685634   0.123547472241442   0.0215245700118746   -0.0220512107865042   0
0.239666778731304   0.0804966068763305   -0.199090593954329   -0.0430508653651119   0
0.179188243844958   0.0879627377818159   -0.0604785348863468   0.00746613090548535   0
0.217411641834309   0.106744373779008   0.0382233979893517   0.0187816359971918   0
0.467469307956148   0.127885075980243   0.250057666121839   0.0211407022012352   0
0.371372136954295   0.116207437923407   -0.0960971710018526   -0.0116776380568359   0
0.217036926197756   0.100910322898465   -0.15433521075654   -0.0152971150249419   0
0.200648522972386   0.102192592738429   -0.0163884032253699   0.0012822698399643   0
0.374292695667442   0.124161878115718   0.173644172695056   0.0219692853772889   0
0.482501818904344   0.143776941154006   0.108209123236902   0.0196150630382876   0
0.269792113255077   0.098804335048228   -0.212709705649267   -0.044972606105778   0
0.234118893038302   0.0773659806022162   -0.0356732202167743   -0.0214383544460118   0
0.306299291618508   0.139460818569599   0.0721803985802061   0.0620948379673824   0
0.55017296011618   0.186234578313722   0.243873668497672   0.0467737597441238   0
0.300455179760643   0.106052077261787   -0.249717780355538   -0.0801825010519356   0
0.236240432143611   0.075928007331353   -0.0642147476170317   -0.0301240699304338   0
0.226709494440021   0.106043260601087   -0.00953093770358965   0.0301152532697337   0
0.464906457899866   0.130406427559802   0.238196963459845   0.0243631669587156   0
0.416875145525612   0.107789010464019   -0.0480313123742543   -0.022617417095783   0
0.24002625673757   0.088485342089806   -0.176848888788042   -0.0193036683742134   0
0.216989609354688   0.0926192345320884   -0.0230366473828825   0.00413389244228238   0
0.332231381652908   0.113703159021078   0.11524177229822   0.0210839244889893   0
0.460550881601588   0.11060373965599   0.12831949994868   -0.00309941936508784   0
0.261061990168159   0.09205296295617   -0.199488891433429   -0.01855077669982   0
0.234376393776976   0.0780863057029368   -0.0266855963911833   -0.0139666572532332   0
0.226751163099398   0.0895481368867186   -0.00762523067757734   0.0114618311837818   0
0.480938255802135   0.138870991683154   0.254187092702737   0.0493228547964349   0
0.343785523879351   0.0986212166856732   -0.137152731922784   -0.0402497749974804   0
0.234354788085181   0.0724351217387153   -0.109430735794171   -0.0261860949469579   0
0.214509544689407   0.0688582501492196   -0.0198452433957733   -0.00357687158949564   0
0.25993247082427   0.102649275483914   0.0454229261348626   0.0337910253346945   0
0.526942535255031   0.148542315217929   0.267010064430761   0.0458930397340146   0
0.327256448054122   0.103134641134647   -0.19968608720091   -0.0454076740832813   0
0.224345037614831   0.0768836105755967   -0.102911410439291   -0.0262510305590507   0
0.221115497221249   0.0924733803460353   -0.0032295403935825   0.0155897697704386   0
0.446471825042746   0.120127458209562   0.225356327821497   0.0276540778635265   0
0.418613598413859   0.101574388344713   -0.027858226628886   -0.0185530698648491   0
0.255171372660453   0.078378629100189   -0.163442225753406   -0.0231957592445236   0
0.222106156996289   0.0853133025010901   -0.0330652156641648   0.00693467340090101   0
0.422927243200293   0.121805490204065   0.200821086204005   0.0364921877029746   0
0.490319199946321   0.123682288046076   0.0673919567460275   0.00187679784201127   0
0.252813065533837   0.0699040820353862   -0.237506134412483   -0.0537782060106898   0
0.217832163306271   0.0827626652927212   -0.0349809022275663   0.012858583257335   0
0.324673248744026   0.103446400644053   0.106841085437754   0.0206837353513321   0
0.570643828651463   0.13944991136807   0.245970579907437   0.0360035107240164   0
0.280432135794028   0.0881793768489691   -0.290211692857435   -0.0512705345191007   0
0.215299722163061   0.0639765617414104   -0.0651324136309663   -0.0242028151075586   0
0.196192044766779   0.069118155072781   -0.0191076773962819   0.00514159333137057   0
0.31538559251494   0.102704018217449   0.119193547748161   0.0335858631446675   0
0.507944482306876   0.138028280545374   0.192558889791936   0.0353242623279256   0
0.28156912530496   0.0936511358649883   -0.226375357001916   -0.0443771446803858   0
0.226727837473787   0.0827248516317799   -0.0548412878311725   -0.0109262842332084   0
0.252639179454989   0.112304476228254   0.0259113419812017   0.0295796245964742   0
0.519190685129269   0.162715616848199   0.266551505674281   0.0504111406199451   0
0.358513515562524   0.131469970905194   -0.160677169566745   -0.0312456459430055   0
0.245148735149113   0.0843073908298229   -0.113364780413411   -0.0471625800753709   0
0.183896716551334   0.0837141890688999   -0.0612520185977791   -0.000593201760922937   0
0.340672670361155   0.128970006499612   0.156775953809821   0.0452558174307122   0
0.526544778450038   0.165016390832123   0.185872108088884   0.036046384332511   0
0.222881553182402   0.0819140291167577   -0.303663225267636   -0.0831023617153654   0
0.15656644716111   0.082576480454561   -0.0663151060212928   0.000662451337803349   0
0.200096997181892   0.102641839700122   0.0435305500207822   0.0200653592455614   0
0.504459034725318   0.169203768558423   0.304362037543427   0.0665619288583009   0
0.37332518955329   0.123892462576916   -0.131133845172028   -0.0453113059815075   0
0.197614988650709   0.0755083860211235   -0.175710200902581   -0.0483840765557924   0
0.15718775324382   0.0767734334048897   -0.0404272354068896   0.00126504738376616   0
0.32949407258098   0.119053189171941   0.17230631933716   0.0422797557670515   0
0.456528562518272   0.146514210666611   0.127034489937292   0.0274610214946696   0
0.224221994023156   0.0814099545812053   -0.232306568495116   -0.0651042560854055   0
0.186449187600617   0.0734091371270634   -0.0377728064225396   -0.00800081745414187   0
0.211856589441844   0.0821529723080669   0.0254074018412271   0.00874383518100347   0
0.464410387986746   0.14216938433499   0.252553798544902   0.0600164120269228   0
0.378448897842232   0.116669859524786   -0.0859614901445143   -0.025499524810204   0
0.213628353663272   0.0683409959959803   -0.16482054417896   -0.0483288635288053   0
0.178532075896233   0.0595529369654848   -0.0350962777670389   -0.00878805903049559   0
0.27120268228209   0.0889396037333403   0.0926706063858565   0.0293866667678556   0
0.513472189569211   0.144398550743455   0.242269507287122   0.0554589470101142   0
0.266887639542954   0.0774999924759675   -0.246584550026257   -0.066898558267487   0
0.215548575503644   0.0434128777777473   -0.0513390640393107   -0.0340871146982203   0
0.201623775011778   0.0721939009319001   -0.0139248004918659   0.0287810231541528   0
0.435666194374776   0.121165077874952   0.234042419362998   0.0489711769430523   0
0.41039193059562   0.102733995207088   -0.0252742637791562   -0.0184310826678643   0
0.22561169736195   0.0652013958247253   -0.18478023323367   -0.0375325993823628   0
0.193244595501951   0.0530881429164037   -0.0323671018599991   -0.0121132529083216   0
0.36407538446591   0.0979574032996344   0.170830788963959   0.0448692603832307   0
0.465802441063806   0.112274347796324   0.101727056597896   0.01431694449669   0
0.228731714727735   0.0567750463652166   -0.23707072633607   -0.0554993014311077   0
0.180274059498476   0.0472236812385746   -0.0484576552292593   -0.00955136512664208   0
0.219729774060231   0.0632022287274942   0.0394557145617548   0.0159785474889197   0
0.452465423896677   0.0969218377519225   0.232735649836447   0.0337196090244283   0
0.38395550748101   0.0868241048640009   -0.0685099164156673   -0.0100977328879216   0
0.212619862594373   0.0711007827235749   -0.171335644886637   -0.0157233221404261   0
0.183464989145205   0.0651550636093236   -0.0291548734491684   -0.00594571911425129   0
0.305747086928069   0.105349551621595   0.122282097782864   0.040194488012271   0
0.496523852602269   0.138315769316707   0.190776765674201   0.032966217695112   0
0.245292221636256   0.0778239224984509   -0.251231630966014   -0.0604918468182557   0
0.196037685206187   0.0588167530794586   -0.0492545364300689   -0.0190071694189924   0
0.192581407535956   0.0777016174410321   -0.00345627767023074   0.0188848643615735   0
0.480523386740958   0.131717896888283   0.287941979205002   0.0540162794472511   0
0.371105687644369   0.0878376795240659   -0.109417699096589   -0.0438802173642173   0
0.216970018287228   0.045068975856153   -0.154135669357141   -0.0427687036679129   0
0.198860037654125   0.0535964212639939   -0.0181099806331029   0.00852744540784094   0
0.379123915949654   0.0781924545510147   0.180263878295529   0.0245960332870208   0
0.469041396018518   0.0725275448655524   0.0899174800688641   -0.00566490968546224   0
0.262353636501002   0.0499996857931127   -0.206687759517515   -0.0225278590724397   0
0.213693897199111   0.0550652761268615   -0.0486597393018908   0.00506559033374875   0
0.207818502872314   0.0660142468235645   -0.0058753943267974   0.010948970696703   0
0.383525343639765   0.0915696735216005   0.175706840767451   0.0255554266980359   0
0.419820784703426   0.0830944338740719   0.0362954410636603   -0.00847523964752861   0
0.225489628331549   0.0668779372888586   -0.194331156371877   -0.0162164965852133   0
0.192696355506137   0.0652160384870164   -0.0327932728254116   -0.00166189880184218   0
0.330468844489159   0.0961560371887928   0.137772488983022   0.0309399987017764   0
0.485573649271663   0.121240878917901   0.155104804782504   0.0250848417291086   0
0.25120329976935   0.0681984678685123   -0.234370349502313   -0.0530424110493891   0
0.202674566859387   0.0524113997433764   -0.0485287329099635   -0.0157870681251358   0
0.203912211752938   0.0547545168768751   0.00123764489355097   0.00234311713349865   0
0.476538604965012   0.11688026890824   0.272626393212075   0.0621257520313649   0
0.361400864423427   0.0806825077622932   -0.115137740541586   -0.0361977611459468   0
0.198455571937399   0.0551956572275013   -0.162945292486028   -0.0254868505347918   0
0.189755622094867   0.0648872767236382   -0.00869994984253158   0.00969161949613689   0
0.402263922072313   0.0890058209027505   0.212508299977446   0.0241185441791123   0
0.39247179604527   0.0900701052666755   -0.00979212602704316   0.00106428436392494   0
0.177567492415025   0.0528452525623873   -0.214904303630245   -0.0372248527042882   0
0.170890865634697   0.0483203345290831   -0.00667662678032802   -0.00452491803330418   0
0.21790048756476   0.0698130973636036   0.0470096219300626   0.0214927628345205   0
0.486715481535157   0.103362317382606   0.268814993970398   0.033549220019002   0
0.261129672664751   0.052155251936526   -0.225585808870406   -0.0512070654460797   0
0.179240688407655   0.0596376271079551   -0.0818889842570962   0.0074823751714291   0
0.192998031484255   0.0575001694856198   0.0137573430766005   -0.00213745762233531   0
0.444235878719853   0.0802265772863956   0.251237847235598   0.0227264078007758   0
0.329975121366748   0.0597248865420856   -0.114260757353105   -0.0205016907443099   0
0.200988614491636   0.0516112542479109   -0.128986506875112   -0.00811363229417474   0
0.173441299124113   0.0502316950349826   -0.0275473153675234   -0.00137955921292824   0
