0.102945215154178   0   0   0
0.100755474187113   -0.0555762174617304   -0.00218974096706497   0
0.0731387278412231   0.0883757460954175   -0.02761674634589   0
0.0746039102364112   -0.073751562133484   0.00146518239518813   0
0.0786045622116808   -0.0439730186919933   0.00400065197526961   0
0.0785914135851525   0.0530629124082015   -1.31486265282782e-05   0
0.0828050603519495   0.0782994892489173   0.00421364676679696   0
0.0608746256367134   -0.127333211039014   -0.0219304347152361   0
0.0487872289304578   0.0268111756740752   -0.0120873967062556   0
0.0591498118294177   -0.0552036887436766   0.0103625828989599   0
0.0551141956538397   -0.00403199312519431   -0.00403561617557801   0
0.0552022060418703   -0.0154666735565174   8.80103880305447e-05   0
0.0748689599091806   0.0409753000328041   0.0196667538673104   0
0.0625863942407014   -0.0156949654509048   -0.0122825656684792   0
0.0537111179570543   -0.0858626609129594   -0.00887527628364712   0
0.0475770925773381   0.00412423612331589   -0.0061340253797162   0
0.0724707111851574   0.00608731031355558   0.0248936186078193   0
0.0394602635789043   -0.0107648204422895   -0.0330104476062531   0
0.0313461190267631   0.0213762725167065   -0.00811414455214118   0
0.0542008905877247   -0.0308727989071963   0.0228547715609616   0
0.0499699919869125   -0.0340809413977858   -0.00423089860081216   0
0.0456645083392179   -0.00444219033666231   -0.00430548364769461   0
0.0569060805381991   0.191871300800076   0.0112415721989812   0
0.038744100441043   -0.0567134524632071   -0.0181619800971561   0
0.0694535906469565   -0.0506052683356371   0.0307094902059135   0
0.038115898066383   -0.00198718061860031   -0.0313376925805735   0
0.0371606822533875   0.00285156058747058   -0.000955215812995562   0
0.0411289415725028   0.0322928385419011   0.00396825931911536   0
0.041891633882395   -0.0455339973581488   0.000762692309892198   0
0.056330419650687   -0.0267912707589724   0.0144387857682919   0
0.053837683104808   0.0576429937077728   -0.00249273654587898   0
0.0498509008404472   -0.0480218108881295   -0.00398678226436077   0
0.0496034322974028   -0.0172698332912262   -0.000247468543044395   0
0.0469341474572842   0.0138822167769528   -0.00266928484011858   0
0.0493760348042637   0.0146125258162744   0.00244188734697946   0
0.0738620901542192   0.0447502151911662   0.0244860553499555   0
0.0489728629159967   -0.0139084445507582   -0.0248892272382225   0
0.0527698185512562   0.0622839125990236   0.00379695563525954   0
0.0617855431476493   -0.0479036809733547   0.00901572459639303   0
0.052107421804439   -0.000379013496826341   -0.00967812134321026   0
0.0534727170821251   0.00178035889853037   0.00136529527768615   0
0.0678794173264805   0.0164786696259226   0.0144067002443553   0
0.0633785382177989   -0.0358682757516122   -0.00450087910868155   0
0.0853518860634608   0.0669786642181625   0.0219733478456619   0
0.0884078373691496   -0.0407171090171874   0.00305595130568874   0
0.0865900518737863   0.00990467370974751   -0.00181778549536331   0
0.0998785241264232   0.0468710885659522   0.0132884722526369   0
0.0953098343769414   0.0029889531081288   -0.00456868974948178   0
0.0969516882854677   0.0192696189123528   0.00164185390852634   0
0.0922753686758281   -0.0466640640655493   -0.00467631960963963   0
0.0877278110620144   0.0221334416855952   -0.0045475576138137   0
0.0944004720730251   0.0353841488102423   0.00667266101101073   0
0.10520415311347   -0.0202613495163367   0.0108036810404452   0
0.0815069691883154   -0.0217610857084156   -0.0236971839251549   0
0.100550770719145   0.0061416275118279   0.0190438015308294   0
0.0935390540636503   0.0130982313460017   -0.00701171665549449   0
0.0970073975277272   0.00226345174475051   0.0034683434640769   0
0.0777708831048774   -0.0383682688449937   -0.0192365144228498   0
0.0806448506536685   0.0356631868986124   0.00287396754879114   0
0.110429554351405   0.0248935882737971   0.0297847036977369   0
0.0805767025893031   -0.00238308738325405   -0.0298528517621023   0
0.0835401340133741   -0.0340158878255257   0.00296343142407102   0
0.0837002315499336   -0.00272004725147368   0.000160097536559517   0
0.0995626221769495   0.0165877848338343   0.0158623906270159   0
0.109155473396894   0.0834483880691969   0.00959285121994433   0
0.0840172639831392   -0.0876000391686948   -0.0251382094137546   0
0.093026648458439   0.0627015844352709   0.00900938447529982   0
0.106977517444087   -0.0396954759686527   0.0139508689856482   0
0.114721544795431   0.0343936011186179   0.00774402735134336   0
0.126209025386697   -0.00751357449954482   0.0114874805912666   0
0.0880226274843577   0.0271725025765207   -0.0381863979023396   0
0.0729879428495728   0.00303484041693391   -0.0150346846347849   0
0.0835372968331511   -0.0138177014922514   0.0105493539835784   0
0.106119066376335   -0.0240573187073912   0.0225817695431839   0
0.122297819702653   0.105922219239371   0.0161787533263175   0
0.0847604411456931   -0.0643006289496271   -0.0375373785569594   0
0.0776938990818455   0.0023133677883187   -0.00706654206384755   0
0.0856718165924477   0.0378747067792976   0.00797791751060219   0
0.0927730851055412   -0.0321295148172976   0.00710126851309351   0
0.131651643757342   0.0179843252186552   0.0388785586518004   0
0.132936017869726   0.0143617812673531   0.00128437411238391   0
0.0951747637183303   0.0511992767134222   -0.0377612541513953   0
0.0960047078694712   -0.0995646634143308   0.000829944151140877   0
0.0876736365544968   0.0224308270993427   -0.00833107131497436   0
0.132552059615873   0.0442013115807667   0.0448784230613764   0
0.111167704277321   -0.0545606749819827   -0.0213843553385517   0
0.119840041917716   0.052613419392837   0.00867233764039481   0
0.14867112854381   -0.0472858631116463   0.0288310866260935   0
0.119061810796703   -0.0328445956182851   -0.0296093177471063   0
0.0962765009166307   0.00293094218272805   -0.0227853098800727   0
0.0894969400904997   0.0130476877336778   -0.00677956082613101   0
0.0678056108210818   0.012305157681948   -0.021691329269418   0
0.115234550996912   -0.0389083883372272   0.0474289401758306   0
0.135906858047157   0.045251734674519   0.0206723070502443   0
0.133933182205195   -0.049286348359537   -0.00197367584196154   0
0.11323230672604   0.0261646795840715   -0.0207008754791552   0
0.120066863125302   -0.0218450399282658   0.006834556399262   0
0.107536958765347   -0.0257845597068714   -0.0125299043599547   0
0.117538396428954   0.0324498790065154   0.0100014376636069   0
0.125076534219543   0.0235499432646812   0.00753813779058872   0
0.143591449304581   0.0922279316795118   0.0185149150850379   0
0.0912804628717175   -0.126619855025688   -0.0523109864328633   0
0.0916687640676065   -0.047894338537075   0.000388301195888938   0
0.0886813946660318   0.0757377142591962   -0.00298736940157462   0
0.104883685982378   -0.0222726851168695   0.0162022913163458   0
0.0980038188301992   0.0208879861050959   -0.00687986715217848   0
0.108845422093674   0.0756477954802464   0.0108416032634746   0
0.0977023350215337   -0.0435956618704342   -0.0111430870721401   0
0.110545916970325   0.046177382511976   0.0128435819487914   0
0.0829371373726059   -0.0393606417412066   -0.0276087795977192   0
0.0825319360517036   0.0037047860896649   -0.000405201320902243   0
0.0782896676407079   -0.0061254858285914   -0.00424226841099577   0
0.0891904859005292   -0.039819345182087   0.0109008182598213   0
0.0985368863602483   0.00556622277378932   0.00934640045971914   0
0.099489060155891   -0.0063553963080904   0.000952173795642663   0
0.0815869068712008   0.0441274360529655   -0.0179021532846902   0
0.108940495599662   0.0153293944992691   0.0273535887284612   0
0.0822745324463166   0.0183877486607803   -0.0266659631533455   0
0.0941069808170467   0.0407300846021697   0.0118324483707301   0
0.106670486513374   -0.0537336370109973   0.0125635056963277   0
0.109978237276745   0.0282060205256888   0.00330775076337046   0
0.11754964175828   0.0106295434499156   0.00757140448153526   0
0.100547267999695   0.0102299341643499   -0.0170023737585851   0
0.109218886174736   -0.0262488483884706   0.00867161817504124   0
0.114777350232962   -0.049167239722803   0.00555846405822562   0
0.105173178020694   0.0621915401905886   -0.00960417221226831   0
0.108987766141308   -0.0397681070723829   0.00381458812061466   0
0.0862623995579476   0.0722902238231083   -0.0227253665833606   0
0.102332247553203   -0.0919627001839083   0.0160698479952553   0
0.0817526151484465   0.0437530734905492   -0.0205796324047564   0
0.105441239419415   -0.00420412139101617   0.023688624270969   0
0.138320696810889   0.0562565845482996   0.032879457391474   0
0.107730814063584   -0.0220111718773788   -0.0305898827473055   0
0.126163440379929   -0.0417098559599471   0.0184326263163454   0
0.121811660513516   -0.0159935079497401   -0.00435177986641369   0
0.108382256340706   0.0628156347925635   -0.0134294041728097   0
0.151070636209523   -0.0457750819273953   0.0426883798688169   0
0.114220848823026   0.0479729397296258   -0.0368497873864971   0
0.133040191647111   0.0050274528816962   0.0188193428240852   0
0.143713405057601   -0.0965445980223144   0.0106732134104897   0
0.155560486780062   0.0541364935915131   0.0118470817224618   0
0.189096373858676   0.00816534980495337   0.0335358870786131   0
0.166025659068862   -0.0755748599624105   -0.0230707147898136   0
0.143072178332302   0.00544687052083576   -0.0229534807365601   0
0.134928868499295   0.0183633104143053   -0.00814330983300704   0
0.133184082097862   -0.01641807541392   -0.00174478640143302   0
0.141144226449402   -0.000657839780234371   0.00796014435153991   0
0.126557152575674   0.0248841237516836   -0.0145870738737275   0
0.123161484823564   0.0626150670941934   -0.00339566775211024   0
0.135312916813215   -0.00334671297743822   0.0121514319896508   0
0.130548007830453   -0.0905817886793749   -0.00476490898276191   0
0.114163233296375   0.0519229493883022   -0.0163847745340781   0
0.111711777812156   -0.0179453177372928   -0.00245145548421885   0
0.100357217515247   -0.0754187619945486   -0.0113545602969094   0
0.0960390892901198   0.027252690274533   -0.00431812822512671   0
0.106138694233701   0.00370210916781449   0.0100996049435809   0
0.0844957656665174   -0.0221870385346669   -0.0216429285671832   0
0.0852451351223194   0.00753141244011468   0.000749369455802021   0
0.0813451727493402   -0.00717924259767677   -0.00389996237297924   0
0.0809025897747099   0.0692113220208364   -0.000442582974630248   0
0.0857433912110578   -0.00808473931270109   0.00484080143634784   0
0.0867788474373364   -0.00182033943291982   0.00103545622627858   0
0.0790859536454641   -0.00153185635415848   -0.00769289379187224   0
0.0766516502863767   0.00700910994706577   -0.00243430335908738   0
0.0740638618310745   0.0337526814084042   -0.00258778845530221   0
0.0738243241278645   0.0404693871745518   -0.000239537703210085   0
0.0698959965308457   -0.0739664893843299   -0.00392832759701871   0
0.0649270706248942   0.00551596286695322   -0.00496892590595154   0
0.0782597259607073   -0.0088906130410234   0.0133326553358131   0
0.0728493806003352   -0.0580539769151374   -0.00541034536037203   0
0.0868617587402103   -0.0358867109081881   0.0140123781398751   0
0.0832391184978703   0.0239304693084724   -0.00362264024233998   0
0.0885725780648418   0.0606950169114857   0.0053334595669715   0
0.104258812275522   0.0430343117299472   0.01568623421068   0
0.0963708218490431   -0.0486308120938951   -0.00788799042647872   0
0.101600784101317   0.0936231690473688   0.00522996225227426   0
0.109767651075305   -0.0293406753782778   0.00816686697398807   0
0.106753211025489   -0.0819704833411365   -0.00301444004981682   0
0.122983295393561   0.0603010528206248   0.0162300843680729   0
0.0992632369188739   -0.0567593660909071   -0.0237200584746876   0
0.102825669704165   0.0473732164408738   0.00356243278529089   0
0.104402824396912   0.019915810410941   0.00157715469274744   0
0.10609755759419   -0.0372740049774531   0.00169473319727791   0
0.107128299526782   0.0089556648802282   0.00103074193259219   0
0.104218720363102   0.0404284791486035   -0.00290957916368012   0
0.0931102102076034   -0.0923753294894914   -0.0111085101554988   0
0.122468167921301   0.029640109258716   0.0293579577136976   0
0.0997321225847019   -0.0405758145572609   -0.0227360453365992   0
0.118944715894612   0.0308655754829602   0.0192125933099103   0
0.13984022673841   -0.0109416761578957   0.0208955108437981   0
0.104866560509344   0.0582185759183286   -0.0349736662290659   0
0.136323034283462   -0.105513270406358   0.0314564737741177   0
0.124192596966576   -0.0106670257116023   -0.0121304373168857   0
0.149417942861969   -0.0565055418926711   0.0252253458953921   0
0.141059783143717   0.0744151039995055   -0.00835815971825143   0
0.109885488712352   0.056286976250036   -0.0311742944313649   0
0.129414183591763   -0.0708762230072995   0.0195286948794106   0
0.115011948972705   0.070404102493084   -0.0144022346190582   0
0.195310068572392   0.0249575103267834   0.0802981195996875   0
0.128701986806158   0.0515019621818442   -0.066608081766234   1
0.175718325593121   -0.121444638013122   0.0470163387869627   0
0.199786471495194   -0.0196320539329704   0.0240681459020733   0
0.200443639022918   0.0160007789325575   0.000657167527724267   0
0.149143973637891   -0.0101445713110538   -0.0512996653850271   0
0.165595297121476   0.0495498228209928   0.016451323483585   0
0.16200930788538   -0.01250626357149   -0.00358598923609577   0
0.167617063759929   0.0757663373402025   0.0056077558745482   0
0.173219442398941   -0.0433766511332723   0.0056023786390122   0
0.194129732042132   0.0549310678627073   0.0209102896431912   0
0.189093623904271   -0.0406875897657442   -0.00503610813786079   0
0.196380420682027   0.00307043763334641   0.00728679677775596   0
0.191182055461542   -0.0117128633855911   -0.00519836522048556   0
0.183538564902584   0.035942298647933   -0.00764349055895783   0
0.174842879827146   -0.014527989686211   -0.00869568507543739   0
0.179972943799895   0.0190273555677835   0.00513006397274807   0
0.164791064761564   -0.012863779271662   -0.0151818790383305   0
0.167299940872673   -0.0239061443134379   0.00250887611110928   0
0.15804143294165   0.0437474745304776   -0.00925850793102351   0
0.15696254334952   -0.0150387696919617   -0.00107888959212965   0
0.167674988138512   -0.00329843820959363   0.0107124447889914   0
0.16982416622716   0.00933793282129891   0.0021491780886482   0
0.162436901499475   -0.0568895915506193   -0.00738726472768525   0
0.183439022861822   0.0599688119053862   0.0210021213623473   0
0.200235539311207   -0.0370813016492786   0.0167965164493854   0
0.194260223335221   -0.0372636880993361   -0.00597531597598605   0
0.203680785306936   0.0313619014952752   0.00942056197171445   0
0.203680785306936   -0.00512178291942589   0   0
0.203680785306936   0.0151503428978315   0   0
0.168877476468148   0.0151646017651427   -0.0348033088387873   0
0.226706853053674   -0.0741185835650192   0.0578293765855254   0
0.197360850910205   -0.0219668042540823   -0.0293460021434691   0
0.209640371226536   -0.031271648408396   0.0122795203163318   0
0.186673779071941   0.0591720298001104   -0.022966592154595   0
0.194508218958094   0.094514992319485   0.00783443988615298   0
0.164805488665426   -0.0697432496152398   -0.029702730292668   0
0.163076576711594   0.10372044600982   -0.00172891195383215   0
0.190300447327378   0.0657820903879945   0.0272238706157833   0
0.196646687612581   -0.0107645666493608   0.00634624028520342   0
0.160626030151101   -0.0232342384477912   -0.0360206574614797   0
0.110186311552127   -0.0181443994890073   -0.0504397185989738   0
0.114678240304351   0.099597999289017   0.00449192875222361   0
0.132937245074142   -0.0460144087763564   0.0182590047697909   0
0.126988059314459   -0.0188215868226597   -0.00594918575968326   0
0.144195767495235   0.111325179897082   0.0172077081807767   1
0.148871660593143   -0.0520731420656946   0.00467589309790767   0
0.0887216825190438   0.0083798926441645   -0.0601499780740993   0
0.087772533799703   -0.0987034368553757   -0.00094914871934082   0
0.21040194835724   -0.15850179099385   0.122629414557537   1
0.194740919776122   0.0425084231300921   -0.0156610285811175   1
0.464622552321774   0.338078866839187   0.269881632545652   1
0.257111397737654   0.623764333327364   -0.207511154584121   1
0.452602953170326   -0.139543483147484   0.195491555432672   1
0.790837033813903   -0.302831726452631   0.338234080643577   1
0.529259684281969   0.545249864705005   -0.261577349531934   1
0.601992400260377   -0.433343015235848   0.0727327159784079   1
0.854630579550164   0.0299034815218463   0.252638179289787   1
0.820587510773226   -0.00816374320508451   -0.0340430687769381   0
0.8809710871727   -0.10660924289008   0.0603835763994741   0
0.815807570485528   0.121623580838394   -0.0651635166871724   1
0.907055927947252   0.0157595340743524   0.0912483574617236   0
