0.00683635056547351   0   0   0
0.00331593900221717   0.0702752004206453   -0.00352041156325634   0
0.00763901670541438   0.00565885760961177   0.00432307770319721   0
0.001765895   0.0546079252222224   -0.00587312170541438   0
0.00892651651709669   -0.0500981927318438   0.00716062151709669   0
0.0180264354569893   -0.0204837579872487   0.00909991893989259   0
0.0198325988103551   0.0300998796306092   0.00180616335336586   0
0.0178570666142287   -0.0238897431215734   -0.00197553219612647   0
0.0190798897641758   0.0364459532375815   0.00122282314994712   0
0.0258848914329382   -0.0384933400776283   0.00680500166876246   0
0.0329137358940762   0.00724388815467542   0.00702884446113795   0
0.0408640724053844   -0.00898292693103084   0.00795033651130821   0
0.0299649994172038   0.0645466618965086   -0.0108990729881806   0
0.0255109818801139   -0.00539781938614012   -0.0044540175370899   0
0.0464049195512178   -0.0822137444366863   0.0208939376711039   0
0.0629435192656281   0.0693801398331724   0.0165385997144103   0
0.0600146849637028   -0.0857910762271882   -0.0029288343019253   0
0.0342720539149976   0.0881797505100977   -0.0257426310487053   0
0.0339489050269666   -0.0242603751803193   -0.000323148888030936   0
0.0606167827530256   -0.0505806626500916   0.026667877726059   0
0.0604781158577216   0.0828550315093146   -0.000138666895303965   0
0.0551052652723857   -0.0882323324746336   -0.0053728505853359   0
0.0564591088097837   0.0869618943391415   0.00135384353739802   0
0.0507667191849641   -0.022050656363403   -0.00569238962481966   0
0.0527821943370347   -0.0419090817524449   0.00201547515207064   0
0.0606497930499767   0.0652637804489469   0.00786759871294197   0
0.0740684746742499   -0.0451672354138647   0.0134186816242732   0
0.0681326978501879   0.0572311170118872   -0.00593577682406198   0
0.0650171244975699   -0.0193525299794096   -0.00311557335261807   0
0.0653750194112782   -0.0348694888022022   0.000357894913708329   0
0.0656321411014641   0.024256221033586   0.000257121690185949   0
0.0643932425107829   -0.0140526461155784   -0.00123889859068123   0
0.0628290731715095   0.0359989724229899   -0.00156416933927339   0
0.0646911133367057   -0.00591688937040988   0.00186204016519616   0
0.0661409252679648   -0.0485703959319626   0.00144981193125907   0
0.0672699671251035   0.0637057522850185   0.00112904185713872   0
0.067935286136544   -0.0487065509011732   0.000665319011440485   0
0.0675341034733676   0.080714980064772   -0.000401182663176319   0
0.058954080368063   -0.0310216954717809   -0.00858002310530466   0
0.062583463559394   -0.0612562334281342   0.00362938319133105   0
0.0698842888662127   0.0714136528917866   0.00730082530681868   0
0.0671369261904103   -0.0490889632321999   -0.00274736267580242   0
0.0698807118394983   0.0602434169838932   0.00274378564908803   0
0.0604362576263763   -0.0211296984486234   -0.009444454213122   0
0.0701650065339019   -0.046251155408154   0.00972874890752561   0
0.0720969614831069   0.0464492750559005   0.00193195494920496   0
0.0736927241928301   -0.0355671882611294   0.00159576270972321   0
0.0682511553480293   0.0627690937128924   -0.00544156884480082   0
0.0714376265613803   -0.0130841813571922   0.00318647121335101   0
0.0685929373576429   -0.0265606302775842   -0.00284468920373739   0
0.0693701509131538   0.0331302979189022   0.000777213555510844   0
0.069371586135134   -0.0424828791497716   1.43522198020607e-06   0
0.0689541644608868   0.0441965451087118   -0.000417421674247159   0
0.0699237793840729   -0.014084204119242   0.000969614923186105   0
0.0683509607488984   -0.0143046252237727   -0.00157281863517451   0
0.0796664882932951   0.0492651896977734   0.0113155275443967   0
0.0865479657261719   -0.0450375372422855   0.0068814774328768   0
0.0813484290052612   0.0285044050509781   -0.0051995367209107   0
0.0817907866110236   -0.0231589818091178   0.000442357605762403   0
0.0839743695001149   -0.00139688848063346   0.0021835828890913   0
0.0920977489682788   0.0397313036614982   0.0081233794681639   0
0.094049463686137   -0.0377791576379898   0.00195171471785818   0
0.0955868357236352   0.0314947674586466   0.00153737203749821   0
0.0973915056298008   -0.00831540304484746   0.00180466990616564   0
0.0882123442756455   -0.01241650127575   -0.00917916135415536   0
0.0927078274527509   0.0169170483142588   0.00449548317710538   0
0.0988967274366395   -0.0481233822374164   0.00618889998388869   0
0.0915810587391301   0.0351986653769618   -0.00731566869750945   0
0.0927056283004435   0.00889682952619789   0.00112456956131343   0
0.0977979682616797   -0.0264563598210294   0.00509233996123613   0
0.100555306941727   0.0116992941107973   0.00275733868004721   0
0.107546875237824   0.03447685675467   0.00699156829609676   0
0.108589229471026   -0.0747804269670676   0.00104235423320276   0
0.106254471741059   0.0666889285630386   -0.00233475772996787   0
0.103804644083234   -0.0183858732047139   -0.00244982765782448   0
0.103045353512003   -0.0119873345724598   -0.000759290571231225   0
0.112318883264728   0.0477181970146789   0.00927352975272522   0
0.107014899461648   -0.068310340676628   -0.00530398380308052   0
0.101098227724082   0.0603030131512857   -0.00591667173756523   0
0.106912087309136   -0.0463804334366719   0.00581385958505329   0
0.112419748841629   0.0197689579123659   0.00550766153249367   0
0.122770370862395   0.0415858563728115   0.0103506220207657   0
0.113139455433472   -0.0685965811853802   -0.00963091542892343   0
0.10965262109786   0.0388831750470587   -0.00348683433561134   0
0.108567460383108   -0.0364761681878989   -0.00108516071475223   0
0.114957817690167   0.068151628723583   0.00639035730705867   0
0.122238631510379   -0.0309541132536672   0.00728081382021235   0
0.122286934472354   0.00833980620999777   4.83029619752218e-05   0
0.127978543714434   -0.0229019871007694   0.00569160924208019   0
0.120155874115552   -0.0156851058456653   -0.00782266959888193   0
0.131453564611656   0.0524758569819674   0.0112976904961039   0
0.131248076191844   -0.0479509890304583   -0.000205488419812744   0
0.126726272777205   0.0154835795371842   -0.00452180341463895   0
0.122749960005663   -0.0123672427984287   -0.00397631277154206   0
0.130886872438081   -0.00315178797560686   0.00813691243241843   0
0.13488358134759   0.0367705876941978   0.00399670890950929   0
0.130875068727096   -0.0612396084441107   -0.00400851262049437   0
0.129465885245226   0.0638590466734414   -0.00140918348187008   0
0.125512165735964   -0.00594677063871807   -0.00395371950926182   0
0.122430749929399   -0.0390086131282198   -0.00308141580656522   0
0.129513227928318   0.0553153399688776   0.00708247799891933   0
0.141285734217196   -0.0235295781733037   0.0117725062888774   0
0.130925458276571   -0.0276140711875272   -0.0103602759406251   0
0.125168305562394   0.00668625627663691   -0.0057571527141769   0
0.120656200820754   -0.0168884204592609   -0.00451210474164   0
0.139669234716438   0.0524987957080096   0.0190130338956847   0
0.135812460874369   -0.0503924640651205   -0.00385677384206914   0
0.139954375364635   0.0563408748421917   0.00414191449026566   0
0.12424160059992   -0.0196693705838162   -0.0157127747647146   0
0.128623932815652   -0.0247564620880256   0.00438233221573193   0
0.131691089890698   0.0520803060663477   0.00306715707504623   0
0.131242116433655   -0.0327739993548736   -0.000448973457043395   0
0.123766724585942   0.00573040352554288   -0.00747539184771269   0
0.129346845096797   -0.0125193766062099   0.00558012051085509   0
0.123190028384042   -0.0144940740950765   -0.0061568167127556   0
0.134323621035046   0.0638402018419551   0.011133592651004   0
0.135472731005317   -0.0547950923507629   0.0011491099702709   0
0.133106906881931   0.0358469365887981   -0.00236582412338587   0
0.124586961629925   -0.0205700294372507   -0.00851994525200588   0
0.12063074776663   -0.0294514442042113   -0.00395621386329459   0
0.130899957499772   0.048584106850662   0.0102692097331413   0
0.135907003598741   -0.0552129123428372   0.00500704609896907   0
0.125668293286334   0.0397412138125498   -0.0102387103124069   0
0.126635016032543   -0.00371414168847617   0.000966722746209514   0
0.136491797407171   -0.000652956495591939   0.00985678137462731   0
0.142050213764007   0.0115363818088601   0.0055584163568361   0
0.147067927903251   -0.0270722390870694   0.00501771413924393   0
0.150301913281323   0.0257755845809054   0.00323398537807196   0
0.142950368009068   -0.0399104629337484   -0.00735154527225415   0
0.151574642161476   0.0237032321006062   0.00862427415240791   0
0.144313965549271   -0.00528974388204889   -0.00726067661220517   0
0.151098668760018   -0.00376361622808541   0.00678470321074709   0
0.155668567912426   0.0160561785543079   0.00456989915240755   0
0.154861034310596   -0.020151046606844   -0.00080753360182978   0
0.160258225269175   0.0290108148696861   0.00539719095857924   0
0.15516928456477   0.0115904520172798   -0.00508894070440549   0
0.149727112076609   -0.029618379330087   -0.00544217248816048   0
0.153568451640254   0.0125523336139221   0.0038413395636443   0
0.14963936182462   -0.0258561752004502   -0.00392908981563406   0
0.146148043547025   0.0593867974748744   -0.0034913182775945   0
0.157215980267977   -0.00619811884641175   0.0110679367209519   0
0.151134347085634   -0.0187991946928857   -0.00608163318234242   0
0.151844797469504   0.00202618875999552   0.00071045038386966   0
0.151128896727556   -0.0235607460121375   -0.000715900741947745   0
0.157881920452504   0.0495398500800916   0.00675302372494793   0
0.164793300302227   -0.0434863341025327   0.00691137984972279   0
0.159272733676954   0.011424287715428   -0.00552056662527287   0
0.163952863058503   -0.0247292687304206   0.00468012938154835   0
0.152676322056344   0.000732937295577385   -0.0112765410021585   0
0.16123778472435   0.059856250920956   0.00856146266800556   0
0.166827855712438   -0.043983588685504   0.00559007098808825   0
0.160530573378438   0.0222904245175542   -0.00629728233400012   0
0.157222113337159   -0.022193819782382   -0.00330846004127869   0
0.150996137559451   -0.0116886630153883   -0.00622597577770859   0
0.150051125317178   0.0564590682329058   -0.000945012242272031   0
0.156404268252026   -0.0447387572321276   0.00635314293484718   0
0.16359656525936   0.0408158559684793   0.00719229700733423   0
0.160542101398364   -0.0171444362451022   -0.00305446386099617   0
0.167825238918823   -0.0310918479189285   0.0072831375204592   0
0.167342381076194   0.0465876641009202   -0.000482857842629303   0
0.167827586746108   -0.0321272877088738   0.000485205669914612   0
0.211835754088073   0.0182848212199514   0.0440081673419647   0
0.279967922593933   -0.000886862635473246   0.0681321685058601   0
0.26052705151253   0.0273019556375401   -0.0194408710814029   0
0.249050520454812   0.0276278637330056   -0.0114765310577185   0
0.277983676258542   -0.0503013391949313   0.0289331558037307   0
0.283743774361553   0.0607483429040175   0.00576009810301098   0
0.268538578649214   -0.0468104301529467   -0.0152051957123394   0
0.277548810184916   -0.00439547329764048   0.00901023153570213   0
0.277691285164101   0.0369644503814139   0.000142474979184903   0
0.255815344802286   -0.0407318639553357   -0.0218759403618148   0
0.249804676307015   0.00803877777075851   -0.00601066849527115   0
0.274302757606103   -0.00419532035879738   0.0244980812990881   0
0.265009017247569   -0.00819577872082505   -0.0092937403585337   0
0.259122523603198   0.0331104260887159   -0.0058864936443711   0
0.256979005637255   0.0330383146063761   -0.00214351796594292   0
0.263922582198952   -0.0473807029683261   0.00694357656169658   0
0.277614223514322   0.030375331747805   0.0136916413153703   0
0.268650087758338   -0.0302728248679234   -0.00896413575598448   0
0.263390064077145   0.000265290778969585   -0.00526002368119272   0
0.258279726428034   0.0569225867566494   -0.00511033764911112   0
0.258436980075898   -0.0680096424734611   0.000157253647863953   0
0.276233885125852   0.0291196603468209   0.0177969050499544   0
0.281689289756799   -0.0358142801393431   0.00545540463094707   0
0.254039577830424   0.00492983238689335   -0.0276497119263753   0
0.258657049659027   0.0357950602367526   0.00461747182860334   0
0.242098292648487   -0.0242209751066561   -0.0165587570105401   0
0.249345901839819   0.00269616176264631   0.00724760919133155   0
0.279960465516691   0.0153951720312571   0.0306145636768727   0
0.271837853541523   -0.0205837700472593   -0.00812261197516834   0
0.270147874082071   0.0139741384228899   -0.00168997945945198   0
0.263119333744069   0.0333474783631159   -0.00702854033800154   0
0.257810562425126   -0.0591242807556019   -0.00530877131894308   0
0.283345266213307   0.0210424340546598   0.025534703788181   0
0.279263351444515   -0.0298147680368552   -0.00408191476879272   0
0.285308483670745   0.036275490976798   0.00604513222623076   0
0.291836931483187   0.046058842169194   0.00652844781244177   0
0.28782084405156   -0.04761700395777   -0.00401608743162701   0
0.326931472614889   0.0454791178769036   0.0391106285633289   0
0.298293026997402   -0.0396689175226139   -0.0286384456174876   0
0.288036146224115   0.0116279480685614   -0.0102568807732861   0
0.280658088305455   0.0333742977240351   -0.00737805791866059   0
0.275704335728553   -0.0499153874016419   -0.00495375257690217   0
0.288998135833559   0.01559048012974   0.0132938001050068   0
0.293714402834216   -0.01541027220717   0.0047162670006563   0
0.276604955572062   0.026136620724971   -0.0171094472621536   0
0.257267300853164   -0.00608418185233234   -0.019337654718898   0
0.259536119467065   -0.054376889978732   0.00226881861390049   0
0.274253325474647   0.0553517243433942   0.014717206007582   0
0.276817953212978   -0.0241586373908186   0.00256462773833133   0
0.28139440286815   0.027476265940558   0.00457644965517162   0
0.276312715523645   0.0337259776642644   -0.00508168734450493   0
0.293081169560311   -0.0383727693495532   0.0167684540366667   0
0.315807887276569   0.00216078292006611   0.0227267177162574   0
0.318832832259618   -0.0105295549452205   0.00302494498304962   0
0.308971250242138   0.0657828493490706   -0.00986158201748027   0
0.292914833344524   -0.011359618161875   -0.0160564168976146   0
0.286373246977651   -0.0719160886321681   -0.00654158636687291   0
0.324784997205859   0.0486447539864113   0.0384117502282086   0
0.30878693683947   -0.0264636562354889   -0.0159980603663897   0
0.309956081884519   0.0207782847170752   0.00116914504504922   0
0.292510034361234   0.0142227664400474   -0.0174460475232852   0
0.310223338868806   -0.061593848837939   0.0177133045075724   0
0.321061148280215   0.0234275755678511   0.0108378094114088   0
0.299297707546199   -0.0223716687612475   -0.0217634407340158   0
0.284037079088382   0.0665885234469331   -0.0152606284578164   0
0.280535109566325   -0.00537918990012737   -0.00350196952205739   0
0.297629128310178   -0.0371331307234462   0.017094018743853   0
0.299259739360764   -0.0144165444357491   0.00163061105058615   0
0.298454644729517   0.0163301870288957   -0.000805094631246672   0
0.321712903564125   0.0697221992576378   0.0232582588346075   0
0.310542800982365   -0.0505629658613682   -0.0111701025817604   0
0.330392819340573   -0.000315080791265243   0.0198500183582084   0
0.32103404186281   -0.0311547800673355   -0.00935877747776287   0
0.302116060572857   0.0387882989249593   -0.0189179812899526   0
0.304775668460956   0.0449659008657094   0.00265960788809844   0
0.30599205968948   -0.0686522766089678   0.00121639122852363   0
0.312654294629584   0.00547964768160342   0.00666223494010415   0
0.331638919884398   -0.0203725468432553   0.0189846252548141   0
0.324126677437912   0.0921095237210656   -0.00751224244648618   0
0.322155311052744   0.0183479348611698   -0.00197136638516798   0
0.304618990969001   -0.0866127772327424   -0.0175363200837423   0
0.335113963891722   0.0265069254908751   0.0304949729227209   0
0.326756600988415   -0.0157663434363922   -0.0083573629033068   0
0.322017418861577   -0.00562214270179956   -0.00473918212683816   0
0.329161343831414   0.0877966641940983   0.00714392496983701   0
0.303415318193957   -0.0541418359866736   -0.0257460256374575   0
0.325362016391515   -0.0202086052628897   0.0219466981975583   0
0.323607177186956   -0.0224174718288986   -0.00175483920455893   0
0.311612302690944   0.00267978105436228   -0.0119948744960121   0
0.303628505745347   0.0771528130914044   -0.00798379694559653   0
0.300320941572095   -0.0578781908169664   -0.00330756417325201   0
0.332516256308184   0.00193378506713709   0.0321953147360887   0
0.33013628309332   -0.0211275486090479   -0.00237997321486449   0
0.319965684564361   0.0308858045034102   -0.0101705985289589   0
0.316990258024202   0.0574938271958998   -0.00297542654015903   0
0.325256553262609   -0.0949110849223157   0.00826629523840733   0
0.339441872143409   0.00413525382519836   0.0141853188808   0
0.332508794125543   -0.00764961138744852   -0.00693307801786652   0
0.327571958747712   0.118743099405781   -0.00493683537783091   0
0.339588321807174   -0.031334065867007   0.012016363059462   0
0.336151017685686   -0.0395869956919562   -0.00343730412148746   0
0.350357693991045   -0.015161831243276   0.0142066763053585   0
0.350656102134873   0.0486766274458464   0.000298408143828421   0
0.34747384807574   0.0715651635138502   -0.00318225405913303   0
0.337954906669351   -0.0293847277848917   -0.00951894140638865   0
0.326335479103947   -0.0958003670521198   -0.0116194275654046   0
0.362278086226258   0.0153064532021232   0.0359426071223112   0
0.34205267372775   -0.0319830155490968   -0.0202254124985081   0
0.34537798794916   0.0558400592630497   0.00332531422140997   0
0.350229468283596   0.0861290364070998   0.00485148033443566   0
0.339011264915862   -0.103108212947627   -0.0112182033677339   0
0.34313847260927   -0.0249034381332807   0.00412720769340802   0
0.346210148644653   -0.0190248994688734   0.003071676035383   0
0.343884155158114   0.0348135382834055   -0.00232599348653839   0
0.346274816802117   0.0853004603555148   0.00239066164400314   0
0.319713648668543   -0.0539404475209991   -0.0265611681335745   0
0.320867060915031   -0.0474043753639635   0.00115341224648774   0
0.34300789450048   0.0098129093985147   0.0221408335854494   0
0.342115056434327   -0.0234853188516101   -0.000892838066153423   0
0.346061794593643   0.078724225736342   0.00394673815931601   0
0.30453869695574   -0.0111707123522102   -0.0415230976379027   0
0.406810424181292   0.104292583549361   0.102271727225552   1
0.375895509956437   0.0920471909082028   -0.0309149142248545   0
0.280531218376534   -0.214158673033582   -0.0953642915799034   0
0.320440741052511   -0.0686718649787146   0.0399095226759774   0
0.26980452403083   -0.0429162441389375   -0.0506362170216815   0
0.272337786951717   0.016181605713957   0.00253326292088779   0
0.254570058138447   -0.057188957757769   -0.01776772881327   0
0.234618396766537   0.0267950829251727   -0.0199516613719108   0
0.235337448983784   0.0223867972393947   0.000719052217247107   0
0.258031778578206   0.0613498375526413   0.0226943295944226   0
0.27930673971973   0.0117834399326389   0.0212749611415236   0
0.287703426516569   -0.0187580324377085   0.00839668679683936   0
0.250919097065135   -0.0306905246835793   -0.0367843294514346   0
0.234373222478902   0.0120660089486637   -0.0165458745862325   0
0.233959080447543   -0.0258377201627262   -0.000414142031359005   0
0.255915208328638   0.0834769995555148   0.0219561278810944   0
0.269450142413773   0.030855755481902   0.0135349340851352   0
0.287729313498994   -0.0226246608766761   0.0182791710852214   0
0.287589884601754   -0.0635214937464614   -0.000139428897240612   0
0.301034516719013   0.0214848029671876   0.0134446321172598   0
0.298894071245487   0.0640498393411574   -0.00214044547352615   0
0.292308345494997   -0.0966142100148712   -0.00658572575049043   0
0.315205747555688   0.0311408921767109   0.022897402060691   0
0.308575398106541   0.00927465480873491   -0.00663034944914731   0
0.313632060530126   -0.00318308241657322   0.00505666242358521   0
0.326866654104013   0.0392088737093094   0.0132345935738873   0
0.309339443478475   0.0254173070751898   -0.0175272106255382   0
0.314965278560356   -0.0426136438549903   0.00562583508188091   0
0.330704515803992   0.0385736934901497   0.0157392372436359   0
0.331659492288024   -0.0244364055618908   0.000954976484032644   0
0.313627067477442   -0.0469538441104478   -0.0180324248105822   0
0.315150755425875   0.0384065894232058   0.00152368794843344   0
0.318032569647202   -0.0382330958314562   0.00288181422132672   0
0.327377478977189   0.0198818465011065   0.00934490932998705   0
0.326037106546172   0.00205900322897168   -0.00134037243101709   0
0.315873480464093   0.0134546403697131   -0.0101636260820788   0
0.304544809390511   0.0446039721829677   -0.0113286710735826   0
0.309345432610941   -0.048674629732273   0.00480062322042979   0
0.329877321416235   0.0555162871416959   0.0205318888052944   0
0.318562471030016   -0.0357547432607576   -0.0113148503862186   0
0.290866928967097   0.0199218337562122   -0.0276955420629197   0
0.28540259527683   0.0134568327857402   -0.00546433369026661   0
0.292829445192078   -0.0628970243444628   0.00742684991524767   0
0.320482759666179   0.0513493450254221   0.0276533144741016   0
0.314757910192103   -0.0113877162668568   -0.00572484947407625   0
0.315083855463113   0.0501142567775062   0.000325945271010208   0
0.307114729545816   -0.00644052133700695   -0.0079691259172967   0
0.321446104881518   -0.0264736850537555   0.0143313753357017   0
0.331011223902227   0.01037331148631   0.00956511902070839   0
0.317385833295218   -0.00386805480943181   -0.0136253906070085   0
0.304321773349772   0.0607998244423233   -0.0130640599454461   0
0.303464964112004   -0.0680795984690028   -0.000856809237767764   0
0.322531071658995   0.0189330108798978   0.0190661075469912   0
0.333997360817791   0.000182767315358379   0.011466289158796   0
0.316625055528617   0.0454029429506779   -0.0173723052891741   0
0.308517288482347   0.019367611519764   -0.00810776704626998   0
0.334930637201944   -0.060957215270034   0.0264133487195963   0
0.34758605938314   0.0163513107010068   0.0126554221811966   0
0.33369292351839   -0.00223469729513953   -0.0138931358647504   0
0.320834204584315   0.0844312577235102   -0.012858718934075   0
0.317088409262799   -0.0251051893083233   -0.00374579532151559   0
0.354987460116903   -0.0474428204423709   0.0378990508541039   0
0.35573031324516   -0.0113631022796912   0.000742853128257226   0
0.334847111594605   0.0169419105825777   -0.0208832016505552   0
0.327172674208498   0.0811162963235597   -0.00767443738610718   0
0.327449650601646   -0.0605321422232004   0.000276976393147998   0
0.356951458513269   -0.0124814908756112   0.029501807911623   0
0.35002999768377   -0.0272185822249092   -0.00692146082949907   0
0.3330170426003   0.0535552142687387   -0.01701295508347   0
0.319481608582951   0.03333728631266   -0.0135354340173489   0
0.318389235311513   -0.0736247088792724   -0.00109237327143813   0
0.343334341205115   0.004926099337969   0.0249451058936016   0
0.346564598587334   0.00559219400777383   0.00323025738221955   0
0.356644141528359   0.0708864570621531   0.0100795429410246   0
0.356142606997183   -0.00755064866861399   -0.00050153453117574   0
0.355450569447778   -0.0659897189444267   -0.000692037549404556   0
0.373586684755359   -0.0163449996338388   0.0181361153075805   0
0.336488458249685   0.0407337694791804   -0.037098226505674   0
0.338699436625971   0.0485017368519605   0.00221097837628581   0
0.313983758819624   -0.0546855692380096   -0.0247156778063465   0
0.340695418652423   -0.0402945545947196   0.0267116598327991   0
0.357241247162194   0.00649101493453291   0.0165458285097709   0
0.353108597077797   -0.0164534079007242   -0.00413265008439728   0
0.361501683262333   0.0443706959674372   0.00839308618453577   0
0.349631118877096   0.0513189772092787   -0.0118705643852368   0
0.35026714343091   -0.0832836321013631   0.000636024553814507   0
0.368276643107121   0.00250988178420469   0.0180094996762108   0
0.358049609331235   -0.0109662769052221   -0.0102270337758864   0
0.349731634652558   0.0909867709768529   -0.00831797467867734   0
0.350080581864733   0.0259546503437144   0.000348947212175377   0
0.3668361870321   -0.0744114667616155   0.0167556051673673   0
0.372262830243969   -0.0212434342311231   0.00542664321186864   0
0.358925028645607   0.016235568674868   -0.0133378015983617   0
