0.0969564026219517   0.0658648909803243   0   0   0
0.09605347668726   0.0523985028974111   -0.000902925934691684   -0.0134663880829132   0
0.0988230450448679   0.0150983046485566   0.00276956835760793   -0.0373001982488545   0
0.0844725107114735   0.0231170514398463   -0.0143505343333944   0.00801874679128973   0
0.0535045380424876   0.0884306495630333   -0.0309679726689859   0.065313598123187   0
0.0811379935914735   0.0207197835945504   0.0276334555489859   -0.0677108659684829   0
0.104152699240206   0.0465358582367135   0.0230147056487329   0.0258160746421631   0
0.0845235759182017   0.0663637594516767   -0.0196291233220048   0.0198279012149631   0
0.0874269690938671   0.0622884354712815   0.00290339317566547   -0.00407532398039512   0
0.0693018378874789   0.0444930334907612   -0.0181251312063883   -0.0177954019805203   0
0.0912301781104257   0.0448864590860373   0.0219283402229468   0.00039342559527606   0
0.0565588193608212   0.044116189449141   -0.0346713587496045   -0.000770269636896283   0
0.0710084839453005   0.0432065433616831   0.0144496645844793   -0.00090964608745793   0
0.0633041036174591   0.0456274462038201   -0.0077043803278414   0.00242090284213705   0
0.0666665812361036   0.0361751206628934   0.00336247761864449   -0.00945232554092668   0
0.0550085936662627   0.0403856239934769   -0.0116579875698409   0.00421050333058349   0
0.0737871239545898   0.0479167295556834   0.0187785302883271   0.00753110556220642   0
0.065618473399923   0.0599014537154984   -0.00816865055466683   0.0119847241598151   0
0.0538122027094227   0.0661614502492577   -0.0118062706905003   0.00625999653375927   0
0.0814249101413689   0.0431812019453111   0.0276127074319462   -0.0229802483039466   0
0.0507549124981267   0.0401676872686554   -0.0306699976432422   -0.00301351467665574   0
0.0567161594798167   0.0528868161157864   0.00596124698168997   0.012719128847131   0
0.0560929007823628   0.0343111597116011   -0.000623258697453867   -0.0185756564041852   0
0.0491462499019701   0.0574498792620056   -0.00694665088039268   0.0231387195504045   0
0.0522768309368271   0.0373096674274242   0.00313058103485693   -0.0201402118345814   0
0.071467107405715   0.0648699408185951   0.0191902764688879   0.0275602733911708   0
0.0646907286255148   0.0655570300539157   -0.00677637878020017   0.000687089235320598   0
0.0784577516810162   0.0641226890155406   0.0137670230555014   -0.0014343410383751   0
0.0685651274490903   0.0723135948788504   -0.00989262423192587   0.00819090586330987   0
0.0738802375827934   0.065564363237602   0.00531511013370307   -0.00674923164124838   0
0.0871584463818625   0.0773984198374554   0.0132782087990691   0.0118340565998533   0
0.0813155104865609   0.0718977967159982   -0.00584293589530158   -0.00550062312145719   0
0.0869220949952887   0.0798305820986074   0.00560658450872782   0.00793278538260925   0
0.0724223833217328   0.0578753415625558   -0.014499711673556   -0.0219552405360516   0
0.0872026054246661   0.0703817356749249   0.0147802221029333   0.0125063941123691   0
0.075029762346285   0.0617171894743677   -0.0121728430783811   -0.00866454620055727   0
0.0983946656818346   0.0654061490984219   0.0233649033355496   0.00368895962405425   0
0.0696719598019892   0.0597782760202024   -0.0287227058798454   -0.00562787307821957   0
0.0968096970790633   0.0732195172686388   0.0271377372770741   0.0134412412484365   0
0.0923304822291642   0.0711671755584869   -0.00447921484989913   -0.00205234171015189   0
0.104279349225578   0.067907294910893   0.0119488669964136   -0.00325988064759389   0
0.0566940920165408   0.0661554872758761   -0.0475852572090369   -0.00175180763501698   0
0.0997469990226273   0.0726807113557132   0.0430529070060864   0.00652522407983716   0
0.0931126311237095   0.0637332258866206   -0.00663436789891773   -0.00894748546909266   0
0.101686887652145   0.0606388246069711   0.00857425652843566   -0.0030944012796495   0
0.0948830144097983   0.0565758552955897   -0.00680387324234684   -0.00406296931138141   0
0.124015772316508   0.0633669382661613   0.0291327579067099   0.00679108297057166   0
0.0817752061599358   0.0548187999373846   -0.0422405661565724   -0.00854813832877669   0
0.11543694379448   0.0674637260182463   0.0336617376345445   0.0126449260808617   0
0.0873381097960678   0.0707867394048666   -0.0280988339984124   0.00332301338662036   0
0.118021062206032   0.0654483026970715   0.0306829524099638   -0.00533843670779512   0
0.111488369442018   0.0772509013658417   -0.00653269276401321   0.0118025986687701   0
0.0983846669705702   0.060308825727977   -0.0131037024714483   -0.0169420756378647   0
0.113783638552518   0.0731389489445432   0.0153989715819476   0.0128301232165662   0
0.101927554756356   0.0666540616584803   -0.0118560837961615   -0.00648488728606289   0
0.141240444393099   0.0535682601080855   0.0393128896367424   -0.0130858015503949   0
0.0937473613130524   0.0636058095760324   -0.0474930830800463   0.010037549467947   0
0.135623446187892   0.0727062253373981   0.0418760848748394   0.00910041576136562   0
0.109007030791092   0.0697629410296935   -0.0266164153968002   -0.00294328430770451   0
0.137139024083045   0.0690769412279887   0.0281319932919534   -0.000685999801704876   0
0.126728203007776   0.079540060856354   -0.0104108210752694   0.0104631196283653   0
0.153295727443788   0.0669952859305414   0.0265675244360119   -0.0125447749258126   0
0.129180482620867   0.0741067005028054   -0.024115244822921   0.007111414572264   0
0.150758134192753   0.0736569345708196   0.0215776515718861   -0.000449765931985813   0
0.139041366382023   0.0743610732797914   -0.0117167678107294   0.000704138708971777   0
0.142036713737048   0.068205505019628   0.00299534735502438   -0.00615556826016338   0
0.145706497527324   0.0829257491620667   0.00366978379027622   0.0147202441424387   0
0.13543833514707   0.0692727236432385   -0.010268162380254   -0.0136530255188281   0
0.156571671225225   0.0851420409730851   0.0211333360781554   0.0158693173298465   0
0.166234731718886   0.0895324808589738   0.00966306049366081   0.00439043988588868   0
0.184645296834986   0.0862363647890059   0.0184105651160998   -0.00329611606996782   0
0.173301869905261   0.0952521878142964   -0.0113434269297248   0.00901582302529051   0
0.192279300143229   0.0908644073048408   0.0189774302379682   -0.00438778050945568   0
0.17407824477309   0.0952877934936579   -0.0182010553701387   0.00442338618881719   0
0.180682031859756   0.0864328261047416   0.00660378708666584   -0.00885496738891636   0
0.182402214452045   0.101313832420714   0.00172018259228918   0.0148810063159723   0
0.186037532928976   0.0792720066205751   0.00363531847693094   -0.0220418258001388   0
0.172321401190827   0.0978845587205791   -0.0137161317381493   0.018612552100004   0
0.176936952706776   0.0849221510380095   0.0046155515159492   -0.0129624076825696   0
0.194037856083291   0.095790732670807   0.0171009033765148   0.0108685816327975   0
0.174725865254404   0.106814769611569   -0.0193119908288876   0.0110240369407617   0
0.216050631869569   0.114395879892416   0.0413247666151653   0.00758111028084703   0
0.174084507265236   0.109732336068248   -0.0419661246043329   -0.00466354382416735   0
0.203467582153964   0.108595749288865   0.0293830748887278   -0.00113658677938347   0
0.193652071477483   0.0951033815909035   -0.00981551067648129   -0.0134923676979614   0
0.190903278846881   0.0978839272952026   -0.00274879263060154   0.00278054570429907   0
0.212275079892978   0.11001668437269   0.0213718010460966   0.012132757077487   0
0.179788377555531   0.0933690132504489   -0.032486702337447   -0.0166476711222407   0
0.220792994123002   0.10796867575649   0.0410046165674715   0.0145996625060408   0
0.189936222539093   0.0957592758619759   -0.0308567715839086   -0.0122093998945138   0
0.199752689568301   0.10330366398928   0.00981646702920758   0.00754438812730379   0
0.189558702666694   0.100304199515075   -0.0101939869016072   -0.00299946447420454   0
0.208581123794676   0.0943967927840904   0.0190224211279824   -0.00590740673098475   0
0.202789877790905   0.103182190542082   -0.00579124600377154   0.00878539775799152   0
0.205923139216671   0.115661062677214   0.00313326142576625   0.0124788721351324   0
0.191358132246312   0.115986791571163   -0.0145650069703592   0.000325728893949079   0
0.205279882421098   0.122881495287828   0.0139217501747868   0.00689470371666463   0
0.200354616252733   0.102719856082502   -0.00492526616836522   -0.0201616392053256   0
0.200443178765679   0.11989677940513   8.85625129458945e-05   0.017176923322628   0
0.178182717661674   0.114036650460718   -0.0222604611040046   -0.00586012894441229   0
0.196516116462187   0.118330536909973   0.0183333988005129   0.00429388644925499   0
0.179367889260592   0.112740760603708   -0.0171482272015954   -0.00558977630626553   0
0.212285053238329   0.124882525777028   0.0329171639777366   0.0121417651733202   0
0.17826606773329   0.108423898826608   -0.0340189855050384   -0.0164586269504199   0
0.209063489583739   0.117772996258363   0.0307974218504485   0.0093490974317556   0
0.185329305449678   0.113401009268216   -0.0237341841340608   -0.00437198699014751   0
0.20651283766817   0.120696873614688   0.0211835322184923   0.00729586434647216   0
0.214353933767333   0.129998571064002   0.00784109609916242   0.00930169744931432   0
0.202195054687398   0.120444834638311   -0.0121588790799343   -0.00955373642569178   0
0.206561568794052   0.136351199808803   0.00436651410665395   0.0159063651704919   0
0.215890347986588   0.133730035666871   0.00932877919253561   -0.00262116414193192   0
0.210426110634232   0.125402844317503   -0.00546423735235602   -0.00832719134936727   0
0.213860704373782   0.127294823769007   0.00343459373954969   0.00189197945150343   0
0.226347818124275   0.142698504135862   0.0124871137504937   0.0154036803668547   0
0.212527481734716   0.118240778624382   -0.0138203363895594   -0.0244577255114801   0
0.237550365074967   0.144308108990798   0.0250228833402509   0.0260673303664163   0
0.195857468099764   0.13171772197791   -0.041692896975203   -0.0125903870128878   0
0.230663533504236   0.130078758456137   0.0348060654044726   -0.00163896352177315   0
0.208552273101685   0.136426516897165   -0.022111260402551   0.00634775844102833   0
0.237910208585193   0.143344324870615   0.0293579354835075   0.0069178079734501   0
0.216366378731262   0.136427264240877   -0.0215438298539306   -0.00691706062973857   0
0.237198359443736   0.138137629992193   0.0208319807124741   0.00171036575131622   0
0.215186069375343   0.131125110788514   -0.0220122900683933   -0.00701251920367923   0
0.252008124496513   0.116504003358737   0.0368220551211698   -0.0146211074297772   0
0.225347031655002   0.0889331111993903   -0.0266610928415112   -0.0275708921593462   0
0.23318531244626   0.0917079388913659   0.00783828079125837   0.00277482769197555   0
0.208109909085662   0.0847271326311708   -0.0250754033605982   -0.00698080626019512   0
0.244553622752394   0.0927946379428925   0.0364437136667315   0.00806750531172173   0
0.228202982079135   0.101645192649603   -0.0163506406732585   0.00885055470671098   0
0.248135763642769   0.0914590754292323   0.0199327815636338   -0.0101861172203712   0
0.222493936764471   0.0962717287222734   -0.0256418268782976   0.00481265329304112   0
0.247903547550837   0.0893159345841336   0.0254096107863655   -0.00695579413813985   0
0.229617561166562   0.0930976460297064   -0.0182859863842744   0.00378171144557279   0
0.235864053417663   0.0946867335024058   0.00624649225110027   0.00158908747269949   0
0.239052359830164   0.10544089519278   0.00318830641250087   0.0107541616903745   0
0.24638940714562   0.0999983625080056   0.00733704731545629   -0.00544253268477479   0
0.239780140288411   0.106675189549046   -0.00660926685720889   0.00667682704104042   0
0.245025144627363   0.0947909026119722   0.00524500433895175   -0.0118842869370738   0
0.241321790137008   0.109598421526783   -0.00370335449035494   0.0148075189148112   0
0.262531054154075   0.0817789789157422   0.0212092640170675   -0.0278194426110412   0
0.251177676923806   0.114297295015499   -0.0113533772302687   0.0325183160997568   0
0.26992155262009   0.0933211337714459   0.0187438756962835   -0.020976161244053   0
0.232837836344611   0.119066610969081   -0.0370837162754787   0.0257454771976352   0
0.272567446290161   0.0937731331449072   0.0397296099455501   -0.0252934778241739   0
0.242022659467497   0.09765755491676   -0.0305447868226644   0.00388442177185279   0
0.273154072577547   0.0962266305509952   0.0311314131100504   -0.00143092436576481   0
0.243786688904234   0.114731326624706   -0.0293673836733129   0.0185046960737109   0
0.284766418810294   0.105431531482676   0.0409797299060599   -0.00929979514203011   0
0.249857519603874   0.109991211895106   -0.0349088992064209   0.00455968041242961   0
0.281653734405511   0.109655525810285   0.0317962148016372   -0.000335686084820985   0
0.249624902135304   0.101447661318694   -0.0320288322702069   -0.00820786449159036   0
0.276488725137066   0.106615224548713   0.0268638230017621   0.00516756323001877   0
0.264410443253004   0.110470441552594   -0.012078281884062   0.00385521700388057   0
0.275552661586946   0.101181522134281   0.0111422183339421   -0.0092889194183126   0
0.269256869801162   0.0995041211343154   -0.00629579178578382   -0.00167740099996566   0
0.290672871899753   0.0943226161605476   0.0214160020985904   -0.00518150497376772   0
0.272062689639539   0.0892375999703847   -0.0186101822602138   -0.00508501619016295   0
0.261207841993708   0.0927669687223852   -0.0108548476458306   0.00352936875200056   0
0.272076530843364   0.0955174150605794   0.0108686888496559   0.00275044633819416   0
0.254266974965291   0.111323736014708   -0.0178095558780729   0.0158063209541291   0
0.292080312079897   0.103547424153815   0.0378133371146058   -0.00777631186089381   0
0.267906969347962   0.0922311307484626   -0.0241733427319346   -0.0113162934053521   0
0.291744922585878   0.105857851744521   0.0238379532379158   0.0136267209960585   0
0.268673301488127   0.107083640807455   -0.0230716210977511   0.00122578906293372   0
0.28708891234628   0.104045059623283   0.0184156108581529   -0.00303858118417186   0
0.275546912723442   0.104694404044003   -0.0115419996228383   0.000649344420719816   0
0.296987424112234   0.111677363633337   0.0214405113887924   0.00698295958933388   0
0.279511218982083   0.104775053168121   -0.0174762051301511   -0.00690231046521603   0
0.312775067990033   0.121462304950548   0.0332638490079504   0.0166872517824277   0
0.277610603613335   0.120893613493528   -0.0351644643766987   -0.000568691457020487   0
0.292762554328931   0.107941146934209   0.0151519507155959   -0.0129524665593188   0
0.278837459038433   0.113597452454688   -0.0139250952904972   0.00565630552047856   0
0.305940482270948   0.113619754988514   0.0271030232325142   2.23025338266097e-05   0
0.271879708085616   0.127118777431857   -0.0340607741853312   0.0134990224433428   0
0.308367951327452   0.12218268993806   0.0364882432418359   -0.00493608749379745   0
0.285254935721663   0.0980202149274449   -0.0231130156057895   -0.0241624750106146   0
0.299378561347619   0.117995096240924   0.0141236256259561   0.0199748813134795   0
0.272928776210296   0.115979773058107   -0.0264497851373227   -0.00201532318281748   0
0.303876120028014   0.104615624742734   0.0309473438177177   -0.0113641483153732   0
0.277729931679644   0.0968460956399219   -0.0261461883483696   -0.00776952910281191   0
0.315705081331692   0.10896708429636   0.0379751496520472   0.012120988656438   0
0.286964192741621   0.0970992540476496   -0.028740888590071   -0.0118678302487103   0
0.299022263665249   0.0934436732754685   0.0120580709236288   -0.00365558077218114   0
0.267360573437446   0.0930032969319502   -0.0316616902278034   -0.000440376343518248   0
0.296956824574634   0.0875433685626159   0.029596251137188   -0.00545992836933436   0
