0   0   0   0   0
0.158666351447267   0.0420550487701536   0.158666351447267   0.0420550487701536   0
0.277177733393596   0.0767971652415635   0.11851138194633   0.0347421164714098   0
0.198206176558   0.0384359573848499   -0.0789715568355968   -0.0383612078567135   0
0.0325562448754227   0.0805795016927973   -0.165649931682577   0.0421435443079474   0
0.237693696695642   0.0770336640078544   0.20513745182022   -0.00354583768494293   0
0.265698449569381   0.0387183260042438   0.0280047528737387   -0.0383153380036106   0
0.0429685118446055   0.0734580119701289   -0.222729937724776   0.0347396859658851   0
0.249295782896462   0.0874284775568007   0.206327271051857   0.0139704655866718   0
0.219956599506771   0.042381819310621   -0.0293391833896911   -0.0450466582461797   0
0.313104751990005   0.069974046907751   0.0931481524832338   0.02759222759713   0
0.206066708729677   0.113625342746469   -0.107038043260328   0.0436512958387178   0
0.107930854812049   0.0819114352925921   -0.0981358539176281   -0.0317139074538767   0
0.446678259100619   0.0640471588211001   0.33874740428857   -0.017864276471492   0
0.108109627220197   0.0971132982419534   -0.338568631880422   0.0330661394208533   0
0.177769526981651   0.106060446254813   0.069659899761454   0.0089471480128592   0
0.40155260109759   0.0793778013690555   0.223783074115939   -0.0266826448857572   0
0.150710638113704   0.130033062385149   -0.250841962983885   0.0506552610160933   0
0.160066847966717   0.117379506552486   0.00935620985301222   -0.0126535558326632   0
0.545503550609792   0.138356632454476   0.385436702643075   0.0209771259019902   0
0.244520958308792   0.128541995281902   -0.300982592301   -0.00981463717257383   0
0.251881197519863   0.135426908963147   0.00736023921107051   0.00688491368124503   0
0.66322374777106   0.15307001877618   0.411342550251197   0.0176431098130327   0
0.274196960158993   0.14680842442171   -0.389026787612066   -0.00626159435446944   0
0.251528758556472   0.135569477513839   -0.0226682016025211   -0.0112389469078709   0
0.545808936739707   0.149416546343912   0.294280178183235   0.013847068830073   0
0.358801993395034   0.0504847238182254   -0.187006943344673   -0.0989318225256869   0
0.309990847813351   0.0611846255136043   -0.0488111455816832   0.0106999016953789   0
0.699252441627121   0.0651104942633866   0.38926159381377   0.00392586874978231   0
0.343386824445493   0.0989557370848704   -0.355865617181628   0.0338452428214838   0
0.356040418545423   0.124630978351101   0.0126535940999298   0.0256752412662302   0
0.710797620112786   0.174241853480019   0.354757201567363   0.0496108751289187   0
0.346191684111216   0.159770259648816   -0.36460593600157   -0.0144715938312035   0
0.58482381000692   0.183655044684655   0.238632125895704   0.0238847850358389   0
0.70654584716917   0.230228051498558   0.12172203716225   0.046573006813903   0
0.398210978328072   0.222614797653868   -0.308334868841098   -0.0076132538446898   0
0.841357093589874   0.26185998961077   0.443146115261802   0.0392451919569021   0
0.560724577725107   0.261927586779323   -0.280632515864767   6.75971685534793e-05   0
0.445162190984365   0.245943062529725   -0.115562386740743   -0.0159845242495988   0
0.898436040996798   0.317024416143729   0.453273850012433   0.0710813536140048   0
0.540573817948382   0.276732601273436   -0.357862223048416   -0.0402918148702934   0
0.56663234942421   0.289144093305678   0.0260585314758285   0.0124114920322418   0
1.00983576585255   0.347823428591951   0.443203416428337   0.0586793352862733   0
0.566296615772168   0.312241429056944   -0.443539150080379   -0.0355819995350072   0
1.22670295417425   0.236595593127049   0.660406338402086   -0.0756458359298951   1
1.23076171608033   0.25686934001051   0.00405876190607724   0.0202737468834611   0
0.876659143900866   0.209901952861812   -0.354102572179464   -0.0469673871486976   0
1.46717654901004   0.255178759922334   0.59051740510917   0.0452768070605213   1
1.08082747973624   0.26884913035846   -0.386349069273793   0.013670370436126   0
0.849666698184058   0.250584526484079   -0.231160781552185   -0.0182646038743808   0
1.40744442977689   0.317252850985614   0.557777731592834   0.0666683245015349   0
1.01668801328825   0.318624990242954   -0.390756416488646   0.00137213925734025   0
0.935773980180043   0.362293903450789   -0.0809140331082027   0.0436689132078356   0
1.58410407319627   0.404662925584059   0.648330093016222   0.0423690221332699   1
1.14322648572888   0.456304407290517   -0.440877587467388   0.0516414817064576   0
1.06460282366315   0.448989318944504   -0.0786236620657241   -0.00731508834601258   0
1.50300863812055   0.474624703164774   0.438405814457399   0.0256353842202697   0
1.0783055809393   0.499769932491344   -0.424703057181254   0.0251452293265699   0
1.41658137504381   0.50894883687803   0.338275794104506   0.00917890438668639   0
1.45871332990036   0.509378604308877   0.0421319548565555   0.000429767430847106   0
1.07667706506129   0.534819163691806   -0.382036264839068   0.0254405593829283   0
1.63310579330306   0.521014268781576   0.556428728241762   -0.0138048949102303   0
1.33687947604449   0.559700469864918   -0.296226317258562   0.0386862010833425   0
1.1974078972004   0.569063889487604   -0.139471578844091   0.00936341962268594   0
1.68636167002604   0.549086345248004   0.488953772825633   -0.0199775442396002   0
1.27274093466856   0.593994624905824   -0.413620735357475   0.0449082796578197   0
1.24725647912097   0.576245514439818   -0.0254844555475855   -0.0177491104660059   0
1.60209317801806   0.557044312685714   0.354836698897083   -0.0192012017541032   0
1.16328663997763   0.560287131377743   -0.43880653804043   0.00324281869202825   0
1.46077297536515   0.496966053741352   0.297486335387524   -0.0633210776363905   0
1.64507708416718   0.490036706876954   0.18430410880203   -0.00692934686439795   0
1.26234848532261   0.496573814108678   -0.382728598844572   0.0065371072317239   0
1.65074670900899   0.514972906608709   0.388398223686376   0.0183990925000313   0
1.60765756874591   0.557407983223978   -0.0430891402630798   0.0424350766152685   0
1.22012784411964   0.58941689700711   -0.387529724626267   0.032008913783132   0
1.66924307114243   0.557728973854911   0.449115227022787   -0.0316879231521984   0
1.62532457950712   0.600126378361458   -0.0439184916353053   0.0423974045065466   0
1.29932161534532   0.625231743469324   -0.326002964161806   0.0251053651078654   0
1.8067942374695   0.55786226530909   0.507472622124187   -0.0673694781602331   0
1.62493351032219   0.640309984741786   -0.18186072714731   0.0824477194326954   0
1.4490960963377   0.664706173609581   -0.175837413984492   0.0243961888677953   0
1.83730018276954   0.578177382590907   0.388204086431845   -0.0865287910186736   0
1.59475552467863   0.606371383968359   -0.242544658090918   0.0281940013774511   0
1.30790680318471   0.618162451701299   -0.286848721493919   0.01179106773294   0
1.68537068134135   0.560669211519201   0.377463878156641   -0.0574932401820976   0
1.99622192722002   0.448410432764518   0.310851245878669   -0.112258778754683   0
2.15613944110579   0.294665368939921   0.159917513885775   -0.153745063824597   0
1.85451055690497   0.349499405721916   -0.301628884200818   0.0548340367819947   0
1.44480649781208   0.579066519015357   -0.409704059092898   0.229567113293441   1
1.34244990831465   0.601543973557495   -0.102356589497431   0.022477454542138   0
1.32709594818649   0.597528625062147   -0.0153539601281554   -0.00401534849534757   0
1.34770098890741   0.617464189274165   0.0206050407209155   0.0199355642120184   0
1.3892589839983   0.632384505731736   0.0415579950908982   0.0149203164575709   0
1.50745961543983   0.67162770317305   0.118200631441526   0.0392431974413135   0
1.50917363058496   0.715559498488115   0.00171401514513358   0.0439317953150653   0
1.31349980434448   0.683662969154641   -0.195673826240479   -0.0318965293334739   0
1.18387359269054   0.486863736088959   -0.129626211653947   -0.196799233065682   0
1.3260868024024   0.488420678319561   0.142213209711859   0.00155694223060149   0
1.49247069689492   0.504211762805679   0.166383894492521   0.0157910844861177   0
1.36344733958422   0.574923725550277   -0.129023357310696   0.0707119627445981   0
1.33922253717547   0.580656758386407   -0.0242248024087559   0.00573303283612991   0
1.6887587163977   0.578828974016168   0.349536179222236   -0.00182778437023856   0
1.5443553201061   0.627686154717754   -0.144403396291606   0.0488571807015856   0
1.35123253227082   0.648336760812126   -0.193122787835276   0.0206506060943722   0
1.74666953989414   0.599921498395198   0.395437007623319   -0.0484152624169277   0
1.75404400751891   0.64644859864503   0.00737446762477267   0.0465271002498313   0
1.36931825583004   0.678338560043943   -0.384725751688875   0.0318899613989134   0
1.67146817764653   0.647446179027454   0.302149921816491   -0.0308923810164891   0
1.74239790398979   0.661811951605779   0.0709297263432596   0.0143657725783249   0
1.39177190267051   0.699929395835037   -0.350626001319277   0.0381174442292584   0
1.45439441907297   0.693354455937165   0.0626225164024636   -0.00657493989787195   0
1.8194189096217   0.634430420658956   0.365024490548723   -0.0589240352782093   0
1.50503715648528   0.704496105592678   -0.314381753136418   0.0700656849337221   0
1.41029708141937   0.718084079816563   -0.0947400750659046   0.0135879742238849   0
1.82499978550054   0.673790004777082   0.414702704081162   -0.0442940750394812   0
1.61458537760566   0.725749610106165   -0.210414407894879   0.0519596053290828   0
1.46966376619746   0.733116520453026   -0.144921611408201   0.00736691034686177   0
1.85895350005964   0.673749519081275   0.389289733862188   -0.059367001371751   0
1.56224611698989   0.739279515704649   -0.29670738306975   0.0655299966233733   0
1.54717967159685   0.726792895220607   -0.0150664453930454   -0.0124866204840416   0
1.85595405997266   0.640511385477261   0.308774388375812   -0.0862815097433466   0
1.54580419636297   0.706861414798721   -0.310149863609692   0.0663500293214607   0
1.54352195553865   0.690191842755513   -0.00228224082432016   -0.0166695720432087   0
1.97481911096915   0.570755002381495   0.431297155430507   -0.119436840374018   0
1.69878769215373   0.658711469013179   -0.276031418815423   0.0879564666316841   0
1.58636374278363   0.681081347986604   -0.112423949370097   0.0223698789734255   0
2.03250145191412   0.558731936523455   0.446137709130485   -0.122349411463149   0
1.90018965941671   0.609773154774175   -0.132311792497404   0.0510412182507201   0
1.44428374229126   0.724501053713174   -0.455905917125453   0.114727898938999   0
1.82338835581809   0.655936286462717   0.379104613526829   -0.0685647672504569   0
1.96392250535707   0.610838666573466   0.140534149538982   -0.0450976198892512   0
1.53072841330935   0.69658296696553   -0.433194092047723   0.0857443003920635   0
1.64775223927162   0.688401020831245   0.117023825962268   -0.0081819461342848   0
1.91573241316657   0.65837429339738   0.26798017389495   -0.0300267274338644   0
1.51490340850785   0.75567252848605   -0.400829004658721   0.0972982350886694   0
1.7179301405031   0.741194263869635   0.203026731995254   -0.0144782646164149   0
1.77715861362485   0.745682516256081   0.0592284731217509   0.00448825238644579   0
1.45433873007148   0.809125966810638   -0.322819883553369   0.0634434505545572   0
1.83630511979791   0.74553175775952   0.381966389726424   -0.0635942090511177   0
1.6588548318985   0.792819403832298   -0.177450287899406   0.0472876460727775   0
1.48427272735651   0.820060955069957   -0.174582104541987   0.0272415512376593   0
1.87847948112748   0.766098035661886   0.394206753770966   -0.0539629194080713   0
1.73612592954687   0.794260759969923   -0.142353551580604   0.0281627243080377   0
1.54269551318984   0.834482813698401   -0.193430416357039   0.0402220537284774   0
1.91705609479665   0.763249876191441   0.374360581606819   -0.0712329375069598   0
1.75335934979   0.807252835072445   -0.163696745006658   0.044002958881004   0
1.55260437599701   0.838729350562653   -0.200754973792992   0.031476515490208   0
2.01495879445338   0.709535927198194   0.462354418456373   -0.129193423364459   0
1.69470552861817   0.794145694917186   -0.320253265835206   0.0846097677189923   0
1.56404237270038   0.835751452374   -0.130663155917788   0.0416057574568139   0
2.01991185018555   0.726391712655266   0.455869477485162   -0.109359739718734   0
1.85411742583392   0.812416124584101   -0.165794424351627   0.0860244119288356   0
1.55790919810644   0.859662655460995   -0.29620822772748   0.047246530876894   0
1.96151957658205   0.749654336451808   0.403610378475614   -0.110008319009188   0
1.91603674157491   0.769521925131117   -0.0454828350071437   0.0198675886793092   0
1.58110333235877   0.828282652941917   -0.334933409216139   0.0587607278108002   0
1.81632361450438   0.783267399070234   0.235220282145607   -0.0450152538716825   0
2.07871318862271   0.725570876338935   0.262389574118334   -0.0576965227312995   0
1.710353982287   0.815133727714815   -0.368359206335712   0.0895628513758799   0
1.60786127115442   0.865945395776345   -0.102492711132582   0.0508116680615297   0
1.99100267074582   0.766941634747391   0.383141399591405   -0.0990037610289539   0
1.87473143743124   0.793093893107871   -0.116271233314584   0.0261522583604809   0
1.61814792656754   0.853359057490017   -0.256583510863701   0.0602651643821454   0
1.92902885675072   0.79275460057905   0.310880930183185   -0.0606044569109664   0
1.81419478747046   0.833282071016772   -0.114834069280259   0.0405274704377212   0
1.64461214394923   0.869201243761334   -0.169582643521231   0.0359191727445624   0
2.00425781394261   0.79808583659983   0.359645669993375   -0.0711154071615043   0
1.7910935130227   0.841436637044793   -0.213164300919906   0.043350800444963   0
1.62234674958937   0.869464015367657   -0.168746763433326   0.0280273783228647   0
1.96271974690963   0.79710167743739   0.340372997320255   -0.0723623379302678   0
1.77452436529144   0.82037382808449   -0.188195381618186   0.0232721506471002   0
1.68346639581044   0.848759307852497   -0.0910579694810072   0.0283854797680073   0
2.09465300030172   0.780032323577042   0.411186604491284   -0.0687269842754547   0
1.72899537914767   0.85043683708095   -0.365657621154049   0.0704045135039074   0
1.76167703650318   0.842692420519047   0.0326816573555126   -0.00774441656190317   0
2.17829581214627   0.768774542843511   0.416618775643091   -0.0739178776755353   0
1.86890868641595   0.805626839171213   -0.309387125730323   0.036852296327702   0
1.73980004328297   0.847686421825312   -0.129108643132986   0.0420595826540981   0
2.12390458892696   0.767154533130386   0.384104545643994   -0.0805318886949259   0
1.8197789793997   0.802902833177839   -0.304125609527264   0.035748300047453   0
1.72788882908833   0.827726297412526   -0.0918901503113629   0.0248234642346874   0
2.08988810484509   0.775094492341417   0.361999275756757   -0.0526318050711087   0
1.76608705662122   0.832615626782551   -0.323801048223871   0.0575211344411335   0
1.82975222454584   0.822245290610564   0.0636651679246185   -0.0103703361719875   0
2.10087411051924   0.78799748557102   0.271121885973401   -0.0342478050395434   0
1.71892562668226   0.879803485495198   -0.381948483836978   0.0918059999241781   0
1.85663049252268   0.857548056851626   0.137704865840418   -0.0222554286435719   0
2.06106295513383   0.838621773132859   0.204432462611153   -0.0189262837187677   0
1.72088363949043   0.910528246044707   -0.340179315643397   0.071906472911848   0
1.96668433427431   0.872991438781189   0.24580069478388   -0.037536807263518   0
2.03238502305764   0.856304641852127   0.0657006887833251   -0.0166867969290614   0
1.70783824327052   0.928625165249144   -0.324546779787121   0.0723205233970167   0
2.11840963791756   0.829635020077052   0.41057139464704   -0.0989901451720924   0
1.96505428060397   0.855209539593368   -0.153355357313585   0.0255745195163162   0
1.74543679551422   0.933573868306226   -0.219617485089753   0.0783643287128579   0
2.13947530125589   0.853680911272034   0.394038505741674   -0.0798929570341921   0
1.99298195845672   0.863830877955431   -0.14649334279917   0.010149966683397   0
1.77362873815818   0.889501032006287   -0.219353220298548   0.0256701540508566   0
2.23632363557268   0.819332213120539   0.462694897414502   -0.0701688188857484   0
2.06982533088012   0.828393723504108   -0.166498304692557   0.00906151038356906   0
1.72132288221219   0.88079880077646   -0.348502448667928   0.0524050772723523   0
2.16799394474708   0.802738190583331   0.446671062534886   -0.0780606101931293   0
2.09229067109711   0.805167361185394   -0.0757032736499674   0.00242917060206282   0
1.73233483175467   0.848195752049755   -0.359955839342439   0.0430283908643617   0
1.92208805450427   0.824792805738811   0.189753222749595   -0.0234029463109445   0
2.11871305495813   0.773497404500009   0.196625000453859   -0.0512954012388023   0
1.71413032095337   0.847790159205242   -0.404582734004761   0.0742927547052337   0
1.84388997880242   0.805735328844559   0.129759657849057   -0.0420548303606831   0
2.12417683121933   0.78941533801447   0.280286852416909   -0.0163199908300892   0
1.75374319513605   0.858522468845458   -0.370433636083282   0.069107130830988   0
1.76502002556897   0.85664684690046   0.0112768304329212   -0.00187562194499802   0
2.14335812086081   0.800980834597963   0.378338095291843   -0.0556660123024966   0
1.73500447694523   0.877064397194414   -0.408353643915581   0.0760835625964503   0
1.71821800422002   0.895678069670682   -0.0167864727252136   0.0186136724762687   0
2.15384918971   0.818701920460066   0.435631185489985   -0.0769761492106164   0
1.85461101919648   0.8765823693865   -0.299238170513526   0.057880448926434   0
1.79053578621534   0.903253202135619   -0.06407523298114   0.0266708327491193   0
2.17647176849069   0.833682917557689   0.385935982275354   -0.0695702845779306   0
1.82365617240202   0.893358160946241   -0.352815596088668   0.0596752433885525   0
1.74746757619334   0.923643411586555   -0.0761885962086801   0.030285250640314   0
2.06543826231674   0.867032311886501   0.317970686123397   -0.0566110997000544   0
1.83178343324532   0.89695230753675   -0.233654829071424   0.0299199956502492   0
1.79156668164315   0.896530303249701   -0.0402167516021634   -0.000422004287049305   0
2.15210566341539   0.847771140648377   0.36053898177224   -0.0487591626013237   0
1.86525557699099   0.900531460275681   -0.286850086424401   0.0527603196273039   0
1.80867085054913   0.923976502265074   -0.0565847264418577   0.0234450419893933   0
2.15292767356338   0.845727855996833   0.344256823014242   -0.0782486462682408   0
1.90219226963575   0.855090812618753   -0.250735403927628   0.00936295662192022   0
1.6529413188212   0.907031431590438   -0.249250950814548   0.0519406189716848   0
1.89619103462204   0.87474153751694   0.243249715800839   -0.0322898940734985   0
2.24372957048969   0.830266311486411   0.347538535867648   -0.044475226030529   0
2.05790238008466   0.834585569261325   -0.185827190405032   0.00431925777491438   0
1.70079560197195   0.905478753904944   -0.357106778112705   0.0708931846436188   0
1.90180580271396   0.873788147411316   0.201010200742012   -0.031690606493628   0
2.12095922888533   0.905794471204699   0.219153426171364   0.0320063237933828   0
1.71910081377139   0.938043411749291   -0.401858415113941   0.0322489405445923   0
1.8029610946562   0.95100330038452   0.0838602808848159   0.0129598886352295   0
1.98207065681062   0.953174450544338   0.17910956215442   0.00217115015981728   0
1.58087951579418   0.965263154955295   -0.401191141016441   0.0120887044109573   0
1.91169993799263   0.980735319676644   0.330820422198453   0.0154721647213494   0
1.94926874598728   1.0486671798756   0.0375688079946428   0.0679318601989585   0
1.68412355268414   1.0154913054341   -0.265145193303136   -0.0331758744415043   0
2.0045094911295   1.00793734883647   0.32038593844536   -0.00755395659762437   0
1.89796107876306   1.04133335953538   -0.10654841236644   0.0333960106989102   0
1.67886176691829   1.01678524343024   -0.219099311844771   -0.0245481161051406   0
2.05244062109017   1.02212628116894   0.373578854171883   0.00534103773869754   0
1.92215191102394   1.04546450997356   -0.130288710066228   0.023338228804616   0
1.78196142345537   1.04044062104872   -0.140190487568576   -0.0050238889248353   0
2.1570359363082   0.999302633945418   0.375074512852834   -0.0411379871033042   0
1.84715404857743   1.02699198358179   -0.309881887730769   0.0276893496363675   0
1.76315195948135   1.03987731448931   -0.0840020890960838   0.012885330907525   0
2.19883421169757   0.974360735039262   0.435682252216225   -0.0655165794500487   0
1.93118100236966   0.990372186946024   -0.267653209327912   0.0160114519067626   0
1.73209826856018   0.994018378603359   -0.199082733809485   0.00364619165733449   0
2.12674925616291   0.949493651527223   0.394650987602733   -0.0445247270761353   0
2.01452453110753   0.974317153031932   -0.112224725055383   0.0248235015047091   0
1.73362023287084   1.01806637249764   -0.280904298236687   0.043749219465706   0
2.05195152216134   0.939044719384013   0.318331289290502   -0.0790216531136254   0
1.94927510147461   0.932177289755683   -0.102676420686735   -0.00686742962833031   0
1.58441587594318   0.944501411642407   -0.364859225531422   0.0123241218867246   0
1.90757673111438   0.922481871076202   0.323160855171192   -0.0220195405662056   0
1.82162837660328   0.922565193281483   -0.0859483545110991   8.33222052812888e-05   0
1.48552295874456   0.919246812227951   -0.336105417858715   -0.00331838105353199   0
1.79920244443606   0.873573094913213   0.313679485691496   -0.0456737173147378   0
1.84214276885642   0.8631806972403   0.0429403244203617   -0.0103923976729136   0
1.52257782159913   0.89400773867456   -0.319564947257295   0.0308270414342598   0
1.83960277752281   0.842171559250251   0.317024955923685   -0.0518361794243081   0
1.80227035333748   0.831891718526065   -0.0373324241853297   -0.0102798407241863   0
1.51517527547908   0.853135621207583   -0.287095077858404   0.0212439026815183   0
1.89835351588013   0.827729974667464   0.38317824040105   -0.0254056465401199   0
1.63500049587344   0.86533539025802   -0.263353020006682   0.0376054155905565   0
1.59578307089646   0.891519317172797   -0.039217424976987   0.0261839269147768   0
1.98381894326773   0.871272900631312   0.388035872371271   -0.0202464165414848   0
1.51128008015385   0.889999901649714   -0.472538863113875   0.0187270010184017   0
1.48634738810713   0.852747301078696   -0.0249326920467248   -0.0372526005710179   0
1.8474601976655   0.81938564113075   0.361112809558371   -0.0333616599479462   0
1.56542677775524   0.87605857205583   -0.282033419910259   0.0566729309250803   0
1.37542175061536   0.886354737980369   -0.190005027139886   0.0102961659245394   0
1.81103658458747   0.840516999873441   0.435614833972112   -0.0458377381069286   0
1.75239499819191   0.878140456211305   -0.0586415863955534   0.0376234563378646   0
1.47358086848303   0.929718972531754   -0.278814129708885   0.0515785163204484   0
1.66053059660971   0.907243634446944   0.186949728126681   -0.0224753380848098   0
1.93696383522863   0.884835192059092   0.276433238618921   -0.0224084423878521   0
1.57055708128958   0.943336541471415   -0.366406753939053   0.0585013494123228   0
1.75215963250898   0.933509050976609   0.181602551219403   -0.00982749049480536   0
1.98139208451463   0.931437979696045   0.229232452005653   -0.00207107128056416   0
1.59015564614367   0.960939524608859   -0.391236438370963   0.0295015449128139   0
1.92278301709752   0.922895658269259   0.332627370953847   -0.0380438663395996   0
2.05982761550485   0.924666351865904   0.137044598407334   0.0017706935966445   0
1.66823096266012   0.973166249370065   -0.391596652844731   0.0484998975041612   0
1.96226365186546   0.914632270142077   0.294032689205337   -0.0585339792279879   0
2.21018641028236   0.644406910170554   0.247922758416904   -0.270225359971524   0
2.0273726849874   0.505410947425234   -0.182813725294968   -0.13899596274532   0
1.2413788811918   0.561025652171752   -0.785993803795597   0.0556147047465184   1
1.24839034406495   0.573902997305512   0.00701146287315435   0.0128773451337593   0
1.28871983450442   0.613380176833667   0.0403294904394638   0.039477179528155   0
1.51056807865709   0.675277104470639   0.221848244152676   0.0618969276369722   0
1.69913662438486   0.720335685577391   0.188568545727763   0.0450585811067524   0
1.45458688090223   0.756719452037874   -0.244549743482621   0.0363837664604826   0
1.48976500726135   0.81329563609428   0.0351781263591155   0.0565761840564066   0
1.68997291578063   0.805962329074535   0.200207908519282   -0.00733330701974488   0
1.50068371053064   0.828423563160477   -0.189289205249991   0.0224612340859411   0
1.50242797169538   0.834673575563076   0.00174426116473558   0.00625001240259937   0
1.78946871890725   0.787817487043319   0.287040747211875   -0.0468560885197571   0
1.56367119561741   0.837099873595887   -0.225797523289844   0.049282386552568   0
1.56714168691142   0.861067088523304   0.00347049129400978   0.0239672149274175   0
1.92502092616646   0.784149854181903   0.35787923925504   -0.0769172343414012   0
1.73341816520586   0.846171490745966   -0.191602760960599   0.0620216365640623   0
1.62369245979592   0.865129152359635   -0.109725705409939   0.0189576616136693   0
2.07604931405253   0.809841938458364   0.452356854256617   -0.0552872139012712   0
2.01307788579386   0.840533960697603   -0.0629714282586717   0.0306920222392397   0
1.63940025108473   0.879069985039587   -0.373677634709129   0.0385360243419838   0
1.97098496982595   0.843199253287887   0.331584718741218   -0.0358707317517002   0
2.15111770717026   0.840106826810734   0.180132737344308   -0.00309242647715313   0
1.66264414654489   0.915868844201095   -0.488473560625367   0.0757620173903613   0
1.68583300748876   0.922547023752855   0.0231888609438666   0.00667817955175953   0
2.11974720728093   0.857117576830332   0.433914199792166   -0.0654294469225225   0
1.78522008912822   0.915028414420148   -0.33452711815271   0.057910837589816   0
1.66722191905091   0.954047874816694   -0.117998170077304   0.0390194603965459   0
2.04894090992493   0.924038701654455   0.381718990874017   -0.0300091731622393   0
1.7064994105931   0.970219840754403   -0.342441499331827   0.0461811390999487   0
1.74503405656888   0.966618177199896   0.0385346459757785   -0.00360166355450731   0
2.18579521762567   0.960429293218012   0.440761161056788   -0.00618888398188411   0
1.87700782954606   0.974178813212698   -0.30878738807961   0.0137495199946858   0
1.67418158171067   1.02480795614703   -0.20282624783539   0.050629142934331   0
2.08015005738067   0.981411318803309   0.405968475670001   -0.0433966373437197   0
2.09507389150382   0.960151492753227   0.0149238341231488   -0.0212598260500821   0
1.69846017304547   1.01979075015123   -0.396613718458349   0.0596392573979989   0
1.92560788589879   1.03154535595242   0.227147712853317   0.0117546058011919   0
2.23632456491552   1.00916552596997   0.310716679016736   -0.0223798299824456   0
1.81454575047741   1.02466649455811   -0.421778814438119   0.0155009685881353   0
1.84379472303028   1.02680712939006   0.0292489725528782   0.00214063483194993   0
2.22718170944749   0.991500807304008   0.383386986417206   -0.0353063220860491   0
1.80323553901785   1.02450590472347   -0.423946170429639   0.033005097419459   0
1.81567919252811   1.0272988096013   0.0124436535102563   0.0027929048778339   0
2.14116650362578   0.988842141515773   0.325487311097671   -0.0384566680855281   0
1.70445731896486   1.03126623429222   -0.436709184660915   0.0424240927764439   0
1.84850733071545   1.03733231428145   0.14405001175059   0.00606607998922892   0
2.08307085439136   1.00414052943375   0.234563523675909   -0.0331917848476917   0
1.64002119012109   1.04929515177285   -0.443049664270268   0.0451546223390917   0
1.86833980619401   1.0501941099955   0.228318616072921   0.000898958222658841   0
2.07567529959541   1.02250888485443   0.207335493401394   -0.0276852251410746   0
1.66916170035656   1.07514184177775   -0.406513599238847   0.0526329569233186   0
1.94159795105814   1.04516202903497   0.272436250701576   -0.0299798127427764   0
2.10422786556491   1.03672044393281   0.162629914506768   -0.00844158510215887   0
1.62614051697932   1.06672053201307   -0.478087348585583   0.0300000880802578   0
1.83609948989715   1.06345665964639   0.209958972917823   -0.00326387236668491   0
2.14635445498021   1.02194861457475   0.310254965083068   -0.0415080450716367   0
1.74781201212549   1.04912242107916   -0.398542442854722   0.0271738065044111   0
1.72152940774432   1.06167270811077   -0.0262826043811684   0.0125502870316063   0
2.08280710613562   1.01415738154095   0.361277698391297   -0.0475153265698152   0
1.7483408394375   1.06026389549866   -0.334466266698124   0.0461065139577113   0
1.64631169937366   1.06301046240489   -0.102029140063833   0.00274656690622299   0
2.06694404349928   1.0226674622134   0.420632344125618   -0.0403430001914842   0
1.83831222210799   1.05150521496805   -0.228631821391293   0.0288377527546455   0
1.71930664171414   1.09181089132974   -0.119005580393843   0.0403056763616965   0
2.10941029741297   1.05377767237935   0.390103655698829   -0.0380332189503896   0
1.7458967894323   1.09784708847646   -0.363513507980674   0.04406941609711   0
1.76789928478248   1.080161819796   0.0220024953501849   -0.0176852686804674   0
2.06433687343728   1.08583150029378   0.296437588654797   0.00566968049778693   0
1.70256846025464   1.1042829004672   -0.361768413182646   0.0184514001734151   0
1.86673029188532   1.07654646001798   0.164161831630684   -0.0277364404492164   0
1.96644512744608   1.09211540310079   0.0997148355607558   0.015568943082807   0
1.62333555697144   1.11117896412155   -0.343109570474637   0.0190635610207646   0
1.92445306317914   1.06125581439691   0.301117506207698   -0.0499231497246433   0
1.93840390282193   1.07278702240251   0.0139508396427936   0.011531208005602   0
1.63779181926738   1.05391447396077   -0.300612083554545   -0.018872548441746   0
1.99408768954354   1.03493092020639   0.356295870276154   -0.0189835537543748   0
1.96164350386813   1.01987608239641   -0.0324441856754076   -0.0150548378099813   0
1.56204997307444   1.03009491853967   -0.399593530793691   0.0102188361432596   0
1.92320341735076   0.996232831341399   0.361153444276319   -0.0338620871982716   0
2.03924403238567   1.00758989644064   0.116040615034909   0.0113570650992363   0
1.59850240475703   0.972890099654761   -0.440741627628641   -0.0346997967858744   0
1.72758731179643   0.966876397763178   0.129084907039398   -0.00601370189158223   0
2.03038305881343   0.966048522930526   0.302795747017   -0.000827874832652786   0
