0.0265574241180202   0.00760141173500028   0   0   0
0.0132140286672914   0.00289275   -0.0133433954507287   -0.00470866173500028   0
0.0372078241724788   0.0537759962869123   0.0239937955051874   0.0508832462869123   0
0.0993084021999261   0.114923304720416   0.0621005780274473   0.0611473084335035   0
0.0519859775622629   0.130912209604775   -0.0473224246376632   0.0159889048843592   0
0.135549564326672   0.221262880579866   0.0835635867644096   0.090350670975091   0
0.143428096413158   0.180052122357336   0.00787853208648584   -0.0412107582225295   0
0.210165956942341   0.199541090837082   0.0667378605291828   0.0194889684797453   0
0.149869233220014   0.171754188694905   -0.0602967237223273   -0.0277869021421768   0
0.100085292621591   0.162028271058055   -0.0497839405984225   -0.00972591763685007   0
0.145014942516728   0.203818246668723   0.0449296498951369   0.0417899756106684   0
0.0929791996935874   0.208191517507378   -0.0520357428231409   0.00437327083865507   0
0.073297589932139   0.187687972841949   -0.0196816097614484   -0.0205035446654298   0
0.178505650949879   0.222745056349883   0.10520806101774   0.0350570835079344   0
0.0904572785242846   0.213336729680457   -0.0880483724255943   -0.00940832666942562   0
0.068658791490311   0.211599041680634   -0.0217984870339736   -0.00173768799982368   0
0.1751434235511   0.309887134371258   0.106484632060789   0.0982880926906242   0
0.120712953530804   0.290255310901442   -0.0544304700202962   -0.0196318234698162   0
0.103611944171896   0.381747384818296   -0.0171010093589083   0.0914920739168544   0
0.0846061255358618   0.396427752504378   -0.0190058186360338   0.0146803676860821   0
0.171252819429783   0.392847420218846   0.0866466938939216   -0.00358033228553234   0
0.115048340122967   0.36048617722246   -0.056204479306816   -0.0323612429963862   0
0.109041405836957   0.370861531011202   -0.00600693428601025   0.010375353788742   0
0.225827329229679   0.422480205007966   0.116785923392722   0.0516186739967639   0
0.159223080270826   0.363084732966924   -0.066604248958853   -0.0593954720410416   0
0.136825618045489   0.372973362918697   -0.0223974622253375   0.00988862995177348   0
0.227626424380826   0.403171788188487   0.0908008063353374   0.03019842526979   0
0.136660312590818   0.35212673088089   -0.0909661117900085   -0.0510450573075978   0
0.096667030115258   0.353679608427324   -0.0399932824755597   0.00155287754643407   0
0.165004323134335   0.378037555862619   0.0683372930190769   0.0243579474352949   0
0.027920426947468   0.344801841522055   -0.137083896186867   -0.033235714340564   0
0.223107073630062   0.497362393311328   0.195186646682594   0.152560551789274   0
0.102902401740921   0.487792282548361   -0.120204671889141   -0.00957011076296743   0
0.183973131249348   0.461292190416768   0.0810707295084269   -0.0265000921315925   0
0.133336524967996   0.428849331213877   -0.0506366062813529   -0.0324428592028909   0
0.08338746431835   0.453949161686912   -0.0499490606496455   0.0250998304730343   0
0.21557793320746   0.505355710003855   0.13219046888911   0.0514065483169429   0
0.154618163854445   0.442721334152376   -0.0609597693530148   -0.0626343758514782   0
0.0800420696544861   0.430482110132062   -0.0745760941999589   -0.0122392240203146   0
0.136854298085168   0.458253086137096   0.0568122284306822   0.027770976005034   0
0.137822526903442   0.45555304199729   0.000968228818273714   -0.0027000441398054   0
0.0445625110341821   0.447638509703904   -0.0932600158692599   -0.0079145322933859   0
0.106054685112852   0.518009391149292   0.0614921740786695   0.0703708814453873   0
0.1477427893364   0.519256943367154   0.0416881042235489   0.00124755221786244   0
0.154159673951718   0.492084504983445   0.00641688461531761   -0.0271724383837089   0
0.137614751099412   0.548099484762219   -0.0165449228523062   0.0560149797787738   0
0.268837358377626   0.590186158703337   0.131222607278214   0.0420866739411174   0
0.242217410272363   0.560418591317463   -0.0266199481052632   -0.0297675673858732   0
0.198662913514954   0.512449954250413   -0.0435544967574088   -0.0479686370670509   0
0.129580083578998   0.542935190901511   -0.0690828299359561   0.0304852366510984   0
0.19727090041732   0.566878763616005   0.0676908168383219   0.0239435727144937   0
0.0662531420679835   0.562376242717951   -0.131017758349336   -0.00450252089805336   0
0.124924365366329   0.571568024919467   0.0586712232983453   0.0091917822015154   0
0.296454960157525   0.692697095891487   0.171530594791197   0.12112907097202   0
0.2624064074377   0.787906308433465   -0.0340485527198259   0.0952092125419778   0
0.261056776118989   0.75798929541452   -0.00134963131871041   -0.029917013018945   0
0.353279845421445   0.756973229134459   0.0922230693024557   -0.00101606628006079   0
0.270968043330377   0.715854211942627   -0.0823118020910682   -0.0411190171918315   0
0.235302544821024   0.704005553738214   -0.0356654985093527   -0.0118486582044131   0
0.327039404844432   0.739917912760598   0.0917368600234076   0.0359123590223837   0
0.289956068161385   0.692712576191237   -0.0370833366830461   -0.0472053365693613   0
0.190520040094579   0.682772265545585   -0.0994360280668064   -0.00994031064565215   0
0.212217690125022   0.623168992896189   0.0216976500304433   -0.0596032726493959   0
0.197428992101287   0.614395918747838   -0.0147886980237354   -0.00877307414835071   0
0.123417049427905   0.646063421395299   -0.0740119426733817   0.0316675026474614   0
0.159593222080388   0.676192642706943   0.0361761726524826   0.0301292213116441   0
0.103721766289049   0.641714195223426   -0.0558714557913394   -0.034478447483517   0
0.12476105031892   0.693517473688489   0.0210392840298711   0.0518032784650626   0
0.156473071210942   0.674234298622623   0.031712020892022   -0.0192831750658659   0
0.23182967802621   0.645288831552616   0.0753566068152688   -0.0289454670700074   0
0.113622523451163   0.631475914552202   -0.118207154575048   -0.0138129170004136   0
0.177312403520594   0.792774731734842   0.0636898800694315   0.161298817182639   0
0.261769598079552   0.674329501694453   0.0844571945589575   -0.118445230040388   0
0.217662598243979   0.698492889279297   -0.0441069998355722   0.0241633875848437   0
0.507564186207311   1.01452840179958   0.289901587963332   0.316035512520278   0
0.457314734643888   0.945797154527862   -0.0502494515634228   -0.0687312472717134   0
0.382413769306232   0.88027986119032   -0.0749009653376564   -0.0655172933375413   0
0.283325041440692   0.837125650841766   -0.0990887278655396   -0.0431542103485547   0
0.374261183634384   0.881794884462934   0.0909361421936915   0.0446692336211688   0
0.477916742556578   0.920904568197623   0.103655558922194   0.0391096837346885   0
0.452746646357994   0.910647428711024   -0.025170096198584   -0.0102571394865985   0
0.426954997055299   0.8596583656273   -0.025791649302695   -0.0509890630837248   0
0.388503230653234   0.819567694868002   -0.0384517664020644   -0.040090670759298   0
0.333791654401552   0.817234249231057   -0.0547115762516824   -0.00233344563694426   0
0.348927933136758   0.827621569713628   0.0151362787352066   0.0103873204825708   0
0.204275582835443   0.891736617492835   -0.144652350301315   0.0641150477792066   0
0.29071365773558   1.10387770834013   0.0864380749001369   0.212141090847292   0
0.495250547951236   1.24877388552942   0.204536890215656   0.144896177189295   0
0.324904056542851   1.1832200479354   -0.170346491408386   -0.0655538375940221   0
0.258514965220217   1.07413765946572   -0.0663890913226338   -0.109082388469677   0
0.429506888494236   1.07338006626218   0.170991923274019   -0.000757593203543072   0
0.362220845599049   1.02430775224661   -0.0672860428951871   -0.0490723140155704   0
0.336496076342652   1.00268356326373   -0.0257247692563967   -0.021624188982879   0
0.432759075723433   1.04809490046131   0.0962629993807808   0.0454113371975786   0
0.398962506829602   1.01192382960503   -0.0337965688938311   -0.0361710708562835   0
0.33701686348836   1.02348982050202   -0.0619456433412422   0.0115659908969914   0
0.383070734765787   1.02480489847873   0.0460538712774275   0.00131507797671349   0
0.317671413613186   1.01353672082934   -0.065399321152601   -0.0112681776493855   0
0.266951808062972   0.992950530457208   -0.0507196055502138   -0.0205861903721368   0
0.417730168752509   1.04198985486532   0.150778360689537   0.0490393244081123   0
0.290398947493358   0.927932236015917   -0.127331221259152   -0.114057618849403   0
0.247821410749677   0.798759760323396   -0.0425775367436811   -0.129172475692521   0
0.323999500484569   0.883891600791738   0.076178089734892   0.0851318404683412   0
0.300323067450637   0.882088749001722   -0.0236764330339314   -0.00180285179001594   0
0.257014851185685   0.859855576569939   -0.0433082162649518   -0.0222331724317827   0
0.277452341309728   0.884990918484858   0.0204374901240429   0.0251353419149188   0
0.251779215308989   0.832859155208664   -0.0256731260007398   -0.0521317632761935   0
0.171853719997823   0.886589602407027   -0.0799254953111659   0.0537304471983624   0
0.212691587596242   0.82149649141734   0.0408378675984197   -0.0650931109896866   0
0.357490841619754   0.889825467512793   0.144799254023512   0.0683289760954525   0
0.210145175207332   0.898592460005103   -0.147345666412422   0.00876699249231028   0
0.190793228452957   0.612048276811968   -0.0193519467543748   -0.286544183193134   0
0.33637231954006   0.546620833189012   0.145579091087103   -0.0654274436229563   0
0.518994662079688   0.717280269622342   0.182622342539629   0.17065943643333   0
0.515337514546729   0.736359152323953   -0.00365714753295943   0.0190788827016103   0
0.579630595519835   0.713539284062377   0.0642930809731062   -0.0228198682615753   0
0.466127133199818   0.658036113169331   -0.113503462320017   -0.0555031708930467   0
0.333726611578774   0.649069082574613   -0.132400521621044   -0.00896703059471748   0
0.331219637128568   0.707973535632689   -0.00250697445020659   0.0589044530580757   0
0.376832782727684   0.732369524219502   0.0456131455991165   0.0243959885868134   0
0.268493009158619   0.692733253334391   -0.108339773569066   -0.0396362708851109   0
0.307896752979151   0.723691748280475   0.0394037438205325   0.0309584949460835   0
0.379907281016306   0.731350628330898   0.0720105280371549   0.00765888005042359   0
0.369183903597719   0.683945572455514   -0.0107233774185868   -0.0474050558753848   0
0.282941608187007   0.679348198441896   -0.0862422954107118   -0.00459737401361748   0
0.284376899977143   0.666171383940537   0.00143529179013563   -0.0131768145013594   0
0.249355369957898   0.662264376551012   -0.0350215300192454   -0.0039070073895251   0
0.244092423729722   0.682337532599153   -0.00526294622817594   0.0200731560481412   0
0.262879303126074   0.703380870811648   0.0187868793963525   0.0210433382124955   0
0.181671545319183   0.736421122119303   -0.0812077578068911   0.0330402513076543   0
0.217352183595496   0.738089694816294   0.0356806382763125   0.0016685726969915   0
0.28702602407456   0.713729937452957   0.0696738404790646   -0.0243597573633366   0
0.0823311003233893   0.790941591710142   -0.204694923751171   0.0772116542571845   0
0.0779395040414994   0.879370129814837   -0.00439159628188993   0.0884285381046946   0
0.226695444078724   0.805945099352346   0.148755940037225   -0.0734250304624908   0
0.13455023047   0.787161688887512   -0.0921452136087247   -0.0187834104648338   0
0.192571561303039   0.831482651599839   0.0580213308330391   0.0443209627123275   0
0.262363458582498   0.829359713058377   0.069791897279459   -0.00212293854146284   0
0.520945780553255   0.868550689882433   0.258582321970757   0.0391909768240563   1
0.45935911450411   0.909471828440689   -0.061586666049145   0.0409211385582563   0
0.413172169145019   0.889388952341578   -0.0461869453590911   -0.020082876099111   0
0.271150859653478   1.05195672364123   -0.142021309491541   0.162567771299656   0
0.199668283405878   1.06394491143351   -0.0714825762475998   0.0119881877922712   0
0.31951875463891   0.972928786452169   0.119850471233032   -0.0910161249813368   0
0.113145766771375   0.99462152853486   -0.206372987867535   0.0216927420826916   0
0.198085108271394   1.02954345486798   0.0849393415000192   0.0349219263331215   0
0.231562076484601   1.041858291465   0.0334769682132063   0.01231483659702   0
0.330573950666488   1.11068769646962   0.0990118741818879   0.0688294050046221   0
0.231263319871527   1.06628220256237   -0.0993106307949619   -0.0444054939072582   0
0.356109231222669   1.06989999149979   0.124845911351142   0.00361778893742382   0
0.562526041755402   1.02885901038444   0.206416810532733   -0.0410409811153492   0
0.563130021308365   0.970724957743953   0.000603979552963541   -0.058134052640487   0
0.649393687514746   0.925454053520487   0.0862636662063809   -0.0452709042234666   0
0.562574198824155   0.839843243250936   -0.0868194886905911   -0.0856108102695513   0
0.446634592333711   0.8028237150653   -0.115939606490444   -0.0370195281856354   0
0.501081413397424   0.877882803265903   0.0544468210637131   0.0750590882006025   0
0.539425443899748   0.874038886768918   0.0383440305023239   -0.00384391649698423   0
0.486780876186093   0.812262216273169   -0.0526445677136552   -0.0617766704957496   0
0.483104041235643   0.844993096459965   -0.00367683495044946   0.0327308801867964   0
0.465712544254543   0.856071511265414   -0.0173914969810998   0.0110784148054489   0
0.403634746851668   0.805819781371741   -0.0620777974028754   -0.0502517298936732   0
0.39370754798237   0.812959118557785   -0.0099271988692981   0.00713933718604387   0
0.319542718062061   0.664939737776477   -0.0741648299203085   -0.148019380781308   0
0.310335335622355   0.657928342532072   -0.00920738243970581   -0.00701139524440475   0
0.382134703199173   0.7404900763962   0.0717993675768176   0.0825617338641276   0
0.364695233094649   0.725535751128261   -0.0174394701045246   -0.0149543252679388   0
0.287211383772231   0.725353603637219   -0.0774838493224171   -0.000182147491041951   0
0.323102937908494   0.763805730183566   0.0358915541362623   0.0384521265463466   0
0.243897617671842   0.888110737040603   -0.0792053202366518   0.124305006857037   0
0.172342937732447   1.12385634048045   -0.0715546799393953   0.235745603439845   0
0.133332305070377   1.05844024522217   -0.03901063266207   -0.0654160952582745   0
0.198446524816838   0.956688442177918   0.0651142197464616   -0.101751803044254   0
0.117367417867396   0.708850136770709   -0.081079106949442   -0.24783830540721   0
0.164312633692757   0.649995832520609   0.0469452158253603   -0.0588543042500995   0
0.252621056718398   0.685857929521407   0.0883084230256414   0.0358620970007977   0
0.218523682895287   0.706717846041122   -0.0340973738231108   0.0208599165197149   0
0.284423160351702   0.766876354311666   0.0658994774564149   0.0601585082705446   0
0.341515073286407   0.808691589812829   0.0570919129347051   0.0418152355011622   0
0.333453546140988   0.774521514642397   -0.00806152714541913   -0.0341700751704318   0
0.285456785238151   0.74454644676478   -0.0479967609028367   -0.0299750678776164   0
0.346209397371311   0.74741145383751   0.0607526121331595   0.00286500707272941   0
0.162664937009947   0.926871539688073   -0.183544460361364   0.179460085850563   0
0.276048645536471   1.08009557466967   0.113383708526524   0.1532240349816   0
0.300774444022427   0.998828522826022   0.0247257984859562   -0.0812670518436509   0
0.254195492776111   0.999306641089461   -0.0465789512463157   0.000478118263438798   0
0.219065945990882   0.316858585876255   -0.0351295467852292   -0.682448055213206   1
0.270418014181748   0.421121788277453   0.0513520681908659   0.104263202401198   0
0.245293465518346   0.45395019125175   -0.0251245486634019   0.0328284029742965   0
0.214545155284942   0.590509721238474   -0.0307483102334037   0.136559529986724   0
0.228671299314649   0.706482866093892   0.0141261440297072   0.115973144855418   0
0.206585866200958   0.67992993202179   -0.0220854331136918   -0.0265529340721024   0
0.132246762377912   0.861714301623695   -0.0743391038230454   0.181784369601905   0
0.134876337101398   0.918355607614414   0.00262957472348588   0.0566413059907191   0
0.22511630805095   0.741375234303639   0.0902399709495514   -0.176980373310775   0
0.0927787393519119   0.767147984097444   -0.132337568699038   0.0257727497938048   0
0.206263714190548   0.771243193698653   0.113484974838636   0.00409520960120879   0
0.177149396272863   0.814257502112699   -0.0291143179176844   0.0430143084140463   0
0.231962431226314   1.0321151815913   0.0548130349534507   0.217857679478605   0
0.175227831193107   0.991862972644911   -0.0567346000332071   -0.0402522089463927   0
0.184979605441086   0.958211320078197   0.00975177424797938   -0.0336516525667145   0
0.191999173787207   0.903397214606759   0.0070195683461203   -0.0548141054714381   0
0.120476218570364   0.75676151938507   -0.0715229552168428   -0.146635695221688   0
0.247229707090572   0.775758147366819   0.126753488520208   0.0189966279817493   0
0.186985661556441   0.751059891994307   -0.0602440455341307   -0.0246982553725126   0
0.147899311807594   0.775876183586176   -0.039086349748847   0.0248162915918696   0
0.273221485652593   0.808032717553565   0.125322173844999   0.0321565339673888   0
0.0954679020993443   0.855303124970469   -0.177753583553249   0.0472704074169038   0
0.200257727548277   1.13752947101877   0.104789825448933   0.282226346048304   0
0.100359181700978   0.998658055523511   -0.0998985458472987   -0.138871415495262   0
0.239758655097684   0.874070998307918   0.139399473396705   -0.124587057215593   0
0.105200928258121   1.00509800304759   -0.134557726839562   0.131027004739671   0
0.0357711441652346   1.05221160066025   -0.0694297840928867   0.0471135976126589   0
0.19483522204971   1.01605132883199   0.159064077884476   -0.0361602718282588   0
0.17344529709234   1.19266511392019   -0.0213899249573707   0.176613785088197   0
0.134676728148161   1.16798306858062   -0.038768568944179   -0.0246820453395662   0
0.236258446975447   1.08041555914623   0.101581718827286   -0.0875675094343946   0
0.195556000047966   0.883453123072894   -0.040702446927481   -0.196962436073331   0
0.090103804786424   1.03167337725961   -0.105452195261542   0.148220254186716   0
0.220079511915603   1.01800944075485   0.129975707129179   -0.0136639365047611   0
0.0433976571891202   0.979909721453079   -0.176681854726483   -0.0380997193017703   0
0.138231902648882   1.05560095383507   0.0948342454597618   0.0756912323819869   0
0.118922150911174   1.04452804918298   -0.0193097517377082   -0.0110729046520865   0
0.136712638909978   1.00054481114203   0.0177904879988041   -0.0439832380409444   0
0.191152906795581   1.07454075450503   0.0544402678856029   0.0739959433630004   0
0.105195667875868   1.01715664770538   -0.0859572389197125   -0.0573841067996532   0
0.308139446609875   1.04419628362212   0.202943778734007   0.02703963591674   0
0.462407628228871   1.06567221740423   0.154268181618996   0.0214759337821089   0
0.355702015263249   1.09874576415748   -0.106705612965622   0.033073546753247   0
0.236340003576711   1.06688409696473   -0.119362011686538   -0.0318616671927465   0
0.349120879999034   1.09072150035252   0.112780876422323   0.0238374033877879   0
0.350603746095574   1.08564256232899   0.00148286609654019   -0.00507893802353121   0
0.2141319887875   1.131100254565   -0.136471757308074   0.0454576922360088   0
0.204741417286684   1.10104334098538   -0.00939057150081613   -0.0300569135796156   0
0.318987471648026   1.21944719629429   0.114246054361342   0.118403855308907   0
0.237325607660889   1.2770463734259   -0.0816618639871372   0.0575991771316147   0
0.202723110177158   1.27350883612453   -0.0346024974837309   -0.0035375373013744   0
0.256833500190182   1.20347347867631   0.054110390013024   -0.0700353574482218   0
0.267177195098905   1.01187056791827   0.0103436949087229   -0.191602910758033   0
0.257311599375154   1.00284075446017   -0.00986559572375006   -0.00902981345810039   0
0.352737725155873   1.15465074976549   0.0954261257807182   0.151809995305313   0
0.226251391560627   1.07663689350925   -0.126486333595246   -0.0780138562562356   0
0.130963910348767   1.0762764469833   -0.0952874812118592   -0.000360446525949021   0
0.11361414418368   1.02951939690858   -0.0173497661650876   -0.046757050074725   0
0.220160825977761   1.08552909807257   0.106546681794081   0.0560097011639944   0
0.204951045041224   1.08418426205558   -0.0152097809365367   -0.00134483601699276   0
0.126230638062635   1.02058081778086   -0.0787204069785892   -0.0636034442747182   0
0.154116880933303   0.760706747036103   0.0278862428706682   -0.259874070744757   0
0.203464863632151   0.745585585558425   0.0493479826988481   -0.0151211614776778   0
0.0783805665059548   0.727764458872168   -0.125084297126197   -0.0178211266862571   0
0.115481555088334   0.777334483938703   0.0371009885823796   0.0495700250665347   0
0.179133899992185   0.795115434793905   0.0636523449038503   0.0177809508552015   0
0.0835587078427641   0.771113828910492   -0.0955751921494206   -0.0240016058834124   0
0.233265315862367   0.953587734488023   0.149706608019603   0.182473905577531   0
0.189149226079437   0.934216226969967   -0.0441160897829302   -0.0193715075180564   0
0.151128164054917   0.939176714080077   -0.0380210620245198   0.00496048711010988   0
0.319338846912946   1.03930741281346   0.168210682858029   0.10013069873338   0
0.213441853278592   1.01071200255575   -0.105896993634354   -0.0285954102577084   0
0.238073210112268   1.0172147418977   0.0246313568336758   0.00650273934194989   0
0.30228518722559   1.01106165717477   0.0642119771133222   -0.00615308472292386   0
0.318619166810473   1.00116629304539   0.016333979584883   -0.00989536412938263   0
0.134619681173817   0.895385469793457   -0.183999485636656   -0.105780823251934   0
0.229541674132644   0.999645555509552   0.0949219929588274   0.104260085716094   0
0.127226508699131   1.03081940945165   -0.102315165433513   0.0311738539420992   0
0.16784649808873   1.0299692469142   0.0406199893895991   -0.000850162537452848   0
0.228104572649341   1.02868563181081   0.060258074560611   -0.00128361510339059   0
0.263930121068911   1.08978732015988   0.0358255484195701   0.0611016883490714   0
0.214705870541539   1.16157044548146   -0.0492242505273722   0.0717831253215826   0
0.349636471990395   1.08705179263789   0.134930601448856   -0.0745186528435713   0
0.525371250375475   1.13032667326353   0.17573477838508   0.0432748806256404   0
0.270125401711872   1.14095111000921   -0.255245848663604   0.0106244367456803   0
0.30721147033052   1.08462100327211   0.0370860686186485   -0.0563301067370998   0
0.430667214002575   1.15448361769624   0.123455743672055   0.0698626144241301   0
0.155312376842156   1.10884729484598   -0.275354837160419   -0.0456363228502599   0
0.176089704569007   1.07114310351944   0.0207773277268502   -0.0377041913265448   0
0.282450783696647   1.07875472747805   0.10636107912764   0.00761162395861747   0
0.131539597856717   1.07105030068807   -0.15091118583993   -0.00770442678998617   0
0.228932178710202   1.04881140818118   0.097392580853485   -0.0222388925068828   0
0.150630591793633   1.02432618805291   -0.0783015869165696   -0.0244852201282775   0
0.107770103660988   1.05877408787534   -0.0428604881326451   0.0344478998224289   0
0.236003872600515   1.05142834130399   0.128233768939527   -0.0073457465713509   0
0.102044500324503   0.983778442364057   -0.133959372276011   -0.0676498989399286   0
0.0805649539933897   0.995460668609765   -0.0214795463311136   0.0116822262457081   0
0.211003244036697   1.01740976417088   0.130438290043307   0.0219490955611172   0
0.134383594342799   0.987641259479372   -0.0766196496938981   -0.0297685046915103   0
0.172876401174249   1.07361751794354   0.0384928068314502   0.0859762584641693   0
0.18099304034476   1.02720663356077   0.00811663917051084   -0.0464108843827711   0
0.222139009226228   1.01424905346579   0.0411459688814674   -0.0129575800949806   0
0.329861462969259   1.08657432089756   0.107722453743032   0.0723252674317734   0
0.264402921300049   1.04744434751494   -0.0654585416692101   -0.039129973382622   0
0.260709758072075   0.895381318729624   -0.00369316322797392   -0.152063028785317   0
0.123952104087708   0.951180538878004   -0.136757653984367   0.0557992201483805   0
0.398593099499979   0.983254732532852   0.274640995412271   0.0320741936548479   0
0.579950681988563   0.966667542307075   0.181357582488585   -0.0165871902257774   0
0.386649860916838   0.856183869821343   -0.193300821071726   -0.110483672485732   0
0.42151180912876   0.797771124584301   0.034861948211922   -0.0584127452370419   0
0.319307257452755   0.781489777168262   -0.102204551676005   -0.0162813474160386   0
0.277107082380007   0.76549802649419   -0.042200175072748   -0.015991750674072   0
0.36974291896127   0.830679856084159   0.0926358365812626   0.0651818295899691   0
0.370714682628029   0.826927384870794   0.000971763666758996   -0.00375247121336564   0
0.279692130733062   0.810995849425261   -0.0910225518949671   -0.0159315354455332   0
0.306075000725312   0.829074346404471   0.0263828699922509   0.0180784969792099   0
0.2903524135443   0.836125755236017   -0.0157225871810128   0.00705140883154654   0
0.212485808074916   0.808412763699028   -0.0778666054693837   -0.0277129915369895   0
0.246465474055171   0.834349061569707   0.0339796659802548   0.025936297870679   0
0.173535509497739   0.793668083917326   -0.0729299645574313   -0.0406809776523804   0
0.103887847100312   0.819001667840182   -0.0696476623974279   0.025333583922856   0
0.0891944916912452   0.898508038748263   -0.0146933554090663   0.0795063709080809   0
0.150151588065728   0.862053542921784   0.0609570963744826   -0.0364544958264791   0
0.0995020132798955   0.885210114338539   -0.0506495747858323   0.0231565714167554   0
0.148798359807493   0.914638049108635   0.049296346527597   0.0294279347700956   0
0.224537202763484   0.938884948899624   0.0757388429559917   0.0242468997909892   0
0.236515071294918   0.955124162547074   0.0119778685314335   0.0162392136474501   0
0.271186535609514   1.00956392977129   0.0346714643145959   0.0544397672242155   0
0.205358776853827   0.997217568266324   -0.0658277587556864   -0.0123463615049659   0
0.147833173982635   0.986233976929917   -0.0575256028711923   -0.0109835913364069   0
0.136839406987936   0.999256332574505   -0.0109937669946989   0.0130223556445883   0
0.157277284395332   1.00695319227112   0.0204378774073955   0.00769685969661538   0
0.171554954654886   1.00302323780721   0.0142776702595545   -0.00392995446391486   0
0.172184064246259   1.03499696195073   0.000629109591373411   0.0319737241435287   0
0.178797020638207   1.07649603699003   0.00661295639194806   0.0414990750393003   0
0.151200812411971   1.0885402398653   -0.0275962082262367   0.0120442028752628   0
0.212109698690465   1.0703283824369   0.0609088862784945   -0.0182118574283932   0
0.261289321830897   1.10178320194401   0.0491796231404315   0.0314548195071078   0
0.18029253393452   1.14739233388192   -0.080996787896377   0.0456091319379082   0
0.287753166373543   1.1086545752438   0.107460632439023   -0.0387377586381252   0
0.116699514329623   1.12402778200774   -0.17105365204392   0.0153732067639498   0
0.111973338307117   1.14465093264541   -0.00472617602250686   0.0206231506376622   0
0.220616054252631   1.1340408126915   0.108642715945515   -0.0106101199539059   0
0.122027777026298   1.11555958763349   -0.098588277226333   -0.0184812250580122   0
0.103005453120163   1.13093121613618   -0.0190223239061359   0.0153716285026873   0
0.25987849099002   1.11042148753852   0.156873037869858   -0.0205097285976605   0
0.194683322842225   0.794716122334573   -0.0651951681477952   -0.315705365203943   0
0.136060041757086   0.935451698526038   -0.058623281085139   0.140735576191465   0
0.315147402242332   1.03605717562558   0.179087360485246   0.10060547709954   0
0.12999843774469   0.9646267173788   -0.185148964497642   -0.0714304582467776   0
0.122078952144587   0.881141720142254   -0.00791948560010267   -0.0834849972365466   0
0.348239114070045   1.03451331510474   0.226160161925458   0.153371594962487   0
0.25458662269815   1.04053441875846   -0.0936524913718956   0.00602110365371655   0
0.238032985009914   0.905817614768558   -0.0165536376882355   -0.134716803989899   0
0.273400524765499   1.00291478915659   0.0353675397555845   0.0970971743880282   0
0.302191660518552   1.1557058016658   0.0287911357530538   0.152791012509218   0
0.119500334158068   1.06189525716958   -0.182691326360484   -0.0938105444962241   0
0.155717635251117   0.928456140647069   0.0362173010930489   -0.133439116522511   0
0.18515867699152   0.914717340630427   0.0294410417404026   -0.0137388000166426   0
0.069931748795808   0.877726921884022   -0.115226928195712   -0.0369904187464046   0
0.167387809667401   0.907153468835897   0.0974560608715928   0.029426546951875   0
0.116415589960537   0.885106226583708   -0.0509722197068633   -0.0220472422521889   0
0.104744397981439   0.887800050777764   -0.0116711919790984   0.00269382419405573   0
0.253367331477949   0.935863856899603   0.14862293349651   0.0480638061218389   0
0.0552462075080498   0.899363920894234   -0.198121123969899   -0.0364999360053685   0
0.211023708689246   0.924708528046   0.155777501181197   0.0253446071517659   0
0.224556108200178   0.986505498778517   0.0135323995109314   0.0617969707325167   0
0.272733508912588   1.17019389573064   0.0481774007124105   0.183688396952123   0
0.173864574860321   1.14666054189121   -0.0988689340522678   -0.0235333538394265   0
0.161979829260467   1.09705066510212   -0.0118847455998537   -0.0496098767890945   0
0.151588855384985   1.11678390331803   -0.0103909738754815   0.0197332382159094   0
0.209970791882419   1.18296662215814   0.0583819364974335   0.0661827188401163   0
0.163250819988293   1.19060393736761   -0.046719971894126   0.00763731520946354   0
0.194961506448555   1.20444571920292   0.0317106864602623   0.0138417818353165   0
0.359409467301225   1.10246817589001   0.16444796085267   -0.101977543312912   0
0.339808494815922   1.1569444141816   -0.0196009724853031   0.054476238291586   0
0.216028938126853   1.19760041667536   -0.123779556689069   0.0406560024937641   0
0.332604874576561   1.24280364267611   0.116575936449708   0.0452032260007449   0
0.35479224982681   1.22098520010983   0.0221873752502484   -0.0218184425662733   0
0.196023617435957   1.19039331466075   -0.158768632390853   -0.0305918854490863   0
0.211898867646385   1.20184694741635   0.0158752502104276   0.0114536327556036   0
0.113890303008246   1.17963639772008   -0.0980085646381389   -0.0222105496962737   0
0.0567072012808814   1.1077356709748   -0.0571831017273642   -0.0719007267452725   0
0.0960921482574409   1.1266997566132   0.0393849469765595   0.0189640856383977   0
0.162607274290205   1.13348172531629   0.0665151260327642   0.00678196870309078   0
0.185870968027393   1.17963265806521   0.0232636937371875   0.0461509327489198   0
0.0634707259169138   1.18938090448571   -0.122400242110479   0.00974824642049921   0
0.218421222622345   1.18722067923112   0.154950496705431   -0.0021602252545927   0
0.214808769702263   1.25069826354481   -0.00361245292008172   0.0634775843136894   0
0.157806907124371   1.2160170421129   -0.0570018625778919   -0.0346812214319112   0
