0.0398828567220002   0.0265989333155486   0   0   0
0.121408503275095   0.0234276785784193   0.081525646553095   -0.00317125473712931   0
0.0377512226661373   0.00432672430497368   -0.0836572806089579   -0.0191009542734456   0
0.104673754356233   0.0133256585708962   0.066922531690096   0.00899893426592254   0
0.0884185198070523   0.0177639092440515   -0.016255234549181   0.00443825067315532   0
0.0614071870455934   0.0152304162439015   -0.0270113327614588   -0.00253349300015   0
0.0529983148948993   0.016719627456675   -0.00840887215069412   0.00148921121277344   0
0.1481896308475   0.0366161525652191   0.095191315952601   0.0198965251085441   0
0.0533581392913561   0.0128880616538378   -0.0948314915561441   -0.0237280909113813   0
0.0868128330850998   0.0160432151463633   0.0334546937937437   0.00315515349252545   0
0.139381615323435   0.028426809045424   0.0525687822383352   0.0123835938990607   0
0.066694513867512   0.0123398213886993   -0.072687101455923   -0.0160869876567247   0
0.0739649796875911   0.0164814996524133   0.00727046582007909   0.00414167826371404   0
0.143287845915   0.0402983836155372   0.0693228662274092   0.0238168839631239   0
0.124372313462088   0.0201584614593066   -0.0189155324529122   -0.0201399221562306   0
0.114897875542069   0.0385918032610877   -0.00947443792001944   0.0184333418017811   0
0.100048189960664   0.03919694642232   -0.0148496855814046   0.000605143161232308   0
0.129669248888983   0.0450528806208049   0.0296210589283191   0.00585593419848491   0
0.168756579140516   0.0599639699616778   0.0390873302515329   0.0149110893408729   0
0.0915353596772343   0.0575523339505228   -0.0772212194632817   -0.002411636011155   0
0.111402278716001   0.0571776382751596   0.0198669190387667   -0.000374695675363183   0
0.220100440137846   0.0700985894740401   0.108698161421845   0.0129209511988804   0
0.108137571473101   0.0497207015191862   -0.111962868664745   -0.0203778879548539   0
0.167229197485782   0.0478965555778242   0.059091626012681   -0.00182414594136198   0
0.131733247773863   0.0487933941505405   -0.0354959497119188   0.000896838572716316   0
0.145055008364586   0.0559960854341846   0.0133217605907225   0.00720269128364409   0
0.148151514930292   0.0507593267322617   0.00309650656570659   -0.00523675870192285   0
0.148291059942073   0.0613534975910909   0.00013954501178054   0.0105941708588292   0
0.118013070456113   0.0645281271876071   -0.0302779894859596   0.0031746295965162   0
0.150267020199733   0.0682883644339392   0.0322539497436198   0.00376023724633212   0
0.19198766442032   0.0699686608865712   0.0417206442205874   0.00168029645263196   0
0.106579845628249   0.0575588352441439   -0.0854078187920715   -0.0124098256424273   0
0.148711414449261   0.0703476974307795   0.0421315688210126   0.0127888621866356   0
0.144199747526912   0.0685417315711567   -0.00451166692234967   -0.00180596585962278   0
0.146958357255407   0.066715879560735   0.00275860972849543   -0.00182585201042169   0
0.173986635986704   0.0746583748784421   0.0270282787312973   0.00794249531770712   0
0.135453324476044   0.0677012551125347   -0.0385333115106603   -0.00695711976590749   0
0.186280392196508   0.0586059776560591   0.050827067720464   -0.00909527745647554   0
0.189697671337592   0.0743120509327558   0.00341727914108395   0.0157060732766967   0
0.126702846423435   0.0802466098857765   -0.0629948249141566   0.00593455895302063   0
0.150232495822905   0.0769328243603632   0.0235296493994692   -0.00331378552541327   0
0.205466265589576   0.094508651058034   0.0552337697666711   0.0175758266976708   0
0.107369880113212   0.0757482858991542   -0.0980963854763634   -0.0187603651588798   0
0.134119515917882   0.0663024734182104   0.0267496358046692   -0.00944581248094375   0
0.203951997574572   0.0965227309238606   0.0698324816566901   0.0302202575056502   0
0.148707251370578   0.0881249404371997   -0.0552447462039941   -0.00839779048666089   0
0.166594407376176   0.0903559704074529   0.0178871560055987   0.00223102997025315   0
0.168627273751105   0.096066932887961   0.0020328663749283   0.00571096248050809   0
0.17013438095823   0.0911944371117285   0.00150710720712494   -0.0048724957762325   0
0.209412397248511   0.0953557964099199   0.0392780162902813   0.00416135929819146   0
0.178937013447704   0.106003728053545   -0.0304753838008066   0.0106479316436254   0
0.195440141391687   0.108723513201193   0.0165031279439824   0.00271978514764772   0
0.218631884696871   0.131353324922706   0.0231917433051839   0.022629811721513   0
0.147538237710019   0.121854248831339   -0.0710936469868518   -0.0094990760913666   0
0.174000062707144   0.120659048322163   0.026461824997125   -0.00119520050917678   0
0.247413908615441   0.149579809987846   0.0734138459082976   0.0289207616656829   0
0.175416691846591   0.135568724358718   -0.0719972167688506   -0.0140110856291278   0
0.247894155084932   0.16110297573459   0.072477463238341   0.0255342513758725   0
0.198828714570546   0.170849143510115   -0.0490654405143863   0.00974616777552506   0
0.223980671326037   0.163536995020271   0.0251519567554919   -0.00731214848984479   0
0.299466312117377   0.202060013246065   0.0754856407913395   0.0385230182257945   0
0.201002269353781   0.170159848999375   -0.0984640427635958   -0.0319001642466904   0
0.253226588283743   0.18478212325382   0.052224318929962   0.0146222742544455   0
0.263691324692926   0.20492658083338   0.0104647364091828   0.0201444575795602   0
0.242304926285131   0.189144192481318   -0.0213863984077951   -0.0157823883520621   0
0.305752609711005   0.220315808064946   0.0634476834258738   0.0311716155836274   0
0.264422618330902   0.192981333575297   -0.0413299913801026   -0.0273344744896488   0
0.237451562959949   0.166237373713081   -0.0269710553709534   -0.026743959862216   0
0.336850842420692   0.219960412988457   0.0993992794607435   0.053723039275376   0
0.254164414123555   0.197210623379605   -0.0826864282971372   -0.0227497896088517   0
0.251128841807965   0.162118733690319   -0.00303557231558993   -0.0350918896892864   0
0.348962404760756   0.22316907301578   0.0978335629527913   0.0610503393254612   0
0.277283084647441   0.214942106223722   -0.0716793201133153   -0.00822696679205745   0
0.287551567627791   0.196837911412849   0.0102684829803497   -0.0181041948108737   0
0.350156300128857   0.247801944409361   0.0626047325010659   0.0509640329965122   0
0.261107066669135   0.173724927109821   -0.089049233459722   -0.0740770172995403   0
0.321010125660453   0.210109020717395   0.0599030589913185   0.0363840936075738   0
0.312077151529874   0.211735278733499   -0.0089329741305792   0.00162625801610444   0
0.277307182315731   0.174068200236208   -0.0347699692141432   -0.0376670784972913   0
0.327176768376821   0.210994384312119   0.0498695860610902   0.0369261840759109   0
0.302737281384858   0.218103626398095   -0.0244394869919626   0.00710924208597688   0
0.28063233999354   0.18133413341239   -0.0221049413913181   -0.0367694929857053   0
0.383765575659178   0.228145747691717   0.103133235665637   0.0468116142793267   0
0.254713002723457   0.18576034033144   -0.12905257293572   -0.0423854073602766   0
0.345379237870156   0.221591583328429   0.0906662351466989   0.0358312429969886   0
0.316541249821646   0.236272048982206   -0.0288379880485098   0.0146804656537773   0
0.304510333982281   0.234043335295736   -0.012030915839366   -0.00222871368646971   0
0.375841546439254   0.28016356396391   0.0713312124569736   0.0461202286681738   0
0.276483328293932   0.213270649515756   -0.0993582181453224   -0.066892914448154   0
0.412575545253053   0.278498592303893   0.136092216959121   0.0652279427881368   0
0.294347368411032   0.249481476055463   -0.11822817684202   -0.0290171162484301   0
0.349482142494348   0.254906490285536   0.0551347740833161   0.00542501423007297   0
0.381410819475392   0.277776692428581   0.0319286769810435   0.0228702021430451   0
0.299181828985669   0.241230128272444   -0.082228990489723   -0.0365465641561366   0
0.432761378339253   0.313480587815274   0.133579549353585   0.07225045954283   0
0.320363168457861   0.288442848649884   -0.112398209881392   -0.0250377391653903   0
0.396174150532869   0.33364990027282   0.0758109820750073   0.0452070516229355   0
0.424764607185698   0.377448340707841   0.0285904566528291   0.0437984404350215   0
0.356356688609334   0.336159083721997   -0.0684079185763634   -0.0412892569858442   0
0.497044012445538   0.39983992045549   0.140687323836204   0.063680836733493   0
0.362666934255123   0.35509226481326   -0.134377078190415   -0.0447476556422304   0
0.387932298669807   0.33365619747459   0.0252653644146832   -0.0214360673386697   0
0.472532867468084   0.376810754780447   0.0846005687982775   0.0431545573058569   0
0.365283040604351   0.334818517728414   -0.107249826863733   -0.0419922370520324   0
0.452048353353101   0.374396720453331   0.0867653127487499   0.0395782027249171   0
0.469081938578507   0.391903923057173   0.0170335852254058   0.0175072026038415   0
0.379266621634438   0.349803621704021   -0.0898153169440686   -0.0421003013531516   0
0.395808668039951   0.332892667001201   0.0165420464055127   -0.0169109547028203   0
0.492517946803616   0.384796676006576   0.0967092787636657   0.0519040090053752   0
0.356132340797364   0.341220650313635   -0.136385606006252   -0.0435760256929412   0
0.440968623608846   0.369593452666183   0.0848362828114816   0.028372802352548   0
0.436439024064943   0.383211113980871   -0.00452959954390286   0.0136176613146879   0
0.349978283776294   0.346122528558472   -0.0864607402886493   -0.0370885854223992   0
0.4506799251797   0.37944704521344   0.100701641403406   0.0333245166549679   0
0.389687664227661   0.353500528747073   -0.0609922609520394   -0.0259465164663668   0
0.361198198739086   0.33342849349954   -0.028489465488575   -0.0200720352475331   0
0.455799880681204   0.372477695808568   0.0946016819421186   0.0390492023090283   0
0.446723704424846   0.380305071777198   -0.00907617625635776   0.00782737596863053   0
0.368297640556235   0.343778052423493   -0.078426063868611   -0.0365270193537053   0
0.489326681128722   0.395146085906292   0.121029040572487   0.0513680334827987   0
0.384001264071839   0.363430782011802   -0.105325417056883   -0.0317153038944897   0
0.371742654263995   0.351011172619989   -0.0122586098078438   -0.0124196093918126   0
0.536050195923945   0.437166394659642   0.16430754165995   0.0861552220396527   0
0.380061230605201   0.383457030501737   -0.155988965318744   -0.0537093641579052   0
0.441013535569114   0.407156423341816   0.0609523049639125   0.023699392840079   0
0.542470437074132   0.459299252988441   0.101456901505018   0.0521428296466253   0
0.389374156268607   0.412489810904794   -0.153096280805525   -0.0468094420836474   0
0.586329061877629   0.483579486071576   0.196954905609021   0.0710896751667827   0
0.504079287396189   0.449464083970647   -0.0822497744814394   -0.0341154021009298   0
0.480744835434027   0.417063977670393   -0.0233344519621619   -0.0324001063002538   0
0.549282389769461   0.475678894003153   0.0685375543354337   0.0586149163327597   0
0.472070046523649   0.446718689857174   -0.0772123432458121   -0.0289602041459786   0
0.428517622424668   0.395720257685578   -0.0435524240989811   -0.0509984321715964   0
0.515637855769628   0.444086555756307   0.0871202333449607   0.0483662980707298   0
0.474851368564459   0.442424129348584   -0.0407864872051691   -0.00166242640772357   0
0.412948629073884   0.38579960184855   -0.0619027394905756   -0.0566245275000335   0
0.551799714668511   0.469265208899232   0.138851085594627   0.0834656070506818   0
0.427923711879232   0.419740423424826   -0.123876002789279   -0.0495247854744059   0
0.417295070357703   0.40483666697015   -0.0106286415215294   -0.0149037564546765   0
0.547215122538294   0.461954035101102   0.129920052180591   0.057117368130952   0
0.392450644613676   0.399261378351012   -0.154764477924618   -0.0626926567500897   0
0.507028193126082   0.463411401667298   0.114577548512406   0.0641500233162862   0
0.529998562557683   0.480908798820005   0.0229703694316004   0.0174973971527068   0
0.410934799486537   0.416388118869283   -0.119063763071146   -0.0645206799507221   0
0.537302965638903   0.468140396597271   0.126368166152366   0.0517522777279879   0
0.531905509252734   0.482445108664447   -0.00539745638616917   0.0143047120671762   0
0.412766011370861   0.404320321115264   -0.119139497881872   -0.0781247875491832   0
0.583913696971393   0.480680332653105   0.171147685600532   0.0763600115378416   0
0.472730856951744   0.46000385962783   -0.111182840019649   -0.0206764730252757   0
0.431037436956014   0.428312793398703   -0.0416934199957294   -0.0316910662291267   0
0.561231942689482   0.492231581301424   0.130194505733468   0.0639187879027207   0
0.501995308814833   0.457814157162871   -0.0592366338746487   -0.0344174241385526   0
0.430064799930708   0.407567777105539   -0.0719305088841252   -0.0502463800573325   0
0.535218101720084   0.46548162339318   0.105153301789376   0.0579138462876411   0
0.564322999339421   0.496912116754563   0.029104897619337   0.0314304933613828   0
0.474472880223317   0.446669450146582   -0.0898501191161041   -0.0502426666079804   0
0.456052061784222   0.421193090397089   -0.0184208184390947   -0.0254763597494936   0
0.561239029752466   0.495548258983421   0.105186967968244   0.0743551685863328   0
0.496008287102645   0.457359707181885   -0.0652307426498213   -0.0381885518015359   0
0.47805364972962   0.42192949532653   -0.0179546373730253   -0.0354302118553558   0
0.58136861784435   0.476579583794249   0.10331496811473   0.0546500884677198   0
0.468602977895158   0.442071181040735   -0.112765639949192   -0.0345084027535148   0
0.469657432803112   0.432905009399868   0.00105445490795431   -0.00916617164086642   0
0.55924156493401   0.481204784005988   0.0895841321308972   0.0482997746061203   0
0.427708221123805   0.433954211525536   -0.131533343810204   -0.0472505724804521   0
0.606842117883738   0.524919209046021   0.179133896759932   0.0909649975204842   0
0.514993719231575   0.483344832911763   -0.0918483986521628   -0.0415743761342578   0
0.531749888914337   0.480293276868936   0.0167561696827624   -0.00305155604282725   0
0.598329382118445   0.523288917434958   0.0665794932041077   0.0429956405660221   0
0.518493269803389   0.488336616092447   -0.0798361123150558   -0.0349523013425102   0
0.49161792661807   0.449162712783363   -0.0268753431853192   -0.0391739033090843   0
0.607727214890077   0.491529429726746   0.116109288272007   0.0423667169433827   0
0.500136917943257   0.466741088948241   -0.10759029694682   -0.0247883407785047   0
0.523159941829418   0.470780935496012   0.0230230238861612   0.00403984654777062   0
0.57067493182607   0.517661474144773   0.0475149899966523   0.0468805386487617   0
0.456297485625124   0.464727866013272   -0.114377446200947   -0.0529336081315011   0
0.621991803023062   0.547584884850057   0.165694317397939   0.0828570188367844   0
0.491368788135439   0.470867652896557   -0.130623014887623   -0.0767172319534998   0
0.562813879680637   0.48798973636594   0.0714450915451975   0.0171220834693834   0
0.543284391830614   0.509653948390965   -0.0195294878500226   0.0216642120250242   0
0.467432942105068   0.46667755498256   -0.0758514497255458   -0.0429763934084049   0
0.566121628546384   0.534740438960167   0.0986886864413159   0.0680628839776077   0
0.475698916078532   0.473812166454176   -0.0904227124678523   -0.0609282725059912   0
0.604357078840192   0.531840158843096   0.12865816276166   0.0580279923889203   0
0.5453963694968   0.511639205907581   -0.0589607093433918   -0.0202009529355156   0
0.464800588215215   0.466523765445288   -0.080595781281585   -0.0451154404622929   0
0.5501502459323   0.506892517479791   0.0853496577170847   0.0403687520345029   0
0.572991175875161   0.527803436764104   0.0228409299428615   0.0209109192843135   0
0.45534928313229   0.452997404587764   -0.117641892742872   -0.0748060321763407   0
0.480579437365198   0.458816182611839   0.0252301542329081   0.00581877802407488   0
0.61999172101312   0.527698626024836   0.139412283647922   0.0688824434129978   0
0.52896619520303   0.502350443583202   -0.0910255258100897   -0.0253481824416342   0
0.516668691523882   0.507409283708428   -0.0122975036791482   0.00505884012522573   0
0.691364282502452   0.575482237080772   0.17469559097857   0.0680729533723441   0
0.521420731786376   0.522829822265572   -0.169943550716076   -0.0526524148151996   0
0.601473687915881   0.53136539313287   0.0800529561295045   0.00853557086729806   0
0.580586530820351   0.540091293584242   -0.0208871570955298   0.00872590045137167   0
0.449975160396894   0.476802454831401   -0.130611370423457   -0.0632888387528414   0
0.546408566657012   0.509951107190925   0.0964334062601181   0.033148652359524   0
0.543806990177443   0.526784656278066   -0.00260157647956838   0.0168335490871413   0
0.428078117256524   0.461045999261462   -0.11572887292092   -0.065738657016604   0
0.559595141415122   0.519344850579555   0.131517024158598   0.0582988513180927   0
0.488649937204467   0.51543649135296   -0.0709452042106541   -0.00390835922659483   0
0.446997555885499   0.501124193735695   -0.0416523813189683   -0.0143122976172653   0
0.654556616958262   0.578618060559381   0.207559061072763   0.0774938668236869   0
0.467648701094507   0.537642747813313   -0.186907915863755   -0.0409753127460684   0
0.506862784990179   0.554556894692736   0.0392140838956711   0.0169141468794226   0
0.711773046802483   0.658286123515262   0.204910261812305   0.103729228822526   0
0.486456625821676   0.58350050664888   -0.225316420980807   -0.0747856168663813   0
0.773967590119179   0.700605903402905   0.287510964297503   0.117105396754024   0
0.794827429177586   0.768863969464228   0.0208598390584065   0.0682580660613237   0
0.639678353547312   0.696266990214242   -0.155149075630273   -0.0725969792499859   0
0.819736610969243   0.774071850076755   0.180058257421931   0.0778048598625124   0
0.704193837059257   0.676237821420883   -0.115542773909985   -0.0978340286558715   0
0.641284241894466   0.640812820916529   -0.0629095951647913   -0.0354250005043538   0
0.721373216958524   0.664318534618371   0.0800889750640581   0.0235057137018418   0
0.712057597985584   0.672879449986028   -0.00931561897293987   0.00856091536765702   0
0.603228377796842   0.620821798464141   -0.108829220188742   -0.0520576515218878   0
0.576234146471979   0.578506920841488   -0.0269942313248637   -0.0423148776226522   0
0.684883264582045   0.639178317855237   0.108649118110067   0.0606713970137484   0
0.65948756087636   0.62743917359215   -0.0253957037056859   -0.0117391442630868   0
0.590087204798791   0.578065174818982   -0.0694003560775688   -0.0493739987731682   0
0.554320337885378   0.532171108872654   -0.0357668669134125   -0.0458940659463281   0
0.659372748181095   0.593029666338456   0.105052410295717   0.0608585574658019   0
0.644132950152404   0.606318096879468   -0.0152397980286908   0.0132884305410124   0
0.541890560154908   0.525129985877306   -0.102242389997496   -0.0811881110021617   0
0.665174782755367   0.582593673288039   0.123284222600459   0.0574636874107325   0
0.602503163750374   0.557695170737151   -0.0626716190049933   -0.0248985025508878   0
0.529275776136874   0.518540142592644   -0.0732273876135003   -0.0391550281445067   0
0.716046014510408   0.617472358882971   0.186770238373535   0.0989322162903263   0
0.522024564401533   0.551831819939055   -0.194021450108876   -0.0656405389439153   0
0.57822532594857   0.563818164927976   0.0562007615470372   0.0119863449889203   0
0.647514862510491   0.602621237121834   0.0692895365619209   0.0388030721938586   0
0.534004337871154   0.521660474954016   -0.113510524639337   -0.0809607621678178   0
0.703870582255751   0.616636880613096   0.169866244384597   0.0949764056590799   0
0.580253775220549   0.573379942141552   -0.123616807035202   -0.0432569384715441   0
0.623836754429594   0.60659693880389   0.0435829792090451   0.0332169966623376   0
0.73925872908684   0.672212939965827   0.115421974657246   0.0656160011619367   0
0.556741227116557   0.584843273052918   -0.182517501970283   -0.0873696669129086   0
0.800138963794821   0.687976542084285   0.243397736678263   0.103133269031367   0
0.613225746465989   0.609001510195582   -0.186913217328831   -0.0789750318887027   0
0.704742927322751   0.65918679428558   0.0915171808567614   0.050185284089998   0
0.803803980286966   0.736831048712661   0.099061052964215   0.0776442544270808   0
0.645701915766316   0.628406876179359   -0.15810206452065   -0.108424172533302   0
0.754524712412562   0.674588088397097   0.108822796646247   0.0461812122177384   0
0.736743989270287   0.672398627946622   -0.0177807231422755   -0.00218946045047508   0
0.615454239256998   0.597066000496176   -0.121289750013289   -0.0753326274504459   0
0.706539773922714   0.637215072897095   0.0910855346657161   0.0401490724009186   0
0.756765004054038   0.686833079853912   0.0502252301313236   0.049618006956817   0
0.594271115392201   0.616284053730502   -0.162493888661837   -0.0705490261234101   0
0.772366496274359   0.690150084710746   0.178095380882159   0.0738660309802444   0
0.65803049306947   0.636577733043067   -0.114336003204889   -0.0535723516676794   0
0.628592996338139   0.627744582088328   -0.0294374967313309   -0.00883315095473847   0
0.954565172310461   0.802154129770433   0.325972175972322   0.174409547682104   0
0.694782077022033   0.75478205903244   -0.259783095288428   -0.0473720707379921   0
0.820095149074941   0.796744259044902   0.125313072052908   0.0419622000124616   0
0.982389134792542   0.834093101918035   0.162293985717601   0.0373488428731331   0
0.809118967010346   0.739596675228803   -0.173270167782196   -0.094496426689232   0
0.8828916026604   0.764465554346466   0.0737726356500539   0.0248688791176631   0
0.859383550623149   0.772798313980433   -0.0235080520372516   0.00833275963396674   0
0.767076052097972   0.693838878926873   -0.0923074985251769   -0.07895943505356   0
0.739101663841477   0.688259396915146   -0.0279743882564946   -0.00557948201172742   0
0.811241534337499   0.747667621978677   0.0721398704960221   0.0594082250635314   0
0.721864601399771   0.712969749058998   -0.0893769329377283   -0.0346978729196794   0
0.624426435073828   0.628424326494845   -0.0974381663259426   -0.0845454225641524   0
0.695007676078509   0.669616416585832   0.0705812410046809   0.0411920900909863   0
0.731951517152154   0.688459307413481   0.0369438410736448   0.0188428908276496   0
0.620544954140311   0.622728287751769   -0.111406563011843   -0.0657310196617121   0
0.618079235259792   0.628089496157594   -0.00246571888051805   0.00536120840582488   0
0.73195196601775   0.672643187117249   0.113872730757958   0.0445536909596548   0
0.623126016026213   0.620497591790653   -0.108825949991537   -0.0521455953265954   0
0.582890876708874   0.580017788984959   -0.0402351393173387   -0.0404798028056946   0
0.66961850655344   0.633927042518696   0.0867276298445662   0.053909253533737   0
0.664453573551381   0.640881639348094   -0.00516493300205967   0.00695459682939792   0
0.576425716913819   0.596705126651766   -0.0880278566375619   -0.0441765126963275   0
0.582307204688942   0.57121951156495   0.00588148777512365   -0.0254856150868161   0
0.684256037734041   0.613755012856311   0.101948833045099   0.0425355012913605   0
0.577841521698034   0.560788018622233   -0.106414516036007   -0.0529669942340775   0
0.524163397662256   0.532737233876139   -0.0536781240357788   -0.0280507847460941   0
0.634373807669429   0.58625686194385   0.110210410007174   0.0535196280677106   0
0.601400548895069   0.592021014834989   -0.0329732587743605   0.0057641528911393   0
0.506081660227873   0.536883992254379   -0.0953188886671962   -0.0551370225806099   0
0.512591478993057   0.520475969053567   0.00650981876518486   -0.0164080232008116   0
0.619212247046689   0.571032174971122   0.106620768053632   0.0505562059175546   0
0.511980290115401   0.53747633304314   -0.107231956931288   -0.0335558419279823   0
0.489280467256654   0.525791781991218   -0.0226998228587464   -0.011684551051922   0
0.532156334294773   0.542165963553827   0.0428758670381185   0.0163741815626097   0
0.440329801318614   0.509229139808397   -0.0918265329761589   -0.0329368237454302   0
0.440489926149169   0.494263213653919   0.00016012483055472   -0.0149659261544777   0
0.556335765441159   0.552461527602149   0.11584583929199   0.0581983139482294   0
0.443696045061538   0.503278337315694   -0.112639720379621   -0.0491831902864543   0
0.420415503230292   0.491313585153616   -0.0232805418312451   -0.0119647521620781   0
0.52194288330074   0.522142355181516   0.101527380070448   0.0308287700278992   0
0.445874113912945   0.486177247516017   -0.0760687693877948   -0.0359651076654991   0
0.424547181824647   0.464754318521894   -0.0213269320882981   -0.0214229289941226   0
0.50606073402225   0.491280314593665   0.0815135521976032   0.0265259960717707   0
0.512429059235881   0.514260746462823   0.00636832521363062   0.0229804318691584   0
0.41831002858943   0.465800737063339   -0.0941190306464507   -0.0484600093994839   0
0.450320056528931   0.477245129072314   0.0320100279395011   0.0114443920089752   0
0.537946575704986   0.519455777996068   0.0876265191760544   0.0422106489237534   0
0.421526150834916   0.458852379857346   -0.11642042487007   -0.060603398138722   0
0.470795973561372   0.479989426915062   0.0492698227264563   0.0211370470577165   0
0.52230294773364   0.514022068596767   0.0515069741722686   0.0340326416817051   0
0.400548511224346   0.471936937530853   -0.121754436509295   -0.0420851310659148   0
0.490430547528903   0.489077666802012   0.0898820363045575   0.0171407292711594   0
0.474583403190725   0.497352338475703   -0.0158471443381787   0.00827467167369061   0
0.409411318121813   0.450939768189445   -0.0651720850689121   -0.0464125702862582   0
0.539408498162051   0.52278883776435   0.129997180040239   0.0718490695749054   0
0.422979751687359   0.468874384804715   -0.116428746474692   -0.0539144529596351   0
0.465891909070602   0.490568462033588   0.0429121573832428   0.0216940772288732   0
0.524516751209997   0.520604172259741   0.0586248421393951   0.0300357102261529   0
0.421361828288717   0.468957735787832   -0.10315492292128   -0.051646436471909   0
0.565164372653027   0.514177656388577   0.143802544364311   0.0452199206007454   0
0.467369936397764   0.502412491734133   -0.0977944362552635   -0.0117651646544447   0
0.467240673688154   0.494376843326526   -0.000129262709610001   -0.00803564840760718   0
0.551531570746952   0.534483005265836   0.0842908970587979   0.0401061619393106   0
0.426731737609754   0.494901015484915   -0.124799833137198   -0.0395819897809213   0
0.549223049494875   0.52697135927368   0.122491311885121   0.0320703437887652   0
0.50310817021889   0.540296350188718   -0.0461148792759847   0.0133249909150381   0
0.464956113552935   0.50747079037049   -0.0381520566659551   -0.032825559818228   0
0.593461477759694   0.57825528890318   0.128505364206759   0.0707844985326895   0
0.436426538622069   0.516692707746103   -0.157034939137625   -0.0615625811570767   0
0.541832956258965   0.546185467808555   0.105406417636897   0.0294927600624517   0
0.514627806013754   0.553395840310984   -0.0272051502452115   0.00721037250242906   0
0.42986048015384   0.498891169762254   -0.0847673258599138   -0.05450467054873   0
0.558252834570941   0.549873871538737   0.128392354417101   0.0509827017764836   0
0.433785979164622   0.506431734671367   -0.124466855406319   -0.0434421368673703   0
0.439164219217777   0.487908141024005   0.00537824005315529   -0.0185235936473626   0
0.583324199490558   0.556307409900992   0.14415998027278   0.0683992688769872   0
0.433750657651882   0.499893443246908   -0.149573541838676   -0.0564139666540834   0
0.508234084618594   0.534779212916181   0.0744834269667121   0.0348857696692725   0
0.521494705594995   0.558390171477122   0.0132606209764007   0.0236109585609414   0
0.447848797318481   0.509782422404402   -0.0736459082765135   -0.0486077490727204   0
0.594337430472329   0.581840897888117   0.146488633153848   0.072058475483715   0
0.452420173857223   0.520713728286954   -0.141917256615106   -0.0611271696011626   0
0.604419029303847   0.593449427690768   0.151998855446624   0.0727356994038136   0
0.447256388225322   0.521230145038878   -0.157162641078525   -0.0722192826518897   0
0.569823109678434   0.561257868498964   0.122566721453111   0.0400277234600855   0
0.532487192729891   0.581273393031842   -0.0373359169485425   0.020015524532878   0
0.546395547998883   0.593587299668086   0.0139083552689923   0.0123139066362441   0
0.58124021361438   0.620749260893237   0.0348446656154966   0.0271619612251511   0
0.515064914000206   0.581762645479022   -0.0661752996141733   -0.0389866154142152   0
0.632446966754755   0.621526662217519   0.117382052754548   0.0397640167384972   0
0.498212825714323   0.561636030692031   -0.134234141040432   -0.059890631525488   0
0.513984063563881   0.539025707187978   0.0157712378495587   -0.0226103235040527   0
0.649374618490621   0.607961949017165   0.13539055492674   0.0689362418291868   0
0.476650950637351   0.554746132423201   -0.172723667853271   -0.0532158165939638   0
0.620219393516214   0.612826077875689   0.143568442878863   0.0580799454524877   0
0.647353021670348   0.641082156209327   0.0271336281541342   0.0282560783336381   0
0.475015804167019   0.580532291109203   -0.172337217503329   -0.0605498651001244   0
0.670882224790052   0.643887720792608   0.195866420623033   0.0633554296834057   0
0.525528041073338   0.592701599695412   -0.145354183716714   -0.0511861210971968   0
0.564153599932119   0.576704208250859   0.0386255588587815   -0.0159973914445527   0
0.667459309094375   0.631806032963045   0.103305709162255   0.0551018247121859   0
0.532059281804848   0.567414268855878   -0.135400027289527   -0.0643917641071673   0
0.57128093511536   0.574152506912798   0.0392216533105123   0.00673823805691998   0
0.624941533732597   0.611146344949596   0.0536605986172367   0.036993838036798   0
0.496530081216798   0.571962625937438   -0.128411452515799   -0.0391837190121572   0
0.528296604857347   0.568731077556652   0.0317665236405493   -0.00323154838078665   0
0.646044992990581   0.606727097344638   0.117748388133234   0.0379960197879865   0
0.48331960381764   0.554853346030057   -0.162725389172942   -0.0518737513145814   0
0.589770969200528   0.576410456577169   0.106451365382888   0.0215571105471118   0
0.570819717330025   0.592236184090013   -0.0189512518705025   0.0158257275128445   0
0.496234554165709   0.5627090160276   -0.0745851631643163   -0.029527168062413   0
0.660044407326878   0.614620525458596   0.163809853161169   0.0519115094309954   0
0.520889801978557   0.598412218229416   -0.139154605348322   -0.0162083072291798   0
0.535285601617015   0.576200326401765   0.0143957996384585   -0.0222118918276513   0
0.656995595830178   0.633263358636437   0.121709994213162   0.057063032234672   0
0.509143726338889   0.572670600414191   -0.147851869491288   -0.0605927582222456   0
0.659676560064536   0.624146328057371   0.150532833725647   0.0514757276431805   0
0.5731691809361   0.61102273900936   -0.0865073791284362   -0.0131235890480119   0
0.530080144657664   0.589754567035729   -0.0430890362784362   -0.0212681719736306   0
0.704500077429492   0.665129682157923   0.174419932771828   0.0753751151221943   0
0.513540330602232   0.606716766852953   -0.19095974682726   -0.0584129153049707   0
0.585181209538088   0.620938827951273   0.071640878935856   0.01422206109832   0
