0.0611289125023912   0   0   0
0.0327077338819644   0.0602053519188529   -0.0284211786204268   0
0.039606044523027   -0.0370939970719825   0.00689831064106267   0
0.0320660400674144   -0.00688881201289085   -0.00754000445561265   0
0.0315556910295053   0.00841247254855676   -0.000510349037909114   0
0.0267502843104517   0.0139420771581201   -0.00480540671905355   0
0.0322742144469017   0.0195939984747972   0.00552393013644999   0
0.0295986434076378   -0.0149520944427372   -0.00267557103926393   0
0.0405458092785802   -0.027601718063298   0.0109471658709424   0
0.0291994547055609   0.0117681297900552   -0.0113463545730193   0
0.0393725220086611   0.0250137163704427   0.0101730673031002   0
0.0183936596641649   -0.00887798872563561   -0.0209788623444962   0
0.0350093480459448   0.0424921176441309   0.01661568838178   0
0.032910461863289   -0.0474018900303831   -0.00209888618265581   0
0.0377902016172513   -0.0344704490869526   0.00487973975396225   0
0.0392527841367654   0.00421465813161288   0.00146258251951412   0
0.0429991465466711   0.00866326788635538   0.00374636240990574   0
0.0386753286109181   0.00562663728292871   -0.00432381793575302   0
0.0315286498138919   -0.00131197233384305   -0.00714667879702621   0
0.0366659423391367   -0.0173474062255442   0.00513729252524484   0
0.0233680156156337   -0.00743395092618244   -0.013297926723503   0
0.0254652136894627   0.0158690553325637   0.00209719807382903   0
0.0415182758228831   0.0127302443808242   0.0160530621334204   0
0.0644942526747345   -0.0406462856130233   0.0229759768518514   0
0.0248197730185532   0.0403750152289279   -0.0396744796561813   0
0.0213908559751731   -0.0148652526595406   -0.00342891704338004   0
0.0404674897876172   0.000647878373425143   0.019076633812444   0
0.0668833730658076   0.0184447723625909   0.0264158832781905   0
0.0273927109995725   0.0295320865914626   -0.0394906620662351   0
0.0515904196574849   -0.0394921964016621   0.0241977086579124   0
0.0278432124671346   0.0276159706681733   -0.0237472071903502   0
0.0372305845024289   -0.0238913331963193   0.00938737203529431   0
0.0363583675451401   0.0153317156220393   -0.000872216957288778   0
0.0370271370428838   0.0117183282127918   0.000668769497743693   0
0.0635617182962552   -0.0328199891855027   0.0265345812533713   0
0.0286548692655367   0.0485165450492846   -0.0349068490307185   0
0.0943691488884392   -0.0211236069186997   0.0657142796229025   0
0.0661477777013899   -0.0246539195137149   -0.0282213711870492   0
0.0496413258152419   -0.0136302662121988   -0.016506451886148   0
0.0582553806574682   0.00564701381907035   0.00861405484222635   0
0.0475870082014892   0.0153683364954833   -0.010668372455979   0
0.0401407785297959   -0.0185533972868622   -0.00744622967169328   0
0.0909128952105393   0.00519840706393537   0.0507721166807434   0
0.0589549846160518   -0.0290447988110311   -0.0319579105944875   0
0.0501865962386622   0.0277502222739598   -0.00876838837738964   0
0.0298689124277751   0.00897596419094306   -0.020317683810887   0
0.0647196492516956   0.0187924827751103   0.0348507368239204   0
0.0623765749725007   -0.0142609358522605   -0.00234307427919488   0
0.0473624429939219   0.00345347359552788   -0.0150141319785788   0
0.0700804977072795   -0.0146480451908706   0.0227180547133576   0
0.0510518137251998   -0.0182745778823413   -0.0190286839820796   0
0.0445343577074487   0.0378822287136878   -0.00651745601775108   0
0.0434317564400984   0.0210288547415008   -0.00110260126735039   0
0.060451252674963   -0.00839678232052866   0.0170194962348647   0
0.0501435344969132   -0.0361938994793496   -0.0103077181780498   0
0.0622858862577079   0.0311609662164665   0.0121423517607947   0
0.0687261411891562   -0.0332815163834237   0.00644025493144835   0
0.0563009833706313   0.0216022022638356   -0.0124251578185249   0
0.0462260332687264   -0.025651404500871   -0.0100749501019049   0
0.047188675403586   0.00646163917852383   0.000962642134859581   0
0.0607374067545281   0.018476073180963   0.0135487313509422   0
0.0886209217447692   -0.0148507981976865   0.027883514990241   0
0.0577540408617616   0.0327979192714435   -0.0308668808830076   0
0.0828977509131128   -0.0375140139001846   0.0251437100513513   0
0.0740369887662547   0.00272332480613782   -0.00886076214685813   0
0.0640783491009407   -0.00320186769328276   -0.00995863966531402   0
0.0826744979088624   -0.0301855726889183   0.0185961488079218   0
0.0826886627822853   0.0400739831962975   1.41648734228728e-05   0
0.0569789674590546   -0.0201442827670701   -0.0257096953232307   0
0.100857927656333   0.0478398263924734   0.0438789601972779   0
0.0858261290674349   -0.025838759151344   -0.0150317985888976   0
0.0640781764045685   -0.00331555346880698   -0.0217479526628664   0
0.0972655473034646   0.0125082221515308   0.033187370898896   0
0.0913664222862646   0.0102382125908196   -0.00589912501719997   0
0.0996409464759975   -0.0560748798959762   0.00827452418973293   0
0.111002944698742   0.0164695962846371   0.0113619982227447   0
0.120298852624256   0.00953022385101202   0.00929590792551394   0
0.106411460566661   -0.0359966023861639   -0.0138873920575954   0
0.120015026291313   0.0181992724327765   0.0136035657246521   0
0.119807995095286   0.0334462600216693   -0.000207031196027066   0
0.143515772870093   -0.0335963571920531   0.0237077777748068   0
0.121360956305972   0.0688383593386594   -0.0221548165641208   0
0.176960596227663   0.303441125377009   0.0555996399216912   0
0.179466832705238   -0.173331665386433   0.00250623647757528   0
0.176302555116907   -0.103747841309878   -0.00316427758833143   0
0.199013572859366   0.00939009253791942   0.0227110177424587   0
0.19491059309014   -0.0415190679255719   -0.00410297976922591   0
0.211605769172889   -0.00130095759845703   0.0166951760827494   0
0.19918653916869   -0.0156789837857172   -0.0124192300041992   0
0.203989563988578   0.0114047781758209   0.00480302481988779   0
0.203888862038244   -0.00326866196945337   -0.000100701950333848   0
0.203820009742665   0.00915820332879272   -6.88522955789028e-05   0
0.207604171737347   -0.00496272184015582   0.00378416199468248   0
0.20207754339733   0.00813005578114565   -0.00552662834001688   0
0.205509934463641   0.000308019020079181   0.00343239106631046   0
0.198926146962887   -0.0241824919445929   -0.00658378750075422   0
0.207481749438957   0.0207282457805574   0.00855560247606998   0
0.224080301232616   0.0201252531551444   0.0165985517936595   0
0.212323310536667   -0.0343158241928034   -0.011756990695949   0
0.212643740245275   -0.0127872322564423   0.000320429708607822   0
0.236051803807978   0.0157916523091221   0.0234080635627027   0
0.24142036600606   -0.0162564376083159   0.00536856219808235   0
0.233768818274059   0.00365558579016648   -0.00765154773200113   0
0.257691457020309   0.0110891246029564   0.0239226387462505   0
0.259789621425202   -0.000103816145870794   0.00209816440489302   0
0.26579816693734   -0.0357661746903123   0.00600854551213742   0
0.265558301791245   0.0369071105282691   -0.000239865146094809   0
0.278073025249214   -0.00738678094348148   0.0125147234579689   0
0.260441385085493   0.0108525660812035   -0.0176316401637211   0
0.270894759557102   0.000198384075136324   0.0104533744716089   0
0.259613568565859   0.0120097879533115   -0.0112811909912427   0
0.267588123417315   -0.00193219480988825   0.00797455485145548   0
0.26934257834726   -0.00177385079344687   0.00175445492994564   0
0.27582613993873   0.0430201286166498   0.00648356159147007   0
0.300816734896016   -0.0249169545551742   0.0249905949572857   0
0.318386104108675   -0.00505639931791008   0.0175693692126589   0
0.29627320963344   0.00868182262996853   -0.0221128944752354   0
0.327409152314806   -0.0136470053946476   0.0311359426813667   0
0.30422469271453   0.0116998483226121   -0.0231844596002766   0
0.311207321714159   -0.0121721651925897   0.00698262899962926   0
0.313368941187939   -0.00822382946156311   0.00216161947378007   0
0.3006665044709   -0.0107952268363311   -0.0127024367170386   0
0.299344040604202   -0.0141108042805076   -0.00132246386669865   0
0.291844961493684   0.0111166873825808   -0.00749907911051761   0
0.304102781963599   -0.0045195044600075   0.0122578204699145   0
0.299101436244044   0.0148404455992256   -0.00500134571955452   0
0.331573639598732   0.0877889851210478   0.0324722033546881   0
0.330919590318404   -0.0726252848530424   -0.00065404928032875   0
0.326006181396151   0.0135252728241515   -0.00491340892225267   0
0.316690950163562   0.0146262886647148   -0.00931523123258837   0
0.322858291921549   -0.00174805785271592   0.00616734175798628   0
0.30670018404869   -0.035877880394833   -0.0161581078728592   0
0.307598158507573   0.00502077123056724   0.000897974458883455   0
0.294943773339089   0.00556421548014824   -0.0126543851684838   0
0.277412024532553   -0.0112323797366339   -0.0175317488065358   0
0.296866949228943   0.00378277813031602   0.0194549246963899   0
0.296042413355333   0.00325281179989106   -0.000824535873610033   0
0.295358623913794   -0.0467594111212302   -0.000683789441539295   0
0.276211976885055   0.0755280862561541   -0.0191466470287392   0
0.287485625561957   -0.0220742761734913   0.0112736486769027   0
0.291642752394518   -0.0496362443207049   0.00415712683256031   0
0.293533107854123   -0.000303809183913331   0.00189035545960486   0
0.286042278022848   0.0163494276824769   -0.00749082983127508   0
0.285178131856214   -0.0189624787891313   -0.000864146166633828   0
0.300023231359673   0.0266018271764856   0.0148450995034595   0
0.288915489405206   -0.0288908366224983   -0.0111077419544667   0
0.311370884375049   -0.0140244075859384   0.0224553949698423   0
0.304560646599327   0.0482844590106946   -0.00681023777572204   0
0.313145767320109   -0.0063999278617253   0.00858512072078255   0
0.308567162356107   0.0152217781601705   -0.00457860496400242   0
0.319099986717721   -0.0246151759974973   0.0105328243616146   0
0.387975649555807   0.0347931573536012   0.0688756628380851   0
0.366397164031396   -0.0279278855901336   -0.0215784855244102   0
0.361530746708008   -0.0390807557352076   -0.00486641732338816   0
0.320559794086957   0.00921740991754091   -0.0409709526210509   0
0.325969607719171   -0.0160259562006399   0.00540981363221332   0
0.341836294420429   0.0437324665047712   0.015866686701258   0
0.340082397898292   -0.0169571214433736   -0.00175389652213626   0
0.345961851449463   0.0258620846148872   0.00587945355117014   0
0.343605465184403   -0.0417258406893525   -0.00235638626505957   0
0.354635250208577   -0.0219615118544444   0.011029785024174   0
0.337501534207254   0.0482547927252017   -0.0171337160013233   0
0.324344567074292   -0.00138484691369881   -0.0131569671329616   0
0.32060746957649   -0.0261431333741754   -0.00373709749780204   0
0.335824377783239   -0.0252476116232645   0.0152169082067494   0
0.329369489147447   0.0329328680494427   -0.00645488863579274   0
0.500728338773132   0.0281241378424393   0.171358849625685   0
0.472977512167862   -0.0649597144884076   -0.0277508266052697   0
0.41325180420689   0.0181718730097077   -0.0597257079609717   0
0.379804535426119   0.0168416756954561   -0.0334472687807714   0
0.389693388557594   -0.00696109408819429   0.00988885313147519   0
0.37746749540722   0.00604578736410531   -0.0122258931503737   0
0.390551806185492   -0.0348745410314481   0.0130843107782714   0
0.401528323965446   -0.00332953542040321   0.010976517779954   0
0.520170157275963   0.0327977491944586   0.118641833310517   0
0.519633374258477   0.0159590711147579   -0.000536783017486386   0
0.470370117909291   -0.0131203619985693   -0.0492632563491859   0
0.46128031278226   0.0108577754140324   -0.00908980512703028   0
0.470190970329344   -0.02093264738683   0.00891065754708353   0
0.465193801219717   0.024568591775884   -0.0049971691096265   0
0.448735937132853   -0.0342413638928936   -0.0164578640868642   0
0.463143527842342   0.00236214849773361   0.0144075907094885   0
0.590237138952853   0.0298645161477853   0.127093611110512   0
1.10140454926539   0.137017367796318   0.511167410312538   0
1.25296851028527   -0.00925624970581509   0.151563961019883   0
