0.457508416633782   0   0   0
0.454252941525699   0.0220371517724042   -0.00325547510808288   0
0.390244624591102   -0.0514108342056196   -0.0640083169345971   0
0.40142847794875   -0.00782355829402268   0.0111838533576481   0
0.329824334051477   0.00236100191358504   -0.0716041438972733   0
0.319257616254883   0.00746732573150219   -0.0105667177965938   0
0.292779585661296   0.0284804572593684   -0.0264780305935871   0
0.274772148887947   -0.0228644407008328   -0.0180074367733489   0
0.2170614779354   -0.0275740294758031   -0.0577106709525472   0
0.21449058643796   0.00476479604360035   -0.00257089149743964   0
0.21047033650434   -0.015721877427114   -0.00402024993362027   0
0.214199463613941   0.00676563500891272   0.00372912710960116   0
0.197314019161082   -0.00879747979943844   -0.0168854444528585   0
0.173984521352475   -0.0306014286942576   -0.0233294978086069   0
0.144387903913382   -0.00841608667462648   -0.0295966174390936   0
0.123667305176924   -0.0416614691913374   -0.0207205987364577   0
0.0610150015734655   0.0519157206379628   -0.0626523036034587   0
0.0404265855483356   0.0343907983704979   -0.0205884160251299   0
0.036760025318068   -0.0336213250099687   -0.00366656023026764   0
0.0391434230670045   0.0306546588919422   0.00238339774893651   0
0.0431809724478664   -0.0364973481287727   0.00403754938086194   0
0.0538541020983546   0.0243791080230698   0.0106731296504882   0
0.0996003415296479   -0.0189837241794472   0.0457462394312933   0
0.123509123573929   0.0514965516459798   0.0239087820442809   0
0.0903324173343656   0.10325368034107   -0.0331767062395631   0
0.083575077508265   -0.00672934661927682   -0.00675733982610065   0
0.0963353900125105   -0.113009625888214   0.0127603125042455   0
0.133206709904194   -0.0723920964198996   0.0368713198916832   0
0.130648398082229   0.0100885619359291   -0.00255831182196495   0
0.074923008898356   0.102552403609846   -0.0557253891838727   0
0.0944595865957104   -0.0319628095854825   0.0195365776973544   0
0.0939728049137847   0.00719548842936671   -0.000486781681925647   0
0.0833993920689   0.0364030038242027   -0.0105734128448847   0
0.0849279960425277   -0.0217921056217374   0.00152860397362768   0
0.0973450655686384   -0.052565043366921   0.0124170695261107   0
0.0934705535008887   -0.00696919813920713   -0.00387451206774964   0
0.0842471928203709   0.0278442805311028   -0.00922336068051779   0
0.106421496296096   -0.0221664766292159   0.0221743034757252   0
0.082787146777806   0.0139877215426071   -0.0236343495182901   0
0.0741267835344243   0.00725256329256885   -0.00866036324338172   0
0.0727727338852266   0.0337203824829749   -0.00135404964919777   0
0.0702089014512405   0.0273165455060551   -0.00256383243398606   0
0.0985090889795542   0.0275444616165765   0.0283001875283137   0
0.0844392225901861   0.00660537506284567   -0.014069866389368   0
0.0777698841306196   -0.00989724697434743   -0.00666933845956652   0
0.114903565486784   -0.0327587487564437   0.0371336813561647   0
0.0968207633336724   0.00962724664134895   -0.0180828021531119   0
0.0935242903213947   0.00484388553915543   -0.00329647301227769   0
0.0866184465802897   0.0203383669065738   -0.00690584374110502   0
0.0896517074693645   0.0124835663340806   0.00303326088907477   0
0.0764643304223773   0.00679469617973277   -0.0131873770469871   0
0.0820726665287756   0.00681913892342056   0.00560833610639824   0
0.0861125534631856   -0.00303239848003783   0.00403988693441003   0
0.0965289434484549   0.0198039359136012   0.0104163899852693   0
0.12196969786656   0.0786197015879414   0.0254407544181054   0
0.126127520669846   0.061403139771543   0.004157822803286   0
0.121233220101794   0.000845717104272836   -0.00489430056805243   0
0.127953295809448   -0.0502493819386037   0.00672007570765373   0
0.126410809217962   0.00498213449820367   -0.00154248659148554   0
0.134869602973214   -0.00656991498924869   0.00845879375525241   0
0.124606155391307   0.0285178891298984   -0.0102634475819076   0
0.140677831317349   0.0332636958266697   0.0160716759260422   0
0.131870736994234   -0.0198632602967462   -0.00880709432311477   0
0.116159154843732   0.02758315623908   -0.0157115821505027   0
0.136252357554475   0.019630120284455   0.0200932027107434   0
0.142180022898788   -0.0196000123824546   0.00592766534431344   0
0.109769237501098   -0.00813199177279689   -0.0324107853976902   0
0.114825291308677   -0.014779591451874   0.00505605380757868   0
0.134394358956477   0.0270761024882553   0.0195690676478006   0
0.145320667495207   -0.00716565570107419   0.0109263085387295   0
0.130695648002038   -0.0383143236878178   -0.0146250194931694   0
0.294998642291999   -0.131304797295269   0.164302994289961   0
0.237748641721804   -0.0905089016998817   -0.057250000570195   0
0.265880119868429   0.0657060303957231   0.0281314781466251   0
0.312943931731389   0.0911186599706783   0.0470638118629599   0
0.333488669819906   0.0358944035649538   0.020544738088517   0
0.30401401423043   0.00887499774493222   -0.0294746555894758   0
0.325897590148731   0.0221844565394473   0.0218835759183008   0
0.357774576562184   0.0491781988622794   0.0318769864134533   0
0.373743016887607   0.0056262347372904   0.0159684403254229   0
0.402286839062006   0.0109001630902356   0.0285438221743987   0
0.314188774610902   -0.0931594805868966   -0.0880980644511038   0
0.100535912347505   -0.154688852301416   -0.213652862263397   0
0.0971587453210467   0.0601757590277488   -0.00337716702645842   0
0.138710765345773   0.0193579177736045   0.041552020024726   0
0.166624022386449   0.0358831207708816   0.0279132570406768   0
0.192197847758735   0.00614332276357449   0.0255738253722859   0
0.144711727323816   -0.0523088487478249   -0.0474861204349193   0
0.180530109937539   0.06441552002636   0.0358183826137231   0
0.192288483885593   0.0182237119349848   0.0117583739480539   0
0.219858810850418   0.0449148501802988   0.0275703269648252   0
0.256242878472403   0.0119131464265192   0.0363840676219843   0
0.281823542785557   0.0103949418108601   0.0255806643131541   0
0.302277764714265   -0.00456609614287118   0.0204542219287082   0
0.335275454526696   0.0421640409492437   0.0329976898124309   0
0.342347288163661   0.0143925005217654   0.00707183363696479   0
0.474655184432868   0.10978903300353   0.132307896269207   0
0.365605499669384   -0.125231337080504   -0.109049684763484   0
0.38125311925183   0.0749305366749834   0.0156476195824457   0
0.436450999685532   0.0340078699662207   0.0551978804337019   0
0.454385576507442   0.0154575212551361   0.0179345768219098   0
0.431715223857406   -0.0555491685225271   -0.0226703526500357   0
0.406826966784897   -0.065417091345938   -0.0248882570725086   0
0.40100095610905   -0.00397098949926333   -0.00582601067584698   0
0.47706467920608   0.0376586336322316   0.0760637230970297   0
0.511102632222971   0.0195360208329615   0.0340379530168915   0
0.509141690638274   -0.0144108996751602   -0.0019609415846974   0
0.514265615051454   -0.0119694756850021   0.00512392441317966   0
0.508266742797028   0.00573659243489139   -0.00599887225442586   0
0.515947301436154   -9.71706177851916e-05   0.00768055863912653   0
0.548037264380808   -0.00553463131997828   0.0320899629446539   0
0.622975767917381   0.0617281650211487   0.0749385035365722   0
0.593203283937513   0.00364308801770841   -0.0297724839798673   0
0.615042665692592   0.0150615661364841   0.021839381755079   0
0.621845699739928   0.0078219958773128   0.00680303404733529   0
0.607503522446611   0.00792051474356914   -0.0143421772933165   0
0.527535927019954   -0.0234764946267675   -0.0799675954266568   0
0.491638609941601   -0.0581745742864291   -0.0358973170783528   0
0.356930008637649   -0.291635117321359   -0.134708601303952   0
0.359975945001708   0.0337566982680919   0.00304593636405825   0
0.379481613810063   0.0354731824244791   0.0195056688083555   0
0.400126792009948   0.0258822524055997   0.0206451781998851   0
0.441643959347711   0.0818534761686575   0.0415171673377625   0
0.468882712982217   0.0367385908011572   0.0272387536345065   0
0.457531000086133   -0.0680569275830959   -0.0113517128960838   0
0.448355670259822   0.0153257894091416   -0.00917532982631153   0
0.451711281632472   0.0221717542925212   0.00335561137265028   0
0.459574873101122   -0.00736314727302145   0.00786359146865007   0
0.501700733605892   0.0125684479258295   0.0421258605047699   0
0.494915682522662   0.00530145350926292   -0.00678505108323002   0
0.500148181000204   -0.00893583739702969   0.0052324984775417   0
0.520760795290934   0.00570013555250493   0.0206126142907304   0
0.508606289015731   -0.00703433482816046   -0.0121545062752034   0
0.526816375308848   0.025372428884803   0.0182100862931168   0
0.495919658792541   -0.0158413717211575   -0.0308967165163068   0
0.529032016440974   0.00462643398840096   0.0331123576484328   0
0.520490999936373   0.0028323866332538   -0.00854101650460093   0
0.527754018600356   -0.0210325095093423   0.00726301866398349   0
0.520509269006427   0.00218832503856592   -0.00724474959392918   0
0.520735777635957   -0.00210976383417977   0.00022650862953022   0
0.540703766664604   -0.0139440993942941   0.019967989028647   0
0.534932154643953   -0.0163516735471355   -0.00577161202065068   0
0.546559253749859   -0.05586569637347   0.0116270991059052   0
0.707721306320935   0.0742703488613961   0.161162052571076   0
0.746891813886898   0.0279921086859318   0.0391705075659631   0
0.633830370588704   -0.0366192545756304   -0.113061443298193   0
0.649626526004912   -0.0121466363031576   0.0157961554162074   0
0.696801715616727   0.0854911277905281   0.0471751896118153   0
0.675959871315221   0.0369962824272774   -0.0208418443015059   0
0.714814789496071   0.0716500994848724   0.0388549181808501   0
0.721623064482464   0.00119464162337724   0.00680827498639303   0
0.722604129332107   -0.00511813502048608   0.000981064849642999   0
0.72117379285815   -0.000372162663666131   -0.00143033647395685   0
0.773442371436618   0.0420734620696829   0.0522685785784682   0
0.786389569794551   -0.0236188823982845   0.012947198357933   0
0.831792229741792   0.0407444666476152   0.0454026599472409   0
0.719485337456637   -0.116953841793575   -0.112306892285156   0
0.68632644369053   -0.0327329140292434   -0.0331588937661064   0
0.68373578300691   0.00898135601399069   -0.00259066068362013   0
0.723349606786374   0.0141541400467362   0.0396138237794643   0
0.71595901892853   -0.00338932217792748   -0.00739058785784463   0
0.690866579551308   0.0115148807618288   -0.0250924393772218   0
0.681767063670765   -0.000222256987238378   -0.0090995158805427   0
0.695182583174645   -0.00417275478019874   0.0134155195038801   0
0.670077938710242   -0.0166834933993234   -0.0251046444644031   0
0.673181324149305   0.0121267054459468   0.00310338543906274   0
0.693982595026885   6.77334597284918e-05   0.0208012708775802   0
0.680646696639712   0.0114752030940487   -0.0133358983871728   0
0.696955368820709   0.00331907742020132   0.0163086721809961   0
0.696219927591399   -0.00888740044876246   -0.000735441229309686   0
0.720224878660424   0.0304921895061065   0.0240049510690252   0
0.730029746106664   -0.000433360771406266   0.00980486744623976   0
0.777014775551516   0.0472084303866785   0.0469850294448519   0
0.774601675232077   0.00325526218620931   -0.00241310031943875   0
0.749679245648466   0.00207543414765388   -0.0249224295836113   0
0.801685870214294   0.00988101169599076   0.0520066245658283   0
0.813557557776959   0.00318242934038226   0.011871687562665   0
0.803829201397177   -0.0122853053848231   -0.00972835637978242   0
0.773428369860004   -0.0204354089019069   -0.0304008315371727   0
0.796209034752949   -0.00204024937199665   0.0227806648929451   0
0.801832868268832   0.0203183505446051   0.00562383351588336   0
0.772964807877461   -0.00754551832918127   -0.0288680603913717   0
0.711523359870259   -0.0429379183496875   -0.0614414480072013   0
0.731913821439213   -0.023864082911887   0.0203904615689537   0
0.563049173378534   -0.159722288804443   -0.168864648060679   0
