0.884795300253115   0   0   0
0.627507754662044   -0.274335971116285   -0.257287545591071   1
0.474249192270266   -0.0396626474636499   -0.153258562391778   0
0.338809546533521   -0.20578063154286   -0.135439645736745   0
0.576662067476698   0.0756119311322219   0.237852520943177   0
0.465545485605059   -0.0580971920061557   -0.111116581871639   0
0.493465516909996   -0.113805999528214   0.0279200313049376   0
0.344324128809615   0.070921549495165   -0.149141388100382   0
0.352835148284224   -0.227399267030494   0.00851101947460897   1
0.365641581781257   0.0635016066149443   0.012806433497034   0
0.371848460486715   0.025828654199951   0.00620687870545744   0
0.35181212818692   -0.0605465954436246   -0.0200363322997947   0
0.244264429592706   -0.225844859685038   -0.107547698594214   0
0.22424093754598   -0.337011614251941   -0.0200234920467262   0
0.153479825048767   0.213476915318389   -0.0707611124972132   0
0.158063556070827   -0.0956640699510979   0.00458373102206086   0
0.166022470464844   -0.168099678448403   0.00795891439401661   0
0.153467356371651   0.0078720996352015   -0.012555114093193   0
0.132511308198395   0.00552852094376874   -0.0209560481732561   0
0.145318508687159   -0.0206542829989708   0.0128072004887644   0
0.0933072981084009   -0.0104195937598322   -0.0520112105787583   0
0.0779142248441355   0.0435809222089634   -0.0153930732642654   0
0.0762199197872512   0.022930896318202   -0.00169430505688432   0
0.0532312916987039   0.0544550602201474   -0.0229886280885473   0
0.0527359321948517   -0.0254919669660786   -0.000495359503852141   0
0.19426696291292   0.227035002978794   0.141531030718069   0
0.123695039948973   -0.147764062037357   -0.070571922963947   0
0.0788107092468562   -0.0368322783620718   -0.0448843307021173   0
0.119892119904573   0.108313536230677   0.0410814106577168   0
0.183160233366207   -0.0331991451542197   0.0632681134616336   0
0.187941807964407   0.059066129461861   0.00478157459820039   0
0.199788902092465   0.0275570838899516   0.0118470941280579   0
0.229101747274224   0.0635634330812496   0.0293128451817594   0
0.228039528922011   -0.0592003228531212   -0.0010622183522136   0
0.231303715010292   0.0783777893299802   0.00326418608828166   0
0.299119385761355   -0.128325402995229   0.0678156707510623   0
0.209575399693141   0.0145461856973259   -0.0895439860682131   0
0.214912056997159   -0.102739860488723   0.00533665730401728   0
0.241664965599588   0.114509690158213   0.0267529086024292   0
0.230309412314174   0.00823294676317354   -0.0113555532854143   0
0.260656422381365   0.0436953600343172   0.0303470100671913   0
0.300095117684064   0.0338588545303057   0.0394386953026996   0
0.322174159059976   0.0477992766395333   0.0220790413759112   0
0.33656369713554   0.00891676839886985   0.0143895380755645   0
0.423743187304103   0.155274819545884   0.0871794901685625   0
0.462045343807293   -0.141477663387556   0.0383021565031907   0
0.465294404227313   -0.0117931916811584   0.00324906042001943   0
0.425692816996599   0.102849704081475   -0.0396015872307138   0
0.467693951187366   -0.122568803668314   0.0420011341907667   0
0.408532749580129   0.0102481895527872   -0.0591612016072372   1
0.445054019755748   0.109746291333147   0.0365212701756197   1
0.475025499470818   -0.105977173670002   0.0299714797150696   1
0.475219472484293   0.0642557920595049   0.000193973013475457   1
0.338310400923841   -0.00816966390239271   -0.136909071560452   0
0.396126809021114   0.0416362115685367   0.0578164080972729   0
0.333591569190904   0.0195551881626553   -0.0625352398302094   0
0.365969205635529   0.0673409244346319   0.0323776364446243   0
0.365796929258913   -0.110482988317945   -0.000172276376616043   0
0.293379468870949   -0.0150694804204348   -0.0724174603879639   0
0.325109079009892   0.0659430704385278   0.0317296101389429   0
0.366668976483643   -0.00712252956209292   0.0415598974737515   0
0.340026303065669   -0.0399096930230541   -0.0266426734179743   0
0.300393243473185   -0.0357829791311156   -0.0396330595924842   0
0.311269102371646   0.141262898525796   0.0108758588984609   0
0.286694052026721   -0.0477882081504412   -0.024575050344925   0
0.371222047791143   -0.0235787452593466   0.0845279957644228   0
0.39413782819751   -0.0609701216974254   0.0229157804063666   0
0.330309678314533   0.0422327027464598   -0.0638281498829775   0
0.299183744024471   -0.0724302366701484   -0.0311259342900619   1
0.753941893602551   -0.0818792337160801   0.45475814957808   1
0.561061827619292   0.0721427275697322   -0.192880065983259   1
0.441158748891485   -0.0382959688837535   -0.119903078727807   1
0.361408192854354   -0.0712358846062225   -0.0797505560371305   0
0.333620805380285   0.00144161834522782   -0.0277873874740692   0
0.396102286517637   0.191450493099242   0.0624814811373517   1
0.452842316142716   0.0694182350812808   0.0567400296250797   0
0.422529086962069   -0.00300811470986651   -0.030313229180647   0
0.408367067524733   -0.00563403224353798   -0.0141620194373362   0
0.389508523554042   0.0234367304504716   -0.0188585439706908   0
0.331692800540274   0.0138187063063221   -0.0578157230137684   0
0.287615433938271   -0.0789741235112096   -0.0440773666020029   0
0.285696469454108   0.0489034446367445   -0.0019189644841629   0
0.148033445955238   -0.114834203406646   -0.13766302349887   0
0.170123481154161   0.0125823890680777   0.0220900351989221   0
0.155381358347583   0.000329469687864181   -0.0147421228065775   0
0.192298858430049   -0.0155360540234173   0.0369175000824659   0
0.226848141130631   -0.00580050285465106   0.0345492827005817   0
0.265560216601151   0.030584571751931   0.03871207547052   0
0.32663200800413   0.0270348369952508   0.0610717914029794   0
0.328739523998823   0.00623449329106507   0.00210751599469272   0
0.322353406143227   -0.0104575307710019   -0.00638611785559612   0
0.342154621318568   0.0119607919823636   0.0198012151753412   0
0.329609008505911   0.00698826037814515   -0.0125456128126563   0
0.335162052722669   0.003797105033718   0.00555304421675762   0
0.338269123161829   -0.0178670915861221   0.00310707043915975   0
0.334053265647206   -0.00811004199696086   -0.00421585751462328   0
0.309322804547325   0.00763624506229821   -0.0247304610998808   0
0.326705334768676   -0.00090890119279885   0.017382530221351   0
0.348345739750395   -0.00996529626889664   0.0216404049817194   0
0.329070460362595   -0.0404633644355492   -0.0192752793878004   0
0.345638048137788   0.0113041486182129   0.0165675877751935   0
0.310630625042831   -0.0403601313568184   -0.035007423094957   0
0.30229442169266   0.00711851582860595   -0.00833620335017077   0
0.330375838527502   0.0232053414948392   0.0280814168348414   0
0.335555961745206   0.011189650114365   0.00518012321770389   0
0.397399083781342   0.0418429922703608   0.0618431220361361   0
0.346707699347375   0.00247330334906382   -0.0506913844339665   0
0.449797055327178   0.0344126824536718   0.103089355979802   0
0.478777961688401   0.0186113236381965   0.0289809063612235   0
0.460722889723856   -0.0477024237979909   -0.0180550719645454   0
0.469723301632993   -0.0411744987395805   0.0090004119091377   0
0.432395496509272   -0.0150296062245513   -0.0373278051237211   0
0.429241962544728   0.0523060152744682   -0.00315353396454382   0
0.415278404350925   0.0274635730735342   -0.0139635581938038   0
0.431559679508234   -0.136978545853248   0.0162812751573098   1
0.724845448445736   -0.194631422659295   0.293285768937501   1
0.379167535479371   0.290108110736514   -0.345677912966365   1
0.441535387120093   0.0148342312592704   0.0623678516407216   0
0.386649030626239   -0.0127350643026141   -0.054886356493854   0
0.477547720158415   0.0357749710202219   0.0908986895321764   0
0.489246220651729   -0.030660009941139   0.0116985004933137   0
0.489203805842207   0.00404837296699456   -4.24148095214405e-05   0
0.520163981473391   0.0155547781092258   0.0309601756311834   0
0.55135880249548   -0.0290642871441784   0.0311948210220897   0
0.453374786514976   -0.103574322754957   -0.0979840159805044   0
0.468338817233048   -0.109573850933956   0.0149640307180718   1
0.442717290863199   0.00993930912227009   -0.025621526369849   0
0.423683907819898   -0.112919637063161   -0.0190333830433005   0
0.417713683464523   0.0249278212765572   -0.00597022435537481   0
0.373534439989892   0.0280774349409859   -0.0441792434746311   0
0.395372504694437   -0.0156397793552388   0.0218380647045445   0
0.450434750580395   -0.0506777978642707   0.055062245885958   0
0.413223989189885   0.0296019521563858   -0.0372107613905094   0
0.456934375771292   -0.00297901293629854   0.0437103865814064   0
0.434641191382041   0.000690474952186937   -0.0222931843892507   0
0.461915197776359   -0.00348356624646173   0.0272740063943175   0
0.430731623498522   -0.0382930139950709   -0.0311835742778366   0
0.442903525132813   0.0705687762196985   0.0121719016342912   0
0.418877931141046   0.0116356117338964   -0.0240255939917675   0
0.447122146685892   -0.00926749268198113   0.028244215544846   0
0.456685098442833   0.0148982633544343   0.00956295175694133   0
0.47444659531237   0.0335507522364504   0.0177614968695373   0
0.47247528889562   -0.0477252313716102   -0.00197130641674981   0
0.452438754530931   -0.00551440402995751   -0.0200365343646894   0
0.466707008410523   -0.000261188390082823   0.014268253879592   0
0.460651832817639   -0.0160494922630793   -0.0060551755928841   0
0.47527448649491   0.0167472423933576   0.0146226536772707   0
0.456910593371942   0.0170895463383919   -0.0183638931229678   0
0.476330972084799   0.0097374228611834   0.0194203787128576   0
0.451055817954663   0.0313523243159189   -0.0252751541301366   0
0.47727181587147   -0.00815255563465855   0.0262159979168069   0
0.475855318690986   0.0208055039363116   -0.00141649718048348   0
0.506923089581151   -0.00984269673759142   0.0310677708901651   0
0.484730566163823   -0.0151586122042087   -0.0221925234173287   0
0.493817486240868   -0.015900939397953   0.00908692007704542   0
0.517536943340522   -0.00144570938775018   0.0237194570996536   0
0.560648344713511   0.0394616494321394   0.0431114013729896   0
0.543001177565482   -0.0246497902282026   -0.0176471671480293   0
0.505385627216485   -0.0464575649609025   -0.0376155503489969   0
0.553509852074468   0.0229992668101123   0.0481242248579834   0
0.50603821884666   -0.0253683680020224   -0.0474716332278088   0
0.521491534101226   0.0114078677730335   0.0154533152545662   0
0.555685136950099   0.0385887920353333   0.034193602848873   0
0.560649418241248   -0.00452413721610101   0.00496428129114934   0
0.608438908475822   0.000601523129292014   0.047789490234574   0
0.582316923161477   -0.0276801525293716   -0.0261219853143447   0
0.604093126724059   -0.0378608755554846   0.0217762035625816   0
0.620367312714613   0.018526880809688   0.0162741859905536   0
0.617885171668045   -0.0373624840884323   -0.00248214104656719   0
0.601335594812289   0.0512104048130244   -0.016549576855756   0
0.608113191296242   -0.0158329723889881   0.0067775964839526   0
0.63171407045039   0.0378597394383041   0.0236008791541477   0
0.682418247127266   -0.0104321340219699   0.050704176676876   0
0.700942312555926   -0.0232402614582476   0.0185240654286607   0
0.702604892248303   0.000946543733108651   0.00166257969237693   0
0.748148736440489   -0.0143628667881889   0.0455438441921855   0
0.741309528743223   0.017157737085652   -0.00683920769726543   0
0.714195923194399   -0.0492307281907875   -0.0271136055488242   0
0.813515071926913   0.053361160297751   0.0993191487325135   0
0.833298940852111   -0.0398131338950229   0.0197838689251983   0
0.819195104514791   0.0280505653875563   -0.0141038363373196   0
0.848607328833542   0.00110356290626173   0.029412224318751   0
0.848681176211804   0.0480763898944337   7.38473782611049e-05   0
0.851038458928414   -0.0117239849544489   0.00235728271661062   0
0.880394774127067   -0.0749184977798528   0.0293563151986533   0
