0.1193952119157   0   0   0
0.11078620434965   -0.0129348971049775   -0.00860900756604996   0
0.113609873054777   -0.00885674582244372   0.00282366870512636   0
0.0862998259254473   0.00583693825100543   -0.0273100471293295   0
0.0735245322423747   -0.00496974495556863   -0.0127752936830725   0
0.0746001260693472   -0.00212070430978837   0.00107559382697249   0
0.0594960454265239   -0.0181651707379772   -0.0151040806428233   0
0.0578912996958308   0.00357380535982816   -0.00160474573069312   0
0.051920317114907   0.0142537945055073   -0.00597098258092385   0
0.0469467583735597   -0.00720040166996967   -0.00497355874134724   0
0.0416870159694002   -0.00255093584452216   -0.00525974240415955   0
0.0360695446760574   0.00395125561730648   -0.00561747129334278   0
0.0472818122576208   0.0154981193326316   0.0112122675815634   0
0.0479078416895042   -0.0106051014269706   0.000626029431883425   0
0.036449086749621   -0.00830567587317798   -0.0114587549398832   0
0.0288074260230055   0.0196274023242386   -0.00764166072661555   0
0.0441316486209538   -0.0166086015313504   0.0153242225979483   0
0.0606276506244675   -0.0184604662684103   0.0164960020035138   0
0.0580638505017106   0.000516714085139418   -0.00256380012275693   0
0.0396996785081756   0.030094767161885   -0.018364171993535   0
0.0385508419215356   -0.016509105059515   -0.00114883658664003   0
0.0383975767890696   0.00698051797277464   -0.000153265132465927   0
0.0149594804333205   -0.000460476537115263   -0.0234380963557491   0
0.0396641273464463   0.0136499425647111   0.0247046469131258   0
0.0419995164180936   -0.0184095438823344   0.0023353890716473   0
0.0386648167669265   0.0060312257578678   -0.00333469965116709   0
0.0370082966662007   0.000183821943876582   -0.00165652010072576   0
0.0490971754188377   -0.0123653122970289   0.012088878752637   0
0.0434401218144586   0.0139503477796063   -0.00565705360437917   0
0.0492415178493995   -0.0106824877647451   0.00580139603494088   0
0.0492727699181556   0.0112708147508351   3.1252068756156e-05   0
0.0501707365097098   -0.00171487164817125   0.00089796659155416   0
0.0478962095652683   0.00763158337595325   -0.00227452694444145   0
0.0581529856303612   -0.0173417891111305   0.0102567760650929   0
0.0550493368871279   0.00701177585882824   -0.00310364874323334   0
0.063613797106131   -0.00780254444740306   0.0085644602190031   0
0.0562981749915128   0.010335112554249   -0.00731562211461818   0
0.0633750492833657   -0.0207124050972465   0.00707687429185284   0
0.063283624381305   0.0197595558787139   -9.14249020606689e-05   0
0.0744350705107478   -0.00969767100121323   0.0111514461294428   0
0.0726450474791813   0.0127263970682732   -0.00179002303156656   0
0.0848504091910911   -0.0140042478574513   0.0122053617119098   0
0.0839951518889872   0.000521244659240305   -0.000855257302103937   0
0.07654979739921   -0.0113731632260903   -0.00744535448977716   0
0.0563105928975402   0.00796740134039056   -0.0202392045016698   0
0.0619191924782149   0.0169901348307326   0.00560859958067474   0
0.046281816206923   0.0166936525641671   -0.0156373762712919   0
0.0523539289525867   -0.0206318684962396   0.00607211274566373   0
0.066485435625876   -0.00430447468657864   0.0141315066732893   0
0.0827429052029774   -0.00663617615560663   0.0162574695771014   0
0.0668574492268814   0.00894155123493411   -0.015885455976096   0
0.0605432955604146   -0.00580496643860817   -0.00631415366646679   0
0.0829678552664976   -0.00968922434919432   0.022424559706083   0
0.0738941436808256   0.00459082471859978   -0.00907371158567202   0
0.0854582180699434   -0.00420157133020752   0.0115640743891178   0
0.0747193608876073   -0.00551507012540958   -0.0107388571823361   0
0.0696425059332481   0.0167600649296967   -0.00507685495435919   0
0.0715572762105637   -0.0096828409577146   0.00191477027731554   0
0.0514140579731361   0.127616741051643   -0.0201432182374276   0
0.102629947461377   -0.0285039519787185   0.0512158894882409   0
0.0730283431293118   -0.0256525527619266   -0.0296016043320652   0
0.0977330264985818   -0.029510160389863   0.0247046833692701   0
0.116669418397374   -0.00635943557721341   0.0189363918987926   0
0.131793298125521   -0.00903390932916946   0.0151238797281468   0
0.131988181332648   -0.0175085824053128   0.000194883207126934   0
0.115591614541237   0.00499314661908037   -0.0163965667914107   0
0.104084285017264   0.0178155037624451   -0.0115073295239736   0
0.119634426678329   -0.00704956444661992   0.0155501416610653   0
0.117573545131965   0.0105954104598109   -0.00206088154636455   0
0.128308133588242   0.0081510734038389   0.0107345884562773   0
0.117324119166137   -0.0131564486122923   -0.0109840144221045   0
0.124193858505403   0.00342484906444361   0.00686973933926542   0
0.125732024286585   -0.0208211468544422   0.00153816578118263   0
0.120721324839369   0.00746916484731302   -0.00501069944721619   0
0.118035557223671   -0.00686549544801451   -0.00268576761569823   0
0.131825718893593   0.00520585230066568   0.0137901616699217   0
0.109778403366273   -0.00644440219258361   -0.0220473155273198   0
0.11917955781571   0.00881534627131911   0.00940115444943689   0
0.128263267778435   -0.00626452030244498   0.00908370996272519   0
0.130079931946823   0.0251134736354161   0.00181666416838769   0
0.134595630258527   -0.0229519810869092   0.00451569831170398   0
0.109079678747109   0.0232061870453995   -0.0255159515114176   0
0.116506437147653   -0.0100199699453244   0.00742675840054395   0
0.188912301141138   0.0597472712080821   0.0724058639934851   0
0.230273142554424   0.050167738201347   0.0413608414132858   0
0.203512902869671   -0.0307687473835283   -0.0267602396847532   0
0.218322963360912   -0.00914997575698706   0.0148100604912411   0
0.193093762775212   -0.0745272479565797   -0.0252292005856993   0
0.208532501269442   0.00410130305919169   0.01543873849423   0
0.209075210557355   -0.00711971934559032   0.000542709287913029   0
0.218339341737976   0.0225711709495616   0.00926413118062014   0
0.184395319607738   -0.0193505760176861   -0.0339440221302371   0
0.154258450585373   0.000292303871267677   -0.0301368690223653   0
0.132051951494525   -0.00245748329667009   -0.0222064990908477   0
0.130636660028876   -0.0198100163518743   -0.00141529146564995   0
0.137283823182476   0.0146212807093069   0.00664716315360012   0
0.148083174026384   0.00698965309435744   0.0107993508439086   0
0.169406908983341   -0.00476486542389322   0.0213237349569568   0
0.16194312282117   0.00195733241070263   -0.00746378616217122   0
0.163867600983111   -0.00373132542475058   0.00192447816194091   0
0.171025146268729   0.00165254996115709   0.00715754528561779   0
0.179462727578737   -0.00720778267637334   0.00843758131000855   0
0.18619110099992   0.00828692063500256   0.00672837342118315   0
0.177000240068171   0.00376959836777146   -0.00919086093174973   0
0.186362820024516   0.00368085188335517   0.0093625799563451   0
0.178397981475331   -0.0102299915809071   -0.00796483854918476   0
0.166112593388047   0.00986775267451726   -0.0122853880872843   0
0.16863248898089   -0.0131193368958911   0.00251989559284349   0
0.137858912066186   0.00731290183320921   -0.0307735769147037   0
0.140417934095337   -0.0150093446697703   0.00255902202915098   0
0.166476372752217   0.0129366353460013   0.0260584386568794   0
0.166375755141742   -0.013069438966962   -0.000100617610474363   0
0.175469734717211   0.0196585722475247   0.00909397957546859   0
0.180040490104476   -0.0042385684817462   0.0045707553872652   0
0.18285494824183   -0.00154477305413064   0.00281445813735429   0
0.206255861083942   0.0176095986536049   0.0234009128421116   0
0.204853808047906   -0.0173519666333838   -0.00140205303603586   0
0.210973581415964   -0.00642527593041584   0.0061197733680578   0
0.203794813210034   0.0127736421726038   -0.00717876820593036   0
0.214014593448037   -0.00871893040485612   0.010219780238003   0
0.198705197451526   0.000760494499642647   -0.0153093959965105   0
0.189573306326941   -0.0102163426521363   -0.00913189112458468   0
0.17948082648375   0.00174456159157997   -0.0100924798431914   0
0.188752102704787   -0.00425923875824533   0.00927127622103674   0
0.178532118159451   0.0138357252505065   -0.0102199845453363   0
0.190884972383183   0.00299211387281741   0.0123528542237321   0
0.194115865148556   -0.0120754580031642   0.00323089276537364   0
0.203997516904618   0.00133031258277546   0.0098816517560619   0
0.20589660950715   -0.00395062577629941   0.00189909260253227   0
0.204716581719239   0.00273098549584276   -0.00118002778791115   0
0.205579328920833   0.00218703995793443   0.000862747201593544   0
0.212010725493718   0.00264127000927177   0.00643139657288477   0
0.197521854692614   -0.0114168354410414   -0.0144888708011039   0
0.199464179645469   -0.0130421110417348   0.00194232495285546   0
0.198739525493798   0.0208005208549966   -0.000724654151671139   0
0.212532721655096   -0.00250857219433042   0.0137931961612979   0
0.201729155660451   -0.00251131615345944   -0.0108035659946451   0
0.177910794182337   0.00388807648519515   -0.0238183614781135   0
0.154251059102661   -0.0134893652873944   -0.0236597350796767   0
0.173273273931498   -0.0117214006521751   0.0190222148288376   0
0.185532562647342   0.00516788584074591   0.0122592887158441   0
0.192396019953175   0.00688807968998719   0.00686345730583265   0
0.2070160474984   0.00903026928948362   0.0146200275452255   0
0.214732834726574   -0.0090426406850054   0.00771678722817318   0
0.220834584964629   0.0194612221475081   0.00610175023805545   0
0.218757117299009   -0.0101315480223174   -0.00207746766561989   0
0.218452783109881   -0.000504887723125638   -0.000304334189128702   0
0.231059362199327   -0.000220027064808732   0.012606579089447   0
0.231653329212446   0.00250589012624899   0.000593967013118785   0
0.216033789175444   0.000228236962564098   -0.0156195400370027   0
0.212905100955942   0.00888181638774298   -0.00312868821950119   0
0.210285358554655   0.0193508377436216   -0.00261974240128693   0
0.218221470131745   -0.0208538772923085   0.0079361115770894   0
0.233684063942024   0.0113353142775732   0.0154625938102793   0
0.213974725108387   -0.00930883765231463   -0.0197093388336366   0
0.21995128802444   -0.0103627791043202   0.00597656291605211   0
0.233055949292353   -0.00283006231860281   0.0131046612679138   0
0.230881545730619   -0.00958030698577424   -0.00217440356173423   0
0.217838237882976   0.00274487362354546   -0.0130433078476433   0
0.243345937096189   0.0220732509066094   0.0255076992132133   0
0.253913490997726   0.00339967824135054   0.0105675539015372   0
0.248445011063314   -0.0174550918175025   -0.00546847993441288   0
0.249543861619335   0.0143517073628573   0.00109885055602182   0
0.250906781327747   -0.00931478765044624   0.00136291970841199   0
0.241518435230626   0.00163532374412596   -0.00938834609712152   0
0.252568666483617   0.016203894185383   0.011050231252991   0
0.229159240926675   -0.0137453290165933   -0.0234094255569416   0
0.14551296982765   0.0404976048313994   -0.0836462710990255   0
0.196355279615166   0.0195928081350246   0.0508423097875162   0
0.20007135054668   -0.00929837391345126   0.00371607093151402   0
0.255544810666686   0.209273673059298   0.0554734601200063   0
0.35905130756403   -0.155087143540797   0.103506496897344   0
0.32285231038718   -0.042044347394581   -0.0361989971768504   0
0.355298894283756   0.0562162629500819   0.0324465838965765   0
0.364307789023104   -0.0042853488147773   0.00900889473934752   0
0.441010703066618   0.179665031655002   0.0767029140435136   0
0.376308517263774   -0.0825042633176096   -0.0647021858028438   0
0.373580437559386   -0.000147554925786386   -0.00272807970438765   0
0.372237119512214   -0.022482344916897   -0.00134331804717269   0
0.371482094142383   0.020093656107056   -0.000755025369830964   0
0.360501952418825   -0.0169411143742423   -0.0109801417235572   0
0.373679581122468   0.00490053679554059   0.0131776287036425   0
0.36926003220437   -0.0216583770259417   -0.0044195489180977   0
0.378866698672531   0.0025285741140548   0.00960666646816088   0
0.36231164996885   -0.00863762651028252   -0.0165550487036809   0
