0.163330463554637   0   0   0
0.129404145305666   -0.0826376786145602   -0.0339263182489704   0
0.107165936324538   -0.00566684671399992   -0.022238208981128   0
0.0885794992436914   0.0102736570677474   -0.0185864370808469   0
0.0849835862526553   0.00724894853805436   -0.00359591299103612   0
0.0987263927175505   -0.00692599472542305   0.0137428064648952   0
0.114200216260807   0.0114281703556847   0.0154738235432562   0
0.119084917507172   -0.00528778244163552   0.00488470124636554   0
0.126349569791759   0.000114521230004827   0.00726465228458652   0
0.123292897594316   -0.0222901254864221   -0.00305667219744266   0
0.122146424674456   -0.0211533877709157   -0.00114647291986025   0
0.126092488866308   -0.00163907112287032   0.0039460641918522   0
0.133105197993439   -0.0308142379717419   0.00701270912713065   0
0.150522563336863   -0.0148502896347479   0.0174173653434246   0
0.154705142902555   -0.000785673801033726   0.00418257956569187   0
0.165869353155578   0.0304006600763661   0.0111642102530233   0
0.168651897876217   -0.0359786671748004   0.00278254472063877   0
0.19794794267805   -0.0326768650302511   0.0292960448018326   0
0.152250728157356   0.159949349239692   -0.0456972145206942   0
0.0547238919848086   -0.232652160171002   -0.097526836172547   0
0.0418826629084649   -0.0987121384286884   -0.0128412290763437   0
0.0370327723111803   0.0527295787795207   -0.00484989059728455   0
0.0360554166589349   0.0707856747763371   -0.000977355652245437   0
0.06394058812816   0.0434107774404548   0.0278851714692251   0
0.0698687938612439   0.0258866761524166   0.00592820573308389   0
0.0753872466108327   -0.00265942532860905   0.00551845274958873   0
0.0735853284524164   0.00770836137091066   -0.00180191815841628   0
0.0770100920444847   0.0263339928319444   0.00342476359206827   0
0.0930820658983378   0.0210182663085532   0.0160719738538531   0
0.0997544426286494   0.0221927945603694   0.00667237673031158   0
0.0900587744439846   -0.0593799266331463   -0.00969566818466475   0
0.0900040575690063   -0.0190253103709735   -5.47168749783361e-05   0
0.0988364967510231   -0.0354190535600978   0.0088324391820168   0
0.113796646716852   -0.01399994411922   0.0149601499658288   0
0.093180656049529   0.00600056941108179   -0.0206159906673229   0
0.108209590183422   -0.0280158605655294   0.0150289341338934   0
0.109956535865314   -0.00108392283707082   0.00174694568189124   0
0.106544062175539   0.0139117726620771   -0.00341247368977507   0
0.112582042749166   0.00772149529896876   0.00603798057362726   0
0.11335832549298   0.0255712494785887   0.000776282743814666   0
0.120256684935069   0.0151506879557079   0.00689835944208871   0
0.132295667972689   0.151650391075954   0.0120389830376199   0
0.140149887771414   0.0384682026094837   0.00785421979872508   0
0.12488991531637   -0.0334359338346348   -0.0152599724550445   0
0.136360901368611   -0.00122346739904544   0.0114709860522411   0
0.136736916258229   0.0252166239096978   0.00037601488961847   0
0.206746814375095   0.16868171632939   0.0700098981168658   0
0.157590078892074   -0.26203019805754   -0.0491567354830214   0
0.125990427978756   -0.111361607259952   -0.0315996509133181   0
0.150112274799198   -0.0425784869948382   0.0241218468204426   0
0.140670944022744   0.0449185155334571   -0.00944133077645412   0
0.109022974127073   -0.0483902023231879   -0.0316479698956708   0
0.105002325036746   0.0406922118769913   -0.00402064909032711   0
0.113314808940149   -0.00725443529850903   0.0083124839034029   0
0.0983263928712047   0.0308689597207885   -0.0149884160689444   0
0.0955039552514711   0.0521127841705459   -0.00282243761973361   0
0.114888961907792   0.0422277857952278   0.0193850066563205   0
0.186488513196664   0.0269471666773001   0.0715995512888728   0
0.257974245912383   0.0337223207656211   0.0714857327157182   0
0.273919582651204   0.0366481223968524   0.0159453367388218   0
0.287803654265994   0.0532514835450851   0.0138840716147899   0
0.305539841098685   -0.014058012556758   0.0177361868326911   0
0.211455525452068   -0.159731688187383   -0.0940843156466179   0
0.25486791415033   0.000531864402043669   0.0434123886982625   0
0.245298028972493   -0.0617186401468505   -0.00956988517783708   0
0.220527111310174   -0.0466322612020122   -0.0247709176623187   0
0.287443588676635   0.0689475243837934   0.0669164773664607   0
0.297916828078748   0.00822962468232616   0.0104732394021134   0
0.286809645587753   -0.0130593373681033   -0.0111071824909953   0
0.272557162949761   0.00302598500398182   -0.0142524826379922   0
0.261571510850422   -0.00682748311795067   -0.0109856520993387   0
0.263837125858379   -0.00353694427988296   0.00226561500795669   0
0.259633192173733   0.00647701286170427   -0.00420393368464594   0
0.249288373750306   -0.00294473809453077   -0.0103448184234264   0
0.247560321326621   -0.0291186453961066   -0.00172805242368512   0
0.377384134021623   0.0931207178741733   0.129823812695001   0
0.367618708209335   0.0593932824826609   -0.0097654258122879   0
0.270305328679112   -0.196730669823435   -0.0973133795302232   0
0.26455474665702   -0.0216439488011416   -0.00575058202209155   0
0.284357506748617   0.0115226382556978   0.0198027600915974   0
0.277161699263733   0.00819975949358362   -0.00719580748488435   0
0.265036814637425   0.00763329599147017   -0.0121248846263085   0
0.414854106393139   0.0489661986402565   0.149817291755715   0
0.493790930440455   0.293461295415535   0.0789368240473157   0
0.373104733189865   -0.1935262400327   -0.120686197250589   0
0.307054061138165   -0.199029681639864   -0.0660506720517003   0
0.423790210617178   0.212702689796092   0.116736149479013   0
0.382861959328976   0.0315075473171813   -0.0409282512882023   0
0.353236673667744   -0.16359015569872   -0.0296252856612317   0
0.374246077025363   0.0016619538684772   0.021009403357619   0
0.363654636373514   -0.00231921998762769   -0.0105914406518496   0
0.371088548584432   -0.00185200352392015   0.00743391221091783   0
0.361374775631162   -0.00847136035176563   -0.00971377295326986   0
0.348240679776846   0.0136790343695397   -0.0131340958543155   0
0.344542044916509   0.00435144496364487   -0.00369863486033684   0
0.341198332843014   -0.00463754158747243   -0.00334371207349499   0
0.325675631394678   -0.0257182467638143   -0.015522701448336   0
0.334935274678142   0.0233892443807278   0.00925964328346363   0
0.439484392625975   0.228716054143599   0.104549117947833   0
0.41594459285031   -0.0732372771490553   -0.0235397997756654   0
0.381993871334544   -0.0835104123565372   -0.0339507215157654   0
0.361626928748993   -0.00531617188633138   -0.0203669425855514   0
0.439840405824954   0.216580086744232   0.0782134770759607   0
0.451372358061147   -0.0441083924146708   0.0115319522361936   0
0.425994886611472   -0.0777526368458755   -0.0253774714496753   0
0.430934996728521   -0.0448213782364755   0.00494011011704859   0
0.413673448434825   -0.0274028369321179   -0.0172615482936954   0
0.418045367100357   -0.0336120714393756   0.0043719186655321   0
0.433299052410471   0.00282547010975773   0.0152536853101141   0
0.436890847759895   0.00462555661361433   0.00359179534942389   0
0.435633314712973   0.00440960949051972   -0.00125753304692189   0
0.40657200578895   -0.00929426506177211   -0.0290613089240234   0
0.46589664319836   0.1483994921117   0.05932463740941   0
0.536976214667708   0.191866579258667   0.0710795714693476   0
0.49244341560822   -0.109918146865945   -0.0445327990594876   0
0.487386528161684   0.000147831135326792   -0.00505688744653598   0
0.560082589815556   0.124402667854979   0.0726960616538716   0
0.581914243459464   -0.10871208966106   0.0218316536439082   0
0.532697807844419   -0.0537729651239163   -0.0492164356150443   0
0.495631762154878   -0.0352815807668615   -0.037066045689541   0
0.489443127930611   -0.030874562820994   -0.00618863422426791   0
0.456326518735488   0.0654867954424405   -0.0331166091951222   0
0.564899629800507   0.30895412762488   0.108573111065019   0
0.656446351845678   0.180007357802873   0.091546722045171   0
0.531974506162889   -0.223118615622273   -0.124471845682789   0
0.568653619987818   0.126941282917587   0.0366791138249289   0
0.718673837295125   0.251531893723999   0.150020217307307   0
0.678154160170274   -0.196846876201045   -0.0405196771248509   0
0.667827015066776   -0.0593021198160081   -0.0103271451034982   0
0.651028970139194   -0.0104995832636114   -0.0167980449275819   0
0.669662216896138   -0.0395189434586161   0.0186332467569434   0
0.664441640544337   -0.0214637993065567   -0.00522057635180062   0
0.634463603909239   -0.00988562316186614   -0.0299780366350979   0
0.640884002436673   -0.0117077574642952   0.00642039852743426   0
0.624237690922696   -0.0109016433221036   -0.016646311513977   0
0.592291811676263   0.044106641861541   -0.0319458792464333   0
0.668049856000284   0.374368768071431   0.0757580443240208   0
0.698104334675699   0.108983947213586   0.0300544786754149   0
0.668715006796617   -0.113593538173312   -0.0293893278790813   0
0.695628669570914   0.130821918737383   0.0269136627742966   0
0.746843469268829   0.073056951423458   0.0512147996979148   0
0.751390207466966   -0.139826568316097   0.00454673819813711   0
0.744240588024128   -0.0900660916647371   -0.00714961944283776   0
0.746869420397569   -0.101626221294799   0.00262883237344058   0
0.751768562977496   -0.0207084387785121   0.00489914257992763   0
0.723801665724113   -0.0524025810443871   -0.0279668972533839   0
0.735660320124207   -0.00375155128158022   0.0118586544000941   0
0.767197056903407   0.00899848882683374   0.0315367367792005   0
0.752919461985311   -0.013213886610449   -0.0142775949180964   0
0.740715011219059   0.196401359036362   -0.0122044507662522   0
0.839842823510447   0.2260122508338   0.0991278122913886   0
0.831271629801896   -0.237586631612402   -0.00857119370855142   0
0.796455609938495   -0.116811319827016   -0.0348160198634008   0
0.847831816802424   0.160642770836825   0.0513762068639295   0
0.888290857454359   -0.0604488507153   0.0404590406519345   0
0.866101717214122   -0.116602564116654   -0.0221891402402374   0
0.845342743525518   0.0989815375223791   -0.0207589736886035   0
0.914856116946539   0.0442170282761152   0.0695133734210212   0
0.851346580986997   -0.170905032877786   -0.063509535959542   0
0.840828070969476   0.0959363610919077   -0.0105185100175214   0
0.900434663974155   0.147164913100573   0.0596065930046794   0
0.922091874948614   -0.173006215010993   0.0216572109744584   0
0.919522585364954   -0.025800481110924   -0.00256928958365921   0
0.896140687386194   -0.0123865260516134   -0.0233818979787606   0
0.884081350828785   -0.0273169434316244   -0.0120593365574085   0
0.884637724369276   -0.0192595810659304   0.000556373540490318   0
0.896269729368481   0.00351851427323668   0.0116320049992051   0
0.880705157760672   -0.00128618455997331   -0.0155645716078089   0
0.869274242254566   0.000232293376549175   -0.011430915506106   0
0.884128147005427   0.00754771514970798   0.014853904750861   0
0.871061391697078   -0.0487208336659741   -0.0130667553083492   0
0.868483666695149   0.193815573343159   -0.00257772500192921   0
0.918250251904403   0.158317100301558   0.0497665852092547   0
0.923010592188546   -0.161877269833552   0.00476034028414252   0
0.940020837995228   -0.0943442379696853   0.0170102458066822   0
0.899220327012379   0.0517926895440062   -0.040800510982849   0
0.93192237740718   0.247514979757156   0.0327020503948009   0
0.952145364230694   -0.10552508449897   0.0202229868235136   0
0.943363098181713   -0.124773168902371   -0.00878226604898058   0
0.942384768824417   0.182222450099126   -0.000978329357295804   0
1.01061660925348   0.0529620588774555   0.0682318404290623   0
1.04357477545802   -0.193859488347704   0.0329581662045373   0
1.05987121597638   0.0274018120560229   0.0162964405183632   0
1.12937260355042   0.196363312410814   0.0695013875740382   0
1.113953674185   -0.120534277030365   -0.015418929365423   0
1.04432581348255   0.0390737278990843   -0.0696278607024403   0
1.10521447970801   0.152573865991573   0.0608886662254564   0
1.11110345173661   -0.111245457614513   0.00588897202859462   0
1.0877800611654   -0.146971261932274   -0.0233233905712067   0
1.0963890180041   -0.0538549194958078   0.00860895683870311   0
1.07959435807807   0.000975062800112836   -0.0167946599260322   0
1.05147913014239   0.282742269288255   -0.0281152279356787   0
1.05175774908008   0.179957811696382   0.000278618937690434   0
1.01265387337246   -0.177038984169205   -0.0391038757076201   0
0.964270120848406   0.0340962333796986   -0.0483837525240555   0
1.04989329720929   0.140305845791771   0.0856231763608865   0
1.03069585320355   -0.117766519762402   -0.0191974440057399   0
1.02516178153938   -0.0514763050660574   -0.00553407166417075   0
0.985371623943982   0.0461562661906925   -0.0397901575954002   0
1.05530600140433   0.127134731598994   0.0699343774603499   0
1.04906802940765   -0.107496006563148   -0.00623797199668186   0
1.06621726078412   -0.0834414193179731   0.0171492313764738   0
1.0808567729053   -0.0302987805513619   0.014639512121172   0
1.08463422860255   0.00468473882532261   0.00377745569725474   0
1.07184566338862   -0.0271396973673033   -0.0127885652139261   0
1.07188817514422   -0.0129556119742149   4.25117555926668e-05   0
1.07295540369812   0.00545177806111186   0.00106722855390506   0
1.05929457614785   -0.00930838264907852   -0.0136608275502736   0
1.08100620023661   -0.0642488395161829   0.0217116240887645   0
1.11822322513542   -0.174353917150368   0.0372170248988024   0
1.1740369229049   -0.196572084641077   0.0558136977694819   0
1.19328981760604   0.148630456674564   0.0192528947011401   0
1.23092801601068   0.285227149766379   0.037638198404647   0
1.18305479911794   -0.0470823949067529   -0.0478732168927398   0
1.10521578384314   -0.0481075408158143   -0.0778390152748074   0
1.16733101853213   0.136011035890091   0.0621152346889884   0
1.21388662162864   0.144438161909126   0.0465556030965173   0
1.18013630923307   -0.158579433992614   -0.0337503123955738   0
1.10817304741058   -0.0713374280952479   -0.0719632618224897   0
1.0768370080755   0.0035417530707702   -0.0313360393350768   0
1.04787875123854   -0.0250232582344208   -0.0289582568369586   0
1.06298714769794   -0.0520835531430845   0.015108396459395   0
1.08069877614266   0.0149028994247504   0.0177116284447243   0
1.07206215740973   0.0138922610298426   -0.0086366187329352   0
1.07502678774112   -0.0154802321712355   0.00296463033139616   0
1.04765996531091   -0.0239526926064579   -0.0273668224302173   0
1.01115965544962   0.0011122310692484   -0.0365003098612839   0
1.01986536251421   0.00779950162368181   0.00870570706459128   0
0.981226470281071   0.00443155268295858   -0.0386388922331431   0
0.9900384860965   0.121092070449734   0.00881201581542901   0
1.04181171391667   0.26546860232404   0.0517732278201748   0
1.07498779954995   -0.0453834261469279   0.0331760856332783   0
1.01049955762929   -0.13768389686676   -0.0644882419206587   0
0.980725674832162   -0.0838524099541167   -0.0297738827971323   0
1.0080412257181   -0.0439229045096041   0.027315550885938   0
0.997546451284475   0.0134514912324608   -0.0104947744336249   0
0.987184346588822   -0.0299378656525497   -0.010362104695653   0
0.944047492651323   -0.0266057016202033   -0.0431368539374991   0
0.92485718265376   -0.0417992736484603   -0.0191903099975629   0
0.902935555673826   -0.0606204157128198   -0.0219216269799347   0
0.920914657150162   -0.0196772511431196   0.0179791014763363   0
0.910199649088594   -0.0206321408616219   -0.0107150080615677   0
0.913218658706802   0.164286262529538   0.00301900961820756   0
0.987757098003983   0.191148962916497   0.0745384392971813   0
0.983763078632884   -0.132784766363002   -0.003994019371099   0
0.931555267234451   -0.0213633775663389   -0.0522078113984328   0
0.957139667394472   0.211044650384641   0.0255844001600205   0
0.998547351911265   -0.0447993002936928   0.0414076845167934   0
0.98826901099397   -0.117940725018885   -0.0102783409172951   0
0.974949726299259   -0.0858682626488023   -0.0133192846947109   0
0.980129922603249   -0.0594940692826551   0.00518019630398947   0
0.979666717478577   -0.0148630034054495   -0.000463205124671573   0
0.973835614453102   -0.0120941660145917   -0.00583110302547529   0
0.975835528050834   0.0140103608869178   0.00199991359773188   0
0.975838773610298   0.0307546494512656   3.24555946396021e-06   0
0.969829910589481   -0.0127760624502529   -0.00600886302081705   0
0.974141943292275   0.0118747154890655   0.00431203270279457   0
1.00474314140493   0.0266036722008733   0.0306011981126563   0
0.965162495928665   0.0784329428770099   -0.0395806454762665   0
1.01715633067145   0.361395874613456   0.051993834742781   0
1.03254859311027   0.014084320896907   0.015392262438825   0
1.01058559361652   -0.193825027195409   -0.0219629994937529   0
1.0027832843652   -0.0545354432229579   -0.00780230925132175   0
0.993847946588914   -0.109477585045346   -0.00893533777628275   0
1.00411352064508   0.0900777176586971   0.0102655740561627   0
1.09091560541696   0.276841770324517   0.0868020847718824   0
1.0954851478619   -0.0788058823399533   0.00456954244493746   0
1.08121387198417   -0.129125325510476   -0.0142712758777266   0
1.08380833024156   -0.0358097605207659   0.00259445825739135   0
1.08768803225707   -0.0199046117400981   0.00387970201550614   0
1.06517535594333   -0.000800843482602787   -0.0225126763137369   0
1.05591135588836   -0.0388764154241463   -0.00926400005496775   0
1.03176035549492   -0.0218320521818856   -0.0241510003934442   0
1.02257774413746   -0.0644433147637844   -0.00918261135746135   0
1.06177971966282   -0.0184772722676558   0.0392019755253601   0
1.06857072352805   0.0173379919426542   0.00679100386522835   0
1.0115789025212   0.143044620097259   -0.0569918210068432   0
1.04980023664993   0.381653824100209   0.0382213341287285   0
1.09587464727769   -0.102535810286722   0.0460744106277586   0
1.01697566358554   -0.193885364038535   -0.078898983692149   0
1.1006194898648   0.161073997369255   0.0836438262792587   0
1.17833834068191   -0.0162621489442609   0.0777188508171123   0
1.12414179167087   -0.18078311454073   -0.0541965490110383   0
1.12585590490624   -0.0456640647459887   0.00171411323536752   0
1.11893600028878   -0.000399604313634061   -0.00691990461746173   0
1.10784747544551   -0.0173877623226015   -0.0110885248432642   0
1.09249858324954   -0.081224170807966   -0.0153488921959755   0
1.08471495208707   -0.057811209287038   -0.00778363116247127   0
1.09165252249102   0.0132991657059127   0.00693757040394916   0
1.10162092039413   0.0193152888877737   0.00996839790310844   0
1.1066086280141   0.0143525436160528   0.00498770761997491   0
1.10072653271782   -0.0220193270645268   -0.0058820952962777   0
1.0857699479107   0.00819832295859668   -0.0149565848071247   0
1.07221844526675   -0.0254848984524432   -0.0135515026439463   0
1.03886189854824   -0.00121291795334488   -0.0333565467185135   0
1.05208192602145   0.182023405048024   0.0132200274732099   0
1.206306910718   0.0539787730081789   0.15422498469655   0
1.13971764269983   -0.464871382353642   -0.0665892680181714   0
1.12319177594746   -0.0533393229927486   -0.0165258667523709   0
1.24929280321748   0.308436385449846   0.126101027270028   0
1.40509264183905   -0.542957910302146   0.155799838621569   1
1.40735827628859   0.122243807501721   0.00226563444953998   0
1.31434674454166   0.21909221144461   -0.0930115317469364   0
1.2894948826115   -0.250724103204822   -0.0248518619301552   0
1.30029568000907   -0.0877173610463198   0.0108007973975688   0
1.31633101934354   -0.0422771963866924   0.0160353393344685   0
1.32982280647799   -0.0121854968612819   0.0134917871344522   0
1.34546089342426   0.0295881550529031   0.015638086946266   0
1.33936852480936   -0.00801794759771146   -0.00609236861489726   0
1.34424134284696   -0.0326001151932438   0.00487281803760076   0
1.32847234332108   -0.0289206144812162   -0.0157689995258805   0
1.33261620715052   -0.011996997579333   0.00414386382944487   0
1.34840012145144   0.244585760764379   0.0157839143009122   0
1.37352956755661   0.2523221452004   0.0251294461051736   0
1.33118704175071   -0.183474758748815   -0.0423425258059029   0
1.34580921689852   0.0854719281301194   0.0146221751478097   0
1.39053182903161   0.0881114441042017   0.0447226121330946   0
1.40451475706211   -0.227563693584072   0.0139829280305022   0
1.41757812227545   -0.08695710944882   0.013063365213339   0
1.41716195887626   -0.0303605157459418   -0.000416163399192593   0
1.42209196915882   -0.0262514904787614   0.00493001028255602   0
1.40179282302379   0.002571842593872   -0.020299146135029   0
1.40489041489443   0.0368796088742057   0.00309759187064484   0
1.42419445388095   0.0161445536392406   0.0193040389865149   0
1.49239360476015   0.0593298825012659   0.0681991508792046   0
1.47378645988182   0.0859927446321083   -0.0186071448783274   0
1.39276240354699   0.012961968101337   -0.0810240563348303   0
1.38102625034076   0.322631254775318   -0.0117361532062377   0
1.42073080621216   0.121373574180956   0.0397045558714022   0
1.29521753135033   -0.346551603786567   -0.125513274861826   0
1.29207534072215   0.170875812312643   -0.00314219062818655   0
1.38494765217896   0.266526544528376   0.0928723114568091   0
1.30970701382685   -0.297743480592519   -0.0752406383521032   0
1.35663001055935   0.250646035999281   0.0469229967324936   0
1.43237267517649   0.202031242275731   0.0757426646171429   0
1.45868464842268   -0.184532613793165   0.0263119732461923   0
1.46273251896203   -0.0561172574867876   0.00404787053934719   0
1.46081103413215   -0.064294013546087   -0.00192148482987498   0
1.47153870380429   -0.0446262482275006   0.0107276696721337   0
1.49886196672517   -0.0078124999311   0.0273232629208853   0
1.51481167338551   -0.0378985126517974   0.0159497066603353   0
1.54178628491435   0.0356709164244828   0.0269746115288447   0
1.54351756886867   0.0214465751131367   0.00173128395431821   0
1.55062543579196   -0.00986600766336498   0.00710786692328802   0
1.56046536659741   -0.0361353705662153   0.00983993080545531   0
1.6033707107918   0.0511153409515033   0.0429053441943859   0
1.58380993866846   0.319437967106544   -0.0195607721233366   0
1.57382582419371   -0.0910446857425706   -0.00998411447475633   0
1.55169076720363   -0.167720009335501   -0.0221350569900733   0
1.58391280026711   0.302225195355315   0.0322220330634777   0
1.58190376063938   -0.0154457875682568   -0.00200903962773458   0
1.56910138857405   -0.199981448588719   -0.0128023720653301   0
1.55314728345383   0.148545196364494   -0.0159541051202199   0
1.59519995496646   -0.00725117950650533   0.0420526715126348   0
1.64721168750407   -0.217869596096907   0.0520117325376073   0
1.65727320551712   -0.0801781811434901   0.0100615180130545   0
1.66256482075888   -0.0874337053310599   0.00529161524175525   0
1.66709635487875   -0.0394984455729352   0.00453153411986751   0
1.68688270150891   -0.0175094854124347   0.0197863466301651   0
1.71088784503105   0.0194952241370949   0.0240051435221424   0
1.72259948863629   0.0405445265559212   0.0117116436052345   0
1.7263053765267   -0.00406905321686613   0.00370588789041482   0
1.73075554964443   -0.0557379853680389   0.00445017311772977   0
1.72890050353541   -0.00968793406913759   -0.00185504610902054   0
1.73021176303654   0.108346384512703   0.00131125950112487   0
1.74054775574386   0.494808317763559   0.010335992707327   0
1.73119475817281   -0.0610991144896624   -0.00935299757105801   0
1.74373424462416   -0.237854919506072   0.0125394864513573   0
1.6855841607956   -0.0329606161513794   -0.0581500838285653   0
1.70991771622935   0.519571720629345   0.0243335554337538   0
1.75095831705812   0.153487650757122   0.0410406008287676   0
1.69135980135807   -0.201192378096807   -0.0595985157000518   0
1.62703346346964   0.0392503092932239   -0.0643263378884309   0
1.66774333022201   0.219998254426526   0.0407098667523735   0
1.7042625134644   -0.180821770610682   0.0365191832423919   0
