0.0121355   0   0   0
0.0125378518148684   0.00819087514731331   0.000402351814868447   0
0.028642645270645   0.0317910292867212   0.0161047934557765   0
0.0286863540201282   0.0103406146863796   4.37087494832358e-05   0
0.0215850235999547   0.00897103449236708   -0.00710133042017353   0
0.0289461092122849   0.00186454439840116   0.00736108561233023   0
0.029004602520376   0.0226862185409796   5.84933080910628e-05   0
0.0368509733536646   -0.000514253193363803   0.00784637083328865   0
0.0309816269615154   0.00103111236123812   -0.00586934639214919   0
0.0403637262418251   -0.00407217096194079   0.00938209928030966   0
0.0496689805616403   0.0103140009911105   0.00930525431981518   0
0.0391337889952532   0.00872161038627903   -0.0105351915663871   0
0.0393647788451491   -0.00314101888486565   0.000230989849895918   0
0.0526109120418474   -0.00868535341707406   0.0132461331966982   0
0.0526109120418474   -0.0046152331461016   0   0
0.0535748144024317   0.0283041355684218   0.000963902360584308   0
0.0487782972896987   -0.00900389742308447   -0.004796517112733   0
0.0788110170820045   -0.0120175243123684   0.0300327197923058   0
0.0865244220921758   0.0175900939228635   0.00771340501017129   0
0.0800371748850495   0.00993309431781222   -0.00648724720712628   0
0.0784618393048493   0.0108502261515751   -0.00157533558020016   0
0.0836065112472109   -0.0181663789135927   0.00514467194236155   0
0.131869096447159   -0.00715404354521289   0.0482625851999477   0
0.122873848665166   0.00830745340386101   -0.00899524778199302   0
0.0906947400930175   0.016422503886352   -0.032179108572148   0
0.088606115233621   -0.00726829397995296   -0.00208862485939652   0
0.105161886205459   -0.00798872395900033   0.0165557709718384   0
0.124199712032114   0.0110923629661957   0.0190378258266544   0
0.0958130072019713   0.00214812949024207   -0.0283867048301426   0
0.100080496842804   -0.0201224031526246   0.00426748964083272   0
0.160583493991296   0.023985910380455   0.0605029971484917   0
0.282513521171996   0.059119245388779   0.121930027180701   0
0.23271410215595   -0.0292006797161536   -0.0497994190160461   0
0.222937721121528   -0.0282846577377163   -0.00977638103442263   0
0.269051197045135   0.00851873829555394   0.0461134759236078   0
0.271476754471087   -0.00431402310770909   0.0024255574259518   0
0.235878524799996   -0.0202572043723132   -0.0355982296710907   0
0.233090207432986   -0.0193669280314713   -0.00278831736701024   0
0.232302687025683   0.0275991580573311   -0.000787520407302955   0
0.235383469957761   0.000301125430571092   0.00308078293207753   0
0.226368971607992   -0.00825579559547754   -0.00901449834976842   0
0.218436503811153   -0.00556413728393623   -0.00793246779683895   0
0.227823237091943   0.0147708034063707   0.00938673328078932   0
0.25736652071979   0.0127778463851358   0.0295432836278472   0
0.270868373423624   -0.00708651122626811   0.0135018527038345   0
0.245796335811602   -0.011060994489589   -0.025072037612022   0
0.239008346030343   0.00878630088377946   -0.00678798978125969   0
0.249082660322653   0.0169893804697194   0.0100743142923101   0
0.261739401774284   0.0115704308660418   0.0126567414516311   0
1.1422713574716   0.302914077243857   0.880531955697311   1
2.1104201340556   0.259175731202468   0.968148776584004   1
1.86954018796501   0.0643920627094692   -0.240879946090588   0
1.81430756470788   0.0340742976072452   -0.0552326232571274   0
1.78422467543258   0.0057083279748017   -0.0300828892753022   0
1.75836731028147   -0.011887537355028   -0.0258573651511087   0
1.78314851787681   -0.0112586286248448   0.0247812075953338   0
1.80503877030827   -0.000357495709627731   0.0218902524314659   0
1.81785548000384   -0.00734104836466998   0.0128167096955696   0
1.81161304500333   -0.0275360756578332   -0.00624243500050814   0
1.84755220270998   0.00599147315488935   0.0359391577066468   0
1.84288298949716   0.0383309498129982   -0.00466921321281766   0
1.82032060197167   0.0140796103921701   -0.0225623875254934   0
1.80070448296451   -0.00361992229516273   -0.0196161190071549   0
1.83252645058168   0.00143346794209509   0.031821967617168   0
1.85561493842526   0.00283522492178623   0.0230884878435822   0
1.85046011703508   0.0173721270182883   -0.0051548213901802   0
1.81142960090684   -0.00607447195386557   -0.0390305161282483   0
1.84323168674193   0.00341030705348355   0.0318020858350936   0
1.85238484345998   0.00448266067836545   0.00915315671804873   0
1.82696994620143   0.00187104077567224   -0.0254148972585502   0
1.81981682684453   -0.00353501299646763   -0.00715311935689655   0
1.85926771127425   -0.00542930981319423   0.0394508844297214   0
1.87960420165909   0.00120527158467076   0.0203364903848349   0
1.84623675012402   0.015767125087373   -0.033367451535069   0
1.84030668767742   -0.0224926177832038   -0.00593006244659589   0
1.8517631441244   0.0186623189796813   0.0114564564469815   0
1.84881741675895   0.00939994256967336   -0.00294572736545096   0
1.8249640250157   -0.000856508474792017   -0.0238533917432548   0
1.81571341717939   0.00201568437012001   -0.00925060783631104   0
1.93923086718582   0.0279469070254221   0.123517450006428   0
1.92737125581451   -0.012007481983644   -0.0118596113713061   0
1.88315262061987   0.0354756523622421   -0.0442186351946352   0
1.92133900484415   -0.0321376114629616   0.0381863842242733   0
1.87506629918518   0.0158025785890787   -0.0462727056589698   0
1.90178811034155   -0.0281790091007579   0.0267218111563763   0
1.913187393656   0.0168076644187445   0.0113992833144483   0
1.88452457096538   0.00143357010922884   -0.0286628226906229   0
1.95490883611596   -0.0364212342497539   0.0703842651505782   0
1.97091137894275   0.00918394884523532   0.0160025428267889   0
1.99374926417698   -0.00633683622421621   0.022837885234233   0
1.98004337196973   0.0107683434267237   -0.0137058922072519   0
1.93215709605333   0.0206247016196981   -0.0478862759163945   0
1.91052088180383   0.00516488305459406   -0.0216362142494992   0
1.92329265255557   0.0074790975786253   0.0127717707517385   0
1.91832427849184   0.0137163934304829   -0.00496837406372941   0
1.91356758929369   -0.00614976530755329   -0.00475668919815675   0
1.92593576237903   0.0186364704129683   0.0123681730853449   0
1.94344517266406   -0.00669942390802603   0.0175094102850319   0
1.92205670514816   0.0110758504342591   -0.0213884675159044   0
1.92082425386297   0.00313757691243199   -0.00123245128518512   0
1.90861542346127   -0.0015873255012786   -0.0122088304017016   0
1.94375703940449   -0.00977882832329779   0.0351416159432156   0
1.93464878626871   0.00988091923266454   -0.00910825313577557   0
1.91814756424219   -0.00205214020619127   -0.0165012220265215   0
1.92612916907103   -0.0273546435660851   0.00798160482883747   0
1.97044742135435   -0.0198747961651563   0.0443182522833199   0
1.92916372227994   0.0246690122141507   -0.0412836990744063   0
1.89955650211865   0.00376561443890455   -0.0296072201612889   0
1.87248264693061   0.00342393813446318   -0.0270738551880469   0
1.90289437770919   -0.0180377241927465   0.0304117307785849   0
1.89705301886195   0.0131639723493229   -0.00584135884723769   0
1.90704904227317   0.00797703062957722   0.0099960234112122   0
1.8758021867024   -0.00336203336220009   -0.0312468555707666   0
1.91102142221019   0.00408503927182147   0.0352192355077894   0
1.92568475372191   0.00408726074577381   0.0146633315117182   0
1.94512964519495   -0.0145302260172662   0.0194448914730481   0
1.88882813360083   0.00782949528560306   -0.0563015115941232   0
1.84137408378017   -0.0157017850842625   -0.0474540498206637   0
1.88095889370748   -0.000841123785395248   0.0395848099273077   0
1.89532166228453   0.0113964188626903   0.0143627685770562   0
1.88423812035157   0.000400800860447914   -0.011083541932966   0
1.85913607224196   -0.0180096630708709   -0.0251020481096087   0
1.88296237508806   -0.0186649046770822   0.0238263028460983   0
1.92703900579938   0.0105900903306758   0.0440766307113218   0
1.88924766035114   0.022007461326824   -0.0377913454482386   0
1.85905581244008   0.00011498543739763   -0.0301918479110572   0
1.91359601865918   -0.0315855911243951   0.0545402062190949   0
1.91286341925659   0.0258732564278492   -0.000732599402589518   0
1.95305401332919   0.000347544389460941   0.0401905940726013   0
1.9015720615147   0.0176760294481046   -0.051481951814492   0
1.89151014315949   -0.00565095546451677   -0.0100619183552015   0
1.9466378188293   -0.0405877089580905   0.0551276756698067   0
1.98847516270332   -0.0592348780129111   0.0418373438740205   0
2.04576959914215   -0.110143441819384   0.0572944364388321   0
2.00155621009116   0.024816406769687   -0.044213389050991   0
1.94748914841123   0.0618420696887545   -0.0540670616799319   0
1.89669213175992   0.0338325226983441   -0.0507970166513081   0
1.94013782401696   -0.0136745294578632   0.0434456922570339   0
1.94323318534607   0.0172498978192785   0.00309536132911759   0
1.94214860294404   0.0121708449447729   -0.00108458240203047   0
1.92685742211509   0.00315606230952048   -0.0152911808289564   0
1.95146245487263   -0.0136438043097529   0.0246050327575402   0
1.99296908165418   0.000858436740119539   0.0415066267815514   0
2.00097321248818   0.0217694761517896   0.00800413083399687   0
1.95446929731526   0.0329493020898627   -0.046503915172917   0
1.93593108920056   -0.0203133302174455   -0.0185382081147027   0
1.98504260615944   -0.0105415982513647   0.0491115169588816   0
2.0013987448138   0.0142989263229646   0.016356138654362   0
1.99665708759103   -0.00403416004293522   -0.00474165722276809   0
1.94073778205287   0.0157353534520126   -0.0559193055381595   0
1.93110245122792   -0.000587064937777937   -0.00963533082494727   0
1.95074510920731   -0.00405462067314677   0.019642657979388   0
1.96929554794513   -0.00322202900139557   0.0185504387378148   0
1.94139191322856   -0.00206597260997277   -0.0279036347165671   0
1.96588853871284   -0.0292485218670619   0.0244966254842784   0
2.04209840055995   -0.0425143426282979   0.0762098618471092   0
2.02979304294132   0.00331683939100069   -0.0123053576186245   0
1.95067635504009   0.068930048086569   -0.0791166879012313   0
1.95702753287352   -0.0075196968492508   0.00635117783342376   0
2.02003848218623   -0.0522974553241157   0.063010949312714   0
2.03607722307898   -0.0708095002282406   0.0160387408927476   0
1.98890781128023   0.00832668458003283   -0.0471694117987518   0
2.02625626195689   -3.08107685497161e-05   0.0373484506766619   0
2.06723905852649   -0.0175128440245294   0.040982796569605   0
2.13857646250608   -0.0987968890760852   0.0713374039795824   0
2.14071957547719   -0.0265641958184266   0.00214311297111713   0
2.0868732865591   0.0304863638824562   -0.0538462889180877   0
2.07044453726398   0.0311338260081745   -0.0164287492951263   0
2.04977100775703   0.0142826522063768   -0.0206735295069529   0
2.10067969019202   0.00413348875808583   0.0509086824349962   0
2.12425986088361   0.00428438746684301   0.0235801706915875   0
2.11445006384095   0.00698737400985561   -0.00980979704265916   0
2.08579906840676   0.0245891009403065   -0.0286509954341918   0
2.08859737820559   0.00148042539123805   0.00279830979882778   0
2.09587389259815   0.00525554932056072   0.00727651439255927   0
2.06492640965877   0.00238592831374418   -0.0309474829393772   0
2.04961889527328   -0.011779878014713   -0.0153075143854906   0
2.09898239264203   -0.0059593630725584   0.0493634973687507   0
2.11047992972505   0.0202052311030231   0.0114975370830215   0
2.0918641073677   0.00402013903197529   -0.0186158223573529   0
2.07302150938238   -0.00308177442875612   -0.0188425979853175   0
2.10225730340704   -0.00659498384424595   0.0292357940246637   0
2.11520105688159   0.0191831176177476   0.0129437534745485   0
2.12089519658168   -0.00510519555273925   0.00569413970009025   0
2.07518870849695   -0.00288311392848439   -0.0457064880847287   0
2.06356486920311   -0.0107063858835665   -0.0116238392938426   0
2.10373197198366   0.000266472524257932   0.0401671027805479   0
2.11128375627046   -0.0311993167704864   0.00755178428680114   0
2.06340255586798   -0.0116357688948413   -0.0478812004024833   0
2.05628539263456   -0.00449378370823594   -0.00711716323342015   0
2.0474700740255   -0.00788053701121794   -0.00881531860905271   0
2.07043081920364   0.0222221227644233   0.0229607451781351   0
2.09090132396103   0.00519546996358888   0.020470504757395   0
2.0530416019709   0.00765313293167891   -0.0378597219901304   0
2.05121737301718   -0.0140883082819139   -0.00182422895372314   0
2.07968175582738   0.0195857431782409   0.0284643828101996   0
2.09643094999722   0.0186249538155093   0.0167491941698419   0
2.07844283292427   -0.000768984892211666   -0.0179881170729543   0
2.0788057753533   -0.00847292556635459   0.000362942429036561   0
2.13412937120135   -0.00143296779071989   0.055323595848042   0
2.14760360858405   0.00661819902871441   0.013474237382709   0
2.1277020278285   0.00769748739696585   -0.0199015807555569   0
2.06924286745303   0.00448903187141825   -0.0584591603754645   0
2.08421409754786   -0.0150456971435872   0.0149712300948295   0
2.10831070343557   0.00700447340422006   0.0240966058877103   0
2.11489540990944   0.00640112508926127   0.00658470647386356   0
2.08826663032789   -0.00849516940513595   -0.0266287795815461   0
2.10340689700715   -0.00832738452078696   0.0151402666792606   0
2.1505536172179   -0.0175109792172143   0.0471467202107503   0
2.23896684634861   -0.0915318341197109   0.0884132291307109   0
2.18322762755043   0.0129605668809989   -0.0557392187981773   0
2.14372672437049   0.0352764994640692   -0.0395009031799409   0
2.10512544611705   0.0170680619620589   -0.0386012782534459   0
2.10029109854932   -0.00406154065877173   -0.00483434756772994   0
2.1307393761711   0.0108816594799284   0.0304482776217805   0
2.15085959167405   0.00187271195086991   0.0201202155029492   0
2.04343866155612   0.058679510863976   -0.107420930117932   0
1.95898107483865   0.023877906118616   -0.0844575867174633   0
1.96981386693826   0.00202283492588484   0.0108327920996045   0
2.00844425581748   0.0170166389610531   0.0386303888792279   0
2.0467205647917   0.0194569814012708   0.0382763089742135   0
2.0309170716379   0.0336498171228606   -0.0158034931538014   0
2.01391339037538   0.00225288009983271   -0.0170036812625192   0
2.05297218595534   -0.0363955796361   0.0390587955799626   0
2.04614321427619   0.00710378269823342   -0.0068289716791492   0
2.02067801641677   -0.00592708322615421   -0.0254651978594245   0
2.04604124604442   -0.00892507841410384   0.0253632296276516   0
2.06974297854021   0.0263185797665965   0.0237017324957915   0
2.08719716297796   0.00959298844969114   0.0174541844377512   0
2.06346014012326   -0.000979773167505305   -0.0237370228547018   0
2.02733670151075   0.0145484780386943   -0.0361234386125067   0
2.04599580917123   0.000451899276291856   0.0186591076604805   0
2.05086786027404   -0.00751631989210733   0.0048720511028022   0
2.04072772772582   0.0066301150192245   -0.0101401325482127   0
2.01396584329613   0.020280283087338   -0.0267618844296909   0
2.14405415513001   -0.0831314302740843   0.130088311833875   0
2.36277141240266   0.209338579332659   0.218717257272651   0
2.30547979656996   -0.0243179164278156   -0.057291615832701   0
2.2036642589891   0.00493059096633341   -0.101815537580852   0
2.21082844968583   -0.00946021090900939   0.00716419069672547   0
2.2197414234863   -0.00305897643215414   0.00891297380047362   0
2.23602614378746   -0.0458595470162575   0.0162847203011527   0
2.20292389342551   0.0400192596879654   -0.0331022503619476   0
2.2069556895246   0.000506541382701342   0.00403179609909099   0
2.22132546049813   -0.0191281778714633   0.0143697709735355   0
2.21894529450841   0.00598820510782494   -0.00238016598972823   0
2.26006566444987   -0.0053121823304888   0.0411203699414671   0
2.25403206970398   0.0306791795752301   -0.0060335947458956   0
2.24289563548574   0.0103107971959011   -0.0111364342182343   0
2.21905982962047   -0.0373742315622834   -0.0238358058652692   0
2.22107001155772   -0.00149684510519332   0.00201018193724245   0
2.25576415406559   0.00695437642854901   0.0346941425078739   0
2.2890967061062   0.122395186324002   0.033332552040608   0
2.25279458197374   -0.0188669232620999   -0.0363021241324564   0
2.22092374736865   0.00553571462845981   -0.0318708346050944   0
2.23320339193618   0.0120672977405223   0.0122796445675291   0
2.27716068674726   -0.021117922836219   0.043957294811082   0
2.24982913897506   -0.0108108465035706   -0.0273315477722016   0
2.2431216470214   -0.0176749980615423   -0.00670749195365739   0
2.28648989206103   -0.013561198383865   0.0433682450396273   0
2.29383252844345   0.0174479976326922   0.00734263638241828   0
2.27366078758596   0.0125826668094988   -0.0201717408574882   0
2.27424604441362   0.02114358787382   0.00058525682766275   0
2.24819214202818   0.00193504775322251   -0.026053902385442   0
2.26668771798984   -0.015348748627233   0.0184955759616638   0
2.28767570764788   0.0124808601627686   0.020987989658042   0
2.25721093841493   -0.0149963548541012   -0.0304647692329563   0
2.25478052072236   0.0412888971189684   -0.00243041769256758   0
2.17459689193934   -0.0308988470298008   -0.0801836287830175   0
2.21460296960561   -0.0151833672825854   0.0400060776662703   0
2.21842848732075   0.00571512871359459   0.00382551771514095   0
2.21032979862033   -0.00574645218180203   -0.00809868870042152   0
2.20079081462943   0.0218261372357131   -0.00953898399090747   0
2.20385169957713   0.00553536065911531   0.00306088494770362   0
2.27107678698239   -0.0249682893191889   0.06722508740526   0
2.22601059105415   0.0227320818677896   -0.0450661959282379   0
2.22496003228238   0.0100695615435722   -0.00105055877177307   0
2.19756319716914   -0.018619812623434   -0.0273968351132381   0
2.23507570314497   -0.00752423456172746   0.0375125059758337   0
2.27305813624487   -0.00846533952862938   0.0379824330998959   0
2.24368871909413   0.0197459372746178   -0.0293694171507415   0
2.18643267689632   -0.0173947402543433   -0.0572560421978099   0
2.18071202471515   -0.0209683535613872   -0.00572065218116791   0
2.23439467732924   0.00348875420379868   0.0536826526140928   0
2.2551318227867   0.0121556824356273   0.0207371454574532   0
2.21778171819704   0.00626065948280718   -0.0373501045896596   0
2.21034688171472   -0.0177180869625226   -0.00743483648231358   0
2.27780666969324   0.00204750403458398   0.0674597879785148   0
2.2467234659088   -0.0121654360975338   -0.031083203784438   0
2.30124520329886   -0.0138292483389026   0.0545217373900573   0
2.26431838223344   -0.0038286685575053   -0.0369268210654199   0
2.25819139632921   -0.00819674428859152   -0.00612698590423078   0
2.2842313091966   0.0193858546641323   0.0260399128673909   0
2.2866350902849   0.010482969644132   0.00240378108830619   0
2.27317277401768   0.00203017917970172   -0.0134623162672201   0
2.26875697317105   -0.01778512714365   -0.00441580084663684   0
2.29596849388929   0.00264223107598505   0.0272115207182431   0
2.31092866176268   0.00433762849608299   0.0149601678733902   0
2.31229203311692   -0.0105345152641103   0.00136337135424425   0
2.30546881476415   -0.014330192121226   -0.00682321835277744   0
2.31674143063593   0.0195608046140638   0.0112726158717797   0
2.32583277688493   0.0175935632522628   0.00909134624900076   0
2.30487848358221   0.00565805252241858   -0.0209542933027125   0
2.28834853588723   0.0211108338650368   -0.0165299476949805   0
2.25000596033744   0.0612154471615067   -0.0383425755497959   0
2.30362856304158   0.0696979818516617   0.053622602704138   0
2.34576652374144   -0.122498371443176   0.0421379606998635   0
2.31870786401182   -0.0120052505208599   -0.0270586597296205   0
2.36427683554317   -0.0195700008599136   0.0455689715313459   0
2.42346049219649   -0.11829524834166   0.0591836566533237   0
2.40444518590698   -0.0328532782740217   -0.0190153062895093   0
2.37834764239067   0.0495984035751474   -0.0260975435163111   0
2.37517226304725   0.031393328290814   -0.00317537934341683   0
2.35619588408249   0.0192776917413968   -0.0189763789647652   0
2.38038164184995   4.34915331000152e-05   0.0241857577674605   0
2.39023855199774   0.0128859316036549   0.00985691014779277   0
2.3959345416877   0.0120168652556907   0.00569598968996088   0
2.36553122490509   0.0217078223312226   -0.0304033167826057   0
2.30532148165505   -0.00212507285082264   -0.0602097432500415   0
2.32511899263462   -0.0183921226324812   0.0197975109795707   0
2.31584567704457   0.00130154960154716   -0.00927331559005884   0
2.28468085801694   0.0223349888095399   -0.0311648190276297   0
2.29107768446969   -0.00538167618639052   0.00639682645275519   0
2.33456877451431   -0.00600430034748412   0.0434910900446197   0
2.34182953699645   0.0108678323579612   0.00726076248213792   0
2.32478092237425   0.0110996024046557   -0.017048614622202   0
2.31049711463188   0.0249799823211059   -0.0142838077423644   0
2.31779464960251   0.00717245315591097   0.00729753497062324   0
2.31332353890696   0.0289137401188073   -0.00447111069554973   0
2.46113354105507   0.0191053042665199   0.147810002148111   0
2.48951461239757   0.034089452845653   0.028381071342499   0
2.43580301648019   -0.00641353983115245   -0.053711595917374   0
2.43732701767166   0.0160154427295822   0.00152400119147256   0
2.44730025803966   -0.00233808801973678   0.00997324036799796   0
2.44515341642713   -0.00178910118118547   -0.00214684161253587   0
2.37941381228702   -0.020074207882699   -0.0657396041401062   0
2.38422320004252   -0.0282397751721926   0.00480938775550133   0
2.42728255652412   0.0198125348479226   0.0430593564815949   0
2.43189788591344   0.0100043673644774   0.00461532938932185   0
2.43645167375858   0.0170550182123756   0.00455378784514471   0
2.40388017791674   -0.00540115493247262   -0.0325714958418462   0
2.42204592390999   -0.00285655764958581   0.018165745993254   0
2.45285274606737   0.0071927142237993   0.0308068221573814   0
2.43710740939484   0.00294267996653552   -0.0157453366725275   0
2.42188830935615   0.0518981803961742   -0.015219100038693   0
2.36455650229959   0.0156180361192917   -0.057331807056566   0
2.38711830592479   0.000991947178256014   0.0225618036252064   0
2.39124477110855   0.00351947385302731   0.00412646518376159   0
2.35818658437241   0.00398721159609461   -0.0330581867361466   0
2.31825223135426   -0.0242298453321179   -0.0399343530181477   0
2.3286091798454   -0.0247354971179727   0.010356948491137   0
2.37728642869323   0.0320956225438558   0.0486772488478309   0
2.37604707699448   0.0416982545312135   -0.00123935169874967   0
2.32493815932602   -0.00287209506977559   -0.05110891766846   0
2.34582649393023   -0.040467577696135   0.0208883346042135   0
2.36127143881157   0.021835118573704   0.0154449448813363   0
2.38126137008965   0.00537126720059122   0.0199899312780851   0
2.39246638138601   0.00255786388416346   0.0112050112963535   0
2.32453709808082   -0.0497663303610927   -0.0679292833051854   0
2.32867606826223   0.0158920376247638   0.00413897018141229   0
2.3662978085146   -0.0249364050825098   0.0376217402523675   0
2.31697622617438   0.00322731459362369   -0.0493215823402249   0
2.31050407959519   0.00500898894991164   -0.00647214657918882   0
2.33534475864598   -0.00821909601140325   0.0248406790507922   0
2.34433809059188   0.0292923580043349   0.00899333194590524   0
2.33036746547733   0.00253460707517106   -0.0139706251145513   0
2.33179150633456   -0.0117089440042366   0.00142404085722792   0
2.35927891321167   0.000435151456656735   0.0274874068771118   0
2.38085590960247   0.00670262271076627   0.0215769963907966   0
2.39450276933234   0.0224909689547104   0.0136468597298718   0
2.35568611488776   0.00922203029978408   -0.0388166544445787   0
2.37854644157078   0.00482522080562919   0.0228603266830132   0
2.36247640458609   0.0137319871909487   -0.0160700369846891   0
2.3659273052799   0.0117814552520732   0.00345090069381149   0
2.32965917340477   0.0178291052565611   -0.0362681318751266   0
