0.140609938968775   0   0   0
0.140013776772368   -0.0117195349004021   -0.000596162196406486   0
0.126296191015654   0.00885121353643104   -0.0137175857567143   0
0.124810403825202   0.0230749894443905   -0.00148578719045174   0
0.150194006684197   0.000962047802856941   0.0253836028589946   0
0.133348335984415   -0.0276781779901551   -0.0168456706997814   0
0.160040695963753   0.0390897351577149   0.0266923599793379   0
0.174854149969334   -0.0602814140162878   0.0148134540055804   0
0.172355654844597   0.0259652102369518   -0.00249849512473624   0
0.148520569667572   -0.00789698359252383   -0.0238350851770257   0
0.172476947498204   -0.0103513790116091   0.0239563778306328   0
0.168037511315569   0.0235599142954907   -0.00443943618263515   0
0.181192437989972   -0.0164903348275623   0.0131549266744031   0
0.201472664144539   0.014398698004135   0.0202802261545666   0
0.15349723902964   0.0564591577758692   -0.0479754251148988   0
0.162303080219261   -0.0543543500706772   0.00880584118962116   0
0.104518951497671   0.0573728752364273   -0.0577841287215904   0
0.0754237609659913   -0.0555773132489631   -0.0290951905316797   0
0.0525120052451104   0.07072981836835   -0.022911755720881   0
0.0645966975827906   -0.0969840938277259   0.0120846923376802   0
0.041170918413153   -0.0810458463327254   -0.0234257791696376   0
0.0382849174047366   0.0935546204983279   -0.00288600100841644   0
0.0780498810364885   -0.0632482704810612   0.0397649636317519   0
0.0763058241802027   0.165817347426057   -0.00174405685628577   0
0.0979895831895411   -0.0321388240955358   0.0216837590093384   0
0.193349028323134   -0.208597235997697   0.0953594451335927   0
0.139569974999998   0.234287130276721   -0.0537790533231361   0
0.104530915771412   0.124259243418646   -0.0350390592285859   0
0.133315397973902   -0.180557814048154   0.0287844822024906   0
0.130332161079068   -0.0111093024586733   -0.00298323689483498   0
0.14235664638748   -0.0987171342177168   0.0120244853084124   0
0.140932830604121   -0.00460315929538253   -0.00142381578335843   0
0.132877241546248   0.0230042077901042   -0.00805558905787321   0
0.145401964654884   -0.0587421392572932   0.0125247231086353   0
0.133572872014876   0.0700288692938933   -0.0118290926400073   0
0.123070718253785   0.0348413604714773   -0.0105021537610914   0
0.116906550069414   0.0184474955115681   -0.00616416818437046   0
0.125307291916472   0.0674048642095984   0.00840074184705787   0
0.123737493368259   -0.0682225888663825   -0.00156979854821303   0
0.108203565656082   0.106354445447318   -0.0155339277121775   0
0.120096702967609   -0.13981530266584   0.0118931373115268   0
0.100183271845403   0.052441222596776   -0.0199134311222052   0
0.146584530567485   -0.116869245089124   0.0464012587220818   0
0.105308167858386   0.108864109239711   -0.0412763627090992   0
0.123579798329703   -0.0432103477960109   0.0182716304713168   0
0.14633892661019   -0.0729396022286886   0.022759128280487   0
0.103655246714156   0.147986266390826   -0.042683679896034   0
0.104404198364829   -0.0176371730909209   0.000748951650672958   0
0.117296660507546   -0.0404329087565874   0.0128924621427173   0
0.117568825907891   0.0127641175469392   0.000272165400345095   0
0.103630940777755   0.00328978313323008   -0.0139378851301364   0
0.103785530520504   0.0253906674775338   0.00015458974274947   0
0.0959513282579246   0.0102597397726537   -0.00783420226257958   0
0.103465267260854   -0.0129606464264789   0.00751393900292968   0
0.0972988613762514   -0.0313106444105497   -0.00616640588460282   0
0.137188621589593   -0.0688515274094766   0.0398897602133414   0
0.0998165077607031   0.107849887218837   -0.0373721138288898   0
0.131512411772616   -0.0862093087049903   0.0316959040119125   0
0.140271474247029   0.0825992471997132   0.00875906247441371   0
0.121965502067275   0.0307829476746147   -0.0183059721797541   0
0.106440027402265   -0.037312571030477   -0.0155254746650098   0
0.112589952016565   -0.0114012413891834   0.00614992461430004   0
0.0867008581395248   0.0373968113276865   -0.0258890938770406   0
0.102462466860065   -0.00195873086292742   0.0157616087205406   0
0.0783202878269896   -0.00911787374310202   -0.0241421790330758   0
0.0997674322938227   -0.00670354805931087   0.0214471444668331   0
0.0836931309285595   -0.00145475241038687   -0.0160743013652632   0
0.100927627560854   0.00443968416395163   0.0172344966322947   0
0.118449689708722   -0.0176134268784084   0.0175220621478677   0
0.114139583555586   -0.00125821790077371   -0.00431010615313634   0
0.105592278057501   -0.0170210392831751   -0.00854730549808506   0
0.103022761898031   0.0393023745048786   -0.00256951615946946   0
0.104216264534539   -0.0182812703117732   0.00119350263650803   0
0.111056302896425   -0.00695007251899249   0.00684003836188594   0
0.11329739431387   0.00983653073006138   0.00224109141744482   0
0.125167748470892   -0.0182658363445248   0.0118703541570222   0
0.117653086130612   0.0514780741880576   -0.00751466234027999   0
0.112248243234148   -0.0208464739457576   -0.00540484289646387   0
0.132083958993097   0.00685669644475734   0.0198357157589483   0
0.109086330016059   0.0328234422229115   -0.0229976289770377   0
0.124300352943747   -0.0273359071888691   0.0152140229276878   0
0.137331144172908   0.00903995118542897   0.0130307912291611   0
0.125872210916469   -0.0269323580170414   -0.0114589332564391   0
0.127301929469127   0.0375137706736148   0.00142971855265792   0
0.109828821007694   0.0179919621557634   -0.017473108461433   0
0.116027396243829   -0.00732912730996921   0.00619857523613535   0
0.0952904504915498   0.0273569322261606   -0.0207369457522792   0
0.0703444790585054   -0.0641071419643063   -0.0249459714330444   0
0.0904761891542327   0.0416987601280996   0.0201317100957273   0
0.0572555177473971   -0.000993945603364021   -0.0332206714068356   0
0.0927941690891324   0.0098548114215663   0.0355386513417354   0
0.0864802198218327   0.011776168193114   -0.00631394926729975   0
0.0961461224900542   -0.00700607523913366   0.0096659026682215   0
0.0795620871763053   0.00412568198703678   -0.0165840353137489   0
0.0940176095539288   -0.0134975579519422   0.0144555223776235   0
0.0945417246784191   0.0269742944315325   0.000524115124490326   0
0.0843495934516729   -0.0263144463357027   -0.0101921312267462   0
0.093353501801084   0.0137044582942793   0.00900390834941112   0
0.106752602861054   0.0278900093263492   0.0133991010599704   0
0.0875597973054415   -0.0320774700175369   -0.0191928055556129   0
0.105600542836432   0.0290729374387643   0.0180407455309901   0
0.0725529395532152   -0.0413984149543242   -0.0330476032832164   0
0.0853910235057819   0.0298564890581209   0.0128380839525667   0
0.0910979120698987   -0.00905483312486804   0.00570688856411682   0
0.0863242729176628   -0.000764658748987235   -0.00477363915223597   0
0.0821565749808559   0.0246308298746363   -0.00416769793680687   0
0.0776980612820713   -0.0490207676486513   -0.00445851369878462   0
0.0697448207988235   0.0367115064217924   -0.00795324048324779   0
0.0885474274043718   -0.0202862371682405   0.0188026066055483   0
0.0760964160256086   -0.00838834243926878   -0.0124510113787632   0
0.0964614950216666   0.0324146191305149   0.020365078996058   0
0.070712635667768   -0.0317348638199852   -0.0257488593538985   0
0.0876831913930771   0.0404625350954972   0.0169705557253091   0
0.0791977490842543   -0.00839486925812755   -0.00848544230882287   0
0.0714474818087384   -0.00344313776548727   -0.00775026727551589   0
0.0725717222474429   0.0180395810268235   0.00112424043870452   0
0.0555858137898736   -0.0285801959356015   -0.0169859084575693   0
0.0621477503622215   0.0279895619679401   0.00656193657234791   0
0.0594062488242819   -0.0226479424338331   -0.00274150153793955   0
0.0799142100348017   0.0258306109693649   0.0205079612105197   0
0.0431637722745881   -0.0389666943602491   -0.0367504377602136   0
0.0567397583637347   0.0547434070815305   0.0135759860891466   0
0.0399296065300549   -0.0344043275375177   -0.0168101518336798   0
0.0553315719999441   0.0476043511377803   0.0154019654698893   0
0.0342115342766515   -0.0255677935670267   -0.0211200377232926   0
0.054212351379265   0.0231040957250468   0.0200008171026135   0
0.0389040393773256   0.001552792265124   -0.0153083120019395   0
0.0612208322782368   -0.0132595855224809   0.0223167929009112   0
0.0318794402236175   -0.00700400870205586   -0.0293413920546193   0
0.0405205006140282   -0.0139792745490991   0.00864106039041072   0
0.0469754108421896   0.0453268920556575   0.00645491022816133   0
0.0353217157587581   -0.0238255975972625   -0.0116536950834315   0
0.0445371617803604   0.032587219617312   0.00921544602160235   0
0.0413647078851211   -0.00454323388999828   -0.00317245389523935   0
0.0464561103522249   0.00102210229829386   0.00509140246710382   0
0.0274085551188785   0.019304378502224   -0.0190475552333464   0
0.0476979274974291   -0.00910943694669331   0.0202893723785506   0
0.0226644072768234   0.0079458995755427   -0.0250335202206057   0
0.0223969517926313   -0.0340337262153103   -0.000267455484192099   0
0.041985131423785   0.0132746950956785   0.0195881796311537   0
0.0519821676796005   0.0333854216261941   0.00999703625581545   0
0.0179649152444424   -0.0559483868598962   -0.034017252435158   0
0.0222363587608223   0.00250069838034572   0.0042714435163799   0
0.0306647336304263   0.0132293031216324   0.00842837486960401   0
0.028591955298232   0.00973586256809661   -0.00207277833219429   0
0.0252651366330805   -0.0234792082808554   -0.00332681866515157   0
0.0386523473689597   0.0422877585969654   0.0133872107358792   0
0.018482514207413   -0.0215421922038713   -0.0201698331615466   0
0.0220568132652866   0.00465360805132392   0.0035742990578736   0
0.0426003865990967   -0.0248134727395877   0.0205435733338101   0
0.0285382741972903   0.0204131550305538   -0.0140621124018064   0
0.0353710973748695   -0.0161644722101356   0.00683282317757921   0
0.0318971844266665   -0.00247977765731816   -0.003473912948203   0
0.029167962144487   0.0447968095711013   -0.00272922228217953   0
0.0168860744563894   -0.0225000508125709   -0.0122818876880976   0
0.0333728569067217   0.0238232212613366   0.0164867824503324   0
0.0322872305736115   0.0196568335191064   -0.0010856263331102   0
0.0877653333329852   0.079781489283197   0.0554781027593736   0
0.1191844676426   -0.190727465511558   0.031419134309615   0
0.0974739485642318   -0.0133029550281841   -0.0217105190783684   0
0.106314161160802   0.141363089682155   0.00884021259657031   0
0.0958177725975849   -0.0874615528910102   -0.0104963885632171   0
0.0730518096323595   0.0651005938076361   -0.0227659629652254   0
0.0826510505058617   -0.00561318591671861   0.00959924087350215   0
0.0963746281471426   0.0449660187815154   0.0137235776412808   0
0.0658697540535297   -0.0672030367103822   -0.0305048740936128   0
0.0951557366027398   0.0950262887949456   0.0292859825492101   0
0.060261695803906   -0.0307963594023473   -0.0348940407988338   0
0.0514511605403853   0.002873626408255   -0.0088105352635207   0
0.0671647376089939   0.0314391051780797   0.0157135770686086   0
0.0494302446500116   -0.0327128916154075   -0.0177344929589823   0
0.0580836905100304   0.0265950904818465   0.00865344586001884   0
0.0532410538581601   -0.00660134585476913   -0.00484263665187037   0
0.0570702322459135   -0.0293187742021223   0.0038291783877534   0
0.0462724794409701   0.018494679130607   -0.0107977528049434   0
0.0397631281751587   -3.27754672510561e-05   -0.00650935126581138   0
0.0568437865945567   -0.00843438808640512   0.017080658419398   0
0.0634809410644447   0.0207134563768702   0.00663715446988802   0
0.0643780022489437   -0.029085258015233   0.000897061184499004   0
0.0514297950630274   -0.0406928711482103   -0.0129482071859163   0
0.0614161646495855   0.0417937859354751   0.00998636958655812   0
0.052538529059396   -0.0212128508938715   -0.00887763559018951   0
0.0604404375988667   0.0227539356079927   0.00790190853947068   0
0.0444411993403081   -0.0194523330374764   -0.0159992382585586   0
0.0372867877096566   0.002508678218128   -0.00715441163065147   0
0.0345549716791231   0.00723334110671991   -0.00273181603053351   0
0.0429588071545815   -0.00156798108951284   0.00840383547545841   0
0.0354397180835585   -0.0152834343275969   -0.00751908907102307   0
0.056230658552986   0.0391134342870395   0.0207909404694276   0
0.0412517959654028   -0.0184810669301287   -0.0149788625875832   0
0.051509062085809   -0.00961753900282925   0.0102572661204062   0
0.0518572971273063   0.0242823600351405   0.000348235041497266   0
0.0434366958509706   -0.0207856785226006   -0.00842060127633568   0
0.0457047216437755   -0.00067115443901955   0.0022680257928049   0
0.0592843145235525   0.0417382226307065   0.013579592879777   0
0.04138556674621   -0.011455440799714   -0.0178987477773425   0
0.0378419912377111   -0.0399950677941448   -0.00354357550849892   0
0.0448290895497834   0.0215780347434992   0.00698709831207236   0
0.056252668730582   0.0304060815849435   0.0114235791807986   0
0.0619202324351661   0.0103526070006733   0.00566756370458411   0
0.0786142366114434   -0.00221274744881278   0.0166940041762772   0
0.0739312037723247   0.0261454355494208   -0.00468303283911863   0
0.061499734501561   -0.0301028337681976   -0.0124314692707637   0
0.0584089873256034   -0.00291922243981807   -0.00309074717595763   0
0.0719209198223299   0.0212152841075341   0.0135119324967264   0
0.0606352805364171   -0.022815067631106   -0.0112856392859128   0
0.0805903633600197   0.0492662166167906   0.0199550828236026   0
0.0637575961928459   0.0186578232322893   -0.0168327671671737   0
0.0689311506448282   -0.0744750316989506   0.0051735544519823   0
0.0667420889405066   0.0391109099888443   -0.00218906170432155   0
0.0487428128268671   -0.00941833992091412   -0.0179992761136396   0
0.0625737754316854   -0.00249425628274907   0.0138309626048183   0
0.0601298882085274   0.0115595031141076   -0.00244388722315804   0
0.0835877345578285   0.0106478273369347   0.0234578463493011   0
0.0710438312016779   -0.0426369548213014   -0.0125439033561506   0
0.0705864764388512   0.0443742426512151   -0.000457354762826656   0
0.065690580463431   -0.0415973270539249   -0.00489589597542024   0
0.0673040965187855   0.0497345697851204   0.00161351605535455   0
0.064822227724003   0.0217147540997555   -0.00248186879478256   0
0.0605764209704981   -0.0405069354852206   -0.0042458067535049   0
0.0378629306774779   0.0483387512686286   -0.0227134902930201   0
0.0389691246227667   -0.0296680018867974   0.0011061939452888   0
0.0639112751332854   0.0344436322392153   0.0249421505105186   0
0.054264774232208   -0.0137929729649113   -0.0096465009010774   0
0.0649483675438036   -0.0217639025490578   0.0106835933115956   0
0.0691020760935046   0.0288694937107246   0.004153708549701   0
0.0803324155551325   0.0300227957465214   0.011230339461628   0
0.0716332985044839   -0.0302875990878761   -0.0086991170506486   0
0.0808080554917794   0.0225640945523971   0.00917475698729546   0
0.0550226578844352   -0.000860371751656985   -0.0257853976073442   0
0.0644680272534378   -0.0372550358234799   0.00944536936900259   0
0.0755756210805607   0.0421053994305568   0.0111075938271229   0
0.0676158498010082   0.00159067702283644   -0.00795977127955254   0
0.0795647068685765   -0.0371589155653885   0.0119488570675683   0
0.0869286699480241   0.022601038818011   0.00736396307944759   0
0.0686210970842969   -0.0126423725114239   -0.0183075728637272   0
0.0769511623844305   -0.0290317887528017   0.00833006530013367   0
0.0687802631328567   0.0567790769337025   -0.0081708992515739   0
0.0599309181298977   -0.0526268241444651   -0.00884934500295895   0
0.0699759263515682   0.0127379344216169   0.0100450082216705   0
0.0925165245633989   0.0636283636621402   0.0225405982118307   0
0.075118047709422   -0.0775695649498791   -0.017398476853977   0
0.0854202254191753   0.0593456455469314   0.0103021777097533   0
0.0716850998403303   -0.0309405851075787   -0.013735125578845   0
0.0766097363554661   0.00503844076098614   0.00492463651513578   0
0.0871557727385427   0.0382803795346662   0.0105460363830766   0
0.0533826889305768   -0.0430587491150854   -0.0337730838079659   0
0.0707296933375934   0.0330912650119191   0.0173470044070166   0
0.0530740885770001   -0.0185449072833708   -0.0176556047605933   0
0.070888898725347   -0.0122158060871703   0.0178148101483469   0
0.0496433556034189   0.022696747018436   -0.0212455431219281   0
0.0540474800121266   -0.038343705662606   0.00440412440870772   0
0.0730702209635533   0.0431716388338714   0.0190227409514267   0
0.0681372154134949   -0.0490393272933759   -0.00493300555005842   0
0.0773784181107045   0.0173600511994809   0.00924120269720964   0
0.132900595588921   -0.0954991165020357   0.0555221774782168   0
0.147028435628112   0.0747600062871304   0.0141278400391912   0
0.127841444657914   -0.0517533127449033   -0.0191869909701984   0
0.131146285719397   0.0778661840455031   0.00330484106148252   0
0.114602527677799   -0.0100839044954111   -0.0165437580415978   0
