0.00285451   0   0   0   0
0.0521909851191096   0.013159733987528   0.0493364751191097   0.013159733987528   0
0.0680407380794917   0.0270315521154909   0.015849752960382   0.0138718181279629   0
0.032343729485636   0.015977144568317   -0.0356970085938557   -0.0110544075471739   0
0.041641173201202   0.0072425   0.00929744371556596   -0.00873464456831696   0
0.0508913378869312   0.0116519026493412   0.00925016468572927   0.00440940264934122   0
0.0743299413562933   0.0310403099330532   0.0234386034693621   0.019388407283712   0
0.0500687887328826   0.0271180221495392   -0.0242611526234107   -0.00392228778351396   0
0.0415419605551134   0.0140009159771781   -0.00852682817776913   -0.0131171061723612   0
0.0592320114738321   0.0123394929248136   0.0176900509187187   -0.00166142305236446   0
0.0829376973490999   0.0165972749050108   0.0237056858752678   0.00425778198019715   0
0.0851125624181883   0.0320863096088114   0.00217486506908837   0.0154890347038006   0
0.0492007450525904   0.0279568408542972   -0.0359118173655979   -0.00412946875451417   0
0.040650627628942   0.00879265   -0.00855011742364845   -0.0191641908542972   0
0.0587042578955735   0.0293547980056498   0.0180536302666315   0.0205621480056498   0
0.0567213276737075   0.0102789024164499   -0.00198293022186594   -0.0190758955891999   0
0.0661065580737645   0.0423628729298722   0.00938523040005698   0.0320839705134223   0
0.0685071384114824   0.0558495158678659   0.00240058033771785   0.0134866429379936   0
0.0651185814618992   0.0667914466224905   -0.00338855694958318   0.0109419307546247   0
0.110209883333619   0.0564113512431087   0.0450913018717202   -0.0103800953793819   0
0.0874171403723984   0.0439998516798284   -0.022792742961221   -0.0124114995632802   0
0.0571713621622723   0.0561266423261939   -0.030245778210126   0.0121267906463655   0
0.0344826498543833   0.0507804676927911   -0.022688712307889   -0.00534617463340281   0
0.04742404795365   0.0394830485213591   0.0129413980992667   -0.0112974191714319   0
0.0489616598768557   0.0415677781625985   0.00153761192320564   0.00208472964123935   0
0.0124039748933034   0.0453086461004961   -0.0365576849835523   0.00374086793789762   0
0.0228789155068591   0.0528870693284105   0.0104749406135558   0.00757842322791442   0
0.0423419223665164   0.0527591023742094   0.0194630068596572   -0.000127966954201121   0
0.0465053527255111   0.0413382212068118   0.00416343035899468   -0.0114208811673976   0
0.0467416289487915   0.0371359436140042   0.000236276223280416   -0.00420227759280761   0
0.0442384659637018   0.0423372290092892   -0.00250316298508971   0.00520128539528501   0
0.0626842835976651   0.0314097768513169   0.0184458176339633   -0.0109274521579723   0
0.0759894820312627   0.0360552690006953   0.0133051984335977   0.00464549214937838   0
0.0772091607170477   0.0371958603466165   0.00121967868578496   0.00114059134592122   0
0.0884085308656585   0.0387478526961172   0.0111993701486109   0.00155199234950072   0
0.0907308003129924   0.0369429955478031   0.00232226944733385   -0.00180485714831414   0
0.0562470707749159   0.0371830846284638   -0.0344837295380765   0.000240089080660685   0
0.0659528615747641   0.0373958295509339   0.00970579079984822   0.000212744922470101   0
0.0787019331265757   0.0362535186245763   0.0127490715518116   -0.0011423109263576   0
0.0817825176416696   0.0331553433615157   0.0030805845150939   -0.00309817526306064   0
0.0836621419952298   0.0321749945597897   0.00187962435356022   -0.000980348801725907   0
0.0466607181318119   0.0337152214863702   -0.0370014238634179   0.00154022692658047   0
0.0607611722160625   0.0347044259022534   0.0141004540842506   0.000989204415883231   0
0.0685149793500662   0.0444471223834007   0.00775380713400376   0.00974269648114726   0
0.0793945249082706   0.028449695177179   0.0108795455582044   -0.0159974272062218   0
0.0874731036125168   0.0230442085177905   0.00807857870424621   -0.0054054866593885   0
0.060675117251473   0.0239982396325152   -0.0267979863610438   0.000954031114724779   0
0.0645609836279622   0.0339703851048071   0.00388586637648914   0.00997214547229186   0
0.0831727323661162   0.0432911531704131   0.0186117487381541   0.00932076806560597   0
0.0911950857387611   0.0481307007751469   0.0080223533726449   0.00483954760473382   0
0.0856117417450556   0.0337083540748317   -0.00558334399370551   -0.0144223467003151   0
0.0500992689403907   0.0352468550496353   -0.0355124728046649   0.00153850097480353   0
0.0645045976372227   0.0351588529052783   0.014405328696832   -8.80021443569259e-05   0
0.0839773698726442   0.0427497748156245   0.0194727722354215   0.00759092191034613   0
0.0818011235071353   0.0384006493360138   -0.00217624636550896   -0.00434912547961063   0
0.0738164899538199   0.0223059630151895   -0.00798463355331534   -0.0160946863208244   0
0.0377872026426329   0.0335421661887318   -0.0360292873111871   0.0112362031735423   0
0.0506213839003133   0.0386755794805832   0.0128341812576804   0.00513341329185147   0
0.0650302657172651   0.0608582107143844   0.0144088818169517   0.0221826312338012   0
0.064416004605521   0.0496780013042887   -0.000614261111744091   -0.0111802094100957   0
0.0754022645580914   0.0494963429298317   0.0109862599525704   -0.000181658374457008   0
0.0371885120947316   0.042035447197871   -0.0382137524633597   -0.0074608957319607   0
0.0483831106355307   0.049138491483836   0.011194598540799   0.00710304428596503   0
0.0619098369539123   0.0562188857835159   0.0135267263183816   0.00708039429967983   0
0.0709496466861788   0.0590110940911326   0.00903980973226651   0.00279220830761671   0
0.0642750338712202   0.0512178006630019   -0.0066746128149586   -0.00779329342813065   0
0.0415441630564391   0.0469667034444084   -0.0227308708147811   -0.00425109721859356   0
0.0498202436573217   0.0491720179328904   0.00827608060088256   0.00220531448848207   0
0.0592361432436954   0.0472018930446121   0.00941589958637373   -0.00197012488827833   0
0.0707003551185289   0.0550138574541451   0.0114642118748335   0.00781196440953303   0
0.0683245534051918   0.043117491988606   -0.00237580171333718   -0.0118963654655392   0
0.0241986222383285   0.0552264844080492   -0.0441259311668633   0.0121089924194432   0
0.0479179569980441   0.0514004582298154   0.0237193347597156   -0.00382602617823376   0
0.0631793245024826   0.0565720478263117   0.0152613675044385   0.00517158959649629   0
0.0616877857667555   0.0502685089535685   -0.0014915387357271   -0.00630353887274318   0
0.0468734561678953   0.0485136348121587   -0.0148143295988602   -0.0017548741414098   0
0.0229663784544386   0.0496553142579422   -0.0239070777134567   0.00114167944578349   0
0.0525912444431618   0.0599590305373177   0.0296248659887233   0.0103037162793755   0
0.0667012541340303   0.0624330362428819   0.0141100096908685   0.00247400570556415   0
0.0599222767646524   0.0557173943683882   -0.00677897736937796   -0.00671564187449364   0
0.052865563537997   0.0431267766264475   -0.00705671322665537   -0.0125906177419407   0
0.0302706505924468   0.0497524771143608   -0.0225949129455502   0.00662570048791333   0
0.0482180559726333   0.0652130921242238   0.0179474053801865   0.015460615009863   0
0.0588215908191031   0.061599409641266   0.0106035348464698   -0.00361368248295778   0
0.0577117526766914   0.0509942149131399   -0.00110983814241171   -0.0106051947281262   0
0.0641523054726017   0.0481914242357001   0.00644055279591026   -0.00280279067743976   0
0.0371934954312995   0.0700122016244312   -0.0269588100413021   0.0218207773887311   0
0.0595427218245891   0.0629523249371499   0.0223492263932896   -0.00705987668728132   0
0.0710677325847954   0.0645761071732417   0.0115250107602063   0.00162378223609186   0
0.0746898235224184   0.0752857367907023   0.00362209093762302   0.0107096296174605   0
0.0500472719577201   0.0594139327603133   -0.0246425515646982   -0.015871804030389   0
0.0447934008141824   0.0536474862312532   -0.0052538711435377   -0.00576644652906008   0
0.0304268388425416   0.0446180478270285   -0.0143665619716408   -0.00902943840422472   0
0.058476492804032   0.0545664630493172   0.0280496539614903   0.00994841522228874   0
0.0658461232975033   0.0659686901349347   0.00736963049347129   0.0114022270856175   0
0.0645798335951712   0.0603436714288717   -0.00126628970233206   -0.00562501870606297   0
0.059437341608811   0.0503525604430649   -0.00514249198636015   -0.00999111098580682   0
0.0459892191550368   0.0611978932025442   -0.0134481224537743   0.0108453327594793   0
0.0702664412280777   0.0601089806231084   0.024277222073041   -0.00108891257943573   0
0.0764044398193587   0.0697765333236246   0.00613799859128093   0.0096675527005162   0
0.0649871147017622   0.041485656620602   -0.0114173251175964   -0.0282908767030226   0
0.0445928768506092   0.0485767454194134   -0.020394237851153   0.00709108879881136   0
0.0297501406393735   0.0663344963362201   -0.0148427362112358   0.0177577509168067   0
0.0596614148257615   0.0673415551018834   0.0299112741863881   0.00100705876566334   0
0.0672917834338406   0.0545344150149243   0.00763036860807902   -0.0128071400869591   0
0.056251781420147   0.05544022324689   -0.0110400020136935   0.000905808231965677   0
0.0486338242413652   0.0537760714059701   -0.00761795717878185   -0.00166415184091982   0
0.0352779769926565   0.0500082468492448   -0.0133558472487087   -0.00376782455672538   0
0.049144715863763   0.0635737649163552   0.0138667388711065   0.0135655180671105   0
0.0580339109649427   0.0640736980891536   0.00888919510117971   0.000499933172798353   0
0.0619212743503241   0.0600753632557174   0.00388736338538133   -0.00399833483343619   0
0.0628325998277176   0.0532397179660308   0.000911325477393567   -0.00683564528968663   0
0.0439581599838119   0.0615994904914196   -0.0188744398439057   0.00835977252538887   0
0.0576102925016876   0.0587963715514401   0.0136521325178757   -0.0028031189399795   0
0.0693803898270974   0.0664171405428968   0.0117700973254098   0.00762076899145662   0
0.0648388886737735   0.0628869957375929   -0.00454150115332384   -0.00353014480530388   0
0.0677738469046881   0.0521613179203469   0.00293495823091454   -0.010725677817246   0
0.0498681108778786   0.052569606927839   -0.0179057360268094   0.000408289007492138   0
0.0746812054478903   0.0538478457614137   0.0248130945700117   0.00127823883357469   0
0.0787222272670813   0.0899127362075585   0.004041021819191   0.0360648904461448   0
0.0812080925954575   0.0557558886614598   0.00248586532837616   -0.0341568475460987   0
0.06623725750339   0.050007704238972   -0.0149708350920674   -0.00574818442248776   0
0.0745365160788992   0.0560460445454673   0.00829925857550917   0.00603834030649524   0
0.082644598634696   0.0587906952734019   0.00810808255579683   0.00274465072793463   0
0.0765791939979783   0.0628389749197304   -0.0060654046367177   0.00404827964632846   0
0.0681831697578435   0.0477243647317146   -0.00839602424013486   -0.0151146101880157   0
0.0507323151896304   0.0538165486495093   -0.0174508545682131   0.00609218391779467   0
0.074319382064775   0.0592870619115587   0.0235870668751446   0.00547051326204946   0
0.0767371165209509   0.0572470964741508   0.00241773445617595   -0.00203996543740798   0
0.0730284326911245   0.0486453323417571   -0.00370868382982645   -0.00860176413239366   0
0.0524002575612077   0.0474393316586037   -0.0206281751299168   -0.00120600068315339   0
0.0686324302076649   0.0667890720708111   0.0162321726464573   0.0193497404122074   0
0.0794867016866344   0.0600111638603394   0.0108542714789694   -0.00677790821047174   0
0.0773170205234268   0.0628489620750017   -0.00216968116320758   0.00283779821466233   0
0.0668341367690195   0.0395896308729306   -0.0104828837544073   -0.0232593312020711   0
0.0493642982444803   0.0371791531744605   -0.0174698385245392   -0.00241047769847005   0
0.0489404587837098   0.0563256799284305   -0.000423839460770466   0.01914652675397   0
0.0629309660848298   0.0626192804021453   0.01399050730112   0.00629360047371479   0
0.0571424133022924   0.0705580087256578   -0.00578855278253744   0.00793872832351246   0
0.0464973543922189   0.0564272639698666   -0.0106450589100735   -0.0141307447557912   0
0.0429264939538509   0.0645056969277133   -0.00357086043836799   0.00807843295784673   0
0.0645050159702329   0.0724787649678339   0.021578522016382   0.00797306804012057   0
0.062047112577863   0.0763785181822252   -0.00245790339236993   0.0038997532143913   0
0.0641999697575647   0.0638094723085844   0.00215285717970175   -0.0125690458736407   0
0.0507838942117479   0.0713082789019795   -0.0134160755458168   0.00749880659339512   0
0.054684756622409   0.0800128543313198   0.00390086241066108   0.00870457542934025   0
0.0742324325540858   0.0924165589012597   0.0195476759316769   0.0124037045699399   0
0.0646254102899161   0.081683360605343   -0.00960702226416968   -0.0107331982959167   0
0.0515225598606086   0.0821941822354386   -0.0131028504293075   0.000510821630095623   0
0.0474283654267412   0.0801796016624085   -0.00409419443386744   -0.00201458057303011   0
0.0465395672418642   0.0901432841852348   -0.000888798184876999   0.00996368252282627   0
0.0561679261207355   0.0868394900749221   0.00962835887887128   -0.00330379411031265   0
0.0597541649060549   0.0881862784672198   0.0035862387853194   0.00134678839229763   0
0.0521324731542635   0.0889130068891076   -0.00762169175179141   0.000726728421887868   0
0.0552307234506384   0.0737078844361477   0.00309825029637495   -0.01520512245296   0
0.0485853804718179   0.0742279780003133   -0.00664534297882054   0.000520093564165686   0
0.0637929131541271   0.0892424890788715   0.0152075326823092   0.0150145110785582   0
0.0816954024849012   0.110632281039939   0.0179024893307741   0.0213897919610673   0
0.0536186363952507   0.105031937717546   -0.0280767660896505   -0.00560034332239259   0
0.0481715120574391   0.0825169895183121   -0.00544712433781157   -0.0225149481992341   0
0.0439731795218404   0.0918046973869802   -0.00419833253559874   0.00928770786866809   0
0.0395415988826717   0.0752322151204855   -0.0044315806391687   -0.0165724822664947   0
0.0445222446165959   0.0747946417281512   0.00498064573392421   -0.000437573392334245   0
0.060106410824803   0.100941040810905   0.0155841662082072   0.0261463990827539   0
0.0526752183985031   0.0769023228532469   -0.00743119242629994   -0.0240387179576581   0
0.0565488433588389   0.0634445541195026   0.00387362496033582   -0.0134577687337443   0
0.0395288436051734   0.0856097537992167   -0.0170199997536655   0.0221651996797141   0
0.0534781184935484   0.0748305588715266   0.013949274888375   -0.0107791949276902   0
0.0556752978455437   0.0763429208697997   0.0021971793519953   0.00151236199827315   0
0.0610662498873969   0.0816223797883889   0.00539095204185322   0.00527945891858922   0
0.0563368851824451   0.0702300895580377   -0.00472936470495182   -0.0113922902303512   0
0.053305685849714   0.0826864973554328   -0.00303119933273108   0.0124564077973951   0
0.0680882628176839   0.0952488564440671   0.0147825769679699   0.0125623590886343   0
0.0941286404625606   0.110325216783528   0.0260403776448767   0.0150763603394611   0
0.0832070863044729   0.0966941010176939   -0.0109215541580877   -0.0136311157658343   0
0.0677300574529507   0.0914119409688089   -0.0154770288515222   -0.00528216004888504   0
0.0514259110746309   0.0846894697882801   -0.0163041463783198   -0.00672247118052884   0
0.040038328145321   0.0708628645120101   -0.0113875829293099   -0.01382660527627   0
0.0615164861029432   0.0850696265992452   0.0214781579576222   0.0142067620872351   0
0.0624703493830473   0.0911382462508468   0.000953863280104141   0.00606861965160167   0
0.0615298907865925   0.0973005297897961   -0.000940458596454828   0.00616228353894926   0
0.0587074143131854   0.10500851478235   -0.00282247647340714   0.0077079849925538   0
0.0449326558550683   0.0974717268400047   -0.0137747584581171   -0.00753678794234518   0
0.0588091481149829   0.109666482022916   0.0138764922599147   0.012194755182911   0
0.0757538574678544   0.0981990739773803   0.0169447093528715   -0.0114674080455355   0
0.0663302966954016   0.0923989049304428   -0.00942356077245284   -0.00580016904693749   0
0.0497131451630215   0.0855408346756974   -0.0166171515323801   -0.00685807025474534   0
0.0543478097643465   0.0852658930659851   0.00463466460132501   -0.000274941609712351   0
0.0770781389086279   0.0995200093661697   0.0227303291442814   0.0142541163001846   0
0.0651807020264042   0.0982439326188264   -0.0118974368822237   -0.00127607674734329   0
0.0601143845971994   0.115080038413597   -0.00506631742920489   0.0168361057947708   0
0.065911252993476   0.0826640779647514   0.00579686839627664   -0.0324159604488458   0
0.0499173876624168   0.0894443633963315   -0.0159938653310592   0.00678028543158006   0
0.0675188761119437   0.0909366386776254   0.0176014884495269   0.00149227528129395   0
0.071950232211439   0.0945410507191585   0.00443135609949535   0.0036044120415331   0
0.0716618863789532   0.0979652236030853   -0.000288345832485812   0.0034241728839268   0
0.0644093207315525   0.0883077698713001   -0.00725256564740072   -0.0096574537317852   0
0.0588356070946871   0.0799561048887763   -0.00557371363686537   -0.00835166498252379   0
0.0554934158045799   0.0798512577399066   -0.00334219129010722   -0.000104847148869672   0
0.0672963179918486   0.100433835657387   0.0118029021872686   0.0205825779174802   0
0.0647822908089858   0.0955835960702986   -0.0025140271828628   -0.00485023958708829   0
0.0672055646363454   0.0778837265375444   0.00242327382735964   -0.0176998695327542   0
0.0641364031654793   0.0864999007771252   -0.00306916147086612   0.00861617423958073   0
0.0558688624636729   0.0866473925542627   -0.00826754070180637   0.000147491777137534   0
0.0869915257621684   0.0994391631102279   0.0311226632984955   0.0127917705559651   0
0.0884343272529078   0.0990385246059583   0.00144280149073946   -0.000400638504269593   0
0.0719999973334722   0.10157047221768   -0.0164343299194357   0.00253194761172172   0
0.0630015172145878   0.0996376692850776   -0.00899848011888441   -0.00193280293260235   0
0.0600810356036878   0.0950265807475729   -0.00292048161089999   -0.00461108853750469   0
0.0592376183951246   0.0951199759381934   -0.000843417208563214   9.33951906205155e-05   0
0.0808896798119074   0.106201621321063   0.0216520614167828   0.0110816453828697   0
0.0796900205306762   0.114564567603044   -0.00119965928123116   0.0083629462819811   0
0.0727575935958687   0.11426025260935   -0.0069324269348075   -0.000304314993694169   0
0.0632504707912123   0.104041329858727   -0.00950712280465645   -0.0102189227506228   0
0.0600020359221252   0.0958103569270567   -0.00324843486908712   -0.0082309729316706   0
0.0842845416195787   0.108727054705361   0.0242825056974536   0.012916697778304   0
0.0992908256104762   0.116167021468283   0.0150062839908974   0.00743996676292218   0
0.0806022336853018   0.106399810685041   -0.0186885919251744   -0.00976721078324221   0
0.0565464492245092   0.0906608875845174   -0.0240557844607926   -0.0157389231005233   0
0.0556925316677991   0.0900384986761358   -0.000853917556710174   -0.000622388908381649   0
0.0899545044405226   0.101975356168415   0.0342619727727236   0.0119368574922788   0
0.0715034626760131   0.115632300959875   -0.0184510417645095   0.01365694479146   0
0.0680815752389   0.11090010355721   -0.00342188743711312   -0.00473219740266408   0
0.0600076527850407   0.094899798896112   -0.00807392245385931   -0.0160003046610985   0
0.0558065109529023   0.101750015772738   -0.00420114183213843   0.00685021687662635   0
0.0784078975483777   0.103887662123036   0.0226013865954755   0.00213764635029726   0
0.0713147898795194   0.10581719444053   -0.00709310766885836   0.00192953231749474   0
0.0717392299552344   0.110255070427906   0.000424440075715016   0.00443787598737563   0
0.0600614020023675   0.0998540791402134   -0.0116778279528668   -0.0104009912876926   0
0.0589794964476605   0.0975992305926256   -0.00108190555470702   -0.00225484854758781   0
0.0722091049562927   0.104647354066897   0.0132296085086322   0.00704812347427139   0
0.0746035134044637   0.12051656947808   0.002394408448171   0.0158692154111835   0
0.0741851044518372   0.110977819100767   -0.000418408952626501   -0.00953875037731379   0
0.0611248941338347   0.116188556486052   -0.0130602103180026   0.0052107373852853   0
0.0600398748580108   0.112944800837799   -0.00108501927582386   -0.00324375564825337   0
0.086217940409184   0.111024372274616   0.0261780655511732   -0.00192042856318272   0
0.0928019518748394   0.120244117771151   0.00658401146565538   0.00921974549653538   0
0.0819412310687971   0.11384899923953   -0.0108607208060423   -0.00639511853162129   0
0.0658203890745869   0.10775686703757   -0.0161208419942102   -0.00609213220196018   0
0.0645720438273724   0.10693313792049   -0.00124834524721452   -0.00082372911707998   0
0.0848664456309369   0.114394149297254   0.0202944018035645   0.00746101137676443   0
0.0765852734162384   0.112915606235288   -0.00828117221469842   -0.00147854306196675   0
0.0756727190293834   0.109729407077752   -0.000912554386855086   -0.00318619915753557   0
0.0657389308600893   0.112126962626569   -0.00993378816929405   0.00239755554881704   0
0.0837950662940844   0.114332908490742   0.0180561354339951   0.00220594586417351   0
0.0826447879421322   0.129786101180654   -0.00115027835195218   0.0154531926899116   0
0.078078441089138   0.134046056064175   -0.00456634685299417   0.00425995488352104   0
0.0682453687115837   0.128853444970439   -0.00983307237755439   -0.005192611093736   0
0.0670246718494764   0.114592325251967   -0.00122069686210721   -0.0142611197184726   0
0.0904096865985548   0.123239862438093   0.0233850147490784   0.00864753718612608   0
0.0938597446827425   0.124848315474669   0.00345005808418765   0.00160845303657643   0
0.0784350039901829   0.12203418548921   -0.0154247406925596   -0.00281412998545874   0
0.069650975610109   0.11628184856477   -0.00878402838007383   -0.0057523369244408   0
0.0744449840075878   0.11612540276168   0.00479400839747876   -0.000156445803089128   0
0.096693446691174   0.125479292866761   0.0222484626835862   0.00935389010508106   0
0.0836529061097103   0.124531370354622   -0.0130405405814637   -0.000947922512139598   0
0.0742046428731383   0.126415189619612   -0.00944826323657193   0.00188381926499026   0
0.0563698976037885   0.11368069313882   -0.0178347452693498   -0.0127344964807924   0
0.079559588477631   0.118537253782471   0.0231896908738425   0.00485656064365152   0
0.11117927520325   0.128810918597765   0.031619686725619   0.0102736648152936   0
0.149953216386612   0.14410376086148   0.0387739411833617   0.0152928422637147   0
0.132512551571578   0.139496470351619   -0.0174406648150342   -0.00460729050986103   0
0.102630519775162   0.13487141462608   -0.0298820317964152   -0.00462505572553856   0
0.0677150075212903   0.12424900577067   -0.0349155122538721   -0.01062240885541   0
0.0588155627669327   0.116180472629321   -0.00889944475435758   -0.00806853314134864   0
0.0678413907260339   0.116789328294851   0.00902582795910122   0.000608855665529678   0
0.0789810143190558   0.132648531108537   0.0111396235930219   0.0158592028136859   0
0.0748749391301255   0.116323476997767   -0.00410607518893032   -0.0163250541107701   0
0.0731390632732605   0.12781574197414   -0.00173587585686502   0.0114922649763734   0
0.0643968731229242   0.127129804915842   -0.00874219015033627   -0.000685937058298447   0
0.078346794784088   0.117615416453371   0.0139499216611638   -0.00951438846247035   0
0.109126154768071   0.127025599323335   0.0307793599839826   0.00941018286996378   0
0.11934040810769   0.141452952300403   0.0102142533396198   0.0144273529770674   0
0.107305990197793   0.146625639628861   -0.0120344179098972   0.00517268732845796   0
0.0908161514567756   0.160797090692937   -0.0164898387410177   0.014171451064076   0
0.0750624802447268   0.133068192891502   -0.0157536712120488   -0.0277288978014346   0
0.0578579343690215   0.125496178210693   -0.0172045458757053   -0.00757201468080915   0
0.068768130865512   0.132728088796456   0.0109101964964905   0.00723191058576339   0
0.0798107749230641   0.135975445183763   0.0110426440575521   0.00324735638730655   0
0.0903035737963897   0.137497724564127   0.0104927988733256   0.00152227938036403   0
0.0902818746354992   0.153463435234334   -2.16991608904815e-05   0.0159657106702067   0
0.0740126511749174   0.1401115434287   -0.0162692234605818   -0.0133518918056335   0
0.0756285660855797   0.126332852178442   0.00161591491066233   -0.0137786912502584   0
0.104330741807341   0.142751052973314   0.0287021757217612   0.0164182007948727   0
0.100928494371461   0.136144454181065   -0.00340224743588005   -0.00660659879224976   0
0.0981582794310291   0.132956167915605   -0.0027702149404317   -0.00318828626545978   0
0.0783269235631019   0.124791158000687   -0.0198313558679273   -0.00816500991491753   0
0.0617524823476757   0.112585796337682   -0.0165744412154262   -0.0122053616630053   0
0.0894202000540823   0.124533229430592   0.0276677177064066   0.0119474330929102   0
0.0847343564797066   0.123256591190715   -0.00468584357437569   -0.0012766382398773   0
0.0820670725536131   0.134901364789992   -0.00266728392609347   0.0116447735992772   0
0.0658705059103845   0.128406790300435   -0.0161965666432286   -0.00649457448955656   0
0.0658631027642944   0.120064241048282   -7.40314609014303e-06   -0.00834254925215329   0
0.0916972438398232   0.125426231034949   0.0258341410755289   0.00536198998666725   0
0.0984057364191234   0.137266329082736   0.0067084925793002   0.0118400980477867   0
0.0709660672950108   0.126277707600154   -0.0274396691241127   -0.0109886214825821   0
0.0608083335500982   0.116556766094348   -0.0101577337449126   -0.00972094150580625   0
0.0799394886660085   0.126391401038599   0.0191311551159103   0.00983463494425137   0
0.1064616605919   0.121558007199084   0.0265221719258914   -0.00483339383951539   0
0.079577761162086   0.135565523546964   -0.026883899429814   0.0140075163478804   0
0.064659678341993   0.126603972505694   -0.014918082820093   -0.00896155104127028   0
0.0672940340201425   0.120483425600007   0.0026343556781495   -0.00612054690568659   0
0.0757999843605267   0.131846416873004   0.00850595034038423   0.0113629912729968   0
0.100528050626977   0.140423214308568   0.02472806626645   0.00857679743556378   0
0.0960031517766521   0.141761878867981   -0.00452489885032469   0.00133866455941267   0
0.0698692447522513   0.135093471279009   -0.0261339070244007   -0.00666840758897136   0
0.0650983247656958   0.11871686878679   -0.00477091998655554   -0.0163766024922189   0
0.0668532160867751   0.133106279608777   0.00175489132107931   0.0143894108219869   0
0.0960817817048581   0.136377205812592   0.029228565618083   0.00327092620381442   0
0.094156449566453   0.141093333950173   -0.00192533213840511   0.00471612813758113   0
0.0696475494633516   0.131238297364994   -0.0245089001031014   -0.00985503658517917   0
0.061640133459862   0.125226856836942   -0.00800741600348955   -0.00601144052805155   0
0.0854120017443807   0.133291479945044   0.0237718682845187   0.0080646231081016   0
0.111103487028086   0.141754906046122   0.0256914852837049   0.0084634261010787   0
0.104211087056484   0.162841877655818   -0.00689239997160161   0.0210869716096959   0
0.0768403715598122   0.157267232226273   -0.0273707154966718   -0.00557464542954525   0
0.0522845396350585   0.133903046191862   -0.0245558319247538   -0.0233641860344108   0
0.0735745573552434   0.134660419455839   0.0212900177201849   0.000757373263976707   0
0.0964779675799589   0.14658016051875   0.0229034102247155   0.011919741062911   0
0.0918163506618511   0.148824592243394   -0.00466161691810782   0.00224443172464409   0
0.0714444082137294   0.121282655268839   -0.0203719424481217   -0.0275419369745552   0
0.0581219719424591   0.136898549435567   -0.0133224362712703   0.0156158941667286   0
0.0970086704419255   0.148666520540066   0.0388866984994664   0.011767971104499   0
0.10355168502208   0.154010542720734   0.00654301458015472   0.00534402218066746   0
0.0981758886959013   0.162433497457421   -0.00537579632617891   0.00842295473668708   0
0.0661894781367099   0.138915785345664   -0.0319864105591914   -0.0235177121117573   0
0.0653784975998801   0.136510635163757   -0.000810980536829806   -0.00240515018190615   0
0.103021457444014   0.149546468450913   0.0376429598441334   0.0130358332871558   0
0.0912498504400966   0.160675079060662   -0.0117716070039169   0.0111286106097488   0
0.0817840907524196   0.150672821448702   -0.00946575968767703   -0.0100022576119598   0
0.0632283814920167   0.130313010684812   -0.0185557092604029   -0.0203598107638899   0
0.076709094651315   0.132714902883182   0.0134807131592983   0.00240189219837   0
0.0898134493462221   0.146825458232896   0.0131043546949071   0.0141105553497141   0
0.0977539724570311   0.143980843600633   0.00794052311080902   -0.00284461463226318   0
0.0760352112213808   0.137544768430955   -0.0217187612356503   -0.00643607516967834   0
0.0688742183639132   0.129787900366328   -0.00716099285746764   -0.00775686806462642   0
0.0771926487452011   0.134929122621656   0.00831843038128791   0.00514122225532801   0
0.0942581714332296   0.14477669421914   0.0170655226880285   0.00984757159748401   0
0.0862739967679717   0.16523530472418   -0.00798417466525786   0.0204586105050391   0
0.0732342904525605   0.135378836287001   -0.0130397063154112   -0.029856468437179   0
0.0669548680156268   0.111922824123154   -0.00627942243693377   -0.0234560121638464   0
0.0873485394708211   0.134231918295687   0.0203936714551944   0.0223090941725329   0
0.0936846722860255   0.134892361221911   0.00633613281520438   0.000660442926223859   0
0.0923372393746965   0.133521704010144   -0.00134743291132906   -0.00137065721176693   0
0.0650334899773955   0.128875022675498   -0.027303749397301   -0.00464668133464646   0
0.0687492242104593   0.115399785903181   0.00371573423306379   -0.0134752367723166   0
0.0935842560188945   0.136011877272805   0.0248350318084353   0.0206120913696238   0
0.104876179063217   0.150571529763772   0.0112919230443227   0.0145596524909674   0
0.0889352530360987   0.139395696364603   -0.0159409260271185   -0.0111758333991695   0
0.0606480061081978   0.134205292108788   -0.0282872469279009   -0.00519040425581507   0
0.0647645980543383   0.139220877178865   0.00411659194614047   0.00501558507007702   0
0.104605690947816   0.146150789507778   0.0398410928934777   0.00692991232891302   0
0.0918560084170132   0.166369533626007   -0.0127496825308028   0.0202187441182292   0
0.0589612916985848   0.144628423768341   -0.0328947167184284   -0.0217411098576655   0
0.0525578481098684   0.148629099446104   -0.00640344358871633   0.00400067567776316   0
0.129826494687333   0.196542734961058   0.0772686465774642   0.0479136355149531   0
0.117967479457561   0.179536957563004   -0.0118590152297719   -0.0170057773980532   0
0.103159313385171   0.166832358669909   -0.0148081660723893   -0.0127045988930957   0
0.060373473932054   0.151847552618342   -0.0427858394531174   -0.014984806051567   0
0.0590961781353921   0.136505986356139   -0.00127729579666183   -0.0153415662622022   0
0.098465980803575   0.155708299820827   0.0393698026681828   0.0192023134646875   0
0.105322624544254   0.158045515510253   0.00685664374067951   0.00233721568942652   0
0.0858186157346697   0.159440798688872   -0.0195040088095848   0.00139528317861867   0
0.0589461635254577   0.139591593497188   -0.026872452209212   -0.0198492051916843   0
0.0523281906380337   0.146470842493617   -0.00661797288742399   0.00687924899642928   0
0.0941575258563775   0.151265729786625   0.0418293352183438   0.00479488729300789   0
0.0953860339702076   0.165810198359958   0.00122850811383012   0.0145444685733335   0
0.0881588496455121   0.156871591807471   -0.00722718432469556   -0.00893860655248707   0
0.0575361265249061   0.13608219548679   -0.030622723120606   -0.0207893963206811   0
0.076385974588533   0.134005729369652   0.0188498480636269   -0.00207646611713791   0
0.117621070226087   0.148593708978943   0.0412350956375537   0.0145879796092905   0
0.105159927883724   0.142710166637646   -0.0124611423423628   -0.00588354234129715   0
0.0923932012590212   0.144314273690383   -0.0127667266247026   0.00160410705273778   0
0.0595389989741178   0.132275119076999   -0.0328542022849034   -0.0120391546133846   0
0.0767222486297814   0.136631704516238   0.0171832496556636   0.004356585439239   0
