0.0947415973406513   0   0   0
0.0875816111455481   -0.00471965769247917   -0.00715998619510314   0
0.088670823127953   0.0185043843034954   0.00108921198240486   0
0.0724760485577651   -0.0132413976649176   -0.0161947745701879   0
0.0672495719701806   -0.0482898887612108   -0.0052264765875845   0
0.0563507498866253   0.0156865273635542   -0.0108988220835553   0
0.0843873429761278   -0.018915665512798   0.0280365930895025   0
0.0802359068911949   0.00317397519640554   -0.00415143608493287   0
0.0798174773437027   0.00569232786335663   -0.000418429547492175   0
0.0762378544182713   -0.0107485299139798   -0.00357962292543147   0
0.0941023365560733   0.0110694305729661   0.0178644821378021   0
0.0731996210975849   -0.0101544918601917   -0.0209027154584884   0
0.0858526707570009   -0.0342628490528761   0.012653049659416   0
0.0693258203644393   0.0651264327620075   -0.0165268503925617   0
0.0480886438562422   -0.0128201266178297   -0.0212371765081971   0
0.0503973021895518   0.00530448231008085   0.00230865833330959   0
0.0604819188629544   -0.000320883160041974   0.0100846166734026   0
0.0590820240583496   -0.010607222840413   -0.00139989480460482   0
0.0551215512171966   -0.0522042418470292   -0.00396047284115302   0
0.0266417695942861   0.0100929780172072   -0.0284797816229105   0
0.0503789896118908   -0.0142878277409682   0.0237372200176047   0
0.0268309251991992   0.0348648194083335   -0.0235480644126915   0
0.0380325139369264   -0.0256152892614795   0.0112015887377271   0
0.0501034375989812   0.000288019639657841   0.0120709236620548   0
0.0184777347364937   0.0291507530209664   -0.0316257028624875   0
0.0323279130407779   0.00134293577430612   0.0138501783042843   0
0.0324007560705846   0.00882616409025966   7.28430298066671e-05   0
0.0291887533891052   -0.00660818668981292   -0.0032120026814794   0
0.015994232492086   0.00933591183221073   -0.0131945208970192   0
0.0314934340468374   -0.00105982916568713   0.0154992015547514   0
0.0308947483916361   -0.000757581142284275   -0.000598685655201363   0
0.0252080324958867   -0.00254443680138765   -0.00568671589574934   0
0.0281068713743188   0.0107691214837699   0.00289883887843204   0
0.0154925375348496   -0.00813839401131332   -0.0126143338394691   0
0.0185566256815667   -0.00203787844859517   0.00306408814671706   0
0.036314845245643   0.00359325445868688   0.0177582195640763   0
0.031911978712487   -0.00118796890031102   -0.00440286653315597   0
0.0242566441122453   -0.00199102579278436   -0.00765533460024172   0
0.0309973585701596   0.00128995194879605   0.00674071445791434   0
0.0167490515789701   0.0123434572517827   -0.0142483069911896   0
0.0172133487107274   0.00557643219290485   0.000464297131757305   0
0.0327116948078971   -0.0147860584380615   0.0154983460971697   0
0.0433103947311151   -0.000220710173575042   0.010598699923218   0
0.039244605197229   -0.00390986426546484   -0.00406578953388603   0
0.0431145600710769   0.00383358822944323   0.00386995487384788   0
0.0636292174481386   0.0831799597672353   0.0205146573770617   0
0.0595561082533521   -0.0217837156679654   -0.00407310919478644   0
0.0413847518240112   -0.00813489652076513   -0.0181713564293409   0
0.0431634075036946   -0.00703668117205694   0.00177865567968339   0
0.0615544044802147   -0.00249058482006753   0.0183909969765201   0
0.085061597995291   -0.0839167097001228   0.0235071935150763   0
0.048249110416903   0.0492985153620273   -0.036812487578388   0
0.0572559044224698   0.0364089657719405   0.0090067940055668   0
0.0510771046992681   0.0241339634724277   -0.0061787997232017   0
0.0415897496512362   0.0053106364685625   -0.00948735504803195   0
0.0370797074488527   -0.0104883221965977   -0.00451004220238351   0
0.0732818838154595   -0.00493196330388287   0.0362021763666068   0
0.0729924396942759   0.00171123746148219   -0.000289444121183591   0
0.065758858354206   0.0299530133395808   -0.00723358134006991   0
0.0189795512565498   0.0906803166901423   -0.0467793070976562   0
0.0380492271904572   -0.0455454555747488   0.0190696759339074   0
0.0144441958311115   -0.0112566542004267   -0.0236050313593456   0
0.0112743781745935   0.00178176175515499   -0.00316981765651805   0
0.0165417922338391   -0.0131267027881878   0.00526741405924563   0
0.0120955885484585   0.00740256088681118   -0.00444620368538063   0
0.0248593344550598   -0.0263980859187332   0.0127637459066014   0
0.0155059489947899   0.0275956347075678   -0.00935338546026996   0
0.0200586992390459   -0.0144419782845093   0.00455275024425602   0
0.0320070685016997   -0.0282184765970172   0.0119483692626539   0
0.0255514241349675   0.00671848977267753   -0.00645564436673224   0
0.0405943454467183   0.0171807399907864   0.0150429213117508   0
0.0427665370952627   -0.0248253141651228   0.00217219164854439   0
0.0127488215086729   0.0305432884802308   -0.0300177155865898   0
0.0115079890491345   0.0269300001948584   -0.00124083245953835   0
0.0388861839756732   -0.0132937377763923   0.0273781949265386   0
0.0166303105975956   -0.00116523390655701   -0.0222558733780776   0
0.0317309702539175   0.00207263156185411   0.015100659656322   0
0.0188981543403053   0.00488032493182683   -0.0128328159136122   0
0.0215627102707429   0.00826537113835346   0.00266455593043757   0
0.0409722868480025   -0.00017366681765138   0.0194095765772596   0
0.0159547167431178   -0.00792785674150093   -0.0250175701048847   0
0.015050509906984   0.00788370687390194   -0.0009042068361338   0
0.0259759081458305   -0.0371058378026258   0.0109253982388465   0
0.0462247124062703   0.00326176623464947   0.0202488042604398   0
0.0406943550174345   -0.031267129430128   -0.00553035738883578   0
0.0203407485996091   0.00756323902191725   -0.0203536064178254   0
0.0643422571306952   0.124388100204245   0.0440015085310861   0
0.112967833471723   0.122573634781718   0.048625576341028   0
0.100737603706477   -0.0289163163542648   -0.0122302297652462   0
0.116961185462058   -0.0568865322827032   0.0162235817555812   0
0.132180679052963   0.0372001763303049   0.015219493590905   0
0.102357514098477   0.0177206928172155   -0.0298231649544859   0
0.0601611573914183   0.0181530555318022   -0.0421963567070591   0
0.0731680342194766   -0.0478732427586384   0.0130068768280584   0
0.0594218196976498   -0.0127884056974668   -0.0137462145218268   0
0.0597553028818364   -0.0350316364111753   0.000333483184186578   0
0.0794785607179697   0.0261055346233362   0.0197232578361334   0
0.0852100756783786   0.065903647454549   0.00573151496040884   0
0.161711384909613   -0.045776965280457   0.0765013092312349   0
0.184785944034415   0.0245912808262487   0.0230745591248017   0
0.217361085026851   0.0296649010707238   0.032575140992436   0
0.18239732852433   -0.0564433696893997   -0.0349637565025208   0
0.193755243464145   0.0324356624983324   0.0113579149398144   0
0.178509897988011   -0.0033356152194689   -0.015245345476134   0
0.188562488496201   -0.0375159144020383   0.0100525905081905   0
0.215900135992734   0.0348204420560008   0.0273376474965324   0
0.228637597809273   0.0318932056564705   0.0127374618165396   0
0.226386675077825   0.00240236256597315   -0.0022509227314487   0
0.286262866336978   0.0812655902317843   0.0598761912591534   0
0.324488167904737   -0.00510160637108503   0.0382253015677587   0
0.377027528840551   -0.0214859007822125   0.0525393609358144   0
0.384265939545131   -0.0336811716232445   0.00723841070458031   0
0.393768027278473   0.0355509674449946   0.00950208773334132   0
0.3944321362604   0.0311595398032725   0.000664108981927036   0
0.391493966797101   0.0423980544682196   -0.00293816946329822   0
0.354447040638743   -0.00133963841025664   -0.0370469261583589   0
0.335206150699629   0.00646434301279808   -0.0192408899391135   0
0.347230621491178   0.0339647674251894   0.0120244707915493   0
0.329939223353408   -0.0296742067313424   -0.0172913981377705   0
0.347006503565755   0.0174273098056673   0.0170672802123466   0
0.348934764851899   0.0203956160116358   0.00192826128614443   0
0.346854919845737   -0.0494124134120483   -0.0020798450061621   0
0.35323228131401   0.00546069481891698   0.00637736146827322   0
0.35585150919387   0.014315152813008   0.00261922787985996   0
0.353144904958988   0.0223227045871064   -0.00270660423488223   0
0.368043398555062   0.00367799602187246   0.0148984935960739   0
0.364340067683878   0.0259890962632   -0.00370333087118407   0
0.346457719589931   0.131394356905943   -0.017882348093947   0
0.240161890844593   -0.0477649799615568   -0.106295828745338   0
0.242053353031826   -0.0201556469390524   0.00189146218723385   0
0.294016990207581   -0.090934982328842   0.0519636371757548   0
0.283219151583727   0.0086077593483006   -0.0107978386238543   0
0.271958512888409   0.0472661963116127   -0.0112606386953174   0
0.28772719903972   0.011607177665383   0.0157686861513102   0
0.302062143247085   -0.0314656485724655   0.0143349442073653   0
0.309078121816346   0.033987928538928   0.00701597856926101   0
0.315599529237961   0.0114794684084107   0.00652140742161483   0
0.335875379296999   -0.143689562389184   0.0202758500590384   0
0.41075053230495   0.0157756774865944   0.0748751530079509   0
0.341394159980659   0.00399387131544959   -0.0693563723242909   0
0.370570378910835   0.0550844385901794   0.029176218930176   0
0.366367795340795   0.00030922419942736   -0.00420258357003983   0
0.332501346992463   0.0454110498040966   -0.0338664483483321   0
0.367669065374026   0.0279593808280417   0.0351677183815629   0
0.374745437325951   0.0414154082961093   0.00707637195192473   0
0.346004326112637   -0.0500939501550955   -0.0287411112133141   0
0.336048301466404   -0.0359778139444583   -0.00995602464623313   0
0.222564081368069   -0.00240634898718894   -0.113484220098335   0
0.0986942063912188   -0.106139358183752   -0.12386987497685   0
0.0833000218902732   -0.0319811743380951   -0.0153941845009456   0
0.100748564588981   0.0473287363626807   0.0174485426987074   0
0.0897322359888714   -0.00998652004897271   -0.0110163286001093   0
0.0535142335554523   -0.106375681925748   -0.036218002433419   0
0.0342524539122093   0.0676654604093274   -0.019261779643243   0
0.0516399784494775   0.0890338119912875   0.0173875245372681   0
0.0377424645438331   -0.000638938114659982   -0.0138975139056444   0
0.108520804371789   0.129498120517676   0.0707783398279554   0
0.0794647755514039   -0.270938894043289   -0.0290560288203847   0
0.0845920077042891   0.0366749171522966   0.00512723215288516   0
0.140641445700707   -0.00993512458225571   0.0560494379964182   0
0.163473904142557   -0.00385152738190625   0.02283245844185   0
0.193454274849381   0.119315523373529   0.0299803707068241   0
0.081275211944556   0.268008424178685   -0.112179062904825   0
0.0911210232409212   -0.144919827588266   0.00984581129636519   0
0.0998694524807886   0.00317248844524787   0.00874842923986743   0
0.0890530144208072   0.0260053361047632   -0.0108164380599814   0
0.105087053906143   -0.00747323609194106   0.0160340394853353   0
0.165616696553367   0.0927343567932947   0.0605296426472244   0
0.176962365017177   -0.0573013919803379   0.0113456684638098   0
0.1666963313671   0.00228408011296044   -0.0102660336500767   0
0.135786566828019   -0.0302792025822631   -0.0309097645390812   0
0.127002828667327   -0.194697984371301   -0.00878373816069147   0
0.269127405600849   -0.027994359614206   0.142124576933522   0
0.224249785928025   0.116722290501441   -0.0448776196728235   0
0.267063719830477   0.0010952730408551   0.0428139339024519   0
0.274803541404537   0.00196624897801101   0.00773982157405961   0
0.29731763378698   0.0372832102039564   0.0225140923824436   0
0.281786338714377   0.0361073000184355   -0.0155312950726032   0
0.326268599056226   -0.0819826549122685   0.044482260341849   0
0.363599660701367   0.0515188795803089   0.0373310616451412   0
0.3597230402312   0.0145699106806452   -0.00387662047016785   0
0.373382178381554   -0.00951177036433148   0.0136591381503545   0
0.398333005311361   -0.00546505921065932   0.0249508269298067   0
0.420301217836933   -0.000908342278607144   0.0219682125255722   0
0.40623368702093   -0.0128012200537392   -0.014067530816003   0
0.429645923054941   0.0768334631832235   0.0234122360340112   0
0.42087706216457   -0.00361581576258529   -0.0087688608903716   0
0.422183030494259   0.0908471317719385   0.00130596832968943   0
0.388866515994116   -0.284602830973053   -0.033316514500143   0
0.490263192392622   0.0356921946170681   0.101396676398506   0
0.517390099126406   0.0462232021156571   0.0271269067337838   0
0.522183676029667   0.0253537890604678   0.00479357690326132   0
0.555478859856967   0.0314596255271318   0.0332951838272999   0
0.600511019352896   -0.0225918143242261   0.0450321594959292   0
0.598650544729232   -0.00607639437783536   -0.00186047462366423   0
0.58793455763348   0.0117434731895493   -0.0107159870957522   0
0.594232107554151   0.0169511590150393   0.00629754992067144   0
0.572702562721915   -0.0932531071288173   -0.0215295448322367   0
0.570932601668751   0.0461164993870588   -0.00176996105316385   0
0.57796744828169   0.0527621200047578   0.00703484661293963   0
0.433251111521912   -0.0371964864153749   -0.144716336759778   0
0.61532110416798   -0.255645650740332   0.182069992646068   1
0.96830608901271   -0.315318701961545   0.35298498484473   1
0.880815475692844   0.0199863581925439   -0.0874906133198665   0
0.889467007005604   0.0987533241278505   0.00865153131276086   0
0.774577084055912   0.0157600495206759   -0.114889922949692   0
0.816869212231242   0.0203620091754883   0.0422921281753296   0
0.842397596937285   0.0360627375717709   0.025528384706043   0
0.877535961949545   0.0170956788242318   0.0351383650122596   0
0.839050453479279   0.0462747947604781   -0.0384855084702658   0
0.797957429795177   -0.0580865634630636   -0.0410930236841016   0
0.835975507753841   0.0309514811598356   0.038018077958664   0
0.827679672155884   -0.021841105644087   -0.00829583559795666   0
0.820047948049388   0.0136458003024699   -0.00763172410649604   0
0.844727969999863   0.0302822783676575   0.024680021950475   0
0.849458968166141   0.0213909315037666   0.00473099816627764   0
0.901136739167954   0.132018284171615   0.0516777710018126   0
0.787952635231063   -0.0416969196744852   -0.113184103936891   0
0.818906941706331   -0.100563647240669   0.0309543064752683   0
0.845671258379437   -0.0106487598743297   0.0267643166731059   0
0.803971859163674   0.0388572761991398   -0.0416993992157629   0
0.82527203606417   0.00475898169582567   0.021300176900496   0
0.844964831958052   -0.0534370507448347   0.0196927958938823   0
0.823615442627966   0.072144901438399   -0.0213493893300862   0
0.84452064226508   0.0265995383334849   0.0209051996371137   0
0.847879043353958   -0.0348485699756887   0.00335840108887819   0
0.861210342753193   -0.0153468607239299   0.0133312993992354   0
0.853399500250658   0.0177754103676634   -0.00781084250253516   0
0.87470299636348   0.0668676418416417   0.021303496112822   0
0.87490061604603   -0.0732821226564382   0.000197619682550165   0
0.930887818107788   -0.0149450742197242   0.0559872020617576   0
0.903440816619252   -0.0132710668190806   -0.027447001488536   0
0.916556970679661   0.0257733977414305   0.0131161540604097   0
0.880697012656156   0.0150158250405369   -0.0358599580235053   0
0.904890433430685   0.0152428024780643   0.0241934207745289   0
0.761110697149403   -0.2152099714537   -0.143779736281282   0
0.825747162203571   0.00698975649240322   0.0646364650541676   0
0.782748516423059   0.0504669470974544   -0.0429986457805115   0
0.831287052750132   0.0878234329106833   0.0485385363270725   0
0.845630065989999   -0.0265364352655894   0.0143430132398673   0
0.827369955490438   0.0174479073674582   -0.0182601104995604   0
0.833625836768211   0.0287839506358831   0.00625588127777255   0
0.850075910506968   -0.00387560949675397   0.0164500737387565   0
0.822182901052529   -0.000781561955921495   -0.0278930094544386   0
0.856573563998592   -0.0301831049104201   0.0343906629460631   0
0.810916801024156   0.0271977128252042   -0.0456567629744364   0
0.753410434058522   -0.051928103087181   -0.0575063669656338   0
0.794617556597669   0.044265617161747   0.0412071225391476   0
0.759377947458583   -0.0155994420277648   -0.0352396091390865   0
0.747225765410963   0.00100942780460034   -0.0121521820476195   0
0.830570059331692   -0.0247307176511639   0.0833442939207286   0
0.80516964781803   0.0139698475515916   -0.0254004115136622   0
0.769587178379422   -0.106597938591015   -0.0355824694386078   0
0.86167203744087   0.0749930612804756   0.0920848590614483   0
0.878279171760479   0.0155025160647288   0.0166071343196087   0
0.852261744556483   0.0521779283540327   -0.0260174272039959   0
0.843687907651674   0.00593045910991485   -0.00857383690480862   0
0.849856210802986   -0.0226673110057271   0.00616830315131189   0
0.833230739070067   0.036346411052303   -0.0166254717329194   0
0.864234293741697   0.00926051605255968   0.0310035546716303   0
