0   0   0   0
0.002527415   0.0031927101091717   0.002527415   0
0.0109680526060919   0.0483186628174549   0.00844063760609193   0
0.0275801   0.00538112721574719   0.0166120473939081   0
0.0254559114742038   -0.0293160774420492   -0.00212418852579621   0
0.034700694860514   0.00516112762430523   0.00924478338631018   0
0.0294508403217311   -0.00991654159016998   -0.0052498545387829   0
0.0370627335116084   0.0479399320935515   0.00761189318987733   0
0.0532186868424523   -0.00585908065096115   0.0161559533308439   0
0.0501474653031935   -0.0251198056910121   -0.00307122153925871   0
0.0497199993446551   -0.00857251771980638   -0.000427465958538473   0
0.0594266085942148   0.0144910335831633   0.0097066092495597   0
0.0768708769572229   0.03028413780115   0.0174442683630081   0
0.077336   -0.0181994738211733   0.000465123042777113   0
0.0702775   -0.0134081248741582   -0.00705850000000001   0
0.0550341042664839   -0.00406563541722279   -0.0152433957335161   0
0.0652776316882361   0.0390341361212462   0.0102435274217521   0
0.0821594294026165   0.00811325661143419   0.0168817977143804   0
0.0724561918009255   -0.0418307447740036   -0.00970323760169103   0
0.0725618757125427   -0.0171020758252262   0.000105683911617277   0
0.0639038695387259   0.00103212079794479   -0.00865800617381685   0
0.0690325293689866   0.0443599424491055   0.00512865983026072   0
0.0822745857084677   0.0101295715472977   0.0132420563394811   0
0.0820759435790051   -0.0297376942025945   -0.000198642129462634   0
0.0627899610343208   0.00361719787392517   -0.0192859825446842   0
0.0824260659113517   0.0306132745137064   0.0196361048770309   0
0.0959543925461597   -0.00948518010154979   0.0135283266348079   0
0.0779580886494468   -0.0328748109015089   -0.0179963038967129   0
0.0671285723404163   -0.0173721537919772   -0.0108295163090305   0
0.080569191850754   0.0111583614121508   0.0134406195103377   0
0.0757341547669214   0.0506077102977257   -0.00483503708383259   0
0.0912994373179402   -0.00642432686776226   0.0155652825510189   0
0.0765675058764486   -0.032218558460235   -0.0147319314414916   0
0.0698418730890717   -0.00868711547571068   -0.00672563278737694   0
0.0699689394295962   0.00305370553505972   0.000127066340524493   0
0.0410088751794962   -0.000753571409263708   -0.0289600642501   0
0.0719781751854692   0.0175831078755387   0.030969300005973   0
0.0633072517188197   0.0343906745541599   -0.00867092346664954   0
0.12939176985281   0.00451543767248165   0.0660845181339901   0
0.126653597127241   0.0354426912982183   -0.00273817272556851   0
0.144983669992728   -0.0157462870281958   0.0183300728654872   0
0.132790119358115   -0.0168569280501304   -0.0121935506346132   0
0.154203745204883   -0.00172686853014252   0.0214136258467678   0
0.149598846805089   0.0250280323526537   -0.004604898399794   0
0.136790991694537   0.00441457225234063   -0.0128078551105517   0
0.103155055960675   -0.0317383710301294   -0.0336359357338624   0
0.094075813078894   0.027859945191932   -0.00907924288178107   0
0.101751154833127   -0.0263433140453073   0.00767534175423311   0
0.0982001552775885   -0.032232028603796   -0.00355099955553856   0
0.100815477947883   0.0207844352577495   0.00261532267029407   0
0.0961255503270202   0.0341087093539101   -0.00468992762086237   0
0.0936610311939416   -0.0437819377102116   -0.00246451913307864   0
0.0941454185057483   -0.0172338633782707   0.00048438731180675   0
0.093143355656496   0.0252965167898758   -0.00100206284925237   0
0.104475323650432   0.0553454001474425   0.0113319679939359   0
0.10397539454645   -0.0191158744801818   -0.000499929103981653   0
0.0782267473881536   -0.0240562745822137   -0.0257486471582966   0
0.0959783783601937   -0.00397289292134215   0.0177516309720401   0
0.11261761419556   0.0310507914894471   0.0166392358353663   0
0.0956720400047082   0.0251988281663798   -0.0169455741908518   0
0.110036195439785   -0.0447983988195452   0.0143641554350765   0
0.127187973344888   -0.00182442908792098   0.0171517779051035   0
0.132046614400417   0.0143975673877123   0.00485864105552911   0
0.123109867942673   0.0477739662390555   -0.00893674645774384   0
0.121289699885604   -0.0341795721377723   -0.00182016805706901   0
0.113789166884814   -0.0351643169420689   -0.00750053300079069   0
0.117863432547854   -0.00109910094935665   0.0040742656630401   0
0.114103626566435   0.0125221760772649   -0.00375980598141866   0
0.139391464083637   0.0520301592268489   0.0252878375172023   0
0.15173837769457   -0.0190842258569494   0.0123469136109326   0
0.135972628780722   -0.0202483293457426   -0.0157657489138482   0
0.124884783626159   -0.00865562228274326   -0.0110878451545631   0
0.148018296893703   0.0515246234497566   0.0231335132675445   0
0.148964929453555   -0.0073828342972195   0.000946632559851251   0
0.145606622711889   -0.0116295891722239   -0.00335830674166521   0
0.140311711726294   -0.0260592276681426   -0.00529491098559584   0
0.144584963691224   0.00953891544314614   0.00427325196493025   0
0.173707849641467   0.0308269754469053   0.0291228859502432   0
0.166827231249607   0.0208840771409678   -0.00688061839185949   0
0.173127358384774   -0.0342208794426489   0.00630012713516662   0
0.157765532957804   -0.0175957366009973   -0.0153618254269699   0
0.153727337508501   0.00410643489593693   -0.00403819544930342   0
0.158720098189391   0.0131089070627543   0.00499276068089055   0
0.183001155197508   0.0640259519795391   0.0242810570081169   0
0.191249080921975   -0.0167838126458278   0.00824792572446639   0
0.188397541814118   -0.0274353316750217   -0.00285153910785621   0
0.18542717461544   -0.0027850106612308   -0.00297036719867808   0
0.183550028256604   -0.000452988750186317   -0.00187714635883671   0
0.17941850273673   0.0275247105948219   -0.00413152551987359   0
0.186766013324989   -0.0103703008053648   0.00734751058825903   0
0.196364039870746   -0.00676859586357498   0.00959802654575709   0
0.181908562759728   -0.00775702497477221   -0.0144554771110179   0
0.195576974909139   0.0146752781131633   0.0136684121494107   0
0.195847832673258   0.0315279879892318   0.000270857764119059   0
0.20684842534339   -0.0148793310042709   0.011000592670132   0
0.212757820849346   -0.00516916872160339   0.00590939550595618   0
0.18876075924352   -0.0211719174996779   -0.0239970616058266   0
0.19864188671215   0.00612911429227961   0.00988112746863004   0
0.211170930193297   0.0269527169695362   0.0125290434811477   0
0.255677370114863   0.0434384134406051   0.0445064399215653   0
0.2418981734743   -0.00541274716931078   -0.0137791966405628   0
0.230544119614576   -0.0208420547027549   -0.0113540538597238   0
0.223613609973208   -0.0208249708904615   -0.00693050964136815   0
0.209524198105398   -0.015566123099944   -0.0140894118678102   0
0.233338660200598   0.028022730909699   0.0238144620951999   0
0.235034374385583   0.028935357209539   0.00169571418498557   0
0.242016478247784   -0.0287079939266315   0.00698210386220052   0
0.237330211810575   -0.00557248208857267   -0.00468626643720851   0
0.238140046883131   0.0161285944059502   0.000809835072556109   0
0.290046463485163   0.0386143173364134   0.0519064166020316   0
0.287152681457966   -0.0174290321980629   -0.00289378202719714   0
0.275585982293099   -0.0257704257898194   -0.0115666991648665   0
0.261561469756155   -0.00184550854866317   -0.0140245125369444   0
0.211088636391469   -0.00487032676294888   -0.0504728333646856   0
0.200627015027264   0.000916296993651172   -0.0104616213642055   0
0.250800342755448   0.0109101777294264   0.0501733277281836   0
0.289774422161312   0.0218280123667678   0.0389740794058648   0
0.327881032437468   0.054049967971698   0.0381066102761557   0
0.321119885015974   -0.00882319549653232   -0.00676114742149386   0
0.305019345364278   -0.040344443515773   -0.0161005396516966   0
0.309200919495241   -0.0230858189745211   0.00418157413096337   0
0.313535738561288   0.038038276906688   0.00433481906604727   0
0.351508099889892   0.0484601716833544   0.037972361328604   0
0.329362267284373   -0.0274092865039731   -0.0221458326055197   0
0.331608726987398   -0.0325566137459278   0.00224645970302512   0
0.320786626551751   -0.00934659265664828   -0.0108221004356469   0
0.35176169526826   0.0465329279212729   0.0309750687165088   0
0.362195154203466   0.00803396942266021   0.0104334589352063   0
0.32683466523559   -0.0374575592340451   -0.0353604889678763   0
0.339414442862498   0.00968052296685185   0.0125797776269085   0
0.337364855274231   -0.013478050244013   -0.00204958758826762   0
0.347797864973827   0.00843328766794921   0.0104330096995966   0
0.375383883454261   0.0508014707273537   0.0275860184804342   0
0.358927188276968   -0.0297418559422708   -0.0164566951772934   0
0.329937861620491   -0.032800428336258   -0.0289893266564767   0
0.302308442218225   -0.0127965268543354   -0.0276294194022661   0
0.307435954535758   -0.00623637800027105   0.0051275123175325   0
0.348475942187893   0.0537313488626228   0.0410399876521356   0
0.361496294744621   0.0179267865149479   0.0130203525567278   0
0.352859901451628   -0.0224053024966708   -0.00863639329299332   0
0.340968721471637   -0.00487700407636282   -0.0118911799799912   0
0.327058867310707   -0.0025539624942148   -0.0139098541609298   0
0.338344335808448   -0.0111995632189803   0.0112854684977414   0
0.374237861874053   0.0465823157738998   0.0358935260656044   0
0.383120949546498   -0.00227345090980413   0.00888308767244506   0
0.359191460727009   -0.0210889416797553   -0.0239294888194885   0
0.337239920782553   -0.0233559686503874   -0.0219515399444562   0
0.3221257404701   -0.0146701124971694   -0.0151141803124532   0
0.325617349091936   0.0279246934277919   0.00349160862183678   0
0.392271966623489   0.0372525781046138   0.0666546175315529   0
0.386323465564237   0.00495698887138735   -0.00594850105925199   0
0.379599040576251   -0.00465318338503329   -0.00672442498798687   0
0.37625216508302   -0.0191186992712628   -0.00334687549323071   0
0.387307782885472   0.0208001044860167   0.0110556178024522   0
0.404310750592796   0.0214477303873198   0.0170029677073239   0
0.400595922653954   -0.0105447428661736   -0.0037148279388422   0
0.366785394598681   -0.0388827360790068   -0.033810528055273   0
0.350444701674401   -0.0259867267643286   -0.0163406929242797   0
0.343604528391158   0.0119405946141568   -0.00684017328324321   0
0.386488663888942   0.0740578231834672   0.0428841354977846   0
0.385423593336542   -0.00984230601143266   -0.00106507055240007   0
0.39916161140001   -0.00607096622738373   0.0137380180634675   0
0.370120122601987   -0.0168275458459364   -0.0290414887980227   0
0.393760249137026   -0.00545039134611514   0.0236401265350384   0
0.398190966423715   0.0207390627652618   0.00443071728668976   0
0.420366787437712   0.0050142993246321   0.0221758210139966   0
0.3985126691751   -0.0341468352987127   -0.0218541182626123   0
0.355433824754275   -0.0373661412622766   -0.0430788444208249   0
0.376624033055118   0.0230137424384611   0.0211902083008431   0
0.421885702271009   0.0567436797228568   0.0452616692158912   0
0.441850713826585   0.0126235368097204   0.0199650115555757   0
0.387243934507579   -0.0380560693653823   -0.0546067793190059   0
0.378544347103031   -0.0234894448067342   -0.00869958740454779   0
0.36861366130735   0.00112544983435447   -0.00993068579568063   0
0.437577797969061   0.0430715760006461   0.0689641366617108   0
0.441643896093564   -0.00267972178925324   0.00406609812450248   0
0.391315142836832   -0.0313949129119881   -0.0503287532567319   0
0.418963882847507   0.0121153810151857   0.0276487400106756   0
0.416053720484999   -0.00928418332128783   -0.00291016236250807   0
0.421305635805718   0.0253092695773201   0.00525191532071834   0
0.444812981193681   0.0307357706506202   0.0235073453879634   0
0.417564989814352   -0.0306815961085571   -0.0272479913793289   0
0.393053071153133   -0.0389752486694106   -0.0245119186612189   0
0.394340528299666   -0.0257026360187713   0.00128745714653322   0
0.414301953595937   0.035495330153738   0.0199614252962705   0
0.452210853104677   0.0613567500862055   0.0379088995087403   0
0.411372267385224   -0.0354792381879402   -0.0408385857194535   0
0.376975122534963   -0.0421111717979255   -0.0343971448502613   0
0.362295024189762   -0.0464466099511187   -0.0146800983452007   0
0.375771579935085   1.21731176835893e-06   0.0134765557453232   0
0.410266735861866   0.0669235596983729   0.0344951559267808   0
0.423311376168489   0.040303014676172   0.0130446403066231   0
0.385578265928592   -0.0327682833802923   -0.0377331102398969   0
0.379508580437465   -0.0237833300784175   -0.0060696854911268   0
0.401807822918183   -0.00151060994261476   0.0222992424807179   0
0.414700590666929   0.0332126458154092   0.0128927677487461   0
0.428271147010279   0.0219717858817903   0.0135705563433497   0
0.428270532355029   -0.00772983743768541   -6.14655249808749e-07   0
0.413960955247593   -0.0149849428108163   -0.0143095771074359   0
0.415997491386009   -0.0129721008726985   0.00203653613841537   0
0.424394219627518   0.00185362496149438   0.00839672824150928   0
0.436741572717208   0.0453161669531891   0.0123473530896896   0
0.411277088542809   -0.0248748722890343   -0.0254644841743982   0
0.410559936176693   -0.00982429507662536   -0.000717152366116802   0
0.39735703516888   -0.0162090534288222   -0.0132029010078125   0
0.411545999304646   0.01031795421978   0.0141889641357663   0
0.457056360847872   0.0543638574698704   0.0455103615432255   0
0.437113618981381   -0.0216304589022951   -0.0199427418664909   0
0.421517431430184   -0.0180543367125985   -0.0155961875511969   0
0.396356239946465   -0.0308802287272162   -0.0251611914837189   0
0.399705548555433   0.00113719734919931   0.00334930860896832   0
0.431947035640841   0.0600157845411462   0.0322414870854075   0
0.43950670394308   -0.012256924160286   0.00755966830223881   0
0.397760749413086   -0.0201301766355185   -0.0417459545299935   0
0.386704417206036   -0.0117012241284916   -0.0110563322070502   0
0.366503660212159   -0.0107390616186699   -0.0202007569938767   0
0.394163990299292   0.00446764562089408   0.0276603300871321   0
0.44291312425058   0.0579667092985342   0.0487491339512888   0
0.434770937196428   -0.00365360032825846   -0.00814218705415271   0
0.414898668371568   -0.026167755650535   -0.01987226882486   0
0.392032331800146   -0.0133398046689752   -0.0228663365714213   0
0.382336923790392   -0.0299164185748919   -0.00969540800975421   0
0.396527979601062   0.0256534312596109   0.0141910558106697   0
0.417508039522594   0.0333965689894659   0.0209800599215323   0
0.374806389962204   -0.0472572689963628   -0.0427016495603897   0
0.356352974550866   -0.0281439721194363   -0.0184534154113385   0
0.345893717502212   -0.0054655878179144   -0.0104592570486539   0
0.385080568973234   0.0517667243610788   0.0391868514710225   0
0.421411549809981   0.0180328095702786   0.0363309808367465   0
0.39098531531344   -0.0143403038460983   -0.030426234496541   0
0.364589405859866   -0.0173416638403486   -0.026395909453574   0
0.361481192902895   0.000496853140721343   -0.00310821295697095   0
0.372453877872818   0.00566765358213317   0.0109726849699229   0
0.408753391274311   0.0346483502672904   0.0362995134014932   0
0.423361802197895   0.00806538233029824   0.0146084109235843   0
0.413228172774739   -0.0272835206943162   -0.010133629423156   0
0.399094073214887   -0.0100582178950658   -0.0141340995598519   0
0.401671483723328   0.00509788240331599   0.00257741050844079   0
0.450744978502534   0.0417165748889335   0.0490734947792058   0
0.467255379769458   0.00181442591873837   0.0165104012669235   0
0.431932629182781   -0.029361895660405   -0.0353227505866764   0
0.40446088522223   -0.0231777510959295   -0.027471743960551   0
0.424196685534553   0.00973330062083805   0.0197358003123224   0
0.450562065244346   0.0484192355946513   0.0263653797097932   0
0.457829230952437   0.0131697490837057   0.00726716570809144   0
0.378054585168928   -0.0168042637876653   -0.0797746457835095   0
0.416605695295324   0.0085083085531299   0.0385511101263959   0
0.521470684960334   0.017392610896392   0.104864989665011   0
0.513394840273059   0.00965007401790785   -0.00807584468727485   0
0.532082535710626   0.0306239132550812   0.0186876954375671   0
0.579382056756377   0.0557731345300623   0.0472995210457509   0
0.557524840662952   -0.0315625343457   -0.0218572160934253   0
0.541421013262553   -0.0206831862123326   -0.0161038274003985   0
0.542802957291594   0.00470574981020683   0.00138194402904057   0
0.591132889591038   0.057035545672362   0.0483299322994437   0
0.666617575015278   0.0892660571800913   0.0754846854242405   0
0.668314497503234   0.00138896017598678   0.00169692248795572   0
0.619718855753962   -0.0386761599632244   -0.0485956417492719   0
0.5860764136416   -0.0209297006423134   -0.0336424421123619   0
0.540999505260633   -0.0320297946596242   -0.0450769083809669   0
0.614789858801363   0.0334955017874107   0.0737903535407298   0
0.589984887270852   -0.0107649286193   -0.024804971530511   0
0.576793333662283   -0.0261368409206708   -0.0131915536085689   0
0.554967704737852   -0.00843932949162646   -0.0218256289244309   0
0.554350134114938   0.00584401263013673   -0.000617570622914121   0
0.589711973673165   0.0307965846608882   0.0353618395582271   0
0.583316250763683   -0.00369918380895595   -0.00639572290948209   0
0.572513008960713   -0.00619627101131492   -0.0108032418029698   0
0.570148512161744   -0.017650200008315   -0.00236449679896977   0
0.604996186882612   0.014119253958256   0.034847674720868   0
0.654786310906467   0.0496591342436093   0.049790124023855   0
0.638162663669303   -0.0105238856059852   -0.0166236472371635   0
0.602861626703425   -0.0388807714448225   -0.0353010369658782   0
0.599511901807837   -0.0191269638668726   -0.00334972489558782   0
0.602513652351754   0.00285951303574261   0.0030017505439166   0
0.673340880188668   0.0733866146154679   0.0708272278369141   0
0.699615497520245   0.00566482954329228   0.0262746173315771   0
0.649776738352682   -0.00199566538458473   -0.0498387591675628   0
0.637208180166027   -0.0200624601396027   -0.0125685581866548   0
0.648307251512352   0.00108048248568926   0.0110990713463245   0
0.704431940964136   0.0501232849403279   0.0561246894517842   0
0.696254965506531   -0.0238875352889525   -0.00817697545760554   0
0.666954556961342   -0.0332065932840914   -0.0293004085451884   0
0.69736091321675   -0.00568736090775068   0.0304063562554082   0
0.738535415820054   0.0500285884075203   0.0411745026033039   0
0.694530734442328   -0.0203153624178165   -0.0440046813777258   0
0.645286135000784   -0.0444586815256037   -0.0492445994415444   0
0.660785097876193   -0.000740095715433764   0.015498962875409   0
0.661612888945643   0.0193069083531029   0.000827791069450301   0
0.733123860206446   0.0575398934733308   0.0715109712608024   0
0.711455360242651   -0.00176007372818388   -0.0216684999637949   0
0.688181474532336   -0.0204941499659298   -0.0232738857103149   0
0.694361220065248   -0.0101235443936492   0.00617974553291234   0
0.724228392522863   -0.015289017780872   0.0298671724576147   0
0.714386818719383   -0.0106748861168658   -0.00984157380348039   0
0.740899551893676   0.0588463503134229   0.0265127331742935   0
0.746213135610062   0.0122939850550274   0.00531358371638546   0
0.717017720752423   -0.0344767912672876   -0.0291954148576383   0
0.721001396220736   -0.0100150156193314   0.00398367546831235   0
0.724323494657083   0.00333145219510134   0.0033220984363479   0
0.768156821687636   0.0545073709930861   0.0438333270305521   0
0.765391960261702   0.0137450188629463   -0.00276486142593402   0
0.756394720107167   -0.0188101741858772   -0.00899724015453429   0
0.746088493792291   -0.0226431476038268   -0.0103062263148759   0
0.745735261270546   0.00239526619223884   -0.000353232521745017   0
0.793537228566656   0.0404761925236663   0.04780196729611   0
0.790452708469172   -0.00761306064422973   -0.00308452009748417   0
0.750149344192375   -0.0420585604741952   -0.0403033642767975   0
0.724754634197843   -0.0122419146428849   -0.0253947099945312   0
0.747784441896527   0.0161788906141785   0.0230298076986832   0
0.78532833913036   0.0458917142250063   0.0375438972338333   0
0.777851125632984   0.00395657376300407   -0.00747721349737618   0
0.755097924918682   -0.0280953901069655   -0.0227532007143016   0
0.733465573678308   -0.0232957567207024   -0.021632351240374   0
0.770993485269817   0.0282753301081499   0.0375279115915091   0
0.819689299991924   0.023876594399024   0.0486958147221065   0
0.780649238148607   -0.0335291127338219   -0.0390400618433172   0
0.731398405017744   -0.0369530046773406   -0.0492508331308625   0
0.723038063229904   -0.0335266806286186   -0.0083603417878404   0
0.758420871276134   0.0259219955276143   0.0353828080462298   0
0.791178830518107   0.0774680361660877   0.0327579592419738   0
0.817362284835953   0.00419815520141797   0.026183454317846   0
0.784711143887354   -0.0166930913647836   -0.032651140948599   0
0.744103340632872   -0.0425765450578991   -0.0406078032544823   0
0.76172731854073   -0.000469937628267969   0.0176239779078576   0
0.768462871306252   -0.00441235743118262   0.00673555276552273   0
0.827918284171814   0.0447929198373309   0.0594554128655613   0
0.826789844094314   0.0362998012170034   -0.0011284400774999   0
0.819264108339002   -0.00448010484774441   -0.00752573575531168   0
0.779127979082063   -0.0296049934809548   -0.0401361292569388   0
0.774550014226486   -0.0206643766781794   -0.00457796485557715   0
0.816913882978646   0.0120848415826181   0.0423638687521601   0
0.852693731214203   0.0338040231364386   0.0357798482355568   0
0.815084820521459   -0.0272492496958514   -0.0376089106927437   0
0.791069925572007   -0.0115707743202936   -0.0240148949494529   0
0.776470136608292   -0.00165461316941229   -0.0145997889637143   0
0.792472176184912   0.00215226377187494   0.0160020395766195   0
0.809806278657587   0.0246044933640737   0.0173341024726757   0
0.86258238418194   0.0805624705304356   0.0527761055243524   0
0.886014273363161   0.0456016826586544   0.0234318891812211   0
0.829710362818556   -0.0675886504851422   -0.0563039105446048   0
0.761667224157309   -0.015977259035637   -0.0680431386612473   0
0.737874951457901   -0.0279357966639143   -0.0237922726994078   0
0.739245807593963   -0.0220212275231864   0.00137085613606158   0
0.744709990090941   -0.0283335048559087   0.00546418249697878   0
0.741818524452073   0.00333970457758015   -0.00289146563886888   0
0.782492218369934   0.0404368846181558   0.0406736939178612   0
0.825519015885915   0.0582989174922808   0.0430267975159814   0
0.828426232481354   -0.0315303628540732   0.00290721659543847   0
0.760969427083802   -0.0545676051766194   -0.0674568053975515   0
0.732031424168048   -0.0293370599824169   -0.0289380029157542   0
0.72294085111612   0.00276479423022558   -0.00909057305192806   0
0.75645211059227   0.027950783502056   0.0335112594761502   0
0.767718300635233   0.0290316019787072   0.0112661900429628   0
0.74696549797832   -0.00300837098978801   -0.0207528026569126   0
0.754769691390692   -0.0132221892958436   0.00780419341237137   0
0.747184417325636   -0.0198640519572189   -0.0075852740650556   0
0.76209408196249   0.0185198711035008   0.0149096646368536   0
0.798184597084465   0.0310009041141053   0.0360905151219755   0
0.782096627311755   -0.0211840463008468   -0.01608796977271   0
0.738070987839464   -0.0421752751957848   -0.044025639472291   0
0.713347945240084   -0.011687557400015   -0.02472304259938   0
0.724939031083994   0.00368012418439145   0.0115910858439098   0
0.773326116716615   0.0520879047575871   0.0483870856326213   0
0.775210630610804   -0.00270761502989669   0.00188451389418853   0
0.743090501534806   -0.0124027241881046   -0.0321201290759974   0
0.7321385739539   -0.00582250572390008   -0.0109519275809066   0
0.737711821154609   0.00805889979664587   0.00557324720070929   0
0.773284024172231   0.0162843130177776   0.0355722030176221   0
0.815328008517431   0.0469118512884007   0.0420439843451998   0
0.798455767458818   -0.0107984615263031   -0.0168722410586131   0
0.771708940658329   -0.0356646915157393   -0.0267468268004893   0
0.780904667847651   0.00544911342053012   0.00919572718932216   0
0.813216565714355   0.0216864783456072   0.0323118978667043   0
0.769664804338389   -0.0311325247863603   -0.0435517613759665   0
