0.029881671484246   0.0119482777005726   0   0   0
0.0749128321632549   0.018543   0.0450311606790089   0.00659472229942742   0
0.114184683755266   0.0101055   0.0392718515920106   -0.0084375   0
0.110030284101969   0.005013   -0.0041543996532966   -0.0050925   0
0.0545644269731499   0.039991329164989   -0.055465857128819   0.034978329164989   0
0.036576241653732   0.03464535   -0.0179881853194179   -0.005345979164989   0
0.0967308901153091   0.0227392243278547   0.0601546484615771   -0.0119061256721453   0
0.0650920404356785   0.0369343027990241   -0.0316388496796306   0.0141950784711694   0
0.0896177465845912   0.019695776184822   0.0245257061489127   -0.0172385266142021   0
0.122456759130928   0.0172616129501736   0.0328390125463364   -0.0024341632346484   0
0.0798550419578632   0.038292303710439   -0.0426017171730643   0.0210306907602654   0
0.0729965402162657   0.0375862597622123   -0.00685850174159751   -0.000706043948226688   0
0.153295320401078   0.0222129831409899   0.0802987801848118   -0.0153732766212224   0
0.0379088946794812   0.0234453196347608   -0.115386425721596   0.00123233649377092   0
0.104088175355309   0.0624816640752309   0.0661792806758276   0.0390363444404701   0
0.0687619461575085   0.0257910573544397   -0.0353262291978003   -0.0366906067207912   0
0.133903128548739   0.0283588114881865   0.06514118239123   0.00256775413374679   0
0.0574723516454904   0.028422458554548   -0.0764307769032482   6.36470663614996e-05   0
0.0590368396768865   0.0482148479478314   0.00156448803139613   0.0197923893932834   0
0.157018489080801   0.0241646881062533   0.0979816494039144   -0.0240501598415781   0
0.0946286843744538   0.022590590759828   -0.0623898047063471   -0.00157409734642533   0
0.0825548481146619   0.0488413515540879   -0.0120738362597919   0.0262507607942599   0
0.0853492698926031   0.0276761351476773   0.00279442177794115   -0.0211652164064105   0
0.126524342314135   0.0352782943265048   0.0411750724215319   0.00760215917882746   0
0.10177717550345   0.0589995866046958   -0.0247471668106853   0.023721292278191   0
0.0824494341808966   0.0300587863433057   -0.0193277413225531   -0.0289408002613901   0
0.132712714792664   0.0219340429118329   0.0502632806117671   -0.00812474343147283   0
0.0822182452222133   0.0547529026730887   -0.0504944695704504   0.0328188597612559   0
0.0922800818133036   0.0335955395582691   0.0100618365910903   -0.0211573631148196   0
0.114757689393796   0.0416645938969351   0.0224776075804922   0.00806905433866602   0
0.060163392403853   0.064997255851275   -0.0545942969899427   0.0233326619543398   0
0.124983079995361   0.042468642363896   0.0648196875915084   -0.022528613487379   0
0.0682350879338482   0.0410833887781303   -0.0567479920615132   -0.00138525358576572   0
0.0944194802035412   0.0649123819049378   0.0261843922696929   0.0238289931268076   0
0.0844793516065908   0.0331091804364741   -0.00994012859695033   -0.0318032014684637   0
0.110894533117602   0.040567134490681   0.0264151815110111   0.00745795405420689   0
0.0776780673690457   0.0673404177917133   -0.0332164657485562   0.0267732833010323   0
0.103907249158613   0.0807758099948749   0.0262291817895669   0.0134353922031615   0
0.109147781180654   0.044904732064366   0.00524053202204174   -0.0358710779305089   0
0.0998593007617218   0.046712688351266   -0.00928848041893257   0.00180795628689998   0
0.0695302300443455   0.0721256488733724   -0.0303290707173763   0.0254129605221064   0
0.0828005466724955   0.0575246060363302   0.01327031662815   -0.0146010428370421   0
0.073199996751476   0.0582708681534135   -0.00960054992101944   0.000746262117083278   0
0.0254641994255582   0.0706354167155188   -0.0477357973259178   0.0123645485621053   0
0.0669777873581862   0.0549337538932349   0.041513587932628   -0.015701662822284   0
0.10813848509988   0.0659856971878187   0.041160697741694   0.0110519432945838   0
0.0675352308021524   0.0806164582833121   -0.0406032542977278   0.0146307610954934   0
0.0423069362734635   0.0658911744868006   -0.025228294528689   -0.0147252837965115   0
0.132710802486244   0.041643332553033   0.0904038662127806   -0.0242478419337676   0
0.0189484616513347   0.0706410426807603   -0.113762340834909   0.0289977101277273   0
0.0864791099194048   0.0739161262486746   0.0675306482680702   0.00327508356791427   0
0.0985795372804113   0.0585731282444646   0.0121004273610065   -0.01534299800421   0
0.111183600804806   0.052456990073464   0.0126040635243949   -0.00611613817100062   0
0.0563191787688075   0.073913655171575   -0.0548644220359987   0.021456665098111   0
0.0732780882366618   0.0526178137374122   0.0169589094678543   -0.0212958414341629   0
0.131213622503843   0.0565124848708894   0.0579355342671807   0.0038946711334772   0
0.0738709609383146   0.0601045459968088   -0.057342661565528   0.00359206112591939   0
0.0293890676885334   0.0581127175942581   -0.0444818932497812   -0.00199182840255063   0
0.116455965613072   0.0541823250821013   0.0870668979245381   -0.00393039251215688   0
0.0921385357069451   0.0665504039846867   -0.0243174299061264   0.0123680789025854   0
0.0380254838088735   0.0547084902296024   -0.0541130518980716   -0.0118419137550843   0
0.157742629817751   0.0460720552047616   0.119717146008877   -0.00863643502484079   0
0.0598312418023937   0.0730802909125812   -0.0979113880153572   0.0270082357078196   0
0.0393171650459249   0.0721052686672236   -0.0205140767564688   -0.000975022245357601   0
0.130814941298385   0.0559965312952954   0.0914977762524604   -0.0161087373719282   0
0.06842709493465   0.080239256482971   -0.0623878463637354   0.0242427251876755   0
0.0516331705162883   0.0800918141614048   -0.0167939244183617   -0.000147442321566202   0
0.107172406513104   0.0654878546140809   0.0555392359968156   -0.0146039595473239   0
0.0843252469558791   0.0921720092074324   -0.0228471595572248   0.0266841545933515   0
0.0569303866356096   0.0728774362913687   -0.0273948603202694   -0.0192945729160637   0
0.0892961515888003   0.0664904722500525   0.0323657649531906   -0.00638696404131618   0
0.0888586614065669   0.0833301314981562   -0.000437490182233408   0.0168396592481037   0
0.090174382806205   0.0702314342318666   0.00131572139963815   -0.0130986972662896   0
0.0156472166712166   0.0826103380063446   -0.0745271661349884   0.012378903774478   0
0.085958180777574   0.0948406185224058   0.0703109641063574   0.0122302805160612   0
0.104802489736886   0.0849064413177381   0.0188443089593115   -0.0099341772046677   0
0.0481124654282193   0.105828308886151   -0.0566900243086662   0.0209218675684125   0
0.0388242579308659   0.096332456504921   -0.00928820749735347   -0.00949585238122956   0
0.0960518990176665   0.0927718350336054   0.0572276410868006   -0.00356062147131561   0
0.0896210482046489   0.108392567739041   -0.00643085081301757   0.0156207327054352   0
0.0732186670604567   0.0968956856289278   -0.0164023811441922   -0.0114968821101128   0
0.115095421638135   0.0861110403297103   0.041876754577678   -0.0107846452992174   0
0.101780107896337   0.114052410785842   -0.0133153137417977   0.0279413704561319   0
0.0830132451841873   0.0909574293005387   -0.0187668627121497   -0.0230949814853035   0
0.112380454567376   0.0949412871238852   0.0293672093831884   0.00398385782334644   0
0.137588769405428   0.105089907102205   0.0252083148380521   0.0101486199783195   0
0.0852982061363432   0.101826403610274   -0.0522905632690846   -0.00326350349193025   0
0.135438966368066   0.115935656732043   0.0501407602317224   0.0141092531217682   0
0.113876775425725   0.140154794853762   -0.021562190942341   0.024219138121719   0
0.0703920891605016   0.129419093540134   -0.043484686265223   -0.0107357013136274   0
0.143882162399687   0.125440138919765   0.0734900732391858   -0.00397895462036893   0
0.12233307813294   0.148427697493594   -0.0215490842667473   0.0229875585738293   0
0.118052050741061   0.140684502294531   -0.00428102739187917   -0.00774319519906311   0
0.0867507995594853   0.159460475111389   -0.0313012511815755   0.0187759728168579   0
0.132131885080173   0.161810923655512   0.0453810855206875   0.00235044854412289   0
0.130058247296586   0.16321232027645   -0.00207363778358655   0.00140139662093783   0
0.12807866609859   0.177183238781917   -0.00197958119799632   0.0139709185054675   0
0.108771858270694   0.167762429661709   -0.0193068078278957   -0.00942080912020807   0
0.131395027242624   0.170845283271415   0.0226231689719301   0.00308285360970548   0
0.158810681160872   0.177579486431429   0.0274156539182471   0.00673420316001389   0
0.129166041037767   0.172119849055999   -0.0296446401231049   -0.00545963737542945   0
0.115478525935301   0.173799435592438   -0.0136875151024655   0.00167958653643865   0
0.169224286800831   0.181474538910421   0.0537457608655302   0.00767510331798327   0
0.131413305060104   0.176342071803817   -0.0378109817407271   -0.00513246710660439   0
0.112398488236586   0.176933738134506   -0.019014816823518   0.000591666330689272   0
0.183068629771488   0.18590206476664   0.0706701415349014   0.00896832663213382   0
0.116243893396169   0.168168512413888   -0.0668247363753182   -0.017733552352752   0
0.121483015258019   0.16748532775515   0.00523912186184929   -0.000683184658738067   0
0.157004451319691   0.181801282476912   0.0355214360616723   0.0143159547217622   0
0.142482239483944   0.182553552231256   -0.0145222118357469   0.000752269754344087   0
0.161867357765332   0.171806915413968   0.019385118281388   -0.0107466368172879   0
0.173216365003426   0.183730368661525   0.0113490072380937   0.0119234532475569   0
0.172297508069095   0.178718056179027   -0.000918856934330275   -0.00501231248249787   0
0.1821964915174   0.201705855091294   0.00989898344830456   0.0229877989122663   0
0.180464908428093   0.207492342660518   -0.00173158308930696   0.00578648756922467   0
0.167443840422692   0.184347177797248   -0.0130210680054009   -0.0231451648632709   0
0.167072435474228   0.199411840799016   -0.000371404948464382   0.0150646630017687   0
0.169118792051209   0.197402620217539   0.0020463565769813   -0.00200922058147712   0
0.18934502656727   0.196018014211705   0.0202262345160605   -0.00138460600583462   0
0.187159248343783   0.188136804307714   -0.00218577822348609   -0.00788120990399066   0
0.172695187538507   0.198145545292469   -0.0144640608052768   0.0100087409847554   0
0.186832886946704   0.194899919072585   0.0141376994081976   -0.00324562621988478   0
0.182006490494652   0.202430546673752   -0.00482639645205191   0.00753062760116779   0
0.198954698526675   0.207496333693514   0.0169482080320222   0.0050657870197614   0
0.174026993882587   0.194293137051338   -0.0249277046440876   -0.0132031966421758   0
0.17613405956288   0.202151405048722   0.00210706568029248   0.00785826799738409   0
0.168561558740449   0.20391048064896   -0.00757250082243008   0.00175907560023822   0
0.202691159018937   0.195179419528546   0.0341296002784875   -0.00873106112041466   0
0.193449939269181   0.199989949836336   -0.0092412197497555   0.00481053030778991   0
0.166681874215705   0.199598585512172   -0.0267680650534768   -0.000391364324163118   0
0.239921193679112   0.196480796331505   0.0732393194634074   -0.00311778918066707   0
0.172736913665644   0.213594530766058   -0.0671842800134682   0.0171137344345527   0
0.163938476878461   0.211972443549486   -0.00879843678718312   -0.00162208721657209   0
0.239842703732529   0.212043046555411   0.0759042268540681   7.06030059245966e-05   0
0.178538217101913   0.201309109142532   -0.0613044866306153   -0.0107339374128782   0
0.174337621372239   0.20715736485474   -0.00420059572967496   0.00584825571220801   0
0.215169695842979   0.204645042118933   0.0408320744707402   -0.00251232273580704   0
0.192522859630357   0.200076573088087   -0.0226468362126221   -0.00456846903084662   0
0.188093991654625   0.219990308425854   -0.004428867975732   0.0199137353377676   0
0.22423157447505   0.223671405296363   0.0361375828204256   0.00368109687050899   0
0.194693438289455   0.213815596289776   -0.0295381361855948   -0.00985580900658725   0
0.186616048275088   0.220472646617647   -0.00807739001436741   0.00665705032787131   0
0.250428784408282   0.215235652805245   0.0638127361331944   -0.00523699381240225   0
0.20216283733231   0.216112194930087   -0.0482659470759726   0.000876542124842089   0
0.183536555511686   0.233232956142164   -0.0186262818206241   0.0171207612120766   0
0.236803374579502   0.220250922347104   0.0532668190678164   -0.0129820337950599   0
0.215033746602342   0.224940302465543   -0.0217696279771606   0.00468938011843911   0
0.200861247655689   0.232291643623183   -0.0141724989466526   0.00735134115764025   0
0.256784058664785   0.217726896474115   0.0559228110090965   -0.0145647471490682   0
0.210999446468682   0.226888448670977   -0.045784612196104   0.00916155219686185   0
0.206394055111793   0.231049507916788   -0.00460539135688814   0.00416105924581139   0
0.257558201261463   0.227497867621875   0.0511641461496691   -0.00355164029491362   0
0.22497450228657   0.245427714331817   -0.0325836989748923   0.0179298467099424   0
0.207335488441077   0.254295582406262   -0.0176390138454932   0.00886786807444501   0
0.249185354819038   0.251601782824566   0.0418498663779612   -0.00269379958169619   0
0.209623024455408   0.262478082855317   -0.0395623303636304   0.0108763000307509   0
0.201207208929501   0.252343959484351   -0.00841581552590648   -0.0101341233709653   0
0.249425509314124   0.25395649079173   0.0482183003846224   0.00161253130737843   0
0.215928748928211   0.260927789969486   -0.0334967603859125   0.00697129917775569   0
0.213267372648443   0.263472417217628   -0.00266137627976792   0.00254462724814275   0
0.262219740818192   0.252064920698518   0.0489523681697491   -0.0114074965191107   0
0.220787064058133   0.248388070421191   -0.0414326767600597   -0.00367685027732673   0
0.2380028062823   0.265829207573872   0.0172157422241672   0.0174411371526806   0
0.255181730517684   0.258876294039817   0.0171789242353843   -0.00695291353405419   0
0.283686077053492   0.274110410369161   0.0285043465358081   0.0152341163293439   0
0.269423310010548   0.279760500429832   -0.0142627670429441   0.00565009006067069   0
0.250250222819801   0.287920782314164   -0.0191730871907474   0.00816028188433232   0
0.263732646475555   0.274059313114625   0.013482423655754   -0.0138614691995394   0
0.270181835131454   0.263114543851361   0.00644918865589883   -0.0109447692632635   0
0.247653998354559   0.288317127560157   -0.0225278367768945   0.0252025837087959   0
0.241087473019889   0.285706649172348   -0.00656652533467042   -0.00261047838780909   0
0.261526176498644   0.266193971722689   0.0204387034787555   -0.0195126774496587   0
0.271483343170442   0.262984836704039   0.00995716667179786   -0.00320913501865061   0
0.259232661668703   0.29214202975344   -0.0122506815017395   0.0291571930494015   0
0.241989455926451   0.296512029875838   -0.0172432057422511   0.00437000012239797   0
0.292429458559086   0.288647142530461   0.0504400026326342   -0.00786488734537771   0
0.23384255483075   0.286679548158658   -0.0585869037283361   -0.00196759437180222   0
0.220701945901027   0.294512530761379   -0.0131406089297222   0.00783298260272114   0
0.284881908934983   0.291409487502552   0.0641799630339558   -0.00310304325882749   0
0.28314472898539   0.310021933710601   -0.00173717994959299   0.0186124462080486   0
0.270733575064934   0.316204227118582   -0.0124111539204566   0.00618229340798182   0
0.318613055327304   0.295009679380139   0.0478794802623709   -0.0211945477384432   0
0.285307147071029   0.302851662333955   -0.0333059082562751   0.00784198295381594   0
0.266211338717944   0.310295540596123   -0.0190958083530853   0.00744387826216752   0
0.310268457089985   0.29652362242316   0.044057118372041   -0.0137719181729631   0
0.281920111372442   0.312851719280077   -0.0283483457175434   0.0163280968569174   0
0.261378873879451   0.317541113404564   -0.0205412374929907   0.00468939412448682   0
0.323930265715092   0.337662445809791   0.0625513918356407   0.0201213324052271   0
0.28296563832114   0.321958338603382   -0.0409646273939521   -0.0157041072064089   0
0.271761517550411   0.334770490220423   -0.0112041207707284   0.0128121516170412   0
0.313657481982002   0.328337504193951   0.0418959644315909   -0.00643298602647269   0
0.292584549183651   0.318957039557038   -0.0210729327983517   -0.00938046463691244   0
0.282343436918038   0.334800903403112   -0.0102411122656127   0.015843863846074   0
0.29353778472626   0.32141805205629   0.0111943478082219   -0.013382851346822   0
0.314410933672797   0.309840946808927   0.0208731489465374   -0.0115771052473628   0
0.272547337969774   0.327816488034961   -0.0418635957030234   0.0179755412260335   0
0.263865270770445   0.324413896201997   -0.00868206719932912   -0.00340259183296393   0
0.321250341641842   0.328386428092438   0.0573850708713972   0.00397253189044122   0
0.276405997006595   0.323744591432336   -0.0448443446352463   -0.00464183666010237   0
0.248522053152009   0.328628709227378   -0.0278839438545863   0.00488411779504216   0
0.281498122461394   0.32038876183701   0.032976069309385   -0.00823994739036765   0
0.288534950489538   0.315053847700234   0.0070368280281437   -0.00533491413677595   0
0.279266933156882   0.332805834826889   -0.00926801733265598   0.0177519871266547   0
0.275060634880748   0.312368940172215   -0.00420629827613406   -0.0204368946546745   0
0.305181038049549   0.315248405396558   0.0301204031688008   0.00287946522434335   0
0.284114453816574   0.325094395833045   -0.0210665842329749   0.0098459904364871   0
0.262959883148076   0.332321239612145   -0.0211545706684973   0.00722684377909977   0
0.3098793480534   0.332386690227286   0.0469194649053233   6.54506151416268e-05   0
0.275998988402874   0.335427158367227   -0.0338803596505253   0.00304046813994019   0
0.260160798553299   0.349756202848073   -0.0158381898495758   0.0143290444808467   0
0.326619640921608   0.337312008870867   0.0664588423683091   -0.0124441939772059   0
0.291044316316261   0.329333931020628   -0.0355753246053463   -0.00797807785023896   0
0.304507963867772   0.337975298519289   0.0134636475515107   0.00864136749866068   0
0.308150230280621   0.343473762562004   0.00364226641284926   0.00549846404271515   0
0.314074257004613   0.330983234800873   0.00592402672399212   -0.0124905277611309   0
0.294342168631017   0.343134324986619   -0.0197320883735966   0.0121510901857455   0
0.287542085700511   0.347193047994182   -0.00680008293050594   0.00405872300756277   0
0.312830074721086   0.348371464433441   0.0252879890205746   0.00117841643925909   0
0.283000585375172   0.350385743185368   -0.0298294893459136   0.00201427875192706   0
0.261754196669337   0.354168533560648   -0.0212463887058348   0.00378279037528051   0
0.320775194828091   0.344656819388867   0.0590209981587543   -0.00951171417178132   0
0.276237953035078   0.340082244097292   -0.0445372417930133   -0.00457457529157501   0
0.27069641155961   0.333132965747421   -0.00554154147546765   -0.00694927834987075   0
0.313903258081212   0.329595343775515   0.0432068465216015   -0.00353762197190594   0
0.287773970635376   0.334415782316714   -0.0261292874458364   0.00482043854119901   0
0.268300572377343   0.342222234248449   -0.0194733982580323   0.0078064519317344   0
0.325902850951016   0.3309187273142   0.0576022785736726   -0.0113035069342484   0
0.29599372473958   0.347847231281924   -0.0299091262114362   0.0169285039677233   0
0.281688567886522   0.34924727903138   -0.0143051568530571   0.00140004774945629   0
0.323474683086637   0.345915297086585   0.0417861152001142   -0.00333198194479528   0
0.294956426636207   0.339165090481391   -0.0285182564504299   -0.00675020660519371   0
0.258841753168302   0.341209677609344   -0.0361146734679051   0.0020445871279533   0
0.300455871683347   0.331886002495209   0.0416141185150455   -0.00932367511413495   0
0.277856048701481   0.325181690616569   -0.0225998229818658   -0.00670431187864012   0
0.244901864249744   0.334846759169773   -0.0329541844517375   0.00966506855320398   0
0.235796687177089   0.322720201414089   -0.00910517707265482   -0.0121265577556843   0
0.295710474606497   0.328380508910395   0.0599137874294084   0.0056603074963063   0
0.258759639656593   0.334361701817971   -0.0369508349499041   0.00598119290757626   0
0.259164690256987   0.34143527942862   0.000405050600393697   0.00707357761064897   0
0.326203114715356   0.341522753395363   0.0670384244583694   8.74739667428015e-05   0
0.280781214482754   0.335968023647623   -0.045421900232603   -0.00555472974773979   0
0.260338451024815   0.32497148546411   -0.0204427634579385   -0.0109965381835137   0
0.330280525338688   0.327729049540547   0.0699420743138734   0.00275756407643696   0
0.245196059194046   0.329142894355552   -0.0850844661446426   0.00141384481500534   0
0.238872319909612   0.322026071102853   -0.00632373928443383   -0.00711682325269847   0
0.312884946016903   0.340390319041244   0.0740126261072906   0.0183642479383908   0
0.267216295923808   0.319254180690813   -0.0456686500930948   -0.0211361383504309   0
0.247137801645551   0.33777217619468   -0.0200784942782569   0.0185179955038667   0
0.271628958657872   0.324835909949162   0.0244911570123213   -0.0129362662455182   0
0.26035037873028   0.311841454602335   -0.0112785799275926   -0.0129944553468271   0
0.233199490602467   0.315870214738621   -0.0271508881278127   0.00402876013628622   0
0.238714367160839   0.305955528168719   0.00551487655837252   -0.00991468656990169   0
0.266684318335368   0.311836003311035   0.0279699511745289   0.00588047514231599   0
0.230025819977867   0.316056756302962   -0.0366584983575014   0.00422075299192687   0
0.229811385264721   0.325814161692674   -0.000214434713145861   0.00975740538971198   0
0.287004293858123   0.311374980768767   0.0571929085934024   -0.0144391809239072   0
0.254781837925626   0.320502853549699   -0.0322224559324972   0.0091278727809323   0
0.244118305223103   0.31920394262681   -0.0106635327025233   -0.00129891092288897   0
0.327027034789175   0.335159107316958   0.0829087295660718   0.0159551646901475   0
0.252007817277877   0.324539958320235   -0.0750192175112972   -0.0106191489967226   0
0.22495855844675   0.319148549451411   -0.027049258831127   -0.00539140886882372   0
0.292286096144668   0.327286260405933   0.0673275376979174   0.00813771095452132   0
0.232668558115208   0.315487713064233   -0.0596175380294596   -0.0117985473416995   0
0.2296482311297   0.3156593394187   -0.00302032698550841   0.000171626354466659   0
0.313006249653262   0.32924179501204   0.0833580185235619   0.0135824555933398   0
0.248269875556822   0.329444417649624   -0.0647363740964395   0.000202622637584415   0
0.23361764900343   0.345692660418051   -0.0146522265533919   0.0162482427684269   0
0.293344258660094   0.322071698316151   0.0597266096566634   -0.0236209621018997   0
0.235671190857092   0.317334736830842   -0.0576730678030015   -0.00473696148530894   0
0.216983618137499   0.342406111017006   -0.0186875727195932   0.0250713741861633   0
0.287776746700789   0.324044709488135   0.0707931285632899   -0.0183614015288703   0
0.227779347341325   0.339264416345496   -0.0599973993594638   0.0152197068573605   0
0.218929339294052   0.335176550669196   -0.0088500080472734   -0.0040878656763001   0
0.278469185709371   0.331548652712162   0.0595398464153191   -0.00362789795703344   0
0.22197819222266   0.3372150405472   -0.0564909934867112   0.00566638783503803   0
0.229416096457943   0.328884561347519   0.00743790423528298   -0.00833047919968133   0
0.296459068272232   0.326027535289199   0.0670429718142896   -0.00285702605831983   0
0.24080247940503   0.316012428561758   -0.055656588867202   -0.0100151067274414   0
0.244360394595033   0.327982431781033   0.00355791519000229   0.0119700032192753   0
0.307757842005691   0.320829487194522   0.0633974474106587   -0.00715294458651095   0
0.28687469625082   0.317493224754088   -0.0208831457548717   -0.00333626244043378   0
0.261463106503718   0.330757443718993   -0.0254115897471019   0.0132642189649042   0
0.255986871761034   0.332517820452153   -0.00547623474268372   0.00176037673316004   0
0.324598124994585   0.340464901443232   0.0686112532335508   0.00794708099107994   0
0.282309497341127   0.322937762760102   -0.0422886276534573   -0.0175271386831303   0
0.255954024894492   0.329944900727758   -0.0263554724466358   0.00700713796765579   0
0.244074739106692   0.314858981323782   -0.0118792857877991   -0.0150859194039755   0
0.286607519107577   0.321326480802625   0.0425327800008843   0.00646749947884295   0
0.261284091536951   0.336730436087236   -0.0253234275706254   0.0154039552846104   0
0.251720674887861   0.337526785143046   -0.00956341664909088   0.00079634905581033   0
0.318927033401059   0.351529842104835   0.0672063585131981   0.0140030569617885   0
0.258394926365515   0.346361073006913   -0.0605321070355435   -0.00516876909792174   0
0.264447612362373   0.356932131668263   0.00605268599685799   0.0105710586613498   0
0.339778970533787   0.360898016940035   0.0753313581714137   0.00396588527177261   0
0.280158563590335   0.356797535073114   -0.0596204069434514   -0.00410048186692136   0
0.253459749685113   0.348528722176882   -0.0266988139052227   -0.00826881289623221   0
0.284383869393114   0.362152514288179   0.0309241197080017   0.0136237921112977   0
0.295266526072632   0.340309552559871   0.010882656679517   -0.021842961728308   0
0.265659458570554   0.356174432689237   -0.0296070675020773   0.0158648801293658   0
0.273401371446816   0.361721937446777   0.00774191287626202   0.00554750475753968   0
0.315407817192282   0.353204553637832   0.0420064457454657   -0.00851738380894518   0
0.264182157832886   0.345668952790817   -0.0512256593593958   -0.00753560084701482   0
0.275736419409914   0.34897166031678   0.0115542615770278   0.0033027075259629   0
0.337638438950603   0.35746864463789   0.0619020195406889   0.00849698432111007   0
0.295397968457875   0.354990315421069   -0.0422404704927274   -0.00247832921682095   0
0.278116582128592   0.369521354426574   -0.0172813863292832   0.0145310390055054   0
0.342615689920937   0.364966235111209   0.0644991077923452   -0.00455511931536573   0
0.28381787102487   0.340559972224056   -0.0587978188960671   -0.0244062628871524   0
0.266379301143238   0.360013229192345   -0.0174385698816321   0.0194532569682889   0
0.317701427678567   0.374633051414981   0.0513221265353291   0.0146198222226362   0
0.303048098928206   0.363369407226998   -0.014653328750361   -0.0112636441879831   0
0.28639546714443   0.372752708410683   -0.0166526317837768   0.0093833011836853   0
0.3007190334066   0.377137650486861   0.0143235662621706   0.0043849420761779   0
0.325951975293907   0.375729653642416   0.0252329418873071   -0.0014079968444452   0
0.266412682687386   0.365326669244801   -0.059539292606521   -0.0104029843976156   0
0.25467162288131   0.378879386061382   -0.0117410598060766   0.0135527168165817   0
0.318671637482848   0.37732547556917   0.0640000146015388   -0.00155391049221276   0
0.260986992224977   0.374117775361249   -0.0576846452578719   -0.00320770020792049   0
0.258355920197312   0.372078712443348   -0.00263107202766438   -0.00203906291790062   0
0.327968970724366   0.369924194722716   0.0696130505270537   -0.00215451772063235   0
0.273372695015962   0.372548777017185   -0.0545962757084043   0.0026245822944686   0
0.262013957536693   0.361996159463053   -0.0113587374792686   -0.0105526175541318   0
0.332362849461248   0.374296021464629   0.0703488919245546   0.0122998620015761   0
0.279369624542272   0.364973339047183   -0.0529932249189757   -0.00932268241744605   0
0.24677638890453   0.372761123896055   -0.0325932356377416   0.00778778484887188   0
0.315601083475643   0.367272424436208   0.068824694571113   -0.00548869945984704   0
0.281383579716372   0.358555598778279   -0.0342175037592711   -0.00871682565792908   0
0.275157108303602   0.366748178849602   -0.0062264714127705   0.00819258007132373   0
0.3255719846547   0.38622753548815   0.0504148763510979   0.0194793566385473   0
0.313580098910948   0.367017669664895   -0.0119918857437515   -0.0192098658232547   0
0.265630605076905   0.361356464009225   -0.0479494938340435   -0.00566120565567046   0
0.253801477800839   0.368651798492154   -0.0118291272760653   0.00729533448292979   0
0.322127823961234   0.384521920136226   0.068326346160395   0.0158701216440715   0
0.264216710018575   0.371608976515974   -0.0579111139426589   -0.0129129436202515   0
0.255187011389863   0.367613775886459   -0.00902969862871267   -0.00399520062951492   0
0.333655311304945   0.393135551449497   0.0784682999150825   0.0255217755630374   0
0.301787259830497   0.374327614299961   -0.0318680514744482   -0.0188079371495363   0
0.263943192458624   0.391502048160032   -0.0378440673718736   0.0171744338600715   0
0.316644200302169   0.37722017727615   0.0527010078435453   -0.0142818708838821   0
0.308069825586668   0.375402878320745   -0.00857437471550093   -0.001817298955405   0
0.2691195862071   0.367382109980195   -0.0389502393795676   -0.00802076834054999   0
0.280240044850839   0.358536971958263   0.0111204586437382   -0.00884513802193232   0
0.310619733856367   0.35451909399777   0.030379689005528   -0.00401787796049213   0
0.271604637087113   0.35571984274461   -0.0390150967692533   0.0012007487468394   0
0.259059333900556   0.357543621513865   -0.0125453031865568   0.00182377876925527   0
0.326017741929791   0.3634098343778   0.0669584080292348   0.00586621286393479   0
0.274157754585585   0.365011029723076   -0.051859987344206   0.0016011953452757   0
0.259317566426284   0.375240352705103   -0.0148401881593017   0.0102293229820272   0
0.351004576155354   0.370017319453428   0.0916870097290708   -0.00522303325167506   0
0.281233394560177   0.3675789955717   -0.0697711815951777   -0.0024383238817276   0
0.253345867253859   0.382673861820676   -0.0278875273063176   0.015094866248976   0
0.325783998357808   0.377481502848153   0.0724381311039485   -0.00519235897252346   0
0.262266455493264   0.369267924430555   -0.063517542864544   -0.00821357841759784   0
0.243804487958712   0.370221588098938   -0.0184619675345511   0.000953663668383509   0
0.294431906345083   0.393456502808125   0.0506274183863709   0.0232349147091864   0
0.28787655567274   0.370385645265512   -0.00655535067234375   -0.0230708575426125   0
0.259316767626488   0.365712057303625   -0.0285597880462516   -0.00467358796188722   0
0.303663057952396   0.375936869218091   0.0443462903259076   0.0102248119144657   0
0.3227829863701   0.391883711164741   0.0191199284177041   0.0159468419466499   0
0.27563683041524   0.378685191051221   -0.0471461559548594   -0.0131985201135195   0
0.257343828057407   0.381754187899098   -0.0182930023578339   0.00306899684787693   0
0.32382571673201   0.39842195582926   0.0664818886746035   0.0166677679301613   0
0.261894327324133   0.380249957849439   -0.0619313894078773   -0.0181719979798208   0
0.262961164743485   0.386859306470065   0.00106683741935176   0.00660934862062657   0
0.296250278808308   0.401603201534176   0.033289114064823   0.0147438950641106   0
0.302381528855517   0.399780764517254   0.00613125004720966   -0.00182243701692214   0
0.280156400089753   0.397315894698727   -0.0222251287657638   -0.00246486981852667   0
0.282056736861575   0.397397216959618   0.001900336771822   8.13222608912478e-05   0
0.333807069388891   0.411163569209384   0.0517503325273158   0.0137663522497657   0
0.282313842049039   0.401888403512094   -0.0514932273398517   -0.00927516569728964   0
0.282462933966565   0.410535806578123   0.000149091917525435   0.00864740306602857   0
0.348562130298172   0.409998182230726   0.0660991963316073   -0.000537624347396515   0
0.303547920692928   0.406449169085754   -0.0450142096052444   -0.00354901314497241   0
0.293525758221591   0.408649275265172   -0.0100221624713367   0.00220010617941746   0
0.320982282074883   0.406870443308739   0.0274565238532922   -0.0017788319564323   0
