0.00835155   0   0   0
0   0.00512871702238361   -0.00835155   0
0.0361275060187179   0.145659557350316   0.0361275060187179   0
0.0262814742613975   -0.0477755566591837   -0.00984603175732041   0
0.0439398272859399   -0.00875439508426773   0.0176583530245423   0
0.0450785344878524   -0.0175541318624395   0.00113870720191256   0
0.0282008106797482   -0.0381239187374094   -0.0168777238081042   0
0.0175199935810491   -0.0593572958193721   -0.0106808170986991   0
0.0271707674563933   -0.0207791992198632   0.00965077387534423   0
0.0346586393613483   0.0275154366564899   0.007487871904955   0
0.0433563711258507   0.165034376998863   0.00869773176450243   0
0.0552006057947057   0.106285468235555   0.011844234668855   0
0.050830765462267   -0.0503289313938952   -0.0043698403324387   0
0.0675652295911884   -0.0444912330456224   0.0167344641289214   0
0.0669399216949423   -0.0456930778236206   -0.000625307896246152   0
0.0192208145644897   -0.0556734020588397   -0.0477191071304525   0
0.0174371689112833   -0.0704163359498185   -0.00178364565320641   0
0.00782271463899361   -0.029298079329295   -0.00961445427228969   0
0.0124006259156796   0.0469038221887051   0.004577911276686   0
0.0200710940789236   0.0687742534852422   0.00767046816324394   0
0.0512451592655101   0.190639510059718   0.0311740651865866   0
0.0405095029463844   -0.0603300463232354   -0.0107356563191258   0
0.0492026659620442   -0.063971465558456   0.0086931630156598   0
0.0686835272977626   -0.0390301360551417   0.0194808613357184   0
0.0389500039854199   -0.0329886126580531   -0.0297335233123427   0
0.0336501189059192   -0.061149775687251   -0.00529988507950069   0
0.0223413476451735   -0.0392825794184325   -0.0113087712607457   0
0.0265562351272728   0.109165655193889   0.00421488748209933   0
0.0413836878758407   0.161137542742355   0.0148274527485678   0
0.0391600359887794   -0.0849021754185203   -0.00222365188706123   0
0.0729525462809805   -0.0669907550946794   0.0337925102922011   0
0.0580063751888316   -0.0574805599441773   -0.0149461710921489   0
0.0654054950490782   -0.0470420448337387   0.00739911986024665   0
0.0816950635103493   -0.0100744296774001   0.016289568461271   0
0.0785272185361547   0.0530096698993638   -0.00316784497419456   0
0.0842572563703714   0.186372436870846   0.00573003783421673   0
0.0980739997657891   -0.0642054074056722   0.0138167433954176   0
0.128692601097538   -0.0472029351886074   0.0306186013317488   0
0.112131898167337   -0.0528562899627115   -0.016560702930201   0
0.122962221933202   -0.0414278484471334   0.0108303237658651   0
0.136909338054422   -0.00211221073543257   0.0139471161212201   0
0.127121747783375   0.0093127246618835   -0.009787590271047   0
0.136550273636672   0.15316201670358   0.00942852585329701   0
0.129391037583955   0.0170726917205712   -0.00715923605271682   0
0.127320352781095   -0.071985672797794   -0.00207068480286013   0
0.15388609580564   -0.0331251109461612   0.0265657430245446   0
0.13361133561462   -0.034269885074891   -0.0202747601910201   0
0.127354790512568   -0.0394459067986241   -0.00625654510205187   0
0.136250874927466   0.0061634781066611   0.00889608441489839   0
0.118541854702896   0.148373296292728   -0.0177090202245701   0
0.0866200369373451   0.115397514933411   -0.0319218177655509   0
0.0761566227849719   -0.0327502160138085   -0.0104634141523732   0
0.104772222731457   -0.0650157873745229   0.028615599946485   0
0.145868910918511   -0.0216953114241196   0.0410966881870542   0
0.162812648443356   -0.0469304323244679   0.0169437375248455   0
0.146946943093417   -0.0551934882376044   -0.0158657053499393   0
0.150622573953076   -0.0127081412618408   0.00367563085965925   0
0.137133616911573   0.0213564501170747   -0.0134889570415037   0
0.138673293459312   0.119385318775655   0.00153967654773934   0
0.129135137003112   0.105498897289669   -0.00953815645620015   0
0.123095013158546   -0.05237367572267   -0.00604012384456644   0
0.138475834487547   -0.0747218576489156   0.0153808213290014   0
0.166605677446216   -0.00940940116667477   0.0281298429586689   0
0.177869424670909   0.0106481392319147   0.0112637472246927   0
0.179715149431461   -0.0329139644474817   0.00184572476055286   0
0.188925343944539   -0.029160763695308   0.00921019451307795   0
0.185322661110993   0.0506156612551856   -0.00360268283354623   0
0.149979855979428   0.121000834380569   -0.035342805131565   0
0.141260284976918   -0.0442258202046242   -0.00871957100251042   0
0.175681484331311   -0.0831921268988786   0.0344211993543928   0
0.206297918418007   0.00105555966996884   0.0306164340866961   0
0.219429612010099   0.00871729558916223   0.0131316935920922   0
0.215259156936679   -0.00729080461947418   -0.00417045507341934   0
0.217587978615754   -0.00694608190807072   0.00232882167907494   0
0.208553274317595   0.097727184766605   -0.00903470429815947   0
0.176348639464811   0.0570824414510145   -0.0322046348527837   0
0.177675193971394   -0.0434446130175173   0.00132655450658276   0
0.201569323012959   -0.0480264860880268   0.0238941290415647   0
0.227702849354839   -0.0258481729572458   0.0261335263418802   0
0.209880807916356   -0.0695909629479148   -0.0178220414384826   0
0.199602615121897   -0.02905251255026   -0.0102781927944598   0
0.189875183851129   -0.0217888839645413   -0.00972743127076775   0
0.168391236013784   -0.0124108365413583   -0.0214839478373446   0
0.168442796019895   0.0107014121281337   5.15600061108679e-05   0
0.164208680319434   -0.00073675298173885   -0.00423411570046134   0
0.189027356989432   0.164992172775037   0.0248186766699978   0
0.189305769733393   0.0822576184605037   0.000278412743961703   0
0.213950983369912   -0.0285152285467446   0.0246452136365191   0
0.242103522331357   -0.0582477162880152   0.028152538961445   0
0.22537725390609   -0.0651160048826613   -0.0167262684252676   0
0.174948580435795   -0.0965716105833739   -0.0504286734702941   0
0.180043512878137   -0.0453919533893354   0.00509493244234188   0
0.179210911728332   0.0273845414753274   -0.000832601149805351   0
0.173014515170614   0.137501551180173   -0.00619639655771834   0
0.168423386777906   0.123846048136596   -0.00459112839270803   0
0.166800144354674   -0.0429205777234025   -0.00162324242323189   0
0.197021745900649   -0.0794926229555126   0.0302216015459755   0
0.236573013544043   -0.0346867170734518   0.0395512676433938   0
0.236497935868392   0.00566947335060367   -7.50776756511806e-05   0
0.215898423076831   -0.0135035909918585   -0.0205995127915605   0
0.19082033137035   -0.0596288045789189   -0.0250780917064819   0
0.196588051576902   0.00741037835773484   0.00576772020655203   0
0.201379640613295   0.111780409499933   0.00479158903639382   0
0.191680580016886   -0.0292070832594138   -0.00969906059640893   0
0.226744205140925   -0.0463023412154061   0.0350636251240388   0
0.230549645944583   -0.0306857516200999   0.00380544080365758   0
0.215177194267306   -0.000364406078719515   -0.0153724516772767   0
0.22670769526984   0.00570716030602486   0.0115305010025336   0
0.223929582609668   0.144076992472099   -0.002778112660172   0
0.225267383776569   0.130925311183454   0.00133780116690124   0
0.228398283120714   -0.0402580939729754   0.00313089934414543   0
0.247214849090705   -0.0996396094050024   0.0188165659699905   0
0.246108459455791   -0.0736209806937501   -0.00110638963491436   0
0.223669291751796   -0.0543641082425851   -0.0224391677039946   0
0.184958683795192   -0.0694925460303347   -0.0387106079566034   0
0.17453229081892   0.0053851149492939   -0.0104263929762727   0
0.186347021121891   0.115951874878163   0.0118147303029712   0
0.164797509069653   0.142915508413882   -0.0215495120522376   0
0.16046323655689   -0.0105221976246533   -0.00433427251276322   0
0.186834404256523   -0.0653913252417307   0.0263711676996332   0
0.225912786630947   -0.0604217478991834   0.0390783823744241   0
0.222066602677558   -0.000949385836998579   -0.00384618395338926   0
0.202197462297379   -0.0613685995157219   -0.0198691403801792   0
0.175406487709976   -0.035425410536944   -0.0267909745874029   0
0.188955843379478   0.0694791643503938   0.0135493556695024   0
0.194628149032514   0.195889582752019   0.00567230565303559   0
0.2190139456503   0.0130068094059144   0.0243857966177858   0
0.237829768942515   -0.11454488347557   0.018815823292215   0
0.245765963449478   -0.0702755196407248   0.00793619450696281   0
0.221658540928384   -0.0366319790286776   -0.0241074225210939   0
0.217020165664968   0.00965516981347581   -0.00463837526341615   0
0.226006498113378   0.00286147181097496   0.00898633244841074   0
0.220824553892457   0.104460395643333   -0.00518194422092175   0
0.20566113003388   0.118306749229502   -0.0151634238585766   0
0.217434176680001   -0.113405896239796   0.0117730466461213   0
0.191131014072834   -0.00980582994450901   -0.0263031626071669   0
0.216139937680597   0.0204706706633784   0.0250089236077629   0
0.155295350590287   0.0166766760552828   -0.0608445870903108   0
0.178355963942371   -0.0499413388165662   0.0230606133520849   0
0.203921748771612   -0.0244835437125885   0.0255657848292407   0
0.219773619949279   -0.00414208924008597   0.0158518711776666   0
0.212911130819299   -0.00646237285221152   -0.00686248912998008   0
0.176905073135679   0.0791641630386313   -0.0360060576836194   0
0.162156009972218   0.111284840284907   -0.0147490631634614   0
0.154331114904902   0.176690398746002   -0.00782489506731601   0
0.177372360734727   -0.121538314884543   0.0230412458298248   0
0.189789131389672   -0.0471702588013591   0.012416770654945   0
0.196606787183836   -0.0289309452777108   0.00681765579416396   0
0.222531218417686   -0.0259667566386474   0.0259244312338507   0
0.235135593234436   -0.0530457251883628   0.0126043748167494   0
0.227544142405869   -0.0577229700286131   -0.00759145082856644   0
0.206702777638183   -0.0302986579265875   -0.0208413647676866   0
0.202064225441343   0.0192537193627733   -0.00463855219683942   0
0.184755795815781   -0.00171601129123417   -0.0173084296255624   0
0.199947051815374   0.00671863520690913   0.0151912559995935   0
0.206051379609092   0.0477631019744009   0.00610432779371731   0
0.231822840011187   0.196927902315077   0.0257714604020956   0
0.249866537910621   0.016775434746041   0.0180436978994342   0
0.274033096520206   -0.0783322895891308   0.0241665586095845   0
0.238664007560781   -0.0887366563566208   -0.035369088959425   0
0.191819926567269   -0.0750481005978326   -0.0468440809935118   0
0.186891219711688   -0.0496414540398417   -0.00492870685558092   0
0.194931444539484   0.0425684092034873   0.00804022482779604   0
0.226934279030846   0.272403615919515   0.0320028344913621   0
0.245162530337025   -0.015868973813233   0.0182282513061783   0
0.257811395854605   -0.118376963166329   0.0126488655175807   0
0.203437065902609   -0.156687793107521   -0.0543743299519963   0
0.177625687155603   -0.0468667847073709   -0.0258113787470065   0
0.160698439300456   -0.016984081739767   -0.0169272478551461   0
0.164945922978563   0.0208032132114525   0.00424748367810643   0
0.209586785705826   0.169901114008439   0.0446408627272635   0
0.199126249152391   -0.0249679801469136   -0.0104605365534356   0
0.179632014886573   -0.0851416751767661   -0.0194942342658177   0
0.188393153744477   -0.0333078212780876   0.00876113885790356   0
0.19547672835151   0.0836011869935498   0.00708357460703332   0
0.197873495892578   0.270911377106407   0.00239676754106788   0
0.195069205844131   0.00557646547886459   -0.00280429004844668   0
0.224629836589493   -0.141838616178849   0.0295606307453622   0
0.245272487355879   -0.0307405915122992   0.020642650766386   0
0.240998192639571   -0.0847918580863302   -0.00427429471630789   0
0.209560332203067   -0.0679769729570358   -0.031437860436504   0
0.185217986807599   -0.0179168064483598   -0.0243423453954683   0
0.178312821556836   -0.00679168638159811   -0.00690516525076332   0
0.173692598569455   -0.000262559460853462   -0.00462022298738041   0
0.180176524905605   0.0669446025134849   0.00648392633614922   0
0.187652261274178   0.274392465821521   0.00747573636857365   0
0.199425956511032   -0.0151878251695265   0.0117736952368536   0
0.226437617154262   -0.0946182209566095   0.0270116606432297   0
0.223497207724168   -0.0946752993432526   -0.00294040943009347   0
0.191526099607208   -0.0917923793670244   -0.0319711081169607   0
0.179060233743034   -0.0388112644769517   -0.0124658658641735   0
0.18476510888355   -0.00571775867191932   0.00570487514051568   0
0.187702509645583   0.0809499916016423   0.00293740076203278   0
0.171059116807436   0.310553070162159   -0.0166433928381466   0
0.205222084765048   -0.0926883526938576   0.034162967957612   0
0.232700219979483   -0.106571612540686   0.0274781352144356   0
0.226330395044639   -0.093712480494043   -0.00636982493484411   0
0.194826998676108   -0.0378086786956954   -0.0315033963685318   0
0.197540048049756   -0.014576211820197   0.00271304937364869   0
0.190311464051696   0.00022135843329002   -0.00722858399806017   0
0.180437293054263   -0.00971996084185206   -0.00987417099743301   0
0.165258962964502   0.00126388333842303   -0.0151783300897615   0
0.173692828068807   0.00517844639790366   0.00843386510430502   0
0.163693036540112   0.0161145257912764   -0.00999979152869437   0
0.159663497544531   -0.0018377297316165   -0.00402953899558106   0
0.164942971353442   -0.0015219774046818   0.00527947380891119   0
0.16884546243062   0.0171668953768417   0.00390249107717794   0
0.162980096119051   0.286671509906546   -0.00586536631156959   0
0.162511179758603   -0.0128507028331434   -0.000468916360447241   0
0.188360738348654   -0.144833562930841   0.0258495585900503   0
0.184676559479702   -0.0873086461920762   -0.00368417886895156   0
0.169465149938571   -0.0662101187947001   -0.0152114095411308   0
0.149243859071906   -0.0344390556018866   -0.0202212908666652   0
0.16789262241872   0.0590947303228154   0.0186487633468141   0
0.16444964096687   0.309953468282175   -0.00344298145185021   0
0.163058317321327   0.0260898803357301   -0.00139132364554334   0
0.194468737385987   -0.113174248986726   0.0314104200646602   0
0.215531896078104   -0.153635213967238   0.0210631586921167   0
0.179385830637484   -0.0883880185078992   -0.03614606544062   0
0.165733852314517   -0.0351879435982241   -0.0136519783229672   0
0.173364697524388   0.0421393109043181   0.00763084520987128   0
0.17494523066655   0.302971170458322   0.00158053314216242   0
0.170457446071366   -0.0148921256845297   -0.00448778459518473   0
0.210134301864903   -0.122297532157997   0.039676855793537   0
0.194315946102765   -0.134820596501072   -0.0158183557621381   0
0.18702294944696   -0.0525986449485706   -0.00729299665580496   0
0.174469624056023   0.00722612447340981   -0.0125533253909366   0
0.191052710387081   0.235152621676111   0.0165830863310584   0
0.165024630089481   0.128298790049152   -0.0260280802976005   0
0.175165392060019   -0.0699270313634148   0.0101407619705376   0
0.195795610120765   -0.2330940659272   0.0206302180607462   0
0.180880283145932   -0.0653746490607824   -0.0149153269748328   0
0.168261803534878   -0.0146148151442277   -0.0126184796110536   0
0.167682695446549   0.0798524396023605   -0.000579108088329672   0
0.157078292294901   0.0941353424751156   -0.0106044031516473   0
0.167149515880454   -0.0972941284394418   0.0100712235855521   0
0.176829037968881   -0.000616509900855655   0.00967952208842757   0
0.18050443218744   0.00843612476501576   0.00367539421855853   0
0.169163604825802   0.040874097351538   -0.0113408273616379   0
0.151842618463856   0.297858826776593   -0.0173209863619462   0
0.1390208803166   0.0470075272609621   -0.0128217381472552   0
0.133299102112618   -0.0846890181731141   -0.00572177820398251   0
0.144855228713749   -0.0577844907992218   0.0115561266011311   0
0.186762974294485   -0.0613768287760105   0.0419077455807362   0
0.20535917480856   -0.0591137935733907   0.0185962005140744   0
0.190722822498915   -0.131415954822028   -0.0146363523096449   0
0.183489814750056   -0.0561374914463411   -0.00723300774885827   0
0.187043036158901   0.0158858726792113   0.00355322140884481   0
0.187876669362437   0.062994903508655   0.000833633203535883   0
0.173556744934856   0.24347407508492   -0.0143199244275815   0
0.206689903844503   -0.11512232911185   0.0331331589096477   0
0.212599945864228   -0.124403246493168   0.00591004201972434   0
0.202359699318373   -0.0463208559859464   -0.0102402465458541   0
0.182624810188053   -0.0306417196195736   -0.0197348891303201   0
0.18615039201342   -0.00455870996488389   0.00352558182536683   0
0.214365816853457   0.116675917461231   0.0282154248400372   0
0.20284962681492   0.127895968099074   -0.0115161900385368   0
0.229413060725627   -0.120867792030374   0.026563433910706   0
0.202883628884048   -0.0770044369343931   -0.0265294318415788   0
0.198371751728447   -0.0261029519511164   -0.00451187715560103   0
0.160824731423256   -0.0192615118670525   -0.0375470203051904   0
0.224954906411063   -0.0875293884880322   0.0641301749878065   0
0.228755357505021   0.0538049980563116   0.00380045109395832   0
0.204573078666891   0.0854077838240901   -0.02418227883813   0
0.206776317188405   0.112387092375181   0.00220323852151424   0
0.213994511110098   -0.0397409783211962   0.00721819392169301   0
0.219910605272347   -0.0770176498793872   0.00591609416224864   0
0.230013682841369   -0.0322988283914727   0.0101030775690223   0
0.228031325174854   -0.0246696319651492   -0.00198235766651525   0
0.233780128636396   0.13788677246742   0.0057488034615423   0
0.215098627531651   0.11538741635623   -0.0186815011047451   0
0.221933359741162   -0.0291678116820488   0.00683473220951075   0
0.230920275210948   -0.10018513174173   0.00898691546978617   0
0.243191434666704   -0.0565069030827954   0.0122711594557564   0
0.24102490916675   -0.0124921561425512   -0.00216652549995466   0
0.252234674252471   0.00841338189578833   0.0112097650857209   0
0.239057718014395   -0.0260329689124638   -0.0131769562380757   0
0.232492913417807   -0.00103684523596959   -0.00656480459658781   0
0.217744731690574   -0.00111975987364549   -0.0147481817272334   0
0.22393280865767   0.229945085151242   0.00618807696709583   0
0.197117349214979   0.0949106596189543   -0.0268154594426906   0
0.215287247889006   -0.0490197001707777   0.0181698986740274   0
0.264143508007811   -0.129755491381667   0.0488562601188046   0
0.265985819373143   -0.0898562556163979   0.00184231136533247   0
0.16845133013203   -0.145550549377764   -0.0975344892411139   0
0.152128791195158   -0.0345414985535739   -0.0163225389368715   0
0.176981082311253   0.192093840389305   0.0248522911160949   0
0.186298325842377   0.164349460494563   0.00931724353112409   0
0.195906020985631   -0.068818622579658   0.00960769514325394   0
0.21513299536159   -0.0903760165285847   0.0192269743759592   0
0.23917910757631   -0.0752244347252834   0.0240461122147197   0
0.207063051560388   -0.0553041215410107   -0.0321160560159217   0
0.176523930519349   -0.0321765137771196   -0.0305391210410391   0
0.199749944433034   0.034321993258571   0.0232260139136844   0
0.238905919880609   0.234914498437842   0.0391559754475755   0
0.237902557037141   0.0214156944091426   -0.00100336284346836   0
0.254727122601329   -0.0802707266673965   0.0168245655641882   0
0.2662342094973   -0.0849875136447685   0.0115070868959715   0
0.240745278588179   -0.0562964407451838   -0.0254889309091213   0
0.212449052889157   -0.0381061746727144   -0.0282962256990218   0
0.215352508263196   -0.00220801492855655   0.00290345537403885   0
0.250140107892557   0.180108239768063   0.0347875996293607   0
0.229721571393443   0.103060170286811   -0.0204185364991144   0
0.229318706551499   -0.00903778811684863   -0.000402864841943545   0
0.260344984189997   -0.112735230905082   0.0310262776384984   0
0.247476493411496   -0.0942904932617   -0.0128684907785019   0
0.228840577628837   -0.0406877443920179   -0.0186359157826581   0
0.178342499451196   -0.0670120372510899   -0.0504980781776411   0
0.177840644416567   0.063599271998028   -0.000501855034628906   0
0.219147549101627   0.262969118498518   0.0413069046850595   0
0.221030320635818   -0.0134216471053953   0.00188277153419103   0
0.247230368564928   -0.0775755468400166   0.0262000479291097   0
0.25023631687367   -0.0965957039223388   0.00300594830874273   0
0.190928186885148   -0.0890588139879095   -0.0593081299885224   0
0.176064160073821   -0.0388514003830275   -0.0148640268113272   0
0.166640511962128   0.00186531614318941   -0.00942364811169316   0
0.199724139155111   0.189898870503795   0.033083627192983   0
0.207505314477726   0.127963017137449   0.00778117532261546   0
0.220627539753087   -0.0917490483849608   0.013122225275361   0
0.253671690151409   -0.075432826185996   0.0330441503983221   0
0.23828725284413   -0.0396237563802719   -0.0153844373072788   0
0.236277586158738   -0.0302612872594939   -0.00200966668539201   0
0.231620957009664   0.00201968893968374   -0.00465662914907458   0
0.249186907513963   0.0756438383051875   0.0175659505042996   0
0.178533053602435   -0.150367385157249   -0.0706538539115281   0
0.220489172153072   -0.0786517136680097   0.0419561185506372   0
0.244401956582307   -0.0349349833649563   0.0239127844292348   0
0.237220787798603   -0.0280259650478492   -0.00718116878370384   0
0.239165869438451   0.00378673157189677   0.00194508163984725   0
0.233100998734047   0.0241273695916256   -0.00606487070440398   0
0.230761373743349   0.115424254726886   -0.00233962499069762   0
0.211607088917911   0.149057515538837   -0.0191542848254385   0
0.237772951996311   -0.0794935131854584   0.0261658630784005   0
0.259669763306216   -0.0729347351044161   0.0218968113099046   0
0.253436756303935   -0.0836288282008965   -0.0062330070022808   0
0.221800234421089   -0.0323475425966725   -0.0316365218828458   0
0.24347393796154   -0.0176497821147597   0.0216737035404514   0
0.249142481846453   0.0663899749015873   0.00566854388491228   0
0.217533044582312   0.206881397077643   -0.031609437264141   0
0.138904525617202   0.257972966775265   -0.0786285189651094   0
0.0823170131973944   0.0534635463378874   -0.0565875124198079   0
0.0844797823088755   -0.108174721797626   0.00216276911148117   0
0.16304747330888   -0.176846417130852   0.0785676910000046   0
0.180746683327413   -0.0807142667137361   0.0176992100185325   0
0.19125507673709   -0.101647899187653   0.0105083934096769   0
0.19819524523444   -0.0434049708415152   0.00694016849735093   0
0.211089628052967   0.02218998511041   0.0128943828185266   0
0.200051718199959   0.0388994882481903   -0.0110379098530086   0
0.198045896183915   0.0162687768577111   -0.00200582201604366   0
0.188575759117282   -0.0245375768854371   -0.0094701370666333   0
0.189148901423092   -0.034743675025734   0.000573142305810181   0
0.192934545338644   -0.0102106120710455   0.00378564391555208   0
0.188451915532955   0.10093021438957   -0.00448262980568889   0
0.181656229148143   0.0541174362340159   -0.00679568638481237   0
0.197288114719115   -0.0533210534027235   0.0156318855709719   0
0.209479099866364   -0.0407785706394118   0.0121909851472493   0
0.207036945024328   -0.0244894233513943   -0.00244215484203628   0
0.197194614694951   -0.0134672413009359   -0.00984233032937695   0
0.211003170376847   0.0317095905334258   0.0138085556818962   0
0.181488032165078   0.0891154164325774   -0.0295151382117684   0
0.188222758765618   0.14811686600017   0.00673472660053959   0
0.176521979386676   -0.142418491543688   -0.0117007793789421   0
0.163141143152946   -0.0646278590905455   -0.0133808362337298   0
0.171713048236797   -0.0287041759783716   0.00857190508385083   0
0.159361317979897   -0.0291371870744762   -0.0123517302568993   0
0.211090559359964   -0.0295352234422125   0.0517292413800665   0
0.226349263096017   0.00444058118415308   0.0152587037360531   0
0.191924633484579   0.138381455915405   -0.0344246296114381   0
0.208743862101979   0.162970673873301   0.0168192286173999   0
0.210082402983924   -0.120613395837268   0.00133854088194543   0
0.221359515159847   -0.104425010850017   0.0112771121759226   0
0.210959269763271   -0.0433130690060255   -0.0104002453965761   0
0.205352368349631   -0.0151927409786758   -0.00560690141363998   0
0.198713746230627   0.00037555798093819   -0.00663862211900393   0
0.198277381969307   0.00200863427908166   -0.000436364261319905   0
