0.23036004677081   0.353022118639757   0   0   0
0.236432180509528   0.32589254357689   0.00607213373871746   -0.027129575062867   0
0.231623549052876   0.335700509757302   -0.00480863145665208   0.0098079661804123   0
0.25557415882084   0.306674656766838   0.0239506097679642   -0.0290258529904639   0
0.282403874872672   0.319285586095728   0.0268297160518324   0.0126109293288897   0
0.281527896392613   0.288581028343947   -0.000875978480059103   -0.0307045577517808   0
0.253810447262224   0.298778412364055   -0.0277174491303898   0.0101973840201074   0
0.214600220845897   0.282356191618557   -0.039210226416327   -0.016422220745498   0
0.20596766093358   0.256207850564776   -0.00863255991231707   -0.0261483410537807   0
0.182493876595513   0.261994227645978   -0.0234737843380662   0.00578637708120211   0
0.160254995872609   0.210548287791174   -0.0222388807229042   -0.0514459398548041   0
0.167159868665396   0.211981228562348   0.00690487279278668   0.00143294077117426   0
0.164356824887955   0.196621455269726   -0.00280304377744062   -0.0153597732926218   0
0.166159964381707   0.146423783915498   0.0018031394937513   -0.0501976713542282   0
0.141093177886174   0.174889239659394   -0.0250667864955323   0.0284654557438957   0
0.0541373007337824   0.178839388253266   -0.0869558771523918   0.00395014859387235   0
0.111243487008858   0.155982964040316   0.0571061862750758   -0.0228564242129502   0
0.136289100764258   0.139882759896207   0.0250456137553995   -0.0161002041441086   0
0.0970942302754499   0.162987398467658   -0.0391948704888078   0.0231046385714503   0
0.12608988599745   0.0895092878152083   0.0289956557220003   -0.0734781106524493   0
0.0545888516598399   0.0751854131764434   -0.0715010343376104   -0.014323874638765   0
0.109719720947558   0.0290880060844242   0.0551308692877182   -0.0460974070920191   0
0.1286513483476   0.0905688925590487   0.0189316274000423   0.0614808864746245   0
0.0922725002706115   0.0691542277872257   -0.0363788480769888   -0.021414664771823   0
0.112487246045585   0.0820020260116175   0.0202147457749736   0.0128477982243918   0
0.0923211192251805   0.08839095819992   -0.0201661268204045   0.00638893218830244   0
0.0886745865184609   0.0893551688501566   -0.00364653270671966   0.000964210650236649   0
0.108345602878612   0.125422567635195   0.0196710163601516   0.0360673987850381   0
0.106930133941093   0.135496270079226   -0.00141546893751991   0.0100737024440311   0
0.275812322757722   0.0533602174118744   0.16888218881663   -0.0821360526673514   0
0.261507320649346   0.127302317801965   -0.014305002108376   0.0739421003900907   0
0.14914044403035   0.138480889113778   -0.112366876618996   0.011178571311813   0
0.136227885334318   0.140028286309026   -0.0129125586960324   0.00154739719524774   0
0.175968976943381   0.104825736121122   0.0397410916090629   -0.0352025501879043   0
0.166083426191207   0.114688817172218   -0.00988555075217382   0.00986308105109671   0
0.160598862299239   0.115423043634504   -0.0054845638919675   0.000734226462285284   0
0.147828513492391   0.116315591311247   -0.0127703488068483   0.000892547676743335   0
0.167965289793159   0.115211373015363   0.0201367763007685   -0.00110421829588433   0
0.157207191200562   0.139259076830067   -0.0107580985925975   0.0240477038147045   0
0.163917405661083   0.145159861724738   0.00671021446052103   0.00590078489467083   0
0.156814914111573   0.161039443874265   -0.00710249154950993   0.0158795821495271   0
0.145591133136225   0.178076753238386   -0.0112237809753479   0.017037309364121   0
0.188377697431304   0.20524766899169   0.0427865642950792   0.0271709157533044   0
0.187650984720976   0.179958341070295   -0.000726712710327843   -0.0252893279213957   0
0.1904865178147   0.181880111167384   0.00283553309372359   0.00192177009708946   0
0.172253169061588   0.1983157068515   -0.018233348753112   0.0164355956841157   0
0.194455737477298   0.254141399230822   0.0222025684157104   0.0558256923793221   0
0.181738703750467   0.290407392578237   -0.0127170337268315   0.0362659933474146   0
0.136666863174729   0.329074622544496   -0.0450718405757383   0.0386672299662595   0
0.139600892888978   0.303683789802078   0.00293402971424972   -0.0253908327424183   0
0.14724206095076   0.347849834007076   0.00764116806178167   0.0441660442049978   0
0.0905386601225134   0.367046390216281   -0.0567034008282466   0.0191965562092056   0
0.122592464797556   0.326899097583585   0.0320538046750426   -0.0401472926326957   0
0.303538122846274   0.334917510389282   0.180945658048718   0.00801841280569682   0
0.0906387527077133   0.346503885368739   -0.212899370138561   0.0115863749794572   0
0.145372508985571   0.364703135750901   0.054733756277858   0.0181992503821614   0
0.131218729473282   0.3769377836657   -0.0141537795122894   0.012234647914799   0
0.147391785479144   0.356239814809926   0.0161730560058622   -0.0206979688557744   0
0.138115729098209   0.369670780256771   -0.00927605638093451   0.0134309654468457   0
0.137284741929197   0.376574920011477   -0.00083098716901292   0.00690413975470533   0
0.170025466557366   0.386265402139837   0.0327407246281695   0.00969048212836054   0
0.151470691555825   0.399180285587853   -0.0185547750015407   0.0129148834480161   0
0.154841967704657   0.429270888993256   0.00337127614883145   0.0300906034054026   0
0.192164592478037   0.424757877056474   0.0373226247733801   -0.00451301193678194   0
0.186645321754632   0.502252787214267   -0.00551927072340516   0.0774949101577935   0
0.24568575876717   0.535641064678111   0.0590404370125381   0.0333882774638435   0
0.226355950788244   0.564034588754316   -0.0193298079789257   0.0283935240762049   0
0.232865475127186   0.600098939276891   0.0065095243389417   0.0360643505225756   0
0.230144461983533   0.639382505832776   -0.00272101314365256   0.0392835665558848   0
0.221419729248683   0.633356111136144   -0.00872473273485047   -0.0060263946966318   0
0.216729015884639   0.609913100992674   -0.00469071336404381   -0.0234430101434701   0
0.231425652554681   0.639649191565385   0.0146966366700421   0.0297360905727103   0
0.149688458888753   0.611461198027724   -0.0817371936659278   -0.0281879935376602   0
0.116229761762339   0.629007756666998   -0.0334586971264147   0.0175465586392741   0
0.136512571914934   0.607308169620046   0.0202828101525953   -0.0216995870469529   0
0.20805790801623   0.669974452856413   0.071545336101296   0.0626662832363674   0
0.264245985969986   0.714259330744268   0.056188077953756   0.0442848778878553   0
0.284038593738444   0.72970496258899   0.0197926077684581   0.0154456318447221   0
0.49436977054995   0.818402189812106   0.210331176811506   0.0886972272231153   1
0.602077551418428   0.62646507084713   0.107707780868478   -0.191937118964975   1
0.503084619124666   0.647332242669288   -0.0989929322937624   0.0208671718221576   0
0.368658510729781   0.669511711840801   -0.134426108394885   0.0221794691715133   0
0.311453859268496   0.672914880981614   -0.0572046514612852   0.00340316914081307   0
0.16509581313613   0.594778158675871   -0.146358046132366   -0.0781367223057429   0
0.16386435639992   0.663044921696486   -0.00123145673621017   0.0682667630206151   0
0.189215453373767   0.671265913233534   0.0253510969738465   0.00822099153704725   0
0.202002942912449   0.707006844579492   0.0127874895386821   0.0357409313459582   0
0.182462189853158   0.708211385013154   -0.0195407530592903   0.00120454043366214   0
0.195438619249139   0.734406695000121   0.0129764293959809   0.0261953099869665   0
0.168156770380529   0.749910777445724   -0.0272818488686101   0.0155040824456033   0
0.142784487833238   0.727354948810758   -0.0253722825472914   -0.0225558286349661   0
0.1491521476897   0.762042347855748   0.00636765985646204   0.03468739904499   0
0.188486284434598   0.752225434997714   0.0393341367448978   -0.00981691285803366   0
0.130155588819113   0.743367577118649   -0.0583306956154846   -0.00885785787906535   0
0.205550436145512   0.759739223318271   0.0753948473263986   0.0163716461996225   0
0.213849407289242   0.791322384066222   0.00829897114373021   0.0315831607479512   0
0.238847031475294   0.796476081428219   0.0249976241860521   0.00515369736199611   0
0.246456233722115   0.804462897506933   0.00760920224682166   0.0079868160787141   0
0.245765248163771   0.815336289071264   -0.000690985558344376   0.0108733915643314   0
0.205523430303725   0.808952329128392   -0.0402418178600464   -0.00638395994287244   0
0.205495206454579   0.837511055168527   -2.82238491458309e-05   0.0285587260401355   0
0.223839763471998   0.847554549864639   0.0183445570174191   0.0100434946961114   0
0.226442548013067   0.834888735491892   0.00260278454106874   -0.0126658143727468   0
0.268583487923215   0.854283358147635   0.0421409399101487   0.0193946226557431   0
0.384999922628681   0.936717875680426   0.116416434705465   0.0824345175327911   0
0.390072058825495   0.966733563824594   0.00507213619681396   0.030015688144168   0
0.407558103126413   0.936633840658264   0.0174860443009187   -0.0300997231663301   0
0.399142136643089   0.95341815203312   -0.00841596648332454   0.0167843113748564   0
0.390301259984848   0.974130090197531   -0.00884087665824052   0.0207119381644109   0
0.27321231491095   0.957674143776212   -0.117088945073898   -0.0164559464213193   0
0.25480346184069   0.988736923676996   -0.0184088530702597   0.0310627799007844   0
0.28293903121344   0.992347824764991   0.02813556937275   0.00361090108799522   0
0.359950506579668   1.01208448562657   0.0770114753662284   0.0197366608615791   0
0.394554322664459   1.04676678263224   0.0346038160847905   0.034682297005669   0
0.372895509066548   1.02720702374122   -0.0216588135979109   -0.0195597588910221   0
0.392808998776874   1.05440879566459   0.0199134897103257   0.0272017719233733   0
0.457116518767163   1.05853028406277   0.0643075199902892   0.00412148839817528   0
0.48013437950754   1.10232656117546   0.0230178607403766   0.0437962771126974   0
0.489688930121041   1.11889745413691   0.00955455061350174   0.0165708929614485   0
0.473091195234291   1.13363110148301   -0.0165977348867503   0.0147336473460939   0
0.450908406498437   1.14405495435288   -0.0221827887358537   0.0104238528698695   0
0.482324538802299   1.15478575508154   0.0314161323038614   0.0107308007286679   0
0.428754477244681   1.14944642741343   -0.0535700615576173   -0.00533932766811107   0
0.383402368187117   1.14422363907185   -0.0453521090575639   -0.00522278834158452   0
0.386455104137298   1.1694455203829   0.00305273595018068   0.0252218813110485   0
0.269823128201721   1.1237236748158   -0.116631975935577   -0.0457218455670976   0
0.225578350044946   1.13282296363277   -0.0442447781567756   0.00909928881697519   0
0.243107310009983   1.14968628680318   0.0175289599650375   0.016863323170409   0
0.374058651852955   1.20218990940484   0.130951341842972   0.0525036226016542   0
0.380375329712759   1.18621567408046   0.00631667785980405   -0.015974235324377   0
0.345002063405424   1.15653660129091   -0.0353732663073352   -0.0296790727895504   0
0.377543222854616   1.17824893357794   0.032541159449192   0.0217123322870347   0
0.407604632221384   1.18797191596638   0.0300614093667687   0.00972298238843172   0
0.398283288380582   1.18879446783992   -0.00932134384080213   0.000822551873545851   0
0.463724745156585   1.12517499775024   0.0654414567760032   -0.0636194700896831   0
0.413238731801909   1.13971715967395   -0.0504860133546765   0.0145421619237085   0
0.326447856091965   1.12796687176888   -0.0867908757099444   -0.0117502879050717   0
0.455303327911075   1.18721256887007   0.128855471819111   0.059245697101191   0
0.482764146014387   1.13967109773215   0.0274608181033116   -0.047541471137917   0
0.519973231869959   1.20661139379657   0.0372090858555721   0.0669402960644159   0
0.49170685165575   1.20716053727825   -0.0282663802142085   0.000549143481688441   0
0.710428831559249   1.21462342862932   0.218721979903499   0.00746289135106815   0
0.574340715282453   1.2441832173555   -0.136088116276796   0.0295597887261805   0
0.449909443391667   1.20473243516299   -0.124431271890786   -0.0394507821925076   0
0.45659343411268   1.21590833585678   0.00668399072101228   0.0111759006937837   0
0.49741329340093   1.22645744992682   0.0408198592882505   0.010549114070046   0
0.609489725785792   1.25368018224158   0.112076432384862   0.0272227323147589   0
0.62049687132652   1.2475857576853   0.0110071455407282   -0.00609442455628106   0
0.610364771253224   1.24603603046381   -0.0101321000732966   -0.00154972722149571   0
0.444311958786842   1.2250585928456   -0.166052812466382   -0.0209774376182075   0
0.553520380196936   1.27457546286362   0.109208421410094   0.0495168700180175   0
0.586149474774993   1.27260981948736   0.0326290945780573   -0.00196564337625493   0
0.562616151528056   1.28658088805662   -0.0235333232469372   0.013971068569258   0
0.60518155028445   1.29889293717597   0.0425653987563942   0.0123120491193467   0
0.627944694058609   1.32649901277462   0.0227631437741592   0.0276060755986531   0
0.616313355377027   1.33909978505153   -0.0116313386815816   0.0126007722769137   0
0.647083218090224   1.33144139341157   0.0307698627131964   -0.00765839163996396   0
0.519439115607643   1.33086015095994   -0.127644102482581   -0.000581242451626718   0
0.322474776808978   1.33721237955457   -0.196964338798665   0.00635222859462892   0
0.538749928001384   1.36182881094186   0.216275151192406   0.0246164313872894   0
0.563683584232183   1.35597583016592   0.0249336562307986   -0.00585298077593954   0
0.526398593540066   1.37154025646997   -0.0372849906921161   0.0155644263040529   0
0.521144532746809   1.34124037983598   -0.00525406079325741   -0.0302998766339957   0
0.529001210239646   1.36409108644281   0.00785667749283681   0.0228507066068309   0
0.581099472970417   1.39979330846987   0.0520982627307716   0.0357022220270595   0
0.539307221708332   1.39519265391968   -0.0417922512620854   -0.0046006545501891   0
0.50109885579139   0.967674999418193   -0.0382083659169422   -0.427517654501487   1
0.220794829412398   1.04954889681356   -0.280304026378992   0.0818738973953679   1
0.2903164141368   1.12668441153675   0.0695215847244019   0.0771355147231936   0
0.368663935544881   1.19406624520268   0.0783475214080807   0.0673818336659238   0
0.336573958039017   1.21345006153373   -0.0320899775058637   0.0193838163310474   0
0.424876777082768   1.24928912538234   0.0883028190437508   0.0358390638486095   0
0.314155707936638   1.20267468777257   -0.11072106914613   -0.0466144376097606   0
0.278019734699122   1.20922559728533   -0.036135973237516   0.00655090951275517   0
0.364063528066765   1.2575931214833   0.0860437933676431   0.0483675241979673   0
0.359233425864702   1.26309675858076   -0.00483010220206315   0.00550363709745816   0
0.365387939193455   1.27034905225355   0.0061545133287535   0.00725229367279878   0
0.396528431418278   1.30813449713141   0.0311404922248229   0.0377854448778572   0
0.226882998310054   1.30492432851011   -0.169645433108224   -0.00321016862130064   0
0.323346942607547   1.31924061308194   0.0964639442974931   0.0143162845718288   0
0.152636838483277   1.39725002671891   -0.17071010412427   0.0780094136369724   0
0.198543355104748   1.4053455361967   0.0459065166214708   0.00809550947779258   0
0.303107752600441   1.37030487741561   0.104564397495693   -0.0350406587810981   0
0.339826710942739   1.39071480771805   0.0367189583422984   0.0204099303024428   0
0.314462048217707   1.38161369193201   -0.025364662725032   -0.00910111578603856   0
