0.206388115639219   0.0985461218696099   0   0   0
0.148296519458853   0.0825216531788476   -0.0580915961803658   -0.0160244686907623   0
0.156669764366453   0.0596773432797155   0.00837324490760016   -0.0228443098991321   0
0.139433454473953   0.106105703333091   -0.0172363098925   0.0464283600533759   0
0.110894244809097   0.106020662279258   -0.028539209664856   -8.50410538333068e-05   0
0.135210230786098   0.0972315884162781   0.0243159859770011   -0.00878907386298   0
0.119934568816334   0.0847638864767892   -0.0152756619697643   -0.0124677019394889   0
0.101620785818158   0.0881620334997724   -0.0183137829981759   0.00339814702298326   0
0.0510474387680714   0.12159772593807   -0.0505733470500868   0.0334356924382977   0
0.104927716755393   0.119656141894138   0.0538802779873217   -0.00194158404393244   0
0.090543705277277   0.0946489358369258   -0.0143840114781161   -0.0250072060572118   0
0.0881046250700268   0.0752754398321923   -0.00243908020725017   -0.0193734960047335   0
0.0911071792750714   0.0852598392106301   0.00300255420504457   0.00998439937843784   0
0.0766484159777617   0.0782469631184016   -0.0144587632973096   -0.00701287609222852   0
0.118241147891756   0.0720688399193785   0.0415927319139938   -0.00617812319902314   0
0.0932270150033776   0.0615516690431706   -0.0250141328883779   -0.0105171708762079   0
0.103443871417595   0.0494339971950084   0.0102168564142177   -0.0121176718481622   0
0.0921731345598054   0.0505558299272583   -0.0112707368577899   0.00112183273224992   0
0.115100887435936   0.0549741321778934   0.0229277528761305   0.00441830225063512   0
0.0868053859929786   0.0550162785068883   -0.0282955014429574   4.2146328994859e-05   0
0.0528640958300622   0.0556558227644026   -0.0339412901629164   0.000639544257514335   0
0.104333465470385   0.0382338880954449   0.0514693696403227   -0.0174219346689578   0
0.0983647670781383   0.040787066178669   -0.00596869839224666   0.00255317808322415   0
0.0943425368760561   0.0455239369648035   -0.0040222302020822   0.00473687078613446   0
0.114794990900126   0.0295516428691367   0.0204524540240699   -0.0159722940956667   0
0.143295722684838   0.0374852739663858   0.0285007317847121   0.00793363109724905   0
0.142952488979136   0.0144534743510868   -0.000343233705702023   -0.023031799615299   0
0.0697918439267054   0.074871533313286   -0.0731606450524307   0.0604180589621992   0
0.148826187471359   0.038840235260262   0.0790343435446533   -0.036031298053024   0
0.142590744004125   0.0173557613286741   -0.00623544346723334   -0.0214844739315879   0
0.112437873090743   0.0458665203521588   -0.0301528709133825   0.0285107590234847   0
0.106457125017351   0.0598985539971125   -0.00598074807339137   0.0140320336449537   0
0.127074827565494   0.058435584668676   0.0206177025481424   -0.00146296932843648   0
0.123831772508351   0.0188467011472061   -0.00324305505714285   -0.0395888835214699   0
0.124196681101268   0.0231346184682874   0.000364908592916727   0.00428791732108131   0
0.132423731949149   0.0516883375069028   0.008227050847881   0.0285537190386154   0
0.109617295836195   0.0526215516370907   -0.0228064361129533   0.000933214130187827   0
0.099064528344632   0.0693557042019763   -0.0105527674915635   0.0167341525648856   0
0.132336526870258   0.0665721796785722   0.0332719985256259   -0.00278352452340408   0
0.145655656530651   0.0719644296992619   0.0133191296603928   0.00539225002068966   0
0.133616574636158   0.076804939826892   -0.0120390818944927   0.00484051012763013   0
0.0824801429337389   0.0865432973349901   -0.0511364317024192   0.00973835750809807   0
0.138976870063711   0.0646114229340486   0.0564967271299721   -0.0219318744009415   0
0.124157875340109   0.0711286487548442   -0.0148189947236022   0.00651722582079563   0
0.10467890986176   0.0791662065390278   -0.0194789654783492   0.00803755778418355   0
0.140138122308671   0.0832933338460077   0.0354592124469112   0.00412712730697998   0
0.252878434375354   0.0616345249549512   0.112740312066683   -0.0216588088910565   0
0.275959760767761   0.0632413691528141   0.0230813263924077   0.00160684419786287   0
0.225788784508996   0.0466193217988261   -0.0501709762587649   -0.016622047353988   0
0.231449960897858   0.0567189377159428   0.00566117638886168   0.0100996159171167   0
0.154036082942439   0.0939127999137764   -0.0774138779554189   0.0371938621978336   0
0.172339288830435   0.074126830182212   0.0183032058879956   -0.0197859697315644   0
0.201289661824248   0.0758921270152741   0.028950372993813   0.00176529683306209   0
0.19500907748287   0.0761817874605374   -0.00628058434137768   0.000289660445263323   0
0.194409782231373   0.0874252674942004   -0.000599295251496712   0.011243480033663   0
0.2096258212751   0.0803268210791078   0.0152160390437263   -0.00709844641509265   0
0.14871199614803   0.0839796970143528   -0.0609138251270699   0.00365287593524501   0
0.138145514315937   0.0738194878923073   -0.0105664818320922   -0.0101602091220455   0
0.215435457161629   0.0741867997518858   0.0772899428456913   0.000367311859578529   0
0.364014416772248   0.220250259401181   0.148578959610619   0.146063459649295   1
0.460319931644948   0.302702790918212   0.0963055148727002   0.0824525315170314   0
0.286169209964035   0.18141611484215   -0.174150721680913   -0.121286676076063   0
0.275708547145641   0.143310793374452   -0.0104606628183944   -0.0381053214676975   0
0.260059832457091   0.150722591135656   -0.0156487146885502   0.00741179776120354   0
0.222036468350517   0.142563137970138   -0.0380233641065738   -0.008159453165518   0
0.242238530969476   0.143586512655838   0.0202020626189598   0.00102337468569993   0
0.260205031414633   0.128144159363439   0.0179665004451562   -0.0154423532923984   0
0.195373154856546   0.16976766212823   -0.0648318765580864   0.0416235027647912   0
0.157584626234097   0.136372620322088   -0.0377885286224494   -0.0333950418061419   0
0.155372154340249   0.138050029428972   -0.00221247189384835   0.00167740910688338   0
0.121045111131718   0.158173517579564   -0.0343270432085304   0.0201234881505917   0
0.12658864260379   0.138169680880702   0.00554353147207154   -0.0200038366988617   0
0.13923565974279   0.138586041772115   0.0126470171390003   0.000416360891413475   0
0.115843110089681   0.147281087151143   -0.0233925496531088   0.00869504537902735   0
0.1307242490774   0.147303210756495   0.0148811389877184   2.21236053526697e-05   0
0.125765997813399   0.137338064100871   -0.0049582512640001   -0.0099651466556242   0
0.158619843535858   0.142666344619859   0.0328538457224583   0.00532828051898829   0
0.116004294105693   0.154963047484594   -0.0426155494301653   0.0122967028647344   0
0.093911271945438   0.14389610283445   -0.0220930221602545   -0.0110669446501443   0
0.118473028651841   0.140902844132553   0.0245617567064033   -0.00299325870189668   0
0.142532673578034   0.151229464695979   0.0240596449261928   0.0103266205634265   0
0.108305904924431   0.1229640414782   -0.0342267686536025   -0.0282654232177794   0
0.15989622132524   0.12801182754071   0.0515903164008081   0.00504778606251005   0
0.190757471351059   0.122323547161544   0.0308612500258191   -0.00568828037916604   0
0.129132569897335   0.121670663762234   -0.0616249014537242   -0.000652883399310508   0
0.144151774220507   0.108394723515146   0.0150192043231723   -0.0132759402470873   0
0.143131532045458   0.116651852300392   -0.00102024217504879   0.00825712878524587   0
0.134092292724116   0.116724440809937   -0.00903923932134218   7.25885095449325e-05   0
0.136186035591833   0.121969304944   0.00209374286771705   0.00524486413406308   0
0.202439778529937   0.131278864663776   0.0662537429381041   0.0093095597197758   0
0.153255506873358   0.177698529606325   -0.0491842716565787   0.0464196649425492   0
0.282557572986859   0.0977078331425378   0.129302066113501   -0.0799906964637874   0
0.174357766816308   0.0898347161283571   -0.108199806170551   -0.00787311701418068   0
0.133423607663449   0.0814410438069313   -0.0409341591528588   -0.00839367232142579   0
0.153085313837122   0.0704725331350094   0.0196617061736724   -0.0109685106719219   0
0.276213085398303   0.0902982386297796   0.123127771561181   0.0198257054947702   0
0.25484225129668   0.112009005757975   -0.021370834101623   0.021710767128195   0
0.159891680839405   0.105661646489644   -0.0949505704572751   -0.00634735926833065   0
0.156084159846827   0.119831323968954   -0.00380752099257703   0.0141696774793104   0
0.116027751314115   0.12181007288366   -0.040056408532713   0.00197874891470537   0
0.11918839589679   0.108032902283575   0.0031606445826757   -0.0137771706000846   0
0.183694534990157   0.122655330830502   0.0645061390933667   0.0146224285469273   0
0.127966743010753   0.0973614799892776   -0.0557277919794043   -0.0252938508412249   0
0.10621975643928   0.115287389853097   -0.0217469865714725   0.0179259098638195   0
0.146957668461185   0.121202971338412   0.040737912021905   0.00591558148531521   0
0.14683665764958   0.138016358039545   -0.000121010811604982   0.0168133867011331   0
0.137345700050784   0.115145782842491   -0.00949095759879587   -0.0228705751970548   0
0.127200797602059   0.119784677356131   -0.0101449024487252   0.00463889451364083   0
0.144492959316501   0.103017245746052   0.0172921617144419   -0.0167674316100793   0
0.126019405274942   0.116130914150798   -0.0184735540415593   0.0131136684047458   0
0.383558436227045   0.174925585052645   0.257539030952103   0.0587946709018467   0
0.483561519005845   0.0947406298819836   0.1000030827788   -0.080184955170661   0
0.24488924853909   0.125867128270252   -0.238672270466755   0.0311264983882682   1
0.282935144662383   0.0913412125624709   0.0380458961232934   -0.0345259157077808   0
0.226174336848763   0.106188968286129   -0.0567608078136203   0.014847755723658   0
0.322334752501128   0.0849165321950914   0.0961604156523655   -0.0212724360910375   0
0.344147016116732   0.0872514215497375   0.0218122636156034   0.00233488935464607   0
0.32886233265663   0.0973984512543706   -0.0152846834601016   0.0101470297046331   0
0.314133299114007   0.107967398873436   -0.0147290335426233   0.0105689476190653   0
0.289933584885332   0.106212712083856   -0.0241997142286748   -0.00175468678957984   0
0.28320424149834   0.100313694887201   -0.00672934338699216   -0.00589901719665482   0
0.308410953888752   0.104445640293754   0.0252067123904124   0.00413194540655266   0
0.297589780605198   0.100473507870844   -0.010821173283554   -0.00397213242291013   0
0.299176660166663   0.0983352589128259   0.00158687956146475   -0.00213824895801787   0
0.332381769049161   0.0940061211127366   0.0332051088824984   -0.0043291378000893   0
0.315902236230863   0.104544357757057   -0.0164795328182983   0.0105382366443209   0
0.282594178812816   0.097908018674961   -0.0333080574180467   -0.00663633908209643   0
0.304304213825918   0.0897653123651649   0.0217100350131016   -0.00814270630979615   0
0.292394219587187   0.0829058299232341   -0.0119099942387311   -0.00685948244193076   0
0.294630809612885   0.0850842360214517   0.00223659002569826   0.00217840609821757   0
0.316537519405326   0.0875641154244991   0.0219067097924407   0.00247987940304741   0
0.29546976513804   0.0851226370407573   -0.021067754267286   -0.00244147838374185   0
0.231915608011751   0.0920669546660744   -0.0635541571262891   0.00694431762531715   0
0.254536186384883   0.0738373352102614   0.0226205783731326   -0.0182296194558131   0
0.305283020749918   0.0928707239934765   0.0507468343650348   0.0190333887832152   0
0.3067295949878   0.0792760877735841   0.00144657423788225   -0.0135946362198925   0
0.283887640734235   0.110382963969185   -0.0228419542535654   0.0311068761956014   0
0.371466284644421   0.0890164838577805   0.0875786439101862   -0.021366480111405   0
0.406119998456811   0.0714103941765702   0.0346537138123898   -0.0176060896812104   0
0.37224202888074   0.0900350102033786   -0.0338779695760703   0.0186246160268085   0
0.340366222807904   0.0913701926435668   -0.0318758060728361   0.00133518244018811   0
0.376222637316749   0.106754030049701   0.0358564145088446   0.0153838374061344   0
0.385794507176722   0.107293025144333   0.00957186985997327   0.000538995094631983   0
0.324246289865605   0.0860871435388583   -0.0615482173111172   -0.0212058816054748   0
0.308259799041328   0.100942535080225   -0.0159864908242769   0.0148553915413669   0
0.259751169262145   0.0943800743615939   -0.048508629779183   -0.00656246071863129   0
0.318897668812894   0.0772079204962321   0.0591464995507487   -0.0171721538653618   0
0.322724388011002   0.0847709239837723   0.00382671919810812   0.00756300348754019   0
0.282382984421813   0.0922332929583456   -0.0403414035891888   0.00746236897457327   0
0.325538154263955   0.0817674592489121   0.0431551698421416   -0.0104658337094335   0
0.345694798489442   0.0834075006129695   0.0201566442254875   0.00164004136405738   0
0.327918781426914   0.0994836049331748   -0.0177760170625278   0.0160761043202053   0
0.319708832902615   0.107862436227818   -0.00820994852429902   0.00837883129464273   0
0.38136687266746   0.0907358844481058   0.0616580397648448   -0.0171265517797118   0
0.379706192482688   0.100615177603878   -0.00166068018477239   0.00987929315577267   0
0.379925909673403   0.109248362453277   0.000219717190714619   0.00863318484939819   0
0.415682508189339   0.10614288935209   0.0357565985159366   -0.00310547310118674   0
0.420615009841981   0.110853567374893   0.0049325016526422   0.00471067802280337   0
0.42238411303818   0.101497991624441   0.00176910319619866   -0.00935557575045273   0
0.536972521918729   0.0928639140448808   0.114588408880549   -0.00863407757955977   0
0.510561775806577   0.0929282605640502   -0.026410746112152   6.43465191694087e-05   0
0.401364704490978   0.112609598779625   -0.109197071315599   0.0196813382155747   0
0.373096858337992   0.0862036194252886   -0.0282678461529854   -0.0264059793543363   0
0.244622265735358   0.0953377005723995   -0.128474592602635   0.00913408114711085   0
0.333762088062965   0.122461151942265   0.0891398223276072   0.0271234513698655   0
0.470586972954044   0.11941750740148   0.136824884891079   -0.00304364454078516   0
0.476830383978465   0.108873561026243   0.00624341102442072   -0.0105439463752371   0
0.474762715497637   0.114164663197346   -0.00206766848082779   0.0052911021711036   0
0.526608610641688   0.112188073750165   0.0518458951440513   -0.00197658944718118   0
0.589685672154454   0.174110849049715   0.0630770615127657   0.0619227752995494   0
0.710809222764336   0.192741993293658   0.121123550609883   0.0186311442439434   0
0.610525532600546   0.173557946039392   -0.100283690163791   -0.019184047254266   0
0.407410697937008   0.161698466156678   -0.203114834663538   -0.0118594798827135   0
0.511872572920302   0.18092491187302   0.104461874983294   0.0192264457163414   0
0.448311275882071   0.18867923827526   -0.0635612970382315   0.00775432640224055   0
0.503260236863593   0.197101289964386   0.0549489609815227   0.00842205168912566   0
0.506854654475043   0.202837121569216   0.00359441761144941   0.00573583160482985   0
0.49068733588321   0.212378650285041   -0.0161673185918323   0.00954152871582478   0
0.528967091424705   0.182403994859751   0.0382797555414948   -0.0299746554252898   0
0.518358669905655   0.21707475372423   -0.0106084215190499   0.0346707588644788   0
0.518631469939851   0.210890802251629   0.000272800034195275   -0.0061839514726007   0
0.593712147141375   0.198314418829284   0.0750806772015247   -0.0125763834223449   0
0.443373161026518   0.166815178432599   -0.150338986114857   -0.0314992403966847   0
0.451925599049401   0.218073703835423   0.00855243802288275   0.051258525402824   0
0.504913091747253   0.208680016801442   0.0529874926978522   -0.00939368703398175   0
