0.181523118750264   0   0   0
0.136623945028864   0.014485631841574   -0.0448991737214004   0
0.125949012626142   -0.00356095675253754   -0.0106749324027221   0
0.125927239820005   -0.00378297462216071   -2.17728061369105e-05   0
0.116428962131003   0.0017400888158508   -0.00949827768900192   0
0.0927650552303776   0.0134083174601378   -0.0236639069006253   0
0.102298134997088   -0.00460513042078389   0.00953307976671071   0
0.0880052761708211   -0.00659820079059362   -0.0142928588262671   0
0.104122487471391   -0.000478452861599282   0.01611721130057   0
0.125251523498719   0.00469579907535767   0.0211290360273277   0
0.131690462809508   -0.0102289533700045   0.00643893931078959   0
0.137185730318836   0.00531639664273226   0.00549526750932799   0
0.0918941870881532   -0.0379202413360892   -0.0452915432306832   0
0.0813967964796834   0.00676677261466281   -0.0104973906084698   0
0.074606842865199   0.0104025006507262   -0.00678995361448437   0
0.0963324282116489   -0.0330074216474393   0.0217255853464499   0
0.0772703789111583   -0.00194376757563033   -0.0190620493004907   0
0.0625335867779068   0.0342546561112275   -0.0147367921332515   0
0.0518511650778939   0.0201919313363283   -0.0106824217000129   0
0.0582099131824211   -0.0541617347897665   0.00635874810452722   0
0.0584833308913959   -0.0211970827945134   0.0002734177089748   0
0.052184106002259   0.025181757791405   -0.00629922488913693   0
0.0580009154788741   -0.0161031610725337   0.00581680947661516   0
0.0497788049402052   0.0237578955649604   -0.00822211053866889   0
0.142055564009237   0.364316110577313   0.092276759069032   1
0.0798730070939019   -0.198110444291866   -0.0621825569153353   0
0.0643118651248935   -0.117862145192253   -0.0155611419690083   0
0.0982286883319227   -0.0220898849072898   0.0339168232070291   0
0.0809807194035253   0.00540569753813573   -0.0172479689283974   0
0.155836939207911   -0.0697128869259648   0.0748562198043852   0
0.150243539283425   0.0396626928631196   -0.00559339992448576   0
0.117909510119668   -0.00682476769904757   -0.0323340291637571   0
0.107680726313533   -0.00148512820764056   -0.0102287838061346   0
0.144327348258187   0.0791503534043914   0.036646621944654   0
0.152552095530216   -0.0456412514147618   0.00822474727202846   0
0.153689603391576   -0.0279619007115111   0.00113750786136071   0
0.139997873802783   0.0570455680719215   -0.0136917295887931   0
0.136181057626869   -0.0612645136560762   -0.00381681617591459   0
0.152384408271352   0.0236398037950794   0.0162033506444831   0
0.176600366788974   -0.00362080106163039   0.0242159585176219   0
0.16449322266054   -0.0223484867509119   -0.0121071441284336   0
0.15208044528936   0.000676784787523421   -0.0124127773711801   0
0.162834421975638   0.00963416179079873   0.0107539766862776   0
0.154959779827097   7.16304105687071e-06   -0.00787464214854017   0
0.143764184670592   0.0179698610351547   -0.0111955951565057   0
0.134852175976975   -0.00693754125939006   -0.00891200869361672   0
0.134544775319306   0.0433664604863257   -0.000307400657669127   0
0.121437575875591   -0.0176191275127251   -0.0131071994437145   0
0.11421764350861   -0.0152383488335545   -0.00721993236698097   0
0.121276441117556   0.0149060612594385   0.00705879760894552   0
0.119642854084239   0.0358671489573711   -0.0016335870333169   0
0.132508855232056   -0.00495527447713115   0.0128660011478171   0
0.111658369137741   -0.0109996931487814   -0.0208504860943152   0
0.131932379679601   0.00703589419555484   0.0202740105418605   0
0.115791709820954   0.0401706960961169   -0.0161406698586474   0
0.129406060279349   -0.029126742692632   0.013614350458395   0
0.141294137844215   -0.00157857503798592   0.0118880775648659   0
0.110029564402085   -0.00197584787571115   -0.0312645734421302   0
0.110693040068256   -0.0017476431660387   0.000663475666171198   0
0.136491799345501   0.0536635572544633   0.0257987592772451   0
0.124439656193052   0.00769999752176123   -0.0120521431524489   0
0.138957736671308   -0.00834426975381614   0.0145180804782557   0
0.163904557764496   -0.00654215195702698   0.0249468210931883   0
0.186907690280092   0.00774601103326689   0.0230031325155963   0
0.169930034849319   0.0344803486040169   -0.0169776554307737   0
0.206951586661524   -0.0322491154275778   0.0370215518122059   0
0.224045301673679   -0.0312846653116349   0.0170937150121549   0
0.268689172069559   0.0667688690341015   0.0446438703958795   0
0.070328770531412   0.174039420675255   -0.198360401538147   1
0.215034050324097   0.0739371729989247   0.144705279792685   1
0.0695214541923031   -0.152448383173678   -0.145512596131793   1
0.0803835563849971   -0.0452589851722749   0.010862102192694   0
0.10615739916121   0.00190484598939139   0.0257738427762131   0
0.101334105001796   -0.0253988271065529   -0.00482329415941424   0
0.161626021715843   0.029140767647565   0.0602919167140466   0
0.171559068721425   0.0290552969781995   0.00993304700558212   0
0.157012653736387   -0.0823865076488511   -0.0145464149850378   0
0.160849130304557   0.0419014674106324   0.00383647656817063   0
0.182170595821918   -0.022218452672484   0.0213214655173602   0
0.186495254324487   0.0159134187127655   0.00432465850256908   0
0.187311002114865   -0.026465652641001   0.000815747790378352   0
0.199188171996419   0.0183316275423021   0.0118771698815539   0
0.210412394055163   -0.0212864904985036   0.0112242220587436   0
0.210152973886149   0.0079783778941499   -0.000259420169013397   0
0.21969367897888   -0.00233457582351476   0.00954070509273042   0
0.203412784397872   -0.0527024674633981   -0.016280894581008   0
0.252538451034437   -0.0218211297091348   0.0491256666365649   0
0.271490749624099   0.0144061823938132   0.0189522985896621   0
0.294761714137475   -0.0104532145833985   0.0232709645133763   0
0.298544281916173   0.0151959271474582   0.00378256777869762   0
0.293842381258891   0.000405188069975831   -0.00470190065728121   0
0.338235434122373   0.0352781535217421   0.0443930528634814   0
0.351877414536796   0.0187432923867057   0.013641980414423   0
0.345800128521159   -0.03382310540158   -0.0060772860156369   0
0.406529193755839   -0.0202363251083331   0.06072906523468   0
0.430094720526947   0.0489115839919745   0.0235655267711078   0
0.353861258435934   -0.0879999956851742   -0.0762334620910132   0
0.428181202520183   -0.00247349889371232   0.0743199440842496   0
0.528713986852057   0.0101233272914046   0.100532784331874   0
0.52430725196263   -0.0435152772751108   -0.00440673488942722   0
0.494052784545938   0.00303991506080584   -0.0302544674166923   0
0.554529198836851   0.0235852721876881   0.0604764142909134   0
0.54374919291933   -0.0231772395563394   -0.0107800059175215   0
0.520169984438441   -0.0172980295815484   -0.0235792084808892   0
0.50775974347046   -0.00151670683140076   -0.0124102409679803   0
0.548031862907872   0.0447421997382411   0.0402721194374116   0
0.525509370006152   -0.0524234668607007   -0.0225224929017201   0
0.497086175830977   0.00710686582596225   -0.0284231941751746   0
0.521764004047544   0.0382218446042164   0.0246778282165666   0
0.540910328793251   0.0113484574431067   0.019146324745707   0
0.533482753586281   0.025412969756579   -0.00742757520697013   0
0.521295453762346   0.0402658631365566   -0.0121872998239347   0
0.510189005424953   -0.0386679924772481   -0.011106448337393   0
0.516183365597643   -0.0438929158134297   0.00599436017269039   0
0.548561432220874   0.0386595993941726   0.0323780666232305   0
0.577233952559801   -0.0149369687580493   0.0286725203389278   0
0.55977535086363   -0.0286565591109969   -0.0174586016961715   0
0.606566307926642   0.0528265370754756   0.046790957063012   0
0.61253868319749   -0.010104242979882   0.00597237527084848   0
0.628357139603446   -0.000538970454536714   0.0158184564059557   0
0.617606437205361   -0.0126260832953808   -0.0107507023980845   0
0.638856767629038   -0.166937808789334   0.0212503304236763   0
0.650030827779952   0.0971672229859602   0.0111740601509145   0
0.690196408829298   -0.0668652865637073   0.0401655810493462   0
0.701184520339377   0.0707316234935876   0.0109881115100787   0
0.713126585254231   0.0528771977586248   0.0119420649148539   0
0.759597506156445   0.0620654875750186   0.0464709209022135   0
0.811616691412134   0.00459912623506711   0.0520191852556898   0
0.826198589051651   -0.0423877496706838   0.014581897639517   0
0.79953520963323   -0.00546100204992778   -0.0266633794184218   0
0.811339079502183   -0.0343506491713367   0.0118038698689533   0
0.849407210739874   0.019384919394148   0.0380681312376908   0
0.832801567393926   -0.0246639386180124   -0.0166056433459477   0
0.802260310410745   -0.00904961842227339   -0.0305412569831814   0
0.819543039642178   0.0397968069311956   0.0172827292314329   0
0.868236635022786   0.0412045902119368   0.0486935953806082   0
0.879152628927958   -0.025136417162142   0.0109159939051723   0
0.832661698332253   0.0076609530295198   -0.0464909305957049   0
0.854478286880913   0.103956444460076   0.0218165885486599   0
0.888266004880824   0.00336072117690228   0.0337877179999106   0
0.848936838104661   -0.0373982949507711   -0.0393291667761623   0
0.876227371433535   -0.067814122721725   0.0272905333288738   0
0.832471676450948   -0.0692206687170533   -0.0437556949825869   0
0.85605055803071   -0.0894836100974319   0.0235788815797616   0
0.895533663525959   0.018503174143899   0.0394831054952489   0
0.917467699023208   0.00186308213164796   0.0219340354972495   0
0.927460804389072   -0.00262932953656911   0.00999310536586395   0
0.94638013417567   -0.0014328210440821   0.0189193297865982   0
0.934197531237346   0.0382676514638862   -0.0121826029383242   0
0.95858456066146   -0.0294926182007859   0.0243870294241141   0
0.917753364294521   0.0391953291000659   -0.040831196366939   0
0.917090878574359   -0.0636648644626483   -0.000662485720162143   0
0.984773109999503   -0.0167395075534273   0.0676822314251433   0
1.01416778634356   0.171366744090021   0.0293946763440591   0
1.06007262146354   0.0328978898077326   0.0459048351199787   0
1.0994553420842   -0.173828327718712   0.0393827206206574   0
1.10593219416705   0.0104582966253338   0.00647685208285531   0
1.07912349247662   0.0482550441000821   -0.0268087016904364   0
1.05988596041048   0.00224020568481058   -0.0192375320661333   0
1.04605911493373   -0.0696621009293926   -0.0138268454767525   0
1.0639836084575   0.00446036229744675   0.0179244935237726   0
1.04308373536018   0.0198618231642886   -0.0208998730973262   0
0.974168826423808   -0.0234153653090999   -0.0689149089363689   0
1.0141186049435   -0.00064396237793992   0.0399497785196917   0
1.06499677423592   -0.0145302492576683   0.0508781692924221   0
1.06244130884124   0.0276172067676771   -0.00255546539468443   0
1.06148462488321   -0.0265220490967532   -0.000956683958027948   0
1.07014330819629   0.00387820672353482   0.00865868331308173   0
1.06201105276669   0.0121409491984556   -0.00813225542960239   0
1.0422076343002   0.019145864945384   -0.0198034184664855   0
1.06770529398214   -0.0287747127176841   0.0254976596819365   0
1.07296645338376   0.129142940389935   0.00526115940161742   0
0.600832161547582   0.0654155089491028   -0.472134291836175   1
0.11856520704975   0.0655664200352175   -0.482266954497833   1
0.422940237778214   -0.0794087013047633   0.304375030728465   1
0.659590448682303   -0.0220529476834004   0.236650210904089   0
0.823836010242969   -0.00739864892101785   0.164245561560665   0
0.804430576621532   -0.000145813955532398   -0.0194054336214371   0
0.859410071106457   0.0322046769758183   0.0549794944849252   0
0.880663312813839   0.0055037505206601   0.021253241707382   0
0.916392548774499   -0.00247113378698782   0.0357292359606601   0
0.923465031057685   -0.0387888025294567   0.00707248228318569   0
0.980310214126545   0.0582886043003233   0.0568451830688607   0
0.913096791368704   -0.0133055218400964   -0.067213422757841   0
1.00074701914952   -0.0931467593745753   0.0876502277808174   0
