0.490844024177956   0.495659615680459   0   0   0
0.307979823296933   0.319324481947834   -0.182864200881023   -0.176335133732625   1
0.271905718159034   0.230279496869912   -0.0360741051378989   -0.0890449850779215   0
0.231887692646258   0.212082023555157   -0.0400180255127756   -0.0181974733147558   0
0.259421152173765   0.195352354535524   0.0275334595275063   -0.0167296690196322   0
0.175021529351563   0.209830254672414   -0.0843996228222018   0.0144779001368893   0
0.156977987438653   0.171543458199198   -0.0180435419129096   -0.0382867964732157   0
0.211287055472525   0.139816649840032   0.054309068033872   -0.0317268083591665   0
0.199735558367808   0.115344425497421   -0.0115514971047174   -0.024472224342611   0
0.161616307483898   0.0969591160516746   -0.0381192508839095   -0.018385309445746   0
0.26989135781979   0.169544490732888   0.108275050335892   0.0725853746812136   0
0.191339551416479   0.167067898907271   -0.0785518064033107   -0.00247659182561752   0
0.215419334058134   0.121809492893863   0.0240797826416547   -0.0452584060134079   0
0.230794774768429   0.178999876163232   0.0153754407102951   0.0571903832693696   0
0.234149373074305   0.0864666721360895   0.00335459830587559   -0.0925332040271428   0
0.171214071441719   0.104506159719368   -0.062935301632586   0.0180394875832783   0
0.186516219318857   0.0670319685471977   0.0153021478771383   -0.0374741911721701   0
0.170028404351538   0.0627337603615169   -0.0164878149673194   -0.00429820818568083   0
0.148214607025387   0.0527762664713002   -0.0218137973261504   -0.0099574938902167   0
0.201929870934367   0.0388571510697838   0.0537152639089794   -0.0139191154015164   0
0.0841275983443008   0.0905479894381427   -0.117802272590066   0.0516908383683589   0
0.128767685843072   0.0488514632953047   0.0446400874987709   -0.041696526142838   0
0.200932216216912   0.0320212699045884   0.0721645303738407   -0.0168301933907163   0
0.17418021512824   0.0320629585322335   -0.0267520010886722   4.16886276450867e-05   0
0.178704577653316   0.026449599516297   0.00452436252507576   -0.00561335901593648   0
0.144048757252848   0.0361697423951982   -0.0346558204004676   0.0097201428789012   0
0.239350215807799   0.0534752304397559   0.0953014585549509   0.0173054880445577   0
0.155814897088308   0.0365138392298742   -0.0835353187194912   -0.0169613912098817   0
0.142665738426751   0.0400031343534791   -0.0131491586615574   0.00348929512360489   0
0.145166539599868   0.0358500291509644   0.00250080117311732   -0.00415310520251466   0
0.173128586778094   0.0511794269988196   0.0279620471782261   0.0153293978478551   0
0.229363399353275   0.0438101412781904   0.0562348125751813   -0.00736928572062918   0
0.167382219625533   0.0825829956210418   -0.0619811797277427   0.0387728543428514   0
0.173316093190246   0.053345234034354   0.00593387356471339   -0.0292377615866878   0
0.135632428172064   0.0530811768593783   -0.0376836650181823   -0.000264057174975685   0
0.194798779555238   0.0398438185864821   0.0591663513831739   -0.0132373582728962   0
0.135907551409846   0.0542949251874816   -0.0588912281453912   0.0144511066009995   0
0.220176191600295   0.0571968063504423   0.0842686401904492   0.00290188116296072   0
0.195989750043746   0.0625645018656147   -0.0241864415565495   0.00536769551517234   0
0.162949271656212   0.060777570011479   -0.0330404783875338   -0.00178693185413572   0
0.182360348794249   0.0714148620170375   0.0194110771380365   0.0106372920055585   0
0.244299698923126   0.0900605312470452   0.0619393501288774   0.0186456692300077   0
0.164864940087991   0.0951075786500429   -0.0794347588351348   0.00504704740299775   0
0.239048502332916   0.0723468368951262   0.0741835622449246   -0.0227607417549167   0
0.173572133176671   0.0981804880142816   -0.0654763691562447   0.0258336511191554   0
0.179612075083971   0.0762726350985752   0.00603994190729998   -0.0219078529157065   0
0.218270470113595   0.0788937660130826   0.0386583950296246   0.00262113091450741   0
0.142376879158275   0.11765290026609   -0.0758935909553206   0.0387591342530073   0
0.328546506751723   0.0956257828268611   0.186169627593448   -0.0220271174392288   0
0.237737258634906   0.103177204395714   -0.0908092481168175   0.00755142156885331   0
0.21223899965096   0.0983550756738872   -0.0254982589839461   -0.00482212872182715   0
0.288297912358206   0.0913920557015351   0.0760589127072468   -0.0069630199723521   0
0.269401632016066   0.102898350369017   -0.01889628034214   0.0115062946674821   0
0.217841599470097   0.114980049911593   -0.0515600325459697   0.0120816995425762   0
0.180350532039138   0.129125294647524   -0.037491067430959   0.0141452447359311   0
0.32112477256034   0.113133480561304   0.140774240521202   -0.0159918140862201   0
0.257786165943972   0.127929374018001   -0.0633386066163679   0.0147958934566967   0
0.281044855122523   0.114753741559546   0.0232586891785512   -0.0131756324584553   0
0.222158492680271   0.125479696575034   -0.0588863624422522   0.0107259550154878   0
0.266095517234432   0.109117339944209   0.0439370245541613   -0.0163623566308249   0
0.193173768834881   0.128097946999552   -0.0729217483995511   0.0189806070553432   0
0.287682321921247   0.121609222116026   0.0945085530863659   -0.00648872488352555   0
0.24664917615504   0.130682065389638   -0.0410331457662069   0.00907284327361156   0
0.289039530373632   0.12023827842851   0.0423903542185923   -0.0104437869611282   0
0.306590805099256   0.126476384017926   0.0175512747256236   0.00623810558941675   0
0.280379752464724   0.388569194986585   -0.0262110526345319   0.262092810968658   0
0.212942255248131   0.289702974780848   -0.0674374972165936   -0.098866220205737   0
0.253103689573187   0.284201496773157   0.040161434325056   -0.00550147800769119   0
0.264174811596053   0.296194388898558   0.0110711220228662   0.0119928921254011   0
0.362424741502288   0.258639279699527   0.0982499299062348   -0.037555109199031   0
0.340604272219802   0.269117391279387   -0.0218204692824857   0.01047811157986   0
0.292071306315769   0.293044092907619   -0.0485329659040324   0.023926701628232   0
0.258297080639019   0.300371560541526   -0.0337742256767502   0.00732746763390729   0
0.258744949597572   0.303019534425852   0.000447868958552644   0.00264797388432592   0
0.351953695922134   0.288241056055708   0.0932087463245622   -0.0147784783701435   0
0.401981400858609   0.298988198128392   0.0500277049364753   0.0107471420726835   0
0.334642790011514   0.318374475101605   -0.0673386108470958   0.0193862769732132   0
0.336332939561515   0.32320251807802   0.00169014955000191   0.00482804297641454   0
0.537608609466264   0.307532151625241   0.201275669904748   -0.0156703664527789   0
0.406372163194971   0.323500767041598   -0.131236446271293   0.0159686154163577   0
0.383510319871082   0.338520482731921   -0.0228618433238888   0.0150197156903222   0
0.341053553083031   0.350541163932387   -0.0424567667880508   0.0120206812004663   0
0.458685863696452   0.339538403586476   0.117632310613421   -0.0110027603459111   0
0.351771679356085   0.352965142867876   -0.106914184340367   0.0134267392814001   0
0.437079133773233   0.355770751444751   0.0853074544171488   0.00280560857687467   0
0.386715656623365   0.319943176601111   -0.0503634771498687   -0.0358275748436391   0
0.463446515225393   0.333760810722651   0.0767308586020279   0.0138176341215392   0
0.441871858782113   0.349570674969242   -0.0215746564432792   0.0158098642465911   0
0.411814466749725   0.332355208918765   -0.0300573920323888   -0.0172154660504765   0
0.432864530170815   0.342232364482339   0.02105006342109   0.00987715556357383   0
0.38064656045949   0.348907002792422   -0.0522179697113248   0.00667463831008308   0
0.429701700492842   0.34941923308097   0.0490551400333521   0.000512230288547855   0
0.556406028822154   0.336175647635388   0.126704328329312   -0.0132435854455821   0
0.342604063752081   0.318062795253394   -0.213801965070073   -0.0181128523819938   0
0.26993518235495   0.329491045060788   -0.0726688813971312   0.0114282498073935   0
0.135408321650407   0.316216549409578   -0.134526860704543   -0.0132744956512097   0
0.184297090906748   0.356628958359736   0.0488887692563409   0.0404124089501577   0
0.159653621312045   0.357154245601603   -0.0246434695947022   0.000525287241867234   0
0.283731815207601   0.314834797690789   0.124078193895555   -0.0423194479108138   0
0.370648288238324   0.292856360030818   0.0869164730307238   -0.0219784376599712   0
0.248987269204853   0.333998833432843   -0.121661019033471   0.0411424734020251   0
0.265112796435781   0.322634194812407   0.0161255272309281   -0.0113646386204362   0
0.243203413886072   0.324084031422022   -0.0219093825497093   0.00144983660961501   0
0.33103505812329   0.309023619479563   0.087831644237218   -0.0150604119424584   0
0.286624512479236   0.327203407974688   -0.0444105456440535   0.0181797884951245   0
0.274471296732627   0.345011227574915   -0.012153215746609   0.0178078196002275   0
0.251375446889707   0.339365552776796   -0.0230958498429202   -0.00564567479811978   0
0.273035310099262   0.334537305741079   0.0216598632095545   -0.00482824703571677   0
0.298627370215541   0.331224647056194   0.0255920601162796   -0.00331265868488517   0
0.307265380169911   0.335594240170328   0.00863800995436975   0.00436959311413471   0
0.286761328398723   0.320793666074083   -0.0205040517711885   -0.0148005740962457   0
0.270527640796685   0.330436772064642   -0.016233687602038   0.00964310599055918   0
0.298518925059267   0.326044087312207   0.027991284262582   -0.00439268475243482   0
0.311635582724342   0.299084726949154   0.0131166576650751   -0.0269593603630529   0
0.312224766368717   0.309783879000344   0.000589183644375491   0.0106991520511903   0
0.333901860285938   0.32541603707024   0.0216770939172207   0.015632158069896   0
0.819410239617494   0.267284360316873   0.485508379331557   -0.0581316767533673   1
0.434249549256888   0.582583311330877   -0.385160690360607   0.315298951014004   1
0.23956014922664   0.400761742867255   -0.194689400030248   -0.181821568463622   1
0.205920602518349   0.402113240263859   -0.0336395467082906   0.00135149739660378   0
0.21796738459827   0.389208742068122   0.0120467820799204   -0.0129044981957369   0
0.279353128999838   0.385922111027925   0.0613857444015681   -0.00328663104019722   0
0.332581596851059   0.385047588864351   0.0532284678512208   -0.000874522163574254   0
0.485898344192486   0.380471812710548   0.153316747341428   -0.00457577615380306   0
0.583337632857679   0.369314262033705   0.0974392886651922   -0.0111575506768427   0
0.499755000497884   0.365828225767914   -0.0835826323597947   -0.00348603626579069   0
0.43470827213137   0.368760963715318   -0.0650467283665144   0.00293273794740373   0
0.394702115799194   0.378938004828626   -0.040006156332176   0.0101770411133084   0
0.363306006849653   0.38230005572652   -0.0313961089495408   0.00336205089789338   0
0.437871873799003   0.375199725851113   0.0745658669493502   -0.0071003298754071   0
0.484302678568021   0.380146525172202   0.0464308047690182   0.00494679932108988   0
0.452089500212071   0.380372179269528   -0.0322131783559503   0.000225654097325556   0
0.446246540721035   0.391705825944037   -0.0058429594910363   0.0113336466745086   0
0.467876335384683   0.402536960016406   0.0216297946636482   0.0108311340723697   0
0.586369421240305   0.396959953774937   0.118493085855622   -0.00557700624146951   0
0.506265198858622   0.407094331213295   -0.0801042223816827   0.0101343774383582   0
0.491221060384029   0.414519455885366   -0.0150441384745928   0.00742512467207107   0
0.423202802598671   0.395395437538485   -0.0680182577853577   -0.0191240183468812   0
0.51958038000703   0.419471771309465   0.0963775774083589   0.02407633377098   0
0.454468682368554   0.393640616205315   -0.0651116976384759   -0.02583115510415   0
0.501114861564103   0.395456443367029   0.0466461791955484   0.00181582716171375   0
0.492471663236577   0.419299870620359   -0.00864319832752636   0.0238434272533306   0
0.459281979032489   0.41470489428056   -0.0331896842040872   -0.00459497633979972   0
0.464477466635358   0.42441657348942   0.00519548760286853   0.00971167920886024   0
0.775346404253608   0.411001423309883   0.310868937618251   -0.0134151501795363   0
0.492929686588945   0.400095417672147   -0.282416717664663   -0.0109060056377361   0
0.476559724260674   0.421210910270912   -0.0163699623282707   0.0211154925987644   0
0.418249111095158   0.411150222222973   -0.0583106131655162   -0.0100606880479387   0
0.527547060713487   0.415144617807759   0.109297949618329   0.0039943955847857   0
0.450196809728412   0.424697587697999   -0.0773502509850755   0.00955296989024079   0
0.405600827907538   0.429801833806581   -0.0445959818208743   0.00510424610858168   0
0.411051605305903   0.432992953888686   0.00545077739836547   0.00319112008210515   0
0.44886566833418   0.444677453719547   0.0378140630282767   0.0116844998308608   0
0.471369027595407   0.439663938957359   0.0225033592612276   -0.00501351476218848   0
0.445127668011111   0.473166603625509   -0.0262413595842961   0.0335026646681508   0
0.365210885982579   0.445020150896844   -0.0799167820285327   -0.0281464527286653   0
0.411610879154281   0.459554028398457   0.0463999931717023   0.0145338775016131   0
0.401335875291557   0.440581539978129   -0.0102750038627241   -0.0189724884203278   0
0.414634905943072   0.462204124781465   0.0132990306515149   0.0216225848033356   0
0.339824176204181   0.442615447415982   -0.0748107297388912   -0.0195886773654829   0
0.357620912814617   0.444625035536124   0.0177967366104366   0.00200958812014246   0
0.374101718262146   0.44655080337096   0.0164808054475288   0.00192576783483572   0
0.493631630435247   0.428490627718682   0.119529912173101   -0.0180601756522783   0
0.339702298363081   0.428869939177369   -0.153929332072165   0.000379311458686915   0
0.31744988100171   0.451478332270775   -0.0222524173613713   0.0226083930934058   0
0.332483580957015   0.445001159958601   0.0150336999553048   -0.00647717231217404   0
0.459145029643097   0.449111861053012   0.126661448686082   0.00411070109441147   0
0.351077997627322   0.453008957409509   -0.108067032015774   0.00389709635649643   0
0.374494846796321   0.45449667221169   0.023416849168999   0.00148771480218107   0
0.345183873335299   0.456275219533123   -0.0293109734610217   0.0017785473214339   0
0.405147101326963   0.435519263626191   0.0599632279916631   -0.0207559559069321   0
0.386381746359232   0.434382413333574   -0.0187653549677304   -0.00113685029261729   0
0.310363619304212   0.464988712724029   -0.0760181270550199   0.0306062993904553   0
0.276320430776951   0.456478067781191   -0.0340431885272608   -0.00851064494283799   0
0.331075067931731   0.462693510367824   0.0547546371547791   0.00621544258663281   0
0.394780771930308   0.453933142277032   0.0637057039985777   -0.00876036809079245   0
0.30975197982218   0.497919944283215   -0.0850287921081285   0.0439868020061833   0
0.262891417304274   0.484992505337454   -0.0468605625179055   -0.0129274389457614   0
0.262599062347907   0.478763254198252   -0.000292354956367036   -0.00622925113920175   0
0.286217918488693   0.466718026228096   0.0236188561407857   -0.0120452279701557   0
0.333168303228398   0.476117701124942   0.0469503847397056   0.00939967489684607   0
0.306304971685345   0.497049060828881   -0.0268633315430534   0.0209313597039385   0
0.162395296818904   0.50715014475183   -0.143909674866441   0.0101010839229496   0
0.221817923973695   0.466805560584383   0.059422627154791   -0.0403445841674475   0
0.302665989562752   0.41436990564591   0.080848065589057   -0.0524356549384733   0
