0.0362340322665033   0.02237935   0   0   0
0.034895745587822   0.01254655   -0.00133828667868125   -0.0098328   0
0.0258984257822749   0.0193957   -0.00899731980554715   0.00684915   0
0.0436647588896229   0.0327473   0.017766333107348   0.0133516   0
0.0803012805467634   0.003894655   0.0366365216571405   -0.028852645   0
0.128144487195197   0.0231968883301726   0.0478432066484336   0.0193022333301726   0
0.102452922410393   0.04830385   -0.025691564784804   0.0251069616698273   0
0.0677288329539938   0.0625570628847175   -0.0347240894563991   0.0142532128847175   0
0.0366550200175911   0.035446143567037   -0.0310738129364028   -0.0271109193176805   0
0.0717098703536689   0.0216985726660765   0.0350548503360779   -0.0137475709009606   0
0.0693641056963903   0.0268417538516138   -0.00234576465727865   0.00514318118553737   0
0.0701778511731444   0.0408273317186233   0.000813745476754113   0.0139855778670094   0
0.137692908294364   0.0256205316797388   0.0675150571212191   -0.0152068000388844   0
0.15041527702215   0.0481453619959815   0.0127223687277861   0.0225248303162427   0
0.0961730669797943   0.0414056415579145   -0.0542422100423553   -0.00673972043806695   0
0.0888742274544764   0.0342350619440162   -0.00729883952531792   -0.00717057961389837   0
0.0818762165665952   0.0387848061455308   -0.00699801088788116   0.00454974420151457   0
0.103840545041039   0.0371875602160928   0.0219643284744435   -0.001597245929438   0
0.127835098852741   0.0541086857352978   0.023994553811702   0.0169211255192051   0
0.0832311991073059   0.0513036277499771   -0.0446038997454348   -0.0028050579853207   0
0.0837471128022931   0.0522718363836148   0.000515913694987158   0.000968208633637703   0
0.104203110729047   0.0580258582209811   0.0204559979267538   0.00575402183736626   0
0.0934144395864472   0.0666903529594424   -0.0107886711425996   0.00866449473846125   0
0.14184955895053   0.0550424222037421   0.0484351193640832   -0.0116479307557003   0
0.144438216235351   0.0544800874179328   0.00258865728482055   -0.00056233478580929   0
0.0915474684271499   0.0533390964639124   -0.0528907478082011   -0.00114099095402037   0
0.0922955600738194   0.0554600422563398   0.000748091646669488   0.00212094579242741   0
0.115986727729254   0.0615045301994495   0.0236911676554342   0.0060444879431097   0
0.161171602348056   0.0586381070666081   0.0451848746188027   -0.0028664231328414   0
0.145577684177933   0.0663667013955417   -0.0155939181701233   0.00772859432893359   0
0.0907319125100425   0.059039623928024   -0.0548457716678905   -0.00732707746751776   0
0.0983543843840222   0.0564573751882828   0.00762247187397977   -0.0025822487397412   0
0.108749654965292   0.0655917357109301   0.0103952705812695   0.00913436052264732   0
0.138659811296929   0.0782835528701272   0.0299101563316374   0.0126918171591971   0
0.119759269913147   0.0857144867017385   -0.0189005413837821   0.00743093383161127   0
0.092613755296824   0.0838679796924458   -0.027145514616323   -0.00184650700929266   0
0.114026543160617   0.0786693047873961   0.0214127878637927   -0.00519867490504969   0
0.138788784719876   0.0781877682387245   0.0247622415592589   -0.000481536548671571   0
0.170716717076126   0.0860090832633364   0.0319279323562502   0.00782131502461182   0
0.137263093444269   0.0901546973925652   -0.0334536236318573   0.00414561412922883   0
0.114522054760906   0.0828796469822507   -0.0227410386833624   -0.00727505041031447   0
0.08712846507801   0.0756017858041396   -0.0273935896828962   -0.00727786117811115   0
0.0909613533066104   0.0756616629966095   0.00383288822860041   5.98771924698871e-05   0
0.120045185654486   0.0847489268768195   0.0290838323478756   0.00908726388021006   0
0.0934812881089045   0.0761667614538816   -0.0265638975455815   -0.00858216542293792   0
0.102704044517341   0.0826540148908151   0.00922275640843674   0.00648725343693347   0
0.118244098079777   0.0932001862535166   0.0155400535624361   0.0105461713627015   0
0.150870610372398   0.0940096758894131   0.0326265122926209   0.00080948963589654   0
0.170677092387467   0.0906588956796568   0.0198064820150689   -0.00335078020975627   0
0.126170231995705   0.087979299878963   -0.0445068603917622   -0.00267959580069382   0
0.106705885902981   0.0885757545813187   -0.0194643460927239   0.000596454702355684   0
0.108211132845234   0.0920895759032069   0.00150524694225308   0.0035138213218882   0
0.133789886620813   0.0932153692122007   0.0255787537755789   0.00112579330899383   0
0.133668586876685   0.108010307945504   -0.000121299744127584   0.0147949387333028   0
0.0929978663795708   0.108082238702122   -0.0406707204971146   7.19307566185851e-05   0
0.119226324549279   0.108025188182583   0.0262284581697082   -5.70505195389426e-05   0
0.117721515190172   0.103831934920861   -0.00150480935910653   -0.00419325326172178   0
0.144467057447814   0.102201692522996   0.0267455422576416   -0.00163024239786548   0
0.169995352898895   0.0962073392130986   0.0255282954510814   -0.0059943533098973   0
0.14605491175664   0.110119370620034   -0.0239404411422551   0.0139120314069358   0
0.0941131824716389   0.109391671430513   -0.0519417292850014   -0.000727699189521064   0
0.0763318723560277   0.104273222509041   -0.0177813101156112   -0.00511844892147224   0
0.0951177324864297   0.0982269720040836   0.018785860130402   -0.00604625050495754   0
0.16197098525912   0.107166790753771   0.0668532527726901   0.00893981874968723   0
0.178841906696389   0.11450411330068   0.0168709214372695   0.00733732254690936   0
0.115384216538528   0.110337838528279   -0.0634576901578609   -0.0041662747724015   0
0.114996208645068   0.113258026775997   -0.000388007893460426   0.00292018824771853   0
0.131013596190052   0.125496525196497   0.0160173875449841   0.0122384984204997   0
0.148196203228153   0.121099768168234   0.0171826070381009   -0.00439675702826303   0
0.186990621061298   0.128188313744019   0.0387944178331452   0.00708854557578487   0
0.14402240795352   0.122606218587293   -0.0429682131077787   -0.00558209515672606   0
0.143037877162834   0.123412875722005   -0.000984530790685445   0.000806657134712049   0
0.153587640001304   0.126257225824287   0.0105497628384695   0.00284435010228219   0
0.167661569364151   0.123164482476869   0.0140739293628474   -0.00309274334741785   0
0.199331163705127   0.135970026921828   0.0316695943409757   0.0128055444449584   0
0.145130691686838   0.127076400255415   -0.0542004720182888   -0.00889362666641233   0
0.12304768613692   0.129250162180169   -0.0220830055499178   0.00217376192475391   0
0.131723626142617   0.130235313115126   0.00867594000569714   0.000985150934957241   0
0.163650810029312   0.128201812374455   0.0319271838866949   -0.00203350074067121   0
0.18293476879776   0.134823839582898   0.0192839587684481   0.00662202720844282   0
0.153139699453538   0.130734233636164   -0.0297950693442221   -0.00408960594673441   0
0.157949886117876   0.129135872904908   0.00481018666433783   -0.00159836073125577   0
0.17384897786231   0.126918337103765   0.0158990917444342   -0.00221753580114248   0
0.207619105891654   0.137728947107065   0.0337701280293442   0.0108106100032999   0
0.147664182871033   0.13594454067367   -0.059954923020621   -0.00178440643339561   0
0.15015642777587   0.128917724989477   0.00249224490483635   -0.00702681568419228   0
0.168611007006601   0.134924753049663   0.0184545792307311   0.00600702806018552   0
0.196784855927101   0.140326575669739   0.0281738489205004   0.00540182262007627   0
0.206052270538327   0.145087017560575   0.00926741461122599   0.00476044189083558   0
0.165645315191043   0.141385413893628   -0.0404069553472842   -0.00370160366694663   0
0.140911442559396   0.13172962552431   -0.0247338726316469   -0.00965578836931782   0
0.149397810402194   0.138834580472023   0.00848636784279813   0.00710495494771235   0
0.191027547737205   0.136310917130195   0.0416297373350104   -0.00252366334182713   0
0.219452199677401   0.153489090015781   0.0284246519401966   0.0171781728855855   0
0.175554232820004   0.146770841233134   -0.0438979668573977   -0.00671824878264693   0
0.169420787217301   0.140654826791311   -0.00613344560270249   -0.00611601444182333   0
0.173780857067889   0.13521171541299   0.00436006985058776   -0.00544311137832068   0
0.187910327107746   0.131365359957876   0.0141294700398569   -0.00384635545511441   0
0.199346081819257   0.139114984929275   0.0114357547115115   0.00774962497139975   0
0.176878744011286   0.139626632682809   -0.0224673378079714   0.000511647753533434   0
0.16382521336638   0.137108729152131   -0.0130535306449056   -0.00251790353067746   0
0.184467672311465   0.136116157174718   0.0206424589450847   -0.000992571977413398   0
0.199556938240218   0.13862101479278   0.0150892659287526   0.00250485761806163   0
0.211501936771652   0.144991823427944   0.0119449985314347   0.00637080863516418   0
0.178675004098615   0.141022975318182   -0.0328269326730375   -0.00396884810976195   0
0.16286247240448   0.139230235753805   -0.0158125316941348   -0.0017927395643772   0
0.186268452465199   0.129733006965234   0.0234059800607188   -0.00949722878857076   0
0.224584816146618   0.137579384970172   0.0383163636814188   0.00784637800493829   0
0.191453750644405   0.139481231104794   -0.0331310655022126   0.00190184613462172   0
0.187323058354411   0.130690667028445   -0.00413069228999416   -0.00879056407634835   0
0.208121562311573   0.137867384803994   0.0207985039571623   0.00717671777554832   0
0.213897257150624   0.140436428508142   0.00577569483905058   0.00256904370414832   0
0.227118575665334   0.148745710036668   0.0132213185147102   0.00830928152852586   0
0.180053414462959   0.146016453149431   -0.0470651612023751   -0.00272925688723688   0
0.188111557204814   0.14039757127017   0.00805814274185523   -0.00561888187926096   0
0.215927965263418   0.161573972563846   0.0278164080586044   0.021176401293676   0
0.238446683765239   0.176396765433548   0.0225187185018209   0.0148227928697015   0
0.189602929039216   0.170258555303992   -0.0488437547260231   -0.00613821012955565   0
0.182725724626419   0.15602466288604   -0.00687720441279682   -0.0142338924179518   0
0.199248333272853   0.151739928346217   0.016522608646434   -0.0042847345398235   0
0.257147712781759   0.16472054404795   0.0578993795089057   0.0129806157017328   0
0.231461323384929   0.176199896056751   -0.0256863893968304   0.0114793520088018   0
0.198111270710023   0.16374077003194   -0.0333500526749057   -0.0124591260248119   0
0.205151255075615   0.161289594492182   0.00703998436559197   -0.00245117553975754   0
0.236125410583042   0.166143667054909   0.0309741555074267   0.00485407256272716   0
0.24319255710051   0.176194571064746   0.00706714651746854   0.0100509040098374   0
0.20752166982725   0.177057155724564   -0.0356708872732606   0.000862584659817478   0
0.205087748830836   0.166869290636272   -0.00243392099641376   -0.0101878650882923   0
0.229269596873419   0.170270782205   0.0241818480425831   0.00340149156872818   0
0.258764141795371   0.177344433714319   0.0294945449219523   0.00707365150931918   0
0.259384048137611   0.188622294644615   0.000619906342239573   0.0112778609302961   0
0.206600612418047   0.184366236477485   -0.0527834357195637   -0.00425605816712984   0
0.197805672296853   0.169164979456306   -0.00879494012119406   -0.0152012570211791   0
0.214565195576432   0.169085622184952   0.0167595232795787   -7.93572713537471e-05   0
0.26725253532626   0.185324926084054   0.0526873397498278   0.0162393038991013   0
0.23516820705106   0.181518141323795   -0.0320843282752   -0.00380678476025875   0
0.216448366810586   0.170018283268161   -0.0187198402404735   -0.0114998580556344   0
0.241707959810801   0.169658279934115   0.0252595930002154   -0.000360003334045733   0
0.273703838337061   0.186627434111628   0.0319958785262595   0.016969154177513   0
0.228622145959769   0.192467309130726   -0.0450816923772917   0.00583987501909827   0
0.198254943886628   0.180746556538631   -0.0303672020731412   -0.0117207525920952   0
0.203605365736883   0.168565064133475   0.00535042185025533   -0.012181492405156   0
0.236620193229592   0.166965426776204   0.033014827492709   -0.0015996373572707   0
0.270362331871569   0.179289155826844   0.0337421386419767   0.0123237290506402   0
0.207118389263073   0.186945022511172   -0.0632439426084956   0.0076558666843273   0
0.20116011622352   0.180145961028661   -0.00595827303955354   -0.0067990614825103   0
0.230798687848285   0.179693745851386   0.0296385716247649   -0.000452215177275395   0
0.269469621695709   0.186069317203972   0.0386709338474242   0.0063755713525864   0
0.240066905275305   0.188760834964175   -0.0294027164204043   0.00269151776020254   0
0.218954202699367   0.185356679746105   -0.0211127025759374   -0.0034041552180703   0
0.214918264880629   0.177348713889473   -0.00403593781873873   -0.00800796585663205   0
0.247320705392218   0.187971365384465   0.0324024405115891   0.0106226514949923   0
0.269637046718564   0.207175867813803   0.0223163413263461   0.0192045024293384   0
0.210954338196972   0.19840644041455   -0.0586827085215916   -0.00876942739925302   0
0.198126533547158   0.186700727434817   -0.0128278046498145   -0.0117057129797328   0
0.217222846334572   0.182340741357191   0.019096312787414   -0.00435998607762653   0
0.268857774315641   0.192203967384755   0.0516349279810691   0.00986322602756418   0
0.27286774273622   0.204975439481929   0.00400996842057938   0.0127714720971741   0
0.227820240587813   0.198782606763016   -0.0450475021484073   -0.0061928327189128   0
0.222853615170362   0.189709298714349   -0.00496662541745124   -0.00907330804866766   0
0.251095454665273   0.189760953616227   0.0282418394949119   5.16549018786394e-05   0
0.287082053200196   0.204168221397387   0.0359865985349223   0.0144072677811598   0
0.226869794622907   0.205522239228375   -0.0602122585772887   0.0013540178309874   0
0.207283003543065   0.192144157790115   -0.0195867910798417   -0.0133780814382599   0
0.222087911514197   0.19180317362764   0.0148049079711313   -0.000340984162474828   0
0.271477106416066   0.207180401386403   0.0493891949018694   0.0153772277587635   0
0.32269501062731   0.227896502925986   0.0512179042112445   0.0207161015395822   0
0.253330983087707   0.227072455033105   -0.0693640275396034   -0.000824047892880458   0
0.246626777352298   0.217934201984796   -0.00670420573540897   -0.00913825304830879   0
0.266780237980354   0.216345217265861   0.0201534606280561   -0.00158898471893551   0
0.281697033707189   0.228901030843959   0.0149167957268344   0.0125558135780981   0
0.233532927201198   0.218635067567334   -0.0481641065059906   -0.0102659632766254   0
0.215347070720175   0.205932675459569   -0.018185856481023   -0.0127023921077644   0
0.25981801017267   0.209617286039678   0.044470939452495   0.00368461058010841   0
0.31230326340468   0.210487262551762   0.05248525323201   0.000869976512084036   0
0.277866341061886   0.216644603537228   -0.0344369223427939   0.00615734098546594   0
0.235032190071594   0.214432949738817   -0.0428341509902918   -0.00221165379841057   0
0.26656228313443   0.216700917259457   0.0315300930628357   0.00226796752063996   0
0.314006091887021   0.225562761838607   0.0474438087525906   0.00886184457914979   0
0.281627076388422   0.215578869260207   -0.0323790154985987   -0.00998389257839929   0
0.258267909068665   0.214375831385123   -0.0233591673197572   -0.00120303787508486   0
0.2773394273541   0.20275406320907   0.0190715182854351   -0.0116217681760525   0
0.312789872724422   0.22212359454207   0.035450445370322   0.0193695313330001   0
0.341724082160286   0.252213352235509   0.0289342094358643   0.0300897576934387   0
0.298877816384104   0.242678492232501   -0.0428462657761824   -0.00953486000300807   0
0.294820094016809   0.219843122701688   -0.0040577223672949   -0.0228353695308134   0
0.329723753269309   0.233870816421556   0.0349036592525   0.0140276937198686   0
0.349979469566659   0.246480655337336   0.0202557162973502   0.0126098389157796   0
0.297723709645638   0.229804193472941   -0.0522557599210213   -0.0166764618643948   0
0.296108001875667   0.215438511423701   -0.00161570776997078   -0.0143656820492404   0
0.32883883645032   0.220162801851885   0.0327308345746526   0.00472429042818465   0
0.353435887393117   0.237120873247927   0.0245970509427973   0.016958071396042   0
0.394749757621572   0.258151455015593   0.0413138702284553   0.0210305817676654   0
0.335659823058778   0.246694820086017   -0.0590899345627944   -0.0114566349295754   0
0.327749039261567   0.238074412273815   -0.00791078379721105   -0.00862040781220225   0
0.341895613686883   0.223457743754882   0.0141465744253158   -0.0146166685189332   0
0.373238779291274   0.254009795201182   0.031343165604391   0.0305520514462997   0
0.338050007714776   0.255943270145989   -0.0351887715764977   0.001933474944807   0
0.326343642201361   0.235057721129128   -0.0117063655134147   -0.0208855490168603   0
0.350057750494258   0.237557462339246   0.0237141082928966   0.0024997412101182   0
0.416186267734304   0.270976216243068   0.0661285172400466   0.0334187539038216   0
0.463482313750255   0.296457284414281   0.0472960460159509   0.0254810681712131   0
0.405485730785499   0.271815408190849   -0.0579965829647565   -0.0246418762234326   0
0.38892078711991   0.254738612530699   -0.0165649436655892   -0.0170767956601495   0
0.397725796925319   0.264585312324135   0.00880500980540933   0.00984669979343589   0
0.428453320185805   0.270542467979169   0.0307275232604863   0.00595715565503396   0
0.386430622943123   0.28203573578432   -0.0420226972426823   0.0114932678051507   0
0.373218927198153   0.255446123334624   -0.0132116957449702   -0.0265896124496952   0
0.40646391510294   0.255891735133875   0.0332449879047872   0.000445611799250234   0
0.467076863961426   0.284500678100356   0.0606129488584856   0.0286089429664816   0
0.438971928504193   0.286077428837129   -0.0281049354572329   0.0015767507367726   0
0.416605660331554   0.273740781605979   -0.0223662681726388   -0.0123366472311494   0
0.417966765770916   0.267573569049029   0.00136110543936241   -0.00616721255695024   0
0.427617440164968   0.260992177044131   0.00965067439405176   -0.00658139200489777   0
0.461178279501333   0.287185761285187   0.0335608393363654   0.0261935842410558   0
0.44286876687783   0.293772647197437   -0.0183095126235031   0.00658688591225021   0
0.431599329913706   0.282470151391417   -0.0112694369641244   -0.0113024958060205   0
0.434955998246639   0.275641216290507   0.0033566683329328   -0.00682893510091004   0
0.439541782450326   0.25118331705599   0.00458578420368766   -0.0244578992345169   0
0.452346663101034   0.299089201390932   0.0128048806507072   0.0479058843349415   0
0.408598361417725   0.281081632898591   -0.0437483016833083   -0.0180075684923408   0
0.395468808381951   0.263142041717893   -0.0131295530357747   -0.0179395911806973   0
0.405629288712243   0.256458986134962   0.0101604803302922   -0.00668305558293175   0
0.454717268251339   0.276220250826202   0.049087979539096   0.0197612646912403   0
0.463943433495335   0.31158975034813   0.00922616524399583   0.035369499521928   0
0.416211943122587   0.298027730703593   -0.0477314903727472   -0.0135620196445366   0
0.414910767082634   0.293086565758241   -0.00130117603995317   -0.00494116494535191   0
0.447228659544768   0.292277294557878   0.0323178924621337   -0.000809271200363615   0
0.482494354219156   0.311731950774848   0.0352656946743876   0.0194546562169703   0
0.432309619731229   0.297524975782308   -0.0501847344879263   -0.0142069749925398   0
0.3975293836376   0.293464487309474   -0.0347802360936294   -0.00406048847283436   0
0.417672131462419   0.27016441902052   0.020142747824819   -0.0233000682889545   0
0.476442201274457   0.302925148181069   0.058770069812038   0.0327607291605492   0
0.475713986065157   0.317682151521942   -0.00072821520930022   0.014757003340873   0
0.420110468832663   0.303338971071081   -0.0556035172324934   -0.0143431804508606   0
0.430975496778367   0.292745145863177   0.0108650279457035   -0.0105938252079047   0
0.445853644568136   0.293530258476917   0.0148781477897696   0.000785112613740369   0
0.475245482918839   0.309633516280554   0.0293918383507022   0.0161032578036371   0
0.462734695786052   0.304881933349158   -0.0125107871327866   -0.00475158293139644   0
0.444581688349768   0.289673946399206   -0.0181530074362841   -0.0152079869499517   0
0.437449828050943   0.296117694878612   -0.00713186029882429   0.00644374847940571   0
0.50573200869414   0.304024002745025   0.0682821806431968   0.00790630786641355   0
0.517241888480583   0.334522386302158   0.0115098797864429   0.0304983835571326   0
0.444970665675087   0.309015578501311   -0.0722712228054962   -0.0255068078008465   0
0.431575932924219   0.295688176053102   -0.0133947327508679   -0.0133274024482096   0
0.451893637106654   0.294133466010262   0.0203177041824346   -0.00155471004283952   0
0.527901398590835   0.324358758350229   0.0760077614841818   0.0302252923399673   0
0.500777274046057   0.30852385413182   -0.0271241245447781   -0.0158349042184094   0
0.484593095351966   0.312217656947137   -0.0161841786940909   0.00369380281531689   0
0.486594710806201   0.304448855277631   0.00200161545423422   -0.00776880166950566   0
0.529053221708365   0.323148443116256   0.042458510902164   0.0186995878386246   0
0.559618677980819   0.342705489407103   0.0305654562724548   0.0195570462908476   0
0.496920406337876   0.327448186755512   -0.0626982716429432   -0.0152573026515915   0
0.460739350821319   0.308551603865966   -0.0361810555165576   -0.0188965828895459   0
0.480244313689855   0.306489455627274   0.0195049628685366   -0.00206214823869233   0
0.55612469623098   0.338638118286354   0.0758803825411251   0.0321486626590802   0
0.555835120452999   0.360024947167865   -0.000289575777981277   0.0213868288815114   0
0.515672866799292   0.341501293499047   -0.0401622536537073   -0.0185236536688178   0
0.510593067537192   0.336032629330192   -0.00507979926209923   -0.005468664168855   0
0.531031347618952   0.326476221634516   0.0204382800817593   -0.00955640769567645   0
0.561772881841942   0.355426137905635   0.0307415342229899   0.0289499162711187   0
0.53074926713939   0.358737775347489   -0.0310236147025512   0.00331163744185392   0
0.501030659995414   0.344531308854941   -0.0297186071439766   -0.0142064664925474   0
0.498557770128448   0.32804687170068   -0.00247288986696625   -0.0164844371542611   0
0.532351793240147   0.333763248214435   0.0337940231116991   0.00571637651375495   0
0.556684489029468   0.370742620503296   0.0243326957893214   0.0369793722888604   0
0.529719817846189   0.359825489457599   -0.0269646711832787   -0.0109171310456966   0
0.495406131193145   0.351462560266192   -0.034313686653044   -0.0083629291914073   0
0.508750303769197   0.329131944066412   0.0133441725760514   -0.0223306161997793   0
0.573128044639241   0.357853424211887   0.0643777408700443   0.0287214801454743   0
0.576310711104696   0.389621829508081   0.00318266646545462   0.0317684052961942   0
0.515147443130605   0.368314082704523   -0.0611632679740908   -0.0213077468035581   0
0.496938053281533   0.34567385243127   -0.0182093898490717   -0.0226402302732525   0
0.546280220832678   0.337097020378499   0.0493421675511452   -0.00857683205277077   0
0.562892095551181   0.366840946742335   0.0166118747185027   0.0297439263638353   0
0.528210889847985   0.357818841667526   -0.0346812057031963   -0.00902210507480888   0
0.520461953499965   0.35542641950466   -0.00774893634801954   -0.00239242216286606   0
0.538505796257802   0.350883706245114   0.0180438427578372   -0.00454271325954569   0
0.576907759842074   0.366077905679384   0.0384019635842715   0.0151941994342702   0
0.592732828594806   0.406302612134809   0.0158250687527323   0.0402247064554246   0
0.533128308985745   0.387481350114453   -0.0596045196090612   -0.0188212620203559   0
0.510841161074321   0.349445749019605   -0.0222871479114243   -0.0380356010948485   0
0.519344032087594   0.352858060613173   0.00850287101327329   0.00341231159356892   0
0.579158174438555   0.383049980374154   0.0598141423509612   0.0301919197609808   0
0.55173209781016   0.372466964598218   -0.0274260766283951   -0.0105830157759366   0
0.519512311043733   0.359466347510565   -0.0322197867664274   -0.013000617087653   0
0.51437875168887   0.356044818742981   -0.00513355935486282   -0.00342152876758345   0
0.570676945762662   0.372209305322858   0.0562981940737919   0.0161644865798763   0
0.616018180005266   0.40198415449356   0.0453412342426039   0.0297748491707026   0
0.560713821139626   0.387889639565305   -0.0553043588656401   -0.0140945149282548   0
0.519656070205093   0.356200391329266   -0.041057750934533   -0.0316892482360391   0
0.536315289308444   0.37077716662094   0.0166592191033516   0.0145767752916739   0
0.59182725108768   0.384323170971388   0.0555119617792361   0.0135460043504474   0
0.653655298564924   0.431598628532239   0.0618280474772438   0.0472754575608517   0
0.599250985548626   0.425320213050888   -0.0544043130162977   -0.00627841548135172   0
0.555231339955698   0.397534905925077   -0.0440196455929281   -0.0277853071258106   0
0.568111915471767   0.38945417809278   0.0128805755160687   -0.00808072783229752   0
0.647125579123558   0.416537336059014   0.0790136636517909   0.0270831579662345   0
0.620286205784072   0.428304205586707   -0.0268393733394858   0.0117668695276927   0
0.540874797964372   0.406170672231292   -0.0794114078197001   -0.0221335333554149   0
0.544454717707543   0.390457508696324   0.00357991974317096   -0.0157131635349678   0
0.615005316917667   0.397228124023212   0.0705505992101242   0.0067706153268875   0
0.651133977934649   0.437574945119762   0.0361286610169822   0.0403468210965501   0
0.627118319280341   0.424090976756757   -0.024015658654308   -0.013483968363005   0
0.602518764160918   0.413507198782025   -0.0245995551194231   -0.0105837779747321   0
0.617705317054985   0.409138166921827   0.0151865528940675   -0.00436903186019788   0
0.680378981068639   0.440971316404752   0.062673664013654   0.0318331494829254   0
0.661417503288959   0.465174164525259   -0.0189614777796805   0.0242028481205066   0
0.591926001511169   0.417780807335067   -0.0694915017777904   -0.0473933571901922   0
0.570136622544106   0.408078450499781   -0.0217893789670629   -0.0097023568352852   0
0.642302162202495   0.418672439480738   0.0721655396583891   0.0105939889809569   0
0.678216520522761   0.460769524594683   0.0359143583202658   0.0420970851139446   0
0.620951040789046   0.436561523512769   -0.0572654797337142   -0.0242080010819138   0
0.60191527456113   0.411436047319389   -0.0190357662279168   -0.0251254761933801   0
0.658391414761766   0.412172645146776   0.0564761402006366   0.000736597827386887   0
0.711224895170297   0.450453379204774   0.0528334804085308   0.0382807340579981   0
0.672836561919758   0.448034929448947   -0.0383883332505391   -0.00241844975582739   0
0.636768463181084   0.420117366810205   -0.0360680987386736   -0.0279175626387421   0
0.650256967868088   0.408412975244791   0.013488504687004   -0.0117043915654133   0
0.692604926339685   0.450581349328742   0.0423479584715963   0.0421683740839509   0
0.674451051049667   0.462135973837303   -0.018153875290018   0.011554624508561   0
0.631940942527069   0.430393868822141   -0.0425101085225978   -0.0317421050151625   0
0.639413989150222   0.415951422720598   0.00747304662315307   -0.0144424461015422   0
0.705563374090521   0.476825714561767   0.0661493849402988   0.0608742918411688   0
0.680374025746133   0.481727918261255   -0.0251893483443875   0.00490220369948779   0
0.642196995979427   0.444670281701119   -0.0381770297667063   -0.0370576365601361   0
0.655198400916089   0.416364159196898   0.0130014049366621   -0.0283061225042208   0
0.675476934583262   0.438847539427465   0.0202785336671729   0.0224833802305663   0
0.682230537715808   0.459203772129259   0.00675360313254569   0.020356232701794   0
0.627021385136105   0.447112784816695   -0.0552091525797023   -0.0120909873125638   0
0.61329386637484   0.431873203037118   -0.0137275187612653   -0.0152395817795764   0
0.632139301832278   0.429609138449754   0.0188454354574382   -0.00226406458736428   0
0.690981182568672   0.47864797999315   0.0588418807363935   0.0490388415433954   0
0.674839366193911   0.486611557244608   -0.0161418163747604   0.00796357725145846   0
0.622157816916255   0.453091401354652   -0.0526815492776564   -0.0335201558899558   0
0.62156720781103   0.431393962319004   -0.000590609105225015   -0.0216974390356485   0
0.654763676132084   0.417583382405146   0.0331964683210537   -0.0138105799138576   0
0.658219994387895   0.456696537902974   0.00345631825581105   0.0391131554978278   0
0.643586066204047   0.464239139540884   -0.0146339281838476   0.00754260163790982   0
0.617082608529036   0.436664622665442   -0.0265034576750106   -0.027574516875442   0
0.620343576268829   0.445293657162226   0.00326096773979234   0.00862903449678437   0
0.677012168653563   0.472029063352099   0.056668592384734   0.0267354061898731   0
0.698461743886521   0.494704252355071   0.0214495752329583   0.0226751890029722   0
0.655108198678661   0.469552778025168   -0.0433535452078601   -0.0251514743299036   0
0.634416227252267   0.434996211526494   -0.0206919714263941   -0.0345565664986735   0
0.63570644487216   0.430865196328631   0.00129021761989279   -0.00413101519786291   0
0.686649683886915   0.470719709568765   0.0509432390147552   0.0398545132401338   0
0.688583409286776   0.483800392055711   0.00193372539986136   0.0130806824869463   0
0.657470972588144   0.464747377391441   -0.0311124366986322   -0.0190530146642705   0
0.656124970294532   0.437999425261034   -0.00134600229361237   -0.0267479521304065   0
0.684440500621493   0.441553082577803   0.0283155303269614   0.00355365731676849   0
0.720396909717137   0.466608111536501   0.0359564090956435   0.0250550289586984   0
0.682736235693551   0.472420784054015   -0.0376606740235856   0.00581267251751338   0
0.642558661603748   0.438623472640547   -0.0401775740898028   -0.0337973114134679   0
0.617153742411889   0.43736094079193   -0.0254049191918593   -0.00126253184861652   0
0.693828335485082   0.429717860243311   0.0766745930731936   -0.00764308054861895   0
0.733744524571734   0.463430475670367   0.0399161890866517   0.0337126154270554   0
0.702586840420456   0.45867548058619   -0.0311576841512777   -0.00475499508417671   0
0.653010521779703   0.444726884519097   -0.0495763186407534   -0.0139485960670928   0
0.65400203937679   0.431355059982171   0.000991517597086822   -0.013371824536926   0
0.712179309412314   0.420070869054333   0.0581772700355239   -0.0112841909278384   0
0.746298986896003   0.432752683889551   0.034119677483689   0.0126818148352185   0
0.720851802048105   0.447538240956334   -0.0254471848478979   0.0147855570667831   0
0.689682319405101   0.434582843707851   -0.0311694826430038   -0.0129553972484833   0
0.706925744038934   0.424462569771399   0.0172434246338327   -0.0101202739364518   0
0.72730258978021   0.422528606535001   0.0203768457412759   -0.001933963236398   0
0.762678164954262   0.448120740070042   0.0353755751740521   0.0255921335350411   0
0.760186742689584   0.470269980355423   -0.00249142226467747   0.0221492402853807   0
0.71890021477671   0.435594413286388   -0.041286527912874   -0.0346755670690352   0
0.699168437769469   0.421705011187397   -0.019731777007241   -0.0138894020989911   0
0.69259132843041   0.415280662615131   -0.00657710933905931   -0.00642434857226543   0
0.725253395754201   0.431420966276142   0.0326620673237914   0.0161403036610105   0
0.714671646488092   0.465018461961891   -0.0105817492661094   0.0335974956857489   0
0.699608204190746   0.43536942123807   -0.0150634422973461   -0.0296490407238203   0
0.7029273170549   0.423486601388403   0.00331911286415443   -0.0118828198496675   0
