0.0192878890354803   0   0   0
0.00622592302781082   -0.0152255611895888   -0.0130619660076695   0
0.0145170767487811   0.00801174428816073   0.00829115372097026   0
0.0152510853504964   0.113124207381016   0.000734008601715297   0
0.00533025350138049   -0.0711080724814971   -0.00992083184911588   0
0.00825680026917359   -0.0339144481711991   0.00292654676779309   0
0.0214827247742372   -0.00927394431495875   0.0132259245050636   0
0.0125524297648662   0.0513567869401084   -0.00893029500937096   0
0.0180176076792259   0.0585094009401124   0.00546517791435965   0
0.0236433014105497   -0.102209139609015   0.00562569373132377   0
0.0371667343701327   0.0319499103705434   0.013523432959583   0
0.0353949655838581   -0.0231376115997105   -0.00177176878627455   0
0.0355744803209562   0.0694791771657122   0.000179514737098097   0
0.0529220341792055   0.0331698532125681   0.0173475538582493   0
0.0571745259448646   -0.0962520107765322   0.00425249176565907   0
0.0544280599736248   0.00939670303119047   -0.00274646597123981   0
0.0648768345894742   0.0225856274065779   0.0104487746158494   0
0.0571230502573392   0.0608899775957101   -0.00775378433213503   0
0.0564195967783899   -0.0445155541575574   -0.000703453478949338   0
0.0608629502491047   -0.0360437443223845   0.00444335347071489   0
0.0739403524032209   0.0176569880372974   0.0130774021541162   0
0.0645528467645308   -0.00559081924792365   -0.00938750563869009   0
0.0655785257261094   0.0594749890970071   0.00102567896157861   0
0.0627983341778317   -0.00990286442983826   -0.00278019154827774   0
0.0696303907615418   -0.0583822011326361   0.00683205658371006   0
0.0662055031505124   0.00891182331656873   -0.00342488761102941   0
0.0615272174794416   0.0300364213533219   -0.00467828567107078   0
0.0565915937087349   0.0607465786918647   -0.00493562377070666   0
0.0618047484503416   -0.0847914559609858   0.00521315474160668   0
0.0638861268791981   -0.00579944447476087   0.00208137842885651   0
0.0662539710653256   -0.0135586365195863   0.00236784418612748   0
0.0437494831561185   0.0355869758687462   -0.0225044879092071   0
0.0451031475161001   0.071808031589386   0.00135366435998152   0
0.0561862583644791   -0.0884036691755001   0.0110831108483791   0
0.0653893140750268   -0.0183701721154189   0.00920305571054771   0
0.0614911127866458   0.00446604845518147   -0.00389820128838098   0
0.0485687562081839   0.0434609501258495   -0.012922356578462   0
0.0462159645906855   0.0253910560800958   -0.00235279161749832   0
0.045664087745514   -0.0770324213403211   -0.000551876845171564   0
0.0615904500222234   0.00955027110157642   0.0159263622767094   0
0.0481150716347279   -0.00277828363201685   -0.0134753783874955   0
0.0409197682884752   0.075955129317612   -0.00719530334625273   0
0.0455240300652372   -0.0251818796941143   0.00460426177676206   0
0.0340985474969609   -0.0655659856790712   -0.0114254825682763   0
0.0409531682000917   0.00831711790024332   0.00685462070313075   0
0.0475405132537765   0.0312206390271196   0.00658734505368484   0
0.0412433479620957   0.0596512811004744   -0.00629716529168085   0
0.0461527660684265   -0.110847438367457   0.00490941810633082   0
0.0558225038067982   0.0269816831263708   0.00966973773837172   0
0.0618268608082684   0.0172083335686018   0.00600435700147023   0
0.0513291954545851   0.0423394385158819   -0.0104976653536833   0
0.0460126249968962   0.0169929004648493   -0.00531657045768887   0
0.0556165285403764   -0.0910003497639044   0.00960390354348015   0
0.0586904486386627   0.0107265393549664   0.00307392009828628   0
0.0517063691445503   0.0502944004171342   -0.00698407949411239   0
0.0486918058561448   0.0731214376360806   -0.00301456328840545   0
0.0355546207844705   0.0183349386638573   -0.0131371850716743   0
0.0356111650833345   -0.0626204192406361   5.65442988639947e-05   0
0.0546160250765515   0.001044689057418   0.019004859993217   0
0.0558280775940969   -0.0207815824471801   0.00121205251754539   0
0.0434252804705842   -0.00115789633509426   -0.0124027971235127   0
0.038949568532686   0.100030767666875   -0.0044757119378982   0
0.0388195682227727   -0.0769076149606523   -0.000130000309913315   0
0.0533423847041215   -0.0427427970102857   0.0145228164813489   0
0.0597432763127785   0.00830803237512753   0.00640089160865696   0
0.0435744298976189   0.0137611092710474   -0.0161688464151596   0
0.0467434022875154   0.030726388257613   0.00316897238989654   0
0.0524013396149573   -0.0699462286842088   0.00565793732744194   0
0.0575996413348642   0.0193400893774208   0.00519830171990689   0
0.0494287897100971   -0.00427405018641935   -0.00817085162476716   0
0.0430887844697724   0.0129143835994004   -0.00634000524032467   0
0.0458978116106313   0.0149656606716618   0.00280902714085888   0
0.0577447884661897   -0.0514352307374972   0.0118469768555585   0
0.0556659236517504   0.0206243036190142   -0.00207886481443938   0
0.0664181167130814   0.0121969835670313   0.010752193061331   0
0.0488363577072963   0.0514660871334068   -0.017581759005785   0
0.0500074966747447   0.0246241219484662   0.00117113896744835   0
0.0541137206902972   -0.0893220348321862   0.00410622401555254   0
0.0519237645431502   -0.00540773720449469   -0.00218995614714702   0
0.0512959908923446   0.0104853177370292   -0.000627773650805574   0
0.0431253705650166   0.0518293383555325   -0.00817062032732802   0
0.0492476061503501   -0.0201783150137088   0.00612223558533351   0
0.0566331148164217   -0.00237465349501548   0.00738550866607158   0
0.0537496289503704   -0.0335231730821872   -0.00288348586605123   0
0.0309422937168465   0.024867160464856   -0.0228073352335239   0
0.0445612663994472   0.0604951830055841   0.0136189726826007   0
0.0420036983296114   -0.0760207024360802   -0.00255756806983577   0
0.0353294672283634   0.0143261810041732   -0.00667423110124805   0
0.0375685241345065   0.0016131790048553   0.00223905690614318   0
0.038616791411412   0.0415213002541649   0.00104826727690543   0
0.0307945265374384   0.00247617730916727   -0.00782226487397353   0
0.0322344777562798   -0.0498265346911165   0.00143995121884142   0
0.0410647301185884   0.00800647303274275   0.00883025236230853   0
0.0373654471335568   0.0215996776551192   -0.00369928298503162   0
0.0430067798848743   0.0596696327472211   0.00564133275131749   0
0.0512130712713805   -0.0671543630607082   0.00820629138650626   0
0.0495695938400246   0.000368649672595006   -0.00164347743135596   0
0.0448063089329505   -0.00938617620726728   -0.00476328490707405   0
0.0351171890836952   0.0424787389533903   -0.00968911984925532   0
0.0331428349218953   -0.0341143027300697   -0.00197435416179992   0
0.0397053515721839   -0.00369042889587343   0.00656251665028862   0
0.026179283715154   -0.0129318647947096   -0.0135260678570299   0
0.0218061730426392   0.0432460416012219   -0.00437311067251474   0
0.0222928070720272   -0.0516834644999229   0.000486634029387967   0
0.0364822826224936   -0.0392052783270111   0.0141894755504664   0
0.0704966263151117   -0.000405986890734136   0.0340143436926181   0
0.0726725451862669   0.0484298446425926   0.00217591887115516   0
0.0894684730048105   -0.0183018221890335   0.0167959278185436   0
0.113178906022721   0.0683147769624967   0.0237104330179109   0
0.1200254158616   -0.0419938239647615   0.00684650983887851   0
0.113039379794167   -0.0504182206567781   -0.00698603606743259   0
0.109362116102698   0.0734546554247785   -0.0036772636914693   0
0.105547186042547   -0.0835042738187059   -0.00381493006015114   0
0.104351150809418   0.0137976011398359   -0.0011960352331284   0
0.0964888222515955   -0.0314739672628422   -0.00786232855782293   0
0.0853912069600992   0.0358431355017707   -0.0110976152914963   0
0.0738571833614375   -0.0193025122537632   -0.0115340235986617   0
0.0821902074894114   0.0448532203591116   0.00833302412797392   0
0.0850597602489567   0.00213125394583832   0.00286955275954531   0
0.0762040457280977   -0.0186822846836311   -0.00885571452085906   0
0.074329343393945   -0.0161796363405638   -0.00187470233415263   0
0.056683512814067   0.0485469559539141   -0.017645830579878   0
0.054839150762138   -0.0576829905543356   -0.00184436205192903   0
0.045190305805366   -0.00597527068241672   -0.00964884495677195   0
0.0399468963411114   -0.012739489990961   -0.00524340946425463   0
0.0484731625456293   0.00171242689442463   0.00852626620451789   0
0.0419618918672943   0.0473292518272329   -0.006511270678335   0
0.0418361901877728   -0.0135628538697585   -0.000125701679521473   0
0.0353357823427259   0.030244037759463   -0.00650040784504692   0
0.0437185034700697   -0.00863965380033961   0.00838272112734383   0
0.0390711456493792   -0.019256018344598   -0.00464735782069058   0
0.0459873031614434   -0.0197661415790152   0.00691615751206422   0
0.0414796802045291   0.0277707954398237   -0.00450762295691431   0
0.0429782873187729   -0.012613136681516   0.00149860711424388   0
0.0461464370238104   -0.0103538026452811   0.00316814970503747   0
0.0459873031614434   -0.0255911546105209   -0.000159133862367038   0
0.0358351789761472   0.0425342962641146   -0.0101521241852962   0
0.0437680094979484   -0.0049647346894067   0.00793283052180121   0
0.0489544995111532   0.00585248287919952   0.00518649001320483   0
0.0571096691182413   -0.0109074970549559   0.00815516960708805   0
0.0586649871467908   -0.0298615813321542   0.0015553180285495   0
0.0683888387521129   0.0341290116673355   0.00972385160532215   0
0.0664364074635474   -0.0616838128196015   -0.00195243128856548   0
0.0679588157744453   0.0911720527436778   0.00152240831089792   0
0.0595177163085497   -0.0314190039774127   -0.00844109946589566   0
0.0583051621542424   -0.0384735181033151   -0.00121255415430728   0
0.0624939268151914   0.0605105543475114   0.004188764660949   0
0.0583507625546421   -0.0688431869184293   -0.00414316426054929   0
0.0620658644676363   0.0387505213417791   0.00371510191299421   0
0.0623620967810376   -0.0197072633112259   0.000296232313401271   0
0.057064832700425   0.0106506653793822   -0.00529726408061255   0
0.058773004293319   -0.000984161191923474   0.00170817159289399   0
0.0507178656581929   0.0206274197717405   -0.00805513863512618   0
0.0428600838124717   -0.00613951730265298   -0.00785778184572113   0
0.0553824594279407   -0.0166162015888062   0.012522375615469   0
0.0533933187429207   0.0414672653577065   -0.00198914068502005   0
0.0586984209778306   -0.0318185995364042   0.00530510223490994   0
0.069698444089897   0.0503794117130497   0.0110000231120664   0
0.0717372468955633   -0.0139623897942264   0.00203880280566626   0
0.0570472981925086   -0.038796691926329   -0.0146899487030546   0
0.0664973579445266   -0.00927658949304775   0.00945005975201799   0
0.0567902390470625   0.0653436699508709   -0.00970711889746416   0
0.0586461344547746   -0.0656788716330167   0.00185589540771212   0
0.0623909414524456   0.0238386480994203   0.00374480699767106   0
0.0579436873784582   -0.0100880721969553   -0.00444725407398742   0
0.0569055976715165   -0.0222622017745308   -0.00103808970694176   0
0.0443890658376767   0.0234923161640127   -0.0125165318338397   0
0.0570918925007965   0.0223352347078977   0.0127028266631197   0
0.058657044727914   -0.000716555511947659   0.00156515222711749   0
0.0589514140650799   -0.0272256836139732   0.00029436933716593   0
0.060768086288055   0.018632117739478   0.00181667222297512   0
0.0494440046834801   -0.00636188357587393   -0.0113240816045749   0
0.0693935179378269   0.00633610732583913   0.0199495132543468   0
0.0587723569208561   -0.01346906725337   -0.0106211610169708   0
0.0527685799555474   0.00399653670476242   -0.00600377696530868   0
0.0484273772140821   0.0314205436133392   -0.00434120274146528   0
0.0602261434740346   -0.0134659707559736   0.0117987662599525   0
0.0626937058990972   0.0117441412379324   0.00246756242506264   0
0.0607094214179727   -0.0249889697763843   -0.00198428448112455   0
0.0400466141799154   -0.0138168461496624   -0.0206628072380573   0
0.0394373766485868   -0.0189289211834798   -0.00060923753132857   0
0.0611854145629087   0.0654372182999918   0.0217480379143219   0
0.0619542308299845   -0.0391248981433432   0.000768816267075777   0
0.0590210966349533   -0.0256790358892326   -0.00293313419503113   0
0.0554726679009357   0.061830864252077   -0.00354842873401764   0
0.0544816454994248   -0.0659290343377684   -0.000991022401510853   0
0.0600290685924328   0.0575675549192361   0.00554742309300795   0
0.0594183816601605   -0.024785369983169   -0.000610686932272272   0
0.0584101678871924   -0.0203488823614673   -0.00100821377296815   0
0.0603650672987697   -0.00898224895211526   0.00195489941157736   0
0.0686830108108439   0.0490620535854321   0.00831794351207418   0
0.0599260049216949   -0.0180630311349703   -0.00875700588914903   0
0.0632586793891755   -0.0285984386104289   0.00333267446748065   0
0.051981798229789   0.0563356727778533   -0.0112768811593865   0
0.0573723899256646   0.0251421238270586   0.00539059169587554   0
0.0680959544349618   0.0468218327720923   0.0107235645092973   0
0.0857151976906663   -0.078193082691939   0.0176192432557044   0
0.115199282378418   0.142794513362492   0.0294840846877518   0
0.139939905396031   0.0123102742608754   0.0247406230176126   0
0.130650329874832   -0.059075317412178   -0.00928957552119833   0
0.135738194771673   -0.118668511750151   0.00508786489684021   0
0.123109918364048   -0.00494762899713666   -0.0126282764076248   0
0.100698989194629   0.117041852269055   -0.0224109291694188   0
0.0968688656396497   -0.00407527037268227   -0.00383012355497929   0
0.10413924977997   -0.139848808163393   0.00727038414032041   0
0.101591814185347   -0.0107353702329447   -0.00254743559462342   0
0.0955481479066575   0.0485580602080082   -0.00604366627868914   0
0.105444333632538   0.0517199105429798   0.00989618572588057   0
0.0801992657562711   -0.0311720663560665   -0.025245067876267   0
0.0901555281295884   0.0289919970799828   0.00995626237331726   0
0.0903630028706578   0.0151830007359058   0.000207474741069399   0
0.112275038207397   -0.10036245085075   0.0219120353367394   0
0.133521883487698   0.0334031841440677   0.0212468452803012   0
0.135847277614423   -0.000608849415882254   0.0023253941267242   0
0.124221482507898   -0.00844620046772139   -0.0116257951065246   0
0.124228119873894   0.0320384082848068   6.63736599569587e-06   0
0.121512370356489   -0.00573976602740908   -0.00271574951740486   0
0.116208693921851   -0.00348951920811787   -0.0053036764346376   0
0.125494541653621   -0.0267964359317205   0.00928584773177013   0
0.141008123459439   0.0592672392754273   0.015513581805818   0
0.176394095879291   0.0714519531220399   0.0353859724198516   0
0.147317394078771   -0.0072282836904882   -0.0290767018005197   0
0.147386038495001   0.00967426036636451   6.86444162300015e-05   0
0.126463019164695   -0.0704053627849592   -0.0209230193303064   0
0.119769178411017   0.000970002646741103   -0.00669384075367802   0
0.12544806562578   0.0522590813815382   0.00567888721476306   0
0.127444589287855   -0.010805911298907   0.00199652366207484   0
0.126915295433175   -0.0330464658831758   -0.000529293854680174   0
0.11789992328985   -0.0133011649778156   -0.00901537214332472   0
0.10710429286798   -0.0128233061969863   -0.0107956304218701   0
0.119898120768937   0.0281380906970881   0.0127938279009567   0
0.140905285444771   0.0619919445025881   0.0210071646758348   0
0.146243352916466   -0.0345517169982241   0.00533806747169452   0
0.123928898636839   -0.0443618501497881   -0.0223144542796265   0
0.126252353608368   -0.00693845453228062   0.00232345497152907   0
0.140147994837101   0.0828847188244843   0.0138956412287322   0
0.140506613912166   -0.0391964063980106   0.000358619075065403   0
0.134641338766183   -0.0308403572403834   -0.00586527514598326   0
0.119075408060019   -0.0154442014287506   -0.015565930706164   0
0.141271114595527   0.031804180905521   0.0221957065355081   0
0.137952080178454   0.00277521400081107   -0.00331903441707329   0
0.135958510958343   -0.0130614424810325   -0.00199356922011015   0
0.11488410157289   -0.0471658418723113   -0.0210744093854539   0
0.11242180395506   0.0299704793767858   -0.00246229761782928   0
0.12794066921042   0.0356154316262524   0.0155188652553593   0
0.13778162809729   -0.024404403853364   0.00984095888687067   0
0.126525231147744   -0.0458731091675833   -0.0112563969495464   0
0.134777047818388   -0.00451186619637454   0.00825181667064404   0
0.116179383177148   0.069440878737668   -0.0185976646412402   0
0.115954275547069   -0.0175350417182143   -0.000225107630078672   0
0.107785986801883   -0.00656805952765568   -0.00816828874518642   0
0.108873712550047   -0.0595683559963352   0.00108772574816426   0
0.105566968154912   -0.00807043254592458   -0.00330674439513473   0
0.112439992018526   0.0989105240365308   0.00687302386361408   0
0.114024989591767   -0.0223827585407271   0.00158499757324052   0
0.0934011250550169   -0.0317614248401742   -0.0206238645367498   0
0.0859228252581751   -0.0392103272022626   -0.00747829979684174   0
0.0932838128383817   0.0505860088880261   0.00736098758020655   0
0.106278035565457   0.0484389920778735   0.0129942227270751   0
0.112652340942633   -0.0426744936243452   0.00637430537717619   0
0.101135175015948   -0.0497693382839726   -0.0115171659266852   0
0.0974290031973134   -0.0120246989901443   -0.00370617181863445   0
0.0927596806254163   0.0760452004393857   -0.00466932257189713   0
0.100511030358227   -0.00872675131492207   0.00775134973281109   0
0.0985299415201131   -0.0236823130300974   -0.00198108883811429   0
0.0896869042654429   -0.0555943999215643   -0.00884303725467013   0
0.0916444464440237   0.0202676396021864   0.00195754217858075   0
0.0953241576190217   0.0784797879100608   0.00367971117499806   0
0.10130896802116   -0.032865614789095   0.00598481040213868   0
0.0816124880568225   -0.0343670292694754   -0.0196964799643379   0
0.0794025688773512   -0.0353808255454178   -0.00220991917947135   0
0.0897853019991858   0.0526025819060589   0.0103827331218346   0
0.0919627490554871   0.031951234437768   0.00217744705630132   0
0.0968077650320081   -0.030162447015582   0.004845015976521   0
0.0966928578160152   -0.0409092873771816   -0.000114907215992971   0
0.104090447966874   0.0230348846015897   0.00739759015085834   0
0.0804669501301621   0.0704644984384674   -0.0236234978367114   0
0.0932333579637674   -0.0258996561565401   0.0127664078336053   0
0.0873473849494822   -0.067236922588622   -0.00588597301428527   0
0.0817727965413927   0.000255344605093917   -0.00557458840808951   0
0.0916107455659619   0.0684488823119554   0.00983794902456919   0
0.0964492284886841   -0.0082964977510616   0.00483848292272229   0
0.0923725984064674   -0.0488795331314416   -0.00407663008221676   0
0.079355516012121   0.0153515849597001   -0.0130170823943463   0
0.0793566210060005   0.0336767104436545   1.10499387946661e-06   0
0.0844307628527659   0.0153645461508343   0.00507414184676541   0
0.0897476830691049   -0.0179919964747673   0.00531692021633899   0
0.094927466891543   -0.060078672523501   0.00517978382243814   0
0.0896249202698809   -0.000940645245697515   -0.0053025466216622   0
0.0971705867863959   0.0852520582336349   0.00754566651651506   0
0.10043950838786   -0.00178330066228677   0.00326892160146408   0
0.0890826736522456   -0.0345887196665262   -0.0113568347356144   0
0.072045748170416   -0.0167992936973744   -0.0170369254818296   0
0.0814191668505641   0.0287367653660697   0.00937341868014813   0
0.102170857198592   0.016827119082499   0.0207516903480275   0
0.0915531936736917   -0.0333469576080653   -0.0106176635248999   0
0.0932333469157495   -0.0419280261635395   0.00168015324205784   0
0.0832690782615311   0.0239246845146361   -0.00996426865421839   0
0.0925148407806688   0.0714675833248441   0.00924576251913767   0
0.10123507791108   -0.0184176381381947   0.00872023713041151   0
0.0932390188450093   -0.0335642936561505   -0.00799605906607102   0
0.0801617666779026   -0.014358509190731   -0.0130772521671067   0
0.0796213763124106   0.0519515250241615   -0.000540390365492013   0
0.0852732871196045   0.0148316132812741   0.00565191080719385   0
0.0882306108243858   -0.0352761693539277   0.0029573237047813   0
0.078820847356959   -0.0596282773557644   -0.00940976346742681   0
0.0925158032071278   0.0539866674755491   0.0136949558501688   0
0.117979035722456   0.0354885587182529   0.0254632325153285   0
0.0887877424514561   -0.0374142827398145   -0.0291912932710002   0
0.0824951283658768   -0.0459517333772382   -0.00629261408557925   0
0.0698560114527375   -0.00127639104748618   -0.0126391169131393   0
0.0857152617080815   0.0922844032766135   0.0158592502553439   0
0.107904331422804   -0.0263983910929015   0.0221890697147229   0
0.100183979052292   -0.0393341494867651   -0.00772035237051276   0
0.115732124179331   -0.0191639294017325   0.015548145127039   0
0.103568877353684   0.0391036809166009   -0.0121632468256463   0
0.129426313330366   0.0544291291655436   0.0258574359766814   0
0.120552794631647   -0.0663167980212566   -0.00887351869871897   0
0.14121517059261   -0.0134578497506702   0.0206623759609635   0
0.136949881830909   0.14037595015712   -0.00426528876170099   0
0.135727928297753   -0.0323922456717683   -0.00122195353315616   0
0.135704417448401   -0.0573435100445372   -2.35108493516489e-05   0
0.117472506926344   -0.0911159525914884   -0.0182319105220572   0
0.107960682155588   0.0864738026109812   -0.00951182477075579   0
0.136431567803386   -0.0882922400070629   0.0284708856477979   0
0.139177895585111   0.0857539846748201   0.00274632778172448   0
0.128604819132644   -0.00970629591420252   -0.0105730764524671   0
0.129235333241581   -0.00498712444221562   0.000630514108937302   0
0.117228732300106   -0.0458211283980779   -0.0120066009414746   0
0.120962422755953   -0.0578890019857658   0.00373369045584707   0
0.127761567818544   0.135019481236467   0.00679914506259087   0
0.116092180288381   -0.0144058522960561   -0.0116693875301631   0
0.123434020474503   -0.0352417633216266   0.00734184018612172   0
0.123612091754822   -0.0319134571469889   0.000178071280318964   0
0.123612091754822   -0.0368979004428344   0   0
0.121783683339775   0.0250677299035797   -0.00182840841504724   0
0.120350493361058   0.0801691142019065   -0.00143318997871691   0
0.114676124032871   -0.0307997412249457   -0.00567436932818634   0
0.117750930669358   -0.0112798311913389   0.00307480663648682   0
0.102940149540655   -0.076075667535307   -0.0148107811287028   0
0.0934789602730208   0.000811979192575899   -0.00946118926763463   0
0.107018278132756   0.13110969465009   0.0135393178597356   0
0.101090699047637   -0.0204755529550241   -0.00592757908511896   0
0.0988076463440583   -0.0190995601206512   -0.00228305270357909   0
0.0905766478241633   -0.0880468176153595   -0.00823099851989506   0
0.0913182921262356   0.0207371885671027   0.000741644302072325   0
0.0954570999164546   0.0946175689031601   0.00413880779021902   0
0.10352468083747   -0.0338870585892576   0.00806758092101525   0
0.110539794222759   -0.0134763627163672   0.00701511338528957   0
0.102641991204867   -0.0731125151471547   -0.00789780301789242   0
0.103825590896814   0.00180323831255499   0.00118359969194656   0
0.109244303192306   0.138156002585119   0.00541871229549251   0
0.0960152750894357   -0.0017574181747943   -0.0132290281028704   0
0.0840140981158668   -0.0520079459830249   -0.0120011769735688   0
0.0672799028336657   -0.0854634185203398   -0.0167341952822011   0
0.076788966514679   0.0200113807389702   0.00950906368101334   0
0.0919172137850141   0.132844879827473   0.0151282472703351   0
0.0983070526834164   -0.0499831774311626   0.00638983889840221   0
0.0769637933588256   -0.0770727669850186   -0.0213432593245908   0
0.0864210432300635   -0.0097020252556313   0.00945724987123792   0
0.0991605834336532   0.120285666918557   0.0127395402035897   0
0.113617329046937   -0.0219815124939737   0.014456745613284   0
0.114467365818123   -0.0381615708664651   0.000850036771185808   0
0.104743016569423   -0.0539623749497515   -0.0097243492486996   0
0.120965314433198   0.0431807634709076   0.0162222978637748   0
0.116571445930168   0.0635562580183758   -0.00439386850303052   0
0.109293553381478   -0.0507835316576329   -0.00727789254868956   0
0.116821023586564   -0.045247403615642   0.00752747020508573   0
0.115370403776272   0.0167871994736436   -0.00145061981029199   0
0.114163072471016   0.0604373390357331   -0.00120733130525562   0
0.139490868229788   -0.00664676333690388   0.0253277957587715   0
0.1182628949819   -0.0411026880852742   -0.0212279732478873   0
0.120710628878529   -0.0317182256113771   0.00244773389662879   0
0.124037272391205   0.00999347628671567   0.00332664351267588   0
0.133407440681733   0.108195365810196   0.00937016829052754   0
