0.0898698837545843   0   0   0
0.0835755698295261   0.00593433733792331   -0.00629431392505818   0
0.0602566961757156   -0.0150903330765171   -0.0233188736538105   0
0.0626754110695734   0.031133194909382   0.00241871489385776   0
0.0687270828937909   -0.036223379532988   0.00605167182421748   0
0.0656692078598867   0.017012188123567   -0.00305787503390419   0
0.0607821940932129   0.00359527261759996   -0.00488701376667382   0
0.0671859196601676   -0.00911343350756684   0.00640372556695477   0
0.0635678392700664   0.00132164680068649   -0.00361808039010121   0
0.0581152978919708   -0.011183525054351   -0.00545254137809566   0
0.0675578163662244   0.0253184747244392   0.00944251847425367   0
0.0594556171362513   -0.0289496241403384   -0.00810219922997311   0
0.0619005234381948   0.0336633801454577   0.00244490630194346   0
0.0534386412535208   -0.0380217513148955   -0.00846188218467393   0
0.0601593839575548   0.0263361826280532   0.00672074270403395   0
0.0517508432119951   -0.0333846181325733   -0.0084085407455597   0
0.06143725583335   0.0378257881861057   0.00968641262135491   0
0.0480173958868294   -0.0254794692467758   -0.0134198599465206   0
0.0374495485945425   0.0198350761078442   -0.0105678472922869   0
0.0499843221894125   0.0134466178010664   0.01253477359487   0
0.0546073332869542   -0.0367732475630092   0.00462301109754169   0
0.0514839863156982   0.0319664562753013   -0.00312334697125604   0
0.0398143270028281   -0.0377061841649751   -0.0116696593128701   0
0.0387313309356585   0.0342339085447791   -0.00108299606716954   0
0.0400114749273958   -0.0101958792910859   0.00128014399173729   0
0.035818427794504   -0.0141523794474067   -0.00419304713289178   0
0.0618919259424644   0.0215037817219511   0.0260734981479604   0
0.0487013943245468   -0.0331809256181066   -0.0131905316179176   0
0.0687911404020532   0.0223712450628844   0.0200897460775064   0
0.0641938303914403   -0.007850844566508   -0.00459731001061296   0
0.0728592320379682   -0.00155124869114304   0.00866540164652799   0
0.0699971335904193   0.0206878833274347   -0.00286209844754899   0
0.085429485705405   -0.0240572175162787   0.0154323521149858   0
0.0800292753973975   0.0150383298522052   -0.00540021030800748   0
0.0904615590865811   -0.0143181681955779   0.0104322836891836   0
0.0971927006054081   0.00304464990566695   0.00673114151882702   0
0.0880749168279624   0.0216448243804558   -0.00911778377744568   0
0.100191771836875   -0.0241010987067103   0.012116855008913   0
0.0909992396481421   0.0174731567514673   -0.00919253218873328   0
0.0941396847548094   -0.00641513415784858   0.00314044510666732   0
0.0975248693929015   0.0082708348532553   0.00338518463809209   0
0.103653447798288   -0.00707907354739533   0.00612857840538639   0
0.109325891705167   0.014751874209447   0.00567244390687952   0
0.113606710976168   -0.0125868215187115   0.00428081927100026   0
0.119681480393094   -0.00603171005480043   0.00607476941692613   0
0.110101388203555   0.0315497599323659   -0.00958009218953845   0
0.137369770246305   -0.0424976866064625   0.0272683820427492   0
0.125969231541794   0.0342982192848614   -0.011400538704511   0
0.129437111184583   -0.0460799554145911   0.00346787964278905   0
0.137037019192771   0.0178726525945186   0.0075999080081888   0
0.139035324185978   -0.000480308998448677   0.00199830499320658   0
0.144203490916448   0.011776060145641   0.00516816673046966   0
0.141250492858645   -0.00170693398677454   -0.00295299805780308   0
0.143640977381326   -0.00767649221341828   0.00239048452268106   0
0.157350576065835   -0.0020298064447497   0.0137095986845089   0
0.138745738728258   0.0061145569784929   -0.0186048373375767   0
0.143038896806987   0.00483207313982248   0.00429315807872954   0
0.151589679741201   -0.00675544801738139   0.00855078293421394   0
0.170015021042995   -0.00228925129034675   0.0184253413017935   0
0.164604779797702   0.00451378374550995   -0.0054102412452928   0
0.179684552222777   -0.00779711200654936   0.0150797724250752   0
0.1803236071352   -0.00148542274925289   0.000639054912422804   0
0.177873099597016   0.00249928238979021   -0.0024505075381841   0
0.174822132159375   0.00152973747968581   -0.00305096743764099   0
0.172173196118037   0.00296132462795633   -0.00264893604133815   0
0.172678446983838   -0.00785256078102803   0.000505250865800638   0
0.177650133361194   0.023303397390893   0.0049716863773564   0
0.190170954678284   -0.0134158434616554   0.0125208213170902   0
0.183537328748132   0.014210556529679   -0.00663362593015182   0
0.185815384400754   -0.00141534466944081   0.00227805565262174   0
0.190683093307325   -0.00501012212919845   0.00486770890657087   0
0.188930428171324   0.0244078410597011   -0.00175266513600045   0
0.20468195881721   -0.0215401949894073   0.0157515306458854   0
0.197875148178087   0.000908746028194789   -0.00680681063912261   0
0.19418132293056   0.00529714437823931   -0.00369382524752709   0
0.203743339389291   0.000547659647380294   0.00956201645873128   0
0.199270133650662   0.0158351951475072   -0.00447320573862994   0
0.215499836067223   -0.0104521700933766   0.0162297024165615   0
0.214594223869726   0.000807875530267274   -0.000905612197497269   0
0.21524178512808   0.0180391910258842   0.000647561258354024   0
0.222325866222309   -0.028910698831588   0.00708408109422909   0
0.215681141016664   0.0227676437144859   -0.00664472520564513   0
0.214793420235002   -0.0146914995017015   -0.00088772078166216   0
0.215579450767577   -0.00176307184107818   0.000786030532575005   0
0.215228491137907   -0.00753811268210788   -0.000350959629669856   0
0.225781070442143   0.00105930017313902   0.0105525793042364   0
0.223576086147317   0.0278011503348735   -0.00220498429482616   0
0.234009935524648   -0.0194671236073792   0.0104338493773312   0
0.231112616884085   0.0253510986086097   -0.00289731864056286   0
0.23010176462359   -0.0161885481434658   -0.0010108522604953   0
0.235059817311998   -0.0170133256482574   0.00495805268840829   0
0.226937156114947   0.0260545194943166   -0.00812266119705091   0
0.241328855818155   -0.0237052711997873   0.0143916997032079   0
0.238153870657864   0.0315941334223803   -0.0031749851602916   0
0.250633599216566   -0.034092827573288   0.0124797285587018   0
0.243644762589005   0.0338729135778898   -0.00698883662756072   0
0.250780456153884   -0.0440893629383056   0.00713569356487892   0
0.234885042556652   0.0355904989164869   -0.0158954135972322   0
0.241401656390858   -0.0218027883640864   0.00651661383420671   0
0.241706508762693   0.00374098697666485   0.000304852371835196   0
0.239174301166534   0.000899041832762404   -0.00253220759615927   0
0.246178330274011   -0.0141569398914749   0.00700402910747672   0
0.236988576301839   0.0381078724022145   -0.00918975397217203   0
0.245762337617565   -0.039143359812927   0.00877376131572613   0
0.231374692091335   0.042857334018861   -0.0143876455262302   0
0.239961716766446   -0.0471095185738288   0.00858702467511108   0
0.237786654729613   0.0223551082640116   -0.00217506203683326   0
0.245029303220554   -0.0236689858572115   0.007242648490941   0
0.232319223731593   -0.000181665859926204   -0.0127100794889606   0
0.227872882446552   0.00889083489143701   -0.00444634128504123   0
0.239314785082849   -0.0114582953295206   0.0114419026362968   0
0.239270326600479   0.013832819090367   -4.44584823693084e-05   0
0.239968028215219   0.0119053263650075   0.000697701614739449   0
0.238233298853771   -0.0174528056962009   -0.00173472936144803   0
0.234065331573794   0.0305631132988354   -0.00416796727997695   0
0.249227493515964   -0.042570310750367   0.0151621619421705   0
0.233072029813747   0.039093849343407   -0.0161554637022176   0
0.244394740281987   -0.0262520406478215   0.0113227104682406   0
0.238979737300571   0.00180457241329762   -0.00541500298141609   0
0.238829169790355   0.0162971017143319   -0.000150567510216582   0
0.247341701700805   -0.0288035500879704   0.00851253191045043   0
0.238979737300571   0.0231967820764136   -0.00836196440023385   0
0.250049061372963   -0.0144266728884656   0.0110693240723922   0
0.255741033113578   0.00855681516795137   0.00569197174061425   0
0.258488542901808   0.0169803530246764   0.00274750978823074   0
0.26610528026798   -0.00678221508524064   0.00761673736617124   0
0.256180323175395   0.0088441491820021   -0.00992495709258423   0
0.269329282161261   -0.0311080128922148   0.0131489589858654   0
0.244415377886703   0.045408227633129   -0.0249139042745574   0
0.263619224315584   -0.0402416150636151   0.0192038464288802   0
0.251887797166715   0.0306055272892612   -0.0117314271488689   0
0.260437252687188   -0.0401208772122676   0.00854945552047293   0
0.258694725227922   0.0408278250349121   -0.00174252745926573   0
0.256659005016871   -0.0243286526557332   -0.00203572021105131   0
0.27494962894183   -0.0122281030196288   0.0182906239249594   0
0.257409073306964   0.04340175054722   -0.017540555634866   0
0.275165059821373   -0.0475172759076228   0.0177559865144093   0
0.261906460207647   0.0336856993168705   -0.0132585996137259   0
0.270525852238746   -0.0103309091268954   0.0086193920310989   0
0.267776313779337   -0.0005884507378634   -0.00274953845940917   0
0.247296059265509   0.0172599947315991   -0.0204802545138284   0
0.265135720679523   -0.0323656566877724   0.0178396614140142   0
0.262017341416079   0.0344423307280481   -0.00311837926344416   0
0.276338181730285   -0.0233249076743676   0.0143208403142062   0
0.273016324761451   0.0015149772256754   -0.00332185696883414   0
0.283879725445918   0.0222520623017958   0.0108634006844676   0
0.285220657876494   -0.023965267583004   0.00134093243057554   0
0.28659806817388   0.0210018828651513   0.00137741029738614   0
0.280355122684159   0.0146432548532573   -0.00624294548972076   0
0.282658342441896   -0.019735187939477   0.00230321975773645   0
0.270402369601766   0.0302022130024244   -0.0122559728401299   0
0.278780003978496   -0.0620311656101071   0.00837763437672967   0
0.285149025811504   0.0465900996778185   0.00636902183300886   0
0.273001316583364   0.000307269517624165   -0.0121477092281407   0
0.28559521602217   -0.0217626469070591   0.0125938994388063   0
0.275587983448571   0.0383918354170151   -0.0100072325735988   0
0.286964251338473   -0.0237631690739356   0.0113762678899012   0
0.304622807704873   0.0108691627205047   0.0176585563664004   0
0.286588152201465   -0.00181434014881512   -0.018034655503408   0
0.30073609515695   -0.0145040397528217   0.014147942955485   0
0.286514031072651   0.0276361517283335   -0.0142220640842989   0
0.283330370152054   -0.0391011612744159   -0.00318366092059691   0
0.283508042030998   0.015656275219211   0.000177671878943686   0
0.282786439689919   0.0116623086892212   -0.000721602341079097   0
0.285290183990354   -0.0207767866803599   0.00250374430043526   0
0.281148074350955   0.0213949198659482   -0.00414210963939915   0
0.282646389318438   -0.0385351326913954   0.00149831496748315   0
0.276608718261464   0.0528189819087096   -0.00603767105697389   0
0.289994165738727   -0.0232077080158658   0.0133854474772625   0
0.287942947667589   0.00638978354939351   -0.0020512180711374   0
0.285793077277075   0.0207833942285586   -0.00214987039051445   0
0.281948745392225   -0.0287612393892868   -0.00384433188484923   0
0.277815885637413   0.02356602394416   -0.00413285975481276   0
0.290695867361836   -0.0439102423661163   0.012879981724423   0
0.283912730377224   0.022725014999409   -0.00678313698461219   0
0.294224148414521   0.0107999781918336   0.0103114180372973   0
0.29309703651436   -0.0296210069603088   -0.00112711190016096   0
0.284449763304964   0.0430471685543364   -0.0086472732093959   0
0.296278175329369   -0.035379789014071   0.0118284120244045   0
0.292418147976489   0.026667264221964   -0.00386002735287921   0
0.297222758202497   -0.0278885965641015   0.00480461022600776   0
0.302555726445146   0.00234934848417064   0.00533296824264889   0
0.290560800668294   0.0255313399521043   -0.011994925776852   0
0.296109402509022   -0.0532557887070071   0.00554860184072808   0
0.288491704590011   0.0581801795798498   -0.00761769791901129   0
