0.124706369545625   0   0   0
0.086223615385476   -0.0231092841548177   -0.038482754160149   0
0.0679058900075133   -0.0231896355728686   -0.0183177253779627   0
0.0877687161974015   -0.0141212361270278   0.0198628261898881   0
0.0785268486751028   -0.00234278976654929   -0.00924186752229861   0
0.0634827929772094   0.00189170754287239   -0.0150440556978935   0
0.0701026845366317   0.0254985409098786   0.0066198915594223   0
0.0679740514971154   -0.000956867954308119   -0.00212863303951626   0
0.0795928386126855   -0.010956745567549   0.0116187871155701   0
0.0823259564080831   0.0231222224396841   0.00273311779539762   0
0.0714813700317257   0.0120341062234029   -0.0108445863763574   0
0.0523790388952728   -0.0171014867640834   -0.019102331136453   0
0.0717051252611172   -0.0178873998751713   0.0193260863658444   0
0.0680197010058851   -0.0116116362294562   -0.00368542425523211   0
0.0929998879485884   -0.0229698966561101   0.0249801869427034   0
0.104682629548997   -0.0223187293925733   0.0116827416004084   0
0.102885935946234   0.0272144124567726   -0.00179669360276313   0
0.120099623347432   0.00553278699942203   0.0172136874011982   0
0.0985318322510675   -0.0030250675793508   -0.0215677910963644   0
0.0926404298516042   -0.0108524318662363   -0.00589140239946327   0
0.0459584188433958   -0.00517106153894732   -0.0466820110082084   0
0.078258397444827   -0.0101773827709448   0.0322999786014311   0
0.102549461825855   -0.0018274760083902   0.0242910643810281   0
0.0907030074535845   0.00383341655756778   -0.0118464543722706   0
0.0677059362372495   0.0485152822801619   -0.0229970712163349   0
0.0793941365727974   -0.0296648795753233   0.0116882003355478   0
0.0915723189151749   -0.0110860351089499   0.0121781823423775   0
0.0967082340074515   0.0243603829904102   0.00513591509227659   0
0.113700898406741   -0.0336112232406221   0.0169926643992893   0
0.105633447642591   0.0226249886367722   -0.00806745076414991   0
0.141215275239685   0.0181193920850602   0.0355818275970941   0
0.240893564408414   -0.011285395381509   0.0996782891687288   0
0.212622472503408   0.0208186041148191   -0.0282710919050058   0
0.161665601639967   0.045868815375683   -0.050956870863441   0
0.167632812067954   -0.0218615808264737   0.00596721042798704   0
0.14396296076599   -0.0274683554077646   -0.023669851301964   0
0.139963649828464   -0.000222606897935532   -0.00399931093752653   0
0.14972738735072   0.0118688964049911   0.00976373752225632   0
0.155672690015534   -0.00221536714139732   0.00594530266481402   0
0.167683479121379   0.00610034260079201   0.0120107891058453   0
0.188927538777861   0.028111705530092   0.0212440596564814   0
0.185066765339897   0.0106811448276733   -0.00386077343796357   0
0.194046554742026   -0.0110793525286669   0.00897978940212876   0
0.204048341609286   0.0253963720264526   0.0100017868672606   0
0.209328359633257   -0.00955270152617382   0.0052800180239703   0
0.212786830570527   -0.00219716376632939   0.00345847093727009   0
0.224194156383479   -0.0153458227968695   0.0114073258129527   0
0.246417185718798   -0.00510171004161336   0.0222230293353185   0
0.248236215526789   0.00580766760618104   0.00181902980799134   0
0.260803045266872   0.0169951868727289   0.0125668297400831   0
0.270448503725293   -0.0458187428152809   0.00964545845842107   0
0.264776673711809   0.00290797617743557   -0.00567183001348387   0
0.259481376781148   0.0306910186684606   -0.00529529693066166   0
0.262303732243539   -0.0188643167229292   0.00282235546239079   0
0.256030766275388   4.83749224175073e-05   -0.0062729659681503   0
0.277331344497228   -0.0483898390845334   0.0213005782218395   0
0.343420567594826   0.0425706111035334   0.0660892230975983   0
0.327357751354524   0.0320832864175157   -0.0160628162403025   0
0.338109833078783   -0.0271903281410399   0.0107520817242595   0
0.343072208029261   -0.0141274055123242   0.00496237495047797   0
0.379799665938386   0.0195224694332863   0.0367274579091255   0
0.308476246630579   0.034113719689856   -0.0713234193078072   0
0.321725233112419   -0.0192413454418042   0.0132489864818392   0
0.340972325787669   0.0153159736515054   0.0192470926752508   0
0.34432770112873   -0.0154996442636342   0.00335537534106078   0
0.350323454329008   0.0131904385403074   0.00599575320027745   0
0.367965986909663   0.00600996560229392   0.0176425325806558   0
0.364870550091224   -0.00344221325355901   -0.00309543681843927   0
0.39284331785395   -0.0165217914188828   0.0279727677627263   0
0.436181221055538   -0.010350867459294   0.0433379032015874   0
0.474592502968073   -0.00760615957616798   0.0384112819125347   0
0.502403444595576   0.132025634214061   0.0278109416275034   0
0.480377371654307   0.139937833799616   -0.0220260729412691   0
0.439715422346658   -0.18157735241305   -0.0406619493076486   0
0.430154406343234   -0.0160536699207159   -0.00956101600342429   0
0.473894888973283   -0.000141706372225076   0.0437404826300488   0
0.500634003904299   -0.0553183444645271   0.0267391149310166   0
0.536974302075528   0.0541977809670328   0.0363402981712282   0
0.567010983360331   -0.001658515121645   0.0300366812848039   0
0.580904219960141   -0.0517443094780182   0.0138932365998098   0
0.627396745334441   0.0143723874541548   0.0464925253743003   0
0.609567945398419   0.0619220086636044   -0.0178287999360224   0
0.620244802769439   -0.0425068536213104   0.0106768573710196   0
0.647317482153078   -0.0869270576465397   0.027072679383639   0
0.598616095406313   -0.0481760759007847   -0.0487013867467645   0
0.651695018706028   0.134996630570024   0.0530789232997145   0
0.501119165709614   0.214455926170039   -0.150575852996413   0
0.681880983838822   -0.176165785666632   0.180761818129208   0
0.574059842801471   -0.108442427963761   -0.107821141037351   0
0.6583218046649   0.0503211120352927   0.0842619618634282   0
0.721505844508206   0.0211058331229471   0.0631840398433067   0
0.784981062388291   -0.00765789824225802   0.0634752178800848   0
0.849671575000894   -0.0428745723889816   0.0646905126126031   0
0.934505541782525   -0.00161373972918379   0.0848339667816307   0
0.968489815563385   0.0267970648310542   0.0339842737808604   0
1.01386717110576   -0.00837765957146649   0.0453773555423764   0
1.01603421169134   0.00281009999250234   0.00216704058558204   0
1.01419673823672   0.027405648911259   -0.00183747345462471   0
1.01931210950388   0.0113654665333104   0.00511537126716122   0
1.01828519913689   0.0197300412166433   -0.00102691036699265   0
0.986170401974857   -0.0723667206776413   -0.032114797162031   0
1.06217818822644   0.0616235171337868   0.0760077862515822   0
1.07757871759515   -0.00357343913406752   0.0154005293687074   0
1.08887297030795   -0.0507894600113521   0.0112942527128004   0
1.10934838841198   -6.09585573007609e-05   0.0204754181040301   0
1.13547208516161   0.0125303208600016   0.0261236967496317   0
1.14397113783795   0.0245492861491984   0.00849905267634021   0
1.18018831559216   -0.0166171293838673   0.0362171777542075   0
1.20857149105349   -0.00723065088738048   0.0283831754613315   0
1.25141873382783   -0.000923073136553154   0.0428472427743427   0
1.25988386296525   -0.00483404333500095   0.00846512913742359   0
1.28533647074414   -0.0179318756135083   0.0254526077788855   0
1.28921323577948   0.0154378329596047   0.00387676503534196   0
1.28778133983414   0.0024250327418574   -0.0014318959453461   0
1.24900660486895   -0.0124986434632696   -0.0387747349651897   0
1.29608764881894   0.0138366129837235   0.0470810439499916   0
1.29933402443752   0.00546327808924804   0.00324637561858232   0
1.33411760863688   -0.0169102653287301   0.0347835841993653   0
1.31843057395194   -0.0314648269526408   -0.0156870346849414   0
1.27250118254916   0.0314282052979398   -0.0459293914027874   0
1.26558025422136   0.0513450413444045   -0.00692092832779667   0
1.27690418864034   -0.00252196994101542   0.0113239344189828   0
1.26306327381846   0.00514419102300154   -0.0138409148218845   0
1.24174888908748   0.0120503128385082   -0.0213143847309736   0
1.08438698471452   0.10748116388102   -0.157361904372963   0
0.856503447482992   0.424723334400195   -0.227883537231529   0
0.640026695953733   -0.541373680672072   -0.216476751529258   0
0.599706857588322   -0.0305664082623028   -0.0403198383654112   0
0.687351253690026   0.0310527041591264   0.0876443961017037   0
0.743346468261772   0.0417486086222918   0.0559952145717465   0
0.8547574634797   0.0978163216158175   0.111410995217928   0
0.668581102007266   0.105509056638381   -0.186176361472434   0
1.12199720197167   -0.18152036641395   0.453416099964401   1
1.09048897185724   -0.0227924107464181   -0.0315082301144318   0
1.14981750768807   -0.068549619471427   0.0593285358308326   0
1.2203454537676   0.0442644012788244   0.0705279460795323   0
1.21113690603715   0.0243651477167523   -0.00920854773044621   0
1.27312123780112   0.00270591454033453   0.0619843317639637   0
1.28098584265245   -0.0069807219758839   0.00786460485132978   0
1.29073242283994   0.0298512731735963   0.00974658018748786   0
1.25926963228701   0.0213484048032963   -0.0314627905529297   0
0.645573984643705   0.168058297183333   -0.613695647643301   1
0.600777435462793   -0.237821679302529   -0.0447965491809119   1
0.438162725560094   0.101332524989504   -0.162614709902699   1
0.435177497574553   0.000943497472332855   -0.00298522798554091   0
0.441593568934318   -0.0244832439045224   0.00641607135976507   0
0.472220391559376   -0.013130186698516   0.0306268226250577   0
0.483422315919414   0.0184886189395271   0.0112019243600386   0
0.488120447640439   -0.00349022963003404   0.00469813172102468   0
0.510027620674851   -0.0299689527671085   0.0219071730344124   0
0.547905831887196   -0.0019025641162102   0.0378782112123444   0
0.553047840114443   0.00367649520626201   0.00514200822724686   0
0.577136736645009   -0.0146281363180914   0.024088896530566   0
0.581648324783541   -0.000449952163502659   0.00451158813853281   0
0.613025899428605   0.0071637378568844   0.0313775746450636   0
0.612913775448064   0.00259272213368436   -0.000112123980540835   0
0.635810483939397   -0.0391476043800557   0.0228967084913327   0
0.629815874978751   0.0256577567229762   -0.00599460896064563   0
0.598066310735064   0.0431279447988305   -0.0317495642436874   0
0.606106496933501   -0.0220760919694094   0.00804018619843705   0
0.65057615417509   -0.0145997623433576   0.0444696572415888   0
0.624078435613866   0.055267522253619   -0.026497718561224   0
0.637773630525949   0.00551454670608964   0.0136951949120835   0
0.671708522082309   -0.0495939156037345   0.0339348915563598   0
0.713246533043449   -0.00960192852742414   0.0415380109611402   0
0.724549440837546   0.0126583968333943   0.0113029077940964   0
0.771858943580367   0.0284038579726641   0.0473095027428215   0
0.788818590809858   -0.0457659629674121   0.0169596472294906   0
0.785798993696225   0.0148158872274657   -0.00301959711363264   0
0.715335639747175   0.0222600041910039   -0.0704633539490502   0
0.721448970567912   -0.00520068720128747   0.00611333082073728   0
0.720946563463618   0.0240075361161936   -0.0005024071042945   0
0.712997586000822   0.00234732375584451   -0.00794897746279521   0
0.707756071107836   0.00667130997792686   -0.00524151489298663   0
0.70443338230382   -0.0190466207715195   -0.00332268880401565   0
0.728579792970029   -0.0823036869417073   0.0241464106662089   0
0.663028078784941   0.219681412166225   -0.065551714185088   1
0.541337201026541   0.318337318125871   -0.1216908777584   1
0.860059818434305   -0.52033826314945   0.318722617407764   1
0.926716583846566   0.0794917438001612   0.0666567654122611   0
0.895082119532756   -0.0114693532588827   -0.0316344643138109   0
0.947098738988311   0.00906912433069323   0.0520166194555559   0
0.995318800283231   -0.018668288493028   0.0482200612949194   0
0.968616780428282   0.00236909100241284   -0.0267020198549491   0
0.972879820187083   0.0340918194846648   0.00426303975880082   0
1.01281199453563   -0.0344541333191355   0.0399321743485519   0
1.03367041074622   0.00153463574784168   0.0208584162105809   0
1.0049377732488   0.0313043011846627   -0.0287326374974184   0
1.06738121053457   -0.0268222505214326   0.0624434372857758   0
1.10488534192965   -0.0369433821019401   0.0375041313950775   0
1.00838176763875   0.0416887216286516   -0.0965035742909004   0
1.06706728282956   0.022929721783513   0.0586855151908052   0
1.12149618651648   -0.0403953512703117   0.0544289036869219   0
1.10218646835325   0.0107414208514585   -0.0193097181632313   0
1.13678288844484   0.0283628723050587   0.0345964200915971   0
1.15826136897895   -0.0256207567774778   0.0214784805341108   0
1.18775494616566   -0.0122285534014158   0.0294935771867106   0
1.1792021787023   0.00735883465863468   -0.00855276746336475   0
1.19016210387167   0.0107447919908121   0.0109599251693746   0
1.14315524037027   -0.0100973151777534   -0.0470068635014083   0
1.19922661781677   0.00299041576161413   0.0560713774465045   0
1.12235592610912   0.0416569246004929   -0.0768706917076549   0
1.2140723660603   -0.0469656346414203   0.0917164399511825   0
1.24567880232024   -0.00603453270955284   0.0316064362599471   0
0.836247490752588   -0.00621918127010629   -0.409431311567657   1
1.23877637489208   0.25252242113984   0.402528884139491   1
1.24735954455231   0.0623720972440454   0.00858316966023387   1
1.13459633303837   -0.022318418996814   -0.112763211513947   0
1.00685161931633   0.0119889095378632   -0.127744713722031   0
0.91952977278998   -0.0114780768429544   -0.0873218465263534   0
0.862482712513219   -0.0395310878205752   -0.0570470602767617   0
0.737932631763708   -0.0368024614600747   -0.124550080749511   0
0.66481861328453   -0.0202774401689587   -0.0731140184791786   0
0.62908155174898   0.013225945973565   -0.0357370615355492   0
0.583810695730581   -0.0311381042274116   -0.0452708560183993   0
0.51548155386072   -0.016931779855789   -0.0683291418698609   0
0.45612642874811   -0.00619826449977906   -0.0593551251126098   0
0.414007352787949   0.00491895398142972   -0.0421190759601618   0
0.407925026020193   -0.0123700306028432   -0.00608232676775577   0
0.405259373674065   -0.0102921633518681   -0.00266565234612826   0
0.410355689275207   -0.00872999533472163   0.00509631560114227   0
0.435508368389196   0.0166252451302268   0.0251526791139897   0
0.332742958100168   -0.0301321531216092   -0.102765410289029   0
0.323584924874445   0.014045012030869   -0.00915803322572306   0
0.328864965080274   -0.00380121021604629   0.00528004020582962   0
0.351245601650042   -0.00108530114336569   0.0223806365697678   0
0.323057352323469   -5.69369617465232e-05   -0.028188249326573   0
0.31230121542751   0.0191810833339925   -0.0107561368959591   0
0.288444429198243   0.0235432968741259   -0.0238567862292673   0
0.277527264803388   -0.0169231801958014   -0.0109171643948544   0
0.304940376939903   0.215283230084799   0.0274131121365145   0
0.219263930806922   -0.162613868584761   -0.0856764461329812   0
0.239471912340863   -0.0267692977497467   0.0202079815339414   0
0.261693925910595   -0.0101639851392716   0.022222013569732   0
0.301347910265278   -0.0262784835409485   0.0396539843546829   0
0.340003612293678   -0.0020117665206566   0.0386557020284005   0
0.361585454863024   -0.000299054590397807   0.0215818425693456   0
0.389660148119486   -0.026865770014136   0.0280746932564623   0
0.415742976691429   0.0221614390277585   0.0260828285719426   0
0.451331122790408   -0.00138980579470172   0.0355881460989788   0
0.426203967168596   -0.00581062717371328   -0.0251271556218113   0
0.434804655039766   0.0259865940559204   0.00860068787116969   0
0.452430975061942   -0.0196606342621892   0.0176263200221764   0
0.439287552716043   0.0187861537302983   -0.0131434223458997   0
0.298737189078879   -0.118434250124088   -0.140550363637164   0
0.241881191018959   -0.0366921083467268   -0.0568559980599205   0
0.255308979540967   0.0990419539125582   0.0134277885220084   0
0.306056760285163   -0.0147896048740266   0.0507477807441963   0
0.316046402114468   0.034414632217644   0.00998964182930456   0
0.281035721503958   -0.0848661660287889   -0.0350106806105104   0
0.290008671188466   0.256747096271359   0.00897294968450879   0
0.604681143199869   -0.023076272593911   0.314672472011402   0
0.507500322306795   -0.366710445995273   -0.097180820893074   0
0.157673791523322   0.383195686567794   -0.349826530783473   1
0.18016842687122   -0.129464288059825   0.0224946353478976   0
0.229144687962649   -0.0142580463725974   0.0489762610914299   0
0.217037449985596   -0.0207023949604323   -0.0121072379770536   0
0.267724826049995   -0.0387652845232381   0.050687376064399   0
0.222155373391012   0.0367640052197744   -0.0455694526589827   0
0.240443158312417   -0.155936735174178   0.0182877849214048   0
