0.140306591252058   0   0   0
0.117225556631056   -0.0324696611493875   -0.0230810346210016   0
0.131893611050957   -0.000326768158670304   0.0146680544199001   0
0.115141279355857   -0.00246271661385519   -0.0167523316950995   0
0.0898076766205749   -0.0426643323276785   -0.0253336027352822   0
0.109474390438581   0.0169704163081368   0.0196667138180062   0
0.0693401011314239   -0.0315177822032232   -0.0401342893071572   0
0.0737457962834263   -0.00237411758596466   0.00440569515200231   0
0.0441576236410376   -0.00933104000344234   -0.0295881726423886   0
0.0398635821497269   -0.0216836295051614   -0.00429404149131073   0
0.0256978598503358   0.00852687128417827   -0.0141657222993911   0
0.0568558247663643   -0.022363012200155   0.0311579649160285   0
0.0625162401804605   0.00713838216440014   0.0056604154140962   0
0.0254059389336214   0.0154328939795465   -0.0371103012468391   0
0.0162584290671716   -0.00112737201222729   -0.00914750986644981   0
0.0468576522787498   0.00109393332080406   0.0305992232115782   0
0.0664531414015169   -0.0224056948176637   0.0195954891227671   0
0.0481191815867903   0.0288325558667253   -0.0183339598147266   0
0.186207535970086   0.0625244214594365   0.138088354383296   0
0.0983477686885168   -0.0561324344139428   -0.0878597672815696   0
0.0512251616916533   -0.039767397045558   -0.0471226069968635   0
0.0574267701186566   0.0450624216444469   0.00620160842700326   0
0.0679672104783698   0.00313820262330194   0.0105404403597133   0
0.0764901220868487   0.00414280847043227   0.00852291160847891   0
0.0838140112295373   0.00553453724750876   0.00732388914268854   0
0.0903955114986968   -0.0116385553210605   0.00658150026915953   0
0.0912339204485428   0.0185276157650635   0.000838408949845951   0
0.105129098189428   0.0293690822727919   0.0138951777408857   0
0.0938638170811896   -0.0102385327940629   -0.0112652811082389   0
0.101061215929319   0.0272906853164396   0.00719739884812967   0
0.0831848358964002   0.00622416223762084   -0.0178763800329191   0
0.117280601935107   0.0146979217902515   0.0340957660387069   0
0.0870891879100014   0.00960863941465476   -0.0301914140251057   0
0.10348912818236   -0.0214598422759618   0.0163999402723589   0
0.0852913387959969   -0.00523198163160546   -0.0181977893863634   0
0.107884279179608   0.00878416825823131   0.0225929403836108   0
0.0798807052673612   0.0303440056421806   -0.0280035739122465   0
0.0831571252004513   -0.0131290537200139   0.00327641993309007   0
0.0807524273481053   0.0289188188690063   -0.00240469785234594   0
0.0918284069261986   -0.0141760031787147   0.0110759795780933   0
0.105643750795942   0.0248226328544632   0.0138153438697429   0
0.08821903825804   -0.00886607886216514   -0.0174247125379015   0
0.101437934121129   0.0217182559190383   0.013218895863089   0
0.0852330394196112   -0.0203903621723859   -0.0162048947015177   0
0.102971124849651   0.0160649606619978   0.0177380854300402   0
0.0850385162408983   -0.0178811721993424   -0.0179326086087531   0
0.0926012753700644   -0.00837005848142253   0.00756275912916611   0
0.0821004235408961   0.0289986875513416   -0.0105008518291683   0
0.0805643311996148   -0.0196327539220754   -0.0015360923412813   0
0.0937714299689208   0.0393565226317253   0.013207098769306   0
0.07911596308148   -0.0316201715417088   -0.0146554668874409   0
0.106434252354729   0.0347478967842636   0.0273182892732489   0
0.0945857196785545   -0.00645266756807739   -0.0118485326761743   0
0.104803889566192   0.00741416830443281   0.0102181698876376   0
0.117216721421477   0.0173315689909703   0.0124128318552846   0
0.104070547894734   -0.0196301922105871   -0.0131461735267429   0
0.105016965847143   0.0273376662368308   0.000946417952409601   0
0.0992946113612924   -0.0198251393267942   -0.00572235448585105   0
0.107433090974814   0.000686440257035237   0.00813847961352128   0
0.0849586482666868   -0.00598598154002999   -0.0224744427081269   0
0.105163635408396   0.00676828514324196   0.0202049871417095   0
0.0915485111574192   0.0186047169871029   -0.0136151242509771   0
0.0977743526531765   -0.0189230003006906   0.00622584149575736   0
0.103574519953184   0.0191554693161914   0.00580016730000744   0
0.0877447096133734   -0.0123981159045285   -0.0158298103398106   0
0.106866906275072   -0.00107947688133614   0.0191221966616985   0
0.0802437110719588   0.00162811692126874   -0.0266231952031131   0
0.0864197934092213   -0.0181702629284351   0.00617608233726256   0
0.0991972544424114   0.0144387117399741   0.01277746103319   0
0.0874838375397564   0.00962264554865389   -0.0117134169026549   0
0.0874231732972768   0.0349748539332266   -6.06642424796772e-05   0
0.0870431080837104   -0.0342214342288414   -0.00038006521356633   0
0.0967387838770211   0.00771986482633752   0.0096956757933107   0
0.0887043191371903   0.0109169433077795   -0.00803446473983084   0
0.108281619938854   -0.0264328246368755   0.0195773008016641   0
0.102968414277207   0.0228984012876071   -0.00531320566164746   0
0.0760980695876216   -0.0256006148960481   -0.0268703446895853   0
0.107571744176619   0.0170712533190427   0.0314736745889976   0
0.0841879964718843   0.00375436399917217   -0.0233837477047349   0
0.103095735288687   -0.000725114630486634   0.0189077388168026   0
0.0773846595405704   0.0204676120206682   -0.0257110757481165   0
0.0968415788295761   -0.0315531882475382   0.0194569192890057   0
0.0954746189314207   0.0476395526494164   -0.00136695989815534   0
0.099998262499268   -0.0200184069368559   0.00452364356784722   0
0.0996996193148449   0.0143230280458394   -0.000298643184423034   0
0.073724790435867   -0.0265424981885949   -0.025974828878978   0
0.0997569379560264   0.0135566885939922   0.0260321475201594   0
0.0810103401456704   0.00874679956248919   -0.018746597810356   0
0.120660855585407   0.00275653201777337   0.0396505154397368   0
0.0707780875453618   -0.00283921099111267   -0.0498827680400454   0
0.0876107341103139   -0.00400247138533172   0.0168326465649521   0
0.0675414999328578   0.00736041950369815   -0.0200692341774562   0
0.0910323060418937   -0.00656743887589306   0.0234908061090359   0
0.061595333239477   0.0229575691958671   -0.0294369728024167   0
0.0976946942483302   -0.00672948166963822   0.0360993610088532   0
0.0477212599555633   -0.00258114400562526   -0.0499734342927669   0
0.0851494919649097   0.0158140935052399   0.0374282320093464   0
0.0793621783104189   0.00877703403219032   -0.00578731365449081   0
0.0789260643602272   -0.0168043583632461   -0.000436113950191705   0
0.0894019953877769   0.0225686802337349   0.0104759310275497   0
0.0730842620077142   -0.00942314043524334   -0.0163177333800627   0
0.0907898725865115   0.0135128916997793   0.0177056105787973   0
0.061243390596884   -0.019347419057752   -0.0295464819896275   0
0.0735367377183677   0.0309697287826977   0.0122933471214837   0
0.0627818123334696   -2.70066334928654e-05   -0.010754925384898   0
0.0703365999076939   -0.0208206444077121   0.00755478757422423   0
0.0676168853540482   0.0274104709121644   -0.00271971455364564   0
0.0711389397584403   -0.0184697936496541   0.00352205440439209   0
0.0909412158260214   0.03492335623091   0.019802276067581   0
0.0886755641352932   0.00116510673006237   -0.00226565169072813   0
0.119898534174651   0.0405244986217422   0.031222970039358   0
0.0825539869217865   -0.0024708587421956   -0.0373445472528647   0
0.0995307108776608   -0.00541218565137364   0.0169767239558743   0
0.101758060114875   0.00188654763557694   0.00222734923721417   0
0.0829899874974988   -0.0542322828737339   -0.0187680726173762   0
0.0909343535775946   6.76327123703135e-05   0.00794436608009588   0
0.0749522601934058   -0.00290414731228622   -0.0159820933841888   0
0.0907085975327863   0.042870888651864   0.0157563373393805   0
0.0796402099849693   -0.0209118006026779   -0.011068387547817   0
0.0957293177238431   0.00667511839982909   0.0160891077388738   0
0.0955901142198946   -0.00523354495997325   -0.000139203503948512   0
0.0859198623835752   -0.0213494078306246   -0.00967025183631941   0
0.0974961416010398   0.0294227550725445   0.0115762792174646   0
0.080330371354644   0.0224640911089604   -0.0171657702463958   0
0.109512209741768   -0.00224527664529173   0.0291818383871241   0
0.0773095781557822   0.0072694304050997   -0.0322026315859858   0
0.0988221558880649   -0.00399647368564465   0.0215125777322827   0
0.082386178533629   0.0181256208521937   -0.0164359773544359   0
0.095681939900511   -0.0361909634592686   0.013295761366882   0
0.0909478494471557   0.0137048363151707   -0.00473409045335528   0
0.0709930816059213   -0.0369229671959307   -0.0199547678412344   0
0.101253033875645   0.0373050137874728   0.0302599522697236   0
0.0770248562924008   -0.0137263581489708   -0.0242281775832441   0
0.0975499772060968   0.0158754579520538   0.0205251209136959   0
0.0838239306794456   0.00713917833326005   -0.0137260465266512   0
0.0880510783540014   -0.00943291261443269   0.00422714767455584   0
0.0897708233531642   0.023020949901159   0.00171974499916272   0
0.0756470145023087   -0.0193923521415466   -0.0141238088508555   0
0.0875815881210343   0.00920903406458523   0.0119345736187256   0
0.0709055327172182   0.01057066576895   -0.0166760554038161   0
0.0744571105915513   -0.030043211914442   0.00355157787433311   0
0.0617656621155112   0.0395041478704378   -0.01269144847604   0
0.065989545770978   -0.00962474849013922   0.00422388365546675   0
0.0798591937354898   0.0118633069473356   0.0138696479645119   0
0.059843282704703   0.00698407920594185   -0.0200159110307869   0
0.0783779873881372   -0.0186057089345785   0.0185347046834343   0
0.0514223880846174   0.0215314635376518   -0.0269555993035199   0
0.0678523753406246   -0.01383038218522   0.0164299872560072   0
0.0713315662298256   0.00976588421651486   0.00347919088920103   0
0.0562245570688423   -0.0242333826340824   -0.0151070091609833   0
0.0819244420221005   0.0221033554940455   0.0256998849532582   0
0.0641623770133246   0.0122331389264472   -0.0177620650087759   0
0.0614692825110437   0.00862726796346885   -0.00269309450228089   0
0.0459550640052323   0.00897903600201916   -0.0155142185058113   0
0.048847906745658   -0.0392216183785839   0.00289284274042566   0
0.0566052152530577   0.0416159159173848   0.00775730850739973   0
0.0435836327168239   -0.0138441764896667   -0.0130215825362339   0
0.0652824798968682   -0.0202323786281805   0.0216988471800443   0
0.041850135668657   0.0105343648061912   -0.0234323442282111   0
0.0424476936350492   -0.00377612415154499   0.000597557966392201   0
0.0336974644618705   0.0423167088285902   -0.00875022917317875   0
0.0505722597239336   -0.068834260929957   0.0168747952620631   0
0.0476593595290841   0.0497366704584035   -0.00291290019484954   0
0.0436832200782806   -0.00583247298423645   -0.00397613945080347   0
0.0464262054683021   0.0348154682865996   0.00274298539002144   0
0.0408959996130123   -0.022173836587852   -0.0055302058552898   0
0.0430922202901141   0.00306747641735128   0.00219622067710186   0
0.0395186273496528   0.0270394468673326   -0.00357359294046135   0
0.041648897839583   -0.0221143119741596   0.00213027048993026   0
0.0370997257474058   0.0270418263796501   -0.00454917209217724   0
0.0352903923381775   -0.0108829840722124   -0.00180933340922827   0
0.0451665648657555   -0.0169253398638924   0.00987617252757796   0
0.0311539061338306   -0.00580139997716811   -0.0140126587319249   0
0.0340553126208489   -0.0031915549096907   0.00290140648701834   0
0.0349956947768222   0.0198623614278602   0.000940382155973293   0
0.0390082000016984   -0.0147342703243252   0.00401250522487617   0
0.03858540972667   0.0410778101040884   -0.000422790275028354   0
0.0563312970095887   -0.0136863363020649   0.0177458872829187   0
0.0356368288082007   0.0273436796044911   -0.0206944682013881   0
0.0609548333133231   0.00404811459298593   0.0253180045051224   0
0.071402425514649   -0.031833491434807   0.0104475922013259   0
0.0637379642585367   0.0338301745439736   -0.00766446125611232   0
0.075544225913394   -0.0733135864053894   0.0118062616548573   0
0.0770679312617284   0.0017920596624581   0.00152370534833446   0
0.0807370852523673   -0.0172810033199221   0.00366915399063886   0
