0.110831660106352   0   0   0
0.0687492656758056   -0.0386557246280346   -0.0420823944305467   0
0.0614193963699427   0.0417010888009778   -0.00732986930586294   0
0.101295366218056   0.0486352022790647   0.0398759698481129   0
0.0660922864724394   -0.0883004299387233   -0.0352030797456162   0
0.0495226675196823   0.00140377155746461   -0.0165696189527571   0
0.0852408172595865   0.0517213109182059   0.0357181497399042   0
0.0361444834010323   -0.0124342243279348   -0.0490963338585542   0
0.0970398921865334   -0.0129797173280407   0.0608954087855011   0
0.0913333611756542   0.0735785114601291   -0.00570653101087917   0
0.0416964652444605   -0.0384789724266382   -0.0496368959311937   0
0.0732341593089761   -0.0903171106362823   0.0315376940645157   0
0.0326310486879157   0.0244689282496447   -0.0406031106210604   0
0.0486815079320937   -0.011516441455919   0.016050459244178   0
0.0439199827887959   0.0826167035740634   -0.00476152514329782   0
0.0467352998863279   -0.0398347948967574   0.00281531709753202   0
0.0556720198290679   0.0236006521386139   0.00893671994273999   0
0.0398228714323189   -0.0631707889268844   -0.015849148396749   0
0.0499604359460063   0.0252876233022764   0.0101375645136874   0
0.0549716499225057   0.0447512735092138   0.00501121397649942   0
0.0432894302210135   -0.088345280732505   -0.0116822197014922   0
0.0541546114674909   0.0539546851046091   0.0108651812464774   0
0.0548363575048425   -0.0243988001560523   0.000681746037351619   0
0.0482346940147652   0.0783897237597372   -0.00660166349007734   0
0.0530490026580482   -0.0500154308577233   0.00481430864328297   0
0.0399968241617694   0.0340763358119158   -0.0130521784962788   0
0.037588852544704   -0.01323386899159   -0.00240797161706539   0
0.0487232170284865   -0.0307594799135706   0.0111343644837825   0
0.0321880600161768   0.00486988854385551   -0.0165351570123097   0
0.0337075224219684   0.0180095703986333   0.00151946240579156   0
0.0739803814644464   0.0414963384718469   0.040272859042478   0
0.0480464756423143   -0.0465330830432044   -0.0259339058221321   0
0.046550682354451   -0.0560127311280708   -0.00149579328786324   0
0.0688641840501766   -0.0159775789676306   0.0223135016957256   0
0.0572434199605946   0.0693563504726002   -0.011620764089582   0
0.061844191690449   -0.00694294169418273   0.00460077172985439   0
0.0951324073334765   -0.0530218283570017   0.0332882156430275   0
0.086301120104782   0.0878512060453761   -0.00883128722869457   0
0.0691297410751154   -0.00057898532365841   -0.0171713790296665   0
0.137998287983121   0.0971099462278475   0.0688685469080059   0
0.10433780300384   -0.040999910752662   -0.0336604849792816   0
0.0538367858709043   0.00833910819520067   -0.0505010171329354   0
0.0619479285377463   -0.0872518054301031   0.00811114266684203   0
0.0826473447116364   -0.0282755001880103   0.0206994161738901   0
0.0887504018620339   0.00187150089916124   0.00610305715039743   0
0.117932785335648   0.0896731177242828   0.0291823834736141   0
0.0977685128599388   -0.0902381739802348   -0.0201642724757092   0
0.0879838198690249   -0.00930752442047614   -0.00978469299091388   0
0.107595782215633   0.0832159552019436   0.0196119623466085   0
0.0776716419601935   -0.0202038529458921   -0.0299241402554399   0
0.0971020793879951   -0.0476800147838146   0.0194304374278015   0
0.109351331102369   -0.0042930699621383   0.0122492517143742   0
0.0828104664487527   0.0472682704374843   -0.0265408646536166   0
0.0816228445676362   -0.0469857270093979   -0.00118762188111653   0
0.0947673743362926   0.0157614934281826   0.0131445297686563   0
0.15812942774472   0.0737975817406059   0.0633620534084271   0
0.138740221197288   0.0172162689869907   -0.0193892065474313   0
0.0900103626570297   -0.0366563910223136   -0.0487298585402587   0
0.100073553764181   -0.0649531398155006   0.0100631911071517   0
0.0994883488812258   0.0164129402222185   -0.000585204882955589   0
0.13482823285248   -0.0199352161148371   0.035339883971254   0
0.107772058662369   -0.0206536075683977   -0.0270561741901112   0
0.0907019559233014   0.0491057240115732   -0.0170701027390672   0
0.129101289157477   -0.0368812661038748   0.0383993332341757   0
0.097917202925967   0.0767404484372044   -0.03118408623151   0
0.143756031675509   -0.0747503856430912   0.0458388287495422   0
0.123336737874822   -0.0423867563415744   -0.0204192938006874   0
0.091885061800069   0.0980975170640669   -0.0314516760747528   0
0.13352176078812   -0.031084292251422   0.0416366989880512   0
0.103524177116375   0.0475062835651865   -0.0299975836717456   0
0.111949806563857   0.0244767229657657   0.00842562944748237   0
0.11616324944634   -0.0547152524359617   0.00421344288248256   0
0.190032128327745   0.176188006999975   0.0738688788814054   0
0.115003455269257   -0.165173141226608   -0.0750286730584874   0
0.0977805148039986   0.0277735956146213   -0.0172229404652588   0
0.104564310628735   -0.0231803517631373   0.00678379582473597   0
0.144422490884419   -0.0676034362049276   0.0398581802556841   0
0.122104685193669   0.0410222594122993   -0.0223178056907498   0
0.115959493438938   -0.00446313056165934   -0.00614519175473141   0
0.156831658078886   0.0825726003700317   0.0408721646399481   0
0.109996951619954   -0.0702007776270144   -0.0468347064589317   0
0.114983501758948   0.00199094802294963   0.00498655013899402   0
0.146568505496577   -0.0357404992063563   0.0315850037376286   0
0.118809226225639   0.0620142873204679   -0.0277592792709379   0
0.16001460257446   -0.0573765608778069   0.0412053763488217   0
0.161393086509375   0.0474785659133971   0.00137848393491427   0
0.120491036020496   0.0375432709135336   -0.0409020504888785   0
0.126572330395638   -0.0550611935168582   0.00608129437514165   0
0.14045442838097   0.0116380361606745   0.0138820979853321   0
0.165515115938613   -0.0440523682201006   0.0250606875576431   0
0.173357986768717   0.0164913206358763   0.00784287083010357   0
0.146338005398359   0.0294733811887469   -0.027019981370358   0
0.183326658431125   -0.016452165916082   0.0369886530327668   0
0.130561607948451   0.0615484674279396   -0.0527650504826744   0
0.188682771909368   -0.0765194945524663   0.0581211639609168   0
0.134964877716056   0.0765425706923598   -0.0537178941933115   0
0.142279068000725   0.0349061695272876   0.00731419028466906   0
0.117652455694229   -0.0514579332328898   -0.0246266123064963   0
0.186386312923347   0.0550728077063397   0.0687338572291185   0
0.138542354611126   -0.0941228355781243   -0.0478439583122214   0
0.117534553199315   0.0646234461067369   -0.0210078014118115   0
0.157030863025744   -0.112841170693602   0.0394963098264296   0
0.140561643352241   0.0214973691465669   -0.0164692196735035   0
0.144918359088048   0.0387010121794612   0.00435671573580762   0
0.153666334615914   0.00782097631924628   0.00874797552786558   0
0.163888009708924   -0.0478947845269395   0.0102216750930105   0
0.171094615085046   -0.0409237996941744   0.00720660537612147   0
0.156844313876181   0.141637587052633   -0.0142503012088648   0
0.174233521636782   -0.123088006141739   0.017389207760601   0
0.160107404258173   0.0952929217993254   -0.0141261173786091   0
0.171659353660935   0.0374455175034654   0.0115519494027622   0
0.171869231427596   -0.0850225096163727   0.000209877766660732   0
0.17495709571147   -0.000822252985757416   0.00308786428387425   0
0.169468802138594   0.0691189103241601   -0.00548829357287586   0
0.174566794573259   -0.0967767015006309   0.00509799243466505   0
0.167810842767899   0.106328562621223   -0.00675595180536034   0
0.159281702604113   -0.0956108012881214   -0.00852914016378623   0
0.160319539674801   0.0586439730888966   0.00103783707068802   0
0.175373041091098   0.095943317679071   0.0150535014162974   0
0.168700647428574   -0.142903737256953   -0.0066723936625242   0
0.171634284057819   0.075325882122483   0.00293363662924478   0
0.141936047621464   -0.0140872646076096   -0.0296982364363547   0
0.148770920829013   -0.0183081156737323   0.00683487320754911   0
0.147172092851498   0.0327677165021965   -0.00159882797751495   0
0.165633467661589   -0.088983927091835   0.0184613748100904   0
0.150297060447934   0.126032961921677   -0.0153364072136543   0
0.164466059103786   -0.122432340225921   0.0141689986558517   0
0.1635050275294   0.111398934665618   -0.000961031574385429   0
0.136305823913039   -0.104014959837085   -0.0271992036163611   0
0.151447632691006   0.031628438906986   0.015141808777967   0
0.131109999908293   0.10777876493419   -0.0203376327827138   0
0.144493257645305   -0.129687522462628   0.0133832577370124   0
0.141440242033023   0.109152812787727   -0.00305301561228252   0
0.129478441358745   -0.0920698960819746   -0.0119618006742774   0
0.146527697284472   0.0360488472196683   0.0170492559257273   0
0.141408487290403   0.075624756457376   -0.00511920999406967   0
0.132557070192323   -0.0974348228989397   -0.0088514170980796   0
0.150062437303819   0.071587279334642   0.0175053671114954   0
0.139108684285561   -0.087089658176778   -0.0109537530182572   0
0.161591279541727   0.00776296444963914   0.0224825952561654   0
0.165078063010724   0.122147160760966   0.003486783468997   0
0.161549001444833   -0.130848000983258   -0.00352906156589133   0
0.155103941934079   0.13381671251517   -0.00644505951075397   0
0.15357691662181   0.0400304140547182   -0.00152702531226817   0
0.136563398086283   -0.137626219997533   -0.0170135185355277   0
0.182154864800017   0.217190449122021   0.0455914667137345   0
0.141237917063062   -0.149181554437304   -0.0409169477369547   0
0.16857038396451   0.0473470296038216   0.0273324669014481   0
0.168670861362448   -0.0272226568059903   0.00010047739793706   0
0.159069345271559   -0.0630495343539801   -0.00960151609088838   0
0.200948731532448   0.232380373858574   0.0418793862608892   0
0.165987560239736   -0.16687278921479   -0.0349611712927123   0
0.183053060913546   0.0659105910278661   0.0170655006738102   0
0.193480234452392   0.0859052617283443   0.0104271735388455   0
0.159852991374861   -0.158408228771774   -0.0336272430775304   0
0.206397475102707   0.246701979164191   0.0465444837278454   0
0.158486821188987   -0.223601489619227   -0.0479106539137197   0
0.192366276478525   0.118947907121774   0.0338794552895383   0
0.171523005091445   -0.0437951808035594   -0.0208432713870801   0
0.176289995084704   0.0208014214922081   0.00476698999325872   0
0.187432326442299   0.0551639755836207   0.0111423313575948   0
0.166742933754515   -0.159575734090825   -0.0206893926877841   0
0.179342574672113   0.217454836903397   0.0125996409175984   0
0.156858794873168   -0.163040510562891   -0.0224837797989455   0
0.169356789779041   0.123295304191898   0.0124979949058731   0
0.192509764256316   0.0801181345258291   0.0231529744772755   0
0.156544406046863   -0.248736702312948   -0.0359653582094537   0
0.160191765878696   0.127518508474272   0.00364735983183354   0
0.156859110384223   -0.0239615452993583   -0.0033326554944727   0
0.154574703663253   -0.117135050233107   -0.00228440672097041   0
0.162925720702787   0.16649146028982   0.00835101703953375   0
0.121115377562368   -0.158584652622346   -0.0418103431404186   0
0.110673446438738   0.228775486401762   -0.0104419311236306   0
0.122539530517503   0.0302443813585688   0.0118660840787653   0
0.121787990304104   -0.0861819873140029   -0.000751540213398919   0
0.115878288470241   -0.224485277467929   -0.0059097018338624   0
0.110468305587361   0.189714899701431   -0.00540998288288083   0
0.102617008622852   -0.115952148784765   -0.00785129696450856   0
0.117278929843472   0.0717809059054014   0.0146619212206198   0
0.131131791939674   0.168004069498424   0.0138528620962023   0
0.128364710714666   0.0418418417095598   -0.00276708122500779   0
0.106346606345819   -0.294050720560407   -0.0220181043688478   0
0.114028527865179   0.177443622904588   0.00768192151936083   0
0.107132212267856   -0.167159351279762   -0.00689631559732323   0
0.122594092070132   0.130300310105858   0.0154618798022758   0
0.134784757243883   0.0647213813328378   0.0121906651737511   0
0.0996459663186248   -0.179483615587137   -0.0351387909252583   0
0.139195579758563   0.232298360318893   0.0395496134399383   0
0.0817971653952171   -0.0878954137552924   -0.057398414363346   0
0.119358346354465   0.027051827907801   0.0375611809592482   0
0.140325293189663   0.0470350513273035   0.0209669468351981   0
0.101261396399973   -0.124458580897243   -0.0390638967896902   0
0.108194993788125   -0.0687330042627533   0.00693359738815225   0
0.0872963228915313   0.105006485390139   -0.0208986708965941   0
0.0972860597921023   -0.120561943666513   0.00998973690057094   0
0.130567878581411   0.256290557935822   0.0332818187893084   0
0.120596310475445   0.0214504103088514   -0.00997156810596539   0
0.139839668742537   -0.000112755250054164   0.0192433582670918   0
0.125154572622218   -0.272692960592277   -0.0146850961203192   0
0.12648486165938   0.154774316075829   0.0013302890371622   0
0.0960742382031338   -0.105948715925211   -0.0304106234562462   0
0.130000671099508   0.169977991385536   0.0339264328963743   0
0.133679799964484   0.177898240871805   0.00367912886497565   0
0.146844261236416   0.0323006614772134   0.0131644612719318   0
0.156231077581191   -0.00158020800284409   0.00938681634477501   0
0.145644222028373   -0.367702723495903   -0.0105868555528177   0
0.152585706964883   0.229444963427611   0.00694148493651028   0
0.140946548955943   -0.210860484792544   -0.0116391580089404   0
0.138875639779237   0.171725004848068   -0.00207090917670547   0
0.137255328971702   -0.0571292591217542   -0.00162031080753589   0
0.144396915405117   0.0193834565326008   0.00714158643341545   0
0.155396175053635   0.226443159150003   0.0109992596485181   0
0.134469875084766   -0.306050535342619   -0.0209262999688693   0
0.127847001060427   0.163071013784203   -0.00662287402433845   0
0.156037950864714   0.137977617883011   0.0281909498042867   0
0.130271297764751   -0.290386097961041   -0.0257666530999627   0
0.146729236541154   0.28979252830709   0.0164579387764029   0
0.134158663865373   -0.218360620738922   -0.0125705726757809   0
0.159847022452101   0.0357039993810426   0.0256883585867277   0
0.149591729892598   0.160871681689982   -0.0102552925595031   0
0.142439719053895   -0.253075880418672   -0.00715201083870315   0
0.156000923814132   0.286792131351262   0.0135612047602368   0
0.170583675834618   -0.175845021471894   0.0145827520204863   0
0.146600147318181   0.0650440138397053   -0.0239835285164364   0
0.167188337037344   0.114565543021054   0.0205881897191624   0
0.146788876555787   -0.229310704838846   -0.0203994604815572   0
0.177381306419708   0.363772757951155   0.0305924298639217   0
0.181825087149773   -0.212718721513603   0.00444378073006441   0
0.178502652634695   0.0810424660587599   -0.00332243451507813   0
0.172600117803445   -0.0529159439991331   -0.00590253483124992   0
0.153213028592855   -0.0277544611728662   -0.0193870892105898   0
0.158002915743168   0.140270397798361   0.00478988715031259   0
0.159135053951404   -0.249459911094723   0.00113213820823629   0
0.184551967024485   0.275663943235946   0.0254169130730815   0
0.170220844123092   -0.287522868272445   -0.0143311229013932   0
0.185049510216577   0.26125712388518   0.0148286660934847   0
0.169428757260283   -0.275816036060337   -0.0156207529562936   0
0.150537314983968   0.136236282055541   -0.018891442276315   0
0.153983127257221   -0.137974672080124   0.00344581227325297   0
0.1621917849572   0.09932184298047   0.00820865769997836   0
0.166754924313858   -0.00736234825925042   0.00456313935665867   0
0.17103294344708   -0.00796053599460367   0.00427801913322154   0
0.186706979190296   0.0628163722158919   0.0156740357432162   0
0.161866257843771   -0.0855642391568608   -0.0248407213465254   0
0.172050327984439   0.0923916668320339   0.0101840701406684   0
0.153858376472943   -0.156766776028206   -0.0181919515114955   0
0.163316348646713   0.145645117703718   0.0094579721737692   0
0.154253570697365   -0.213469719326306   -0.00906277794934754   0
0.164998423231322   0.300007352373986   0.010744852533957   0
0.186468544661694   -0.0704210064187386   0.0214701214303714   0
0.164000836918261   -0.188297661759197   -0.0224677077434327   0
0.159306568467336   0.0896364267052002   -0.00469426845092455   0
0.162878328595642   -0.183653783593005   0.00357176012830585   0
0.154131648795899   0.120888455220719   -0.0087466797997427   0
0.156708758874432   0.0612115134247064   0.00257711007853292   0
0.17004550821783   0.0249553493396999   0.0133367493433973   0
0.158532161069878   -0.147404154990092   -0.0115133471479522   0
0.160096680336377   0.0200015510720108   0.00156451926649925   0
0.147515691835083   0.132805725047903   -0.0125809885012936   0
0.165722083359076   -0.21972858866536   0.0182063915239927   0
