0.105972756596271   0   0   0
0.0822958277858756   0.0175281856118571   -0.0236769288103954   0
0.0572772773627116   0.0133827836786306   -0.025018550423164   0
0.0662834357748306   0.0417931822766175   0.00900615841211901   0
0.0556060853754785   -0.0189671170753593   -0.0106773503993522   0
0.0613267226807572   0.0186373815816888   0.00572063730527874   0
0.0451959546737592   0.000487974483166065   -0.016130768006998   0
0.0514805506803297   -0.0527191423907729   0.0062845960065705   0
0.0781128706603414   0.0455387469536365   0.0266323199800117   0
0.0961597434718061   0.226216131551521   0.0180468728114647   0
0.0490603735737516   -0.198258336403345   -0.0470993698980546   0
0.051799645475269   -0.00683650714764861   0.00273927190151747   0
0.0680362612777448   -0.094438373068932   0.0162366158024758   0
0.0401043041187913   -0.019788962346498   -0.0279319571589535   0
0.0303974270156357   0.0397827797436947   -0.00970687710315557   0
0.0521736656614474   -0.0203679667437156   0.0217762386458117   0
0.0575517113235784   -0.0440033870709434   0.00537804566213096   0
0.0456963104793483   0.041272184484928   -0.01185540084423   0
0.0288066775584238   -0.0389988199297053   -0.0168896329209245   0
0.0415370019785961   0.0334329176661546   0.0127303244201723   0
0.0315762950711546   -0.0232775804401384   -0.0099607069074415   0
0.0404653802138631   0.0330090941612119   0.00888908514270842   0
0.0554386143111967   0.109321729306537   0.0149732340973337   0
0.0407318030930574   -0.0641132610478675   -0.0147068112181393   0
0.0695648341843959   0.0109331299272502   0.0288330310913385   0
0.0727717213957626   0.0462158199433809   0.00320688721136671   0
0.050666451281642   -0.0527384141573463   -0.0221052701141207   0
0.0633288550109861   0.0238224428717031   0.0126624037293441   0
0.0690681096635958   0.0221935103077432   0.00573925465260973   0
0.0571348402619901   -0.0527038065958895   -0.0119332694016058   0
0.0417928183510935   0.0626739589836022   -0.0153420219108965   0
0.0947629365623534   0.0207513142607225   0.0529701182112599   0
0.089394148262236   -0.088335413659423   -0.00536878830011749   0
0.0788597056896653   -0.0873109782826905   -0.0105344425725707   0
0.0613535644215454   0.0439482539632812   -0.0175061412681198   0
0.0537015157101501   0.0321927798669059   -0.00765204871139531   0
0.0274095720251726   -0.00199173084182838   -0.0262919436849776   0
0.0433890844828296   0.0499194196201391   0.015979512457657   0
0.026946351810568   -0.0253394542327663   -0.0164427326722616   0
0.0920710277171923   0.237555401791562   0.0651246759066244   0
0.061099754365711   -0.106601914494292   -0.0309712733514813   0
0.048004902813365   -0.0941088090996257   -0.013094851552346   0
0.0479236076769124   0.0317149299621543   -8.12951364526013e-05   0
0.05139131787314   -0.0794666702428609   0.0034677101962276   0
0.0460943019770069   -0.0272622919602163   -0.00529701589613316   0
0.0367672977360997   0.0455560434723783   -0.00932700424090721   0
0.0217556938296765   0.0251657266614348   -0.0150116039064232   0
0.0646519559575008   0.0324318203780438   0.0428962621278243   0
0.0208351465587598   -0.0710684609228426   -0.043816809398741   0
0.0339068469673254   -0.0230733847699991   0.0130717004085656   0
0.0585245248514885   0.019632933378468   0.0246176778841631   0
0.0940282774488345   0.124530363838222   0.035503752597346   0
0.0762386660824455   -0.0870154040797806   -0.017789611366389   0
0.059858191495468   -0.0399888003454125   -0.0163804745869774   0
0.0537808566788464   -0.0108344290373928   -0.00607733481662159   0
0.0262455728081947   -0.0325332841445006   -0.0275352838706517   0
0.0156185374369889   -0.00642153873038732   -0.0106270353712059   0
0.0443827534786447   0.0100433659773624   0.0287642160416558   0
0.0513132765282838   0.00576867451483276   0.00693052304963912   0
0.0188224222109058   0.0445956914909061   -0.032490854317378   0
0.0444534320916001   -0.00785205343523193   0.0256310098806943   0
0.0663997781292415   0.051004349412468   0.0219463460376414   0
0.0651499114733474   0.00221903690714198   -0.00124986665589415   0
0.0244190930594402   -0.011492101533662   -0.0407308184139072   0
0.0300115386195876   -0.026076436791231   0.00559244556014745   0
0.0396900360180742   -0.0055327135033372   0.00967849739848652   0
0.0289668930427928   -0.0136340878999518   -0.0107231429752813   0
0.0183375147119599   0.0610768580983594   -0.0106293783308329   0
0.042033950683168   0.00936762129460889   0.0236964359712081   0
0.21504743132737   0.0813354387933069   0.173013480644202   1
0.137693722238833   -0.033439786772743   -0.0773537090885368   0
0.109645155113917   -0.0293667813990117   -0.028048567124916   0
0.112796317773465   0.0565382407067982   0.00315116265954764   0
0.103153580870879   -0.000413662142493554   -0.00964273690258589   0
0.0888560351563415   -0.0549793127498874   -0.0142975457145376   0
0.0931992520555825   0.0197860147584061   0.00434321689924096   0
0.0959194109213693   0.0646155375854345   0.00272015886578682   0
0.134737672271242   0.0892992983997061   0.0388182613498723   0
0.126395897603611   0.00081163313173882   -0.00834177466763061   0
0.0996571684838075   0.0218880863032083   -0.0267387291198034   0
0.113168431395244   -0.00905617620678473   0.0135112629114363   0
0.110635223162653   -0.00889140769629293   -0.00253320823259094   0
0.093951364275805   -0.00590935179314561   -0.0166838588868479   0
0.102359446360656   -0.041566974269274   0.00840808208485098   0
0.115298453919697   0.113032369891438   0.0129390075590411   0
0.106922332604653   0.103519329422101   -0.00837612131504423   0
0.162812541841837   0.180079450144193   0.0558902092371844   0
0.109381567524835   -0.251108037261182   -0.0534309743170024   0
0.123365878680087   0.0186371242717327   0.0139843111552524   0
0.0700458681753071   -0.0529306352120159   -0.0533200105047801   0
0.106037926813535   0.00361939243981707   0.0359920586382274   0
0.109833471989474   0.0827153512388101   0.00379554517593918   0
0.113064884201572   -0.328021347179723   0.00323141221209881   0
0.180338966864278   -0.0255389885543697   0.0672740826627052   0
0.146934298954912   0.111458859661008   -0.0334046679093654   0
0.101332240182543   0.0393353783100305   -0.0456020587723696   0
0.0788734775533734   -0.0737116907554539   -0.0224587626291692   0
0.0905022385729292   0.0549210518940226   0.0116287610195558   0
0.10838600256335   0.110621333014678   0.0178837639904207   0
0.124927627771972   0.153169877339739   0.0165416252086225   0
0.16464327512659   0.0511273119131219   0.0397156473546175   0
0.160118532832001   0.192433897799214   -0.00452474229458921   0
0.051044155726219   -0.24760203380806   -0.109074377105782   1
0.0415359387014727   0.0192787682068133   -0.00950821702474631   0
0.0662612578951494   0.0682712437126627   0.0247253191936767   0
0.0759865953329434   0.0218639191877474   0.00972533743779402   0
0.0496875050422387   0.00057878079345508   -0.0262990902907047   0
0.0755587157175299   -0.0080725030195935   0.0258712106752911   0
0.102268620673707   0.0237596835867241   0.0267099049561768   0
0.0465140430297668   -0.216033715771871   -0.0557545776439398   0
0.0665447227877613   0.192342188595773   0.0200306797579945   0
0.0716084207589617   -0.0148230315122124   0.00506369797120042   0
0.0736753206638593   -0.0467191430411522   0.00206689990489763   0
0.091354657704862   0.064462351937981   0.0176793370410027   0
0.0728095762408009   -0.0410541952105585   -0.0185450814640611   0
0.0428969538802291   0.00774017450257702   -0.0299126223605718   0
0.0643761959625569   0.115950687614972   0.0214792420823278   0
0.0372378917971319   -0.148703189328305   -0.0271383041654251   0
0.0718346021021381   0.0478688475556313   0.0345967103050062   0
0.0460564560999867   -0.274526104212265   -0.0257781460021514   0
0.0699895030216853   0.134347381982861   0.0239330469216987   0
0.0333717502620105   0.156633588606763   -0.0366177527596748   0
0.0515802054655175   0.0435060368365023   0.018208455203507   0
0.0649230408678806   -0.0654533565718812   0.0133428354023632   0
0.0314318738287204   -0.0898768437141322   -0.0334911670391602   0
0.0393959651388629   0.00122024986582647   0.00796409131014246   0
0.035279426197015   0.0786246942928914   -0.00411653894184793   0
0.0378350987440895   0.0462181246428786   0.00255567254707451   0
0.0502862515444828   0.0265138127936017   0.0124511528003933   0
0.059284832386096   -0.0505499265738141   0.00899858084161322   0
0.0387186313752178   -0.104135243517828   -0.0205662010108782   0
0.0434268916179275   -0.117576959360671   0.00470826024270973   0
0.06906947545114   -0.0170986962197754   0.0256425838332124   0
0.0386595463944224   0.0154483654812481   -0.0304099290567175   0
0.0600223147270463   0.199635507744349   0.0213627683326239   0
0.0526058749287092   -0.047578928193047   -0.00741643979833707   0
0.033994369322497   -0.0264831659459337   -0.0186115056062123   0
0.0503773579896266   0.0310582468885049   0.0163829886671297   0
0.0184554608968457   0.00465338682353911   -0.031921897092781   0
0.0318467645808409   0.0130562809163886   0.0133913036839952   0
0.055925841440912   0.096515478516677   0.0240790768600711   0
0.0477254037325511   -0.0232172716987729   -0.00820043770836089   0
0.0499444124040418   -0.0794127934175355   0.00221900867149069   0
0.0627063936839976   0.159963234553407   0.0127619812799559   0
0.0628274188392894   -0.0644279447374394   0.000121025155291776   0
0.0239146447764231   -0.121315734517903   -0.0389127740628663   0
0.0360443270080744   0.0197726088427587   0.0121296822316513   0
0.0287629496881839   -0.0557730165105603   -0.00728137731989045   0
0.0461736307046024   0.0655313387069402   0.0174106810164185   0
0.0507970758716238   0.0400929642357339   0.00462344516702137   0
0.0457264089544929   0.00399598416052482   -0.00507066691713089   0
0.0464166411648613   0.0754497186809004   0.000690232210368479   0
0.0620392999175724   0.242160501250129   0.0156226587527111   0
0.072465087919149   -0.0441135355717607   0.0104257880015766   0
0.147917194498679   -0.0191523866750679   0.0754521065795299   0
0.104948821682047   0.0165097431034437   -0.0429683728166324   0
0.0759562835530945   -0.0152989512916842   -0.028992538128952   0
0.0765974950589933   0.0568884798490501   0.000641211505898742   0
0.0755652614861816   -0.036733899826173   -0.00103223357281168   0
0.0675018530718417   0.0167577463239997   -0.00806340841433993   0
0.127342361767402   0.211283479683039   0.0598405086955608   0
0.165948037551669   -0.0407478421438743   0.0386056757842661   0
0.102989097795155   -0.260718917422494   -0.0629589397565136   0
0.0994743348565473   -0.0626710619652251   -0.00351476293860771   0
0.107423127350632   -0.0157266833439853   0.00794879249408424   0
0.0851522171713837   0.000146444155286862   -0.0222709101792478   0
0.0804999804782119   0.216851021387696   -0.00465223669317183   0
0.0948331760791022   -0.0240554809870661   0.0143331956008903   0
0.187078601643801   -0.0344253127627403   0.0922454255646989   0
0.179241614273862   0.0444276929260179   -0.00783698736993885   0
0.17784369071041   0.0603361105108053   -0.00139792356345209   0
0.155574925245113   0.175341782923317   -0.0222687654652971   0
0.16297059472913   0.0241187759381178   0.00739566948401665   0
0.13904521055218   -0.382203217999563   -0.0239253841769499   1
0.154695022112058   -0.0876150616804179   0.0156498115598779   0
0.117519368588756   0.0672702848281244   -0.0371756535233012   0
0.104127762630818   0.00874367921948838   -0.0133916059579384   0
0.105551549019531   0.108154928149059   0.00142378638871311   0
0.0910836602113683   0.0206892874086662   -0.0144678888081629   0
0.112491938464507   0.101456810855297   0.021408278253139   0
0.112893723884058   0.0482432532433377   0.000401785419551007   0
0.109584201336233   -0.00451795414777556   -0.00330952254782556   0
0.116934740234938   0.0234338115517057   0.00735053889870554   0
0.0939841903856143   -0.0500314780793092   -0.022950549849324   0
0.0885694056241206   -0.0975772944193327   -0.00541478476149376   0
