0.0803191569279085   0.229122042670609   0   0   0
0.0366522322604627   0.240652626372717   -0.0436669246674459   0.0115305837021073   0
0.0435545593182849   0.181155659358299   0.00690232705782227   -0.0594969670144178   0
0.0186245595748759   0.134545339080679   -0.0249299997434091   -0.0466103202776194   0
0.0647974115769295   0.0712164728166876   0.0461728520020537   -0.0633288662639919   0
0.107907999418764   0.0494266224123195   0.0431105878418346   -0.0217898504043681   0
0.0788714603861878   0.0560731241145881   -0.0290365390325763   0.00664650170226862   0
0.124216505167429   0.0472036634749359   0.0453450447812415   -0.00886946063965216   0
0.0517399223046382   0.0497752633551546   -0.0724765828627911   0.00257159988021872   0
0.0522842342864089   0.0591617729877725   0.000544311981770719   0.00938650963261783   0
0.0667185946750979   0.0509680444751228   0.0144343603886889   -0.00819372851264964   0
0.0944516669020029   0.0558784844137457   0.027733072226905   0.00491043993862289   0
0.0578042158892412   0.0657134377365513   -0.0366474510127617   0.00983495332280554   0
0.104164401408927   0.0656030837878449   0.0463601855196855   -0.000110353948706357   0
0.0913930663003491   0.0160877799028486   -0.0127713351085776   -0.0495153038849963   0
0.101249682367749   0.0585521230830275   0.00985661606739963   0.0424643431801789   0
0.0903604967195843   0.0523660442385617   -0.0108891856481644   -0.00618607884446579   0
0.134746951591975   0.0612100489451487   0.0443864548723905   0.00884400470658699   0
0.104611088860646   0.0377983571837124   -0.0301358627313287   -0.0234116917614363   0
0.0762085842947499   0.0520599117008711   -0.0284025045658962   0.0142615545171588   0
0.0632406526571319   0.0181163102661828   -0.012967931637618   -0.0339436014346883   0
0.0928376650466286   0.0394048871866486   0.0295970123894967   0.0212885769204658   0
0.0854527913343385   0.0449199040854107   -0.00738487371229005   0.00551501689876217   0
0.130429029796476   0.0406337357542658   0.0449762384621374   -0.00428616833114492   0
0.0974930548096119   0.0203747996862546   -0.032935974986864   -0.0202589360680112   0
0.103982992855034   0.0153868254940872   0.00648993804542178   -0.00498797419216737   0
0.0943879167894387   0.0205236465973399   -0.00959507606559505   0.00513682110325265   0
0.122659222134864   0.0272569850087092   0.0282713053454257   0.00673333841136937   0
0.105459501027835   0.0246017195085023   -0.017199721107029   -0.00265526550020689   0
0.121799337004805   0.0282784187774883   0.0163398359769694   0.0036766992689859   0
0.119564314967719   0.0181952357641362   -0.00223502203708538   -0.0100831830133521   0
0.113855109378631   0.0331069312888178   -0.0057092055890885   0.0149116955246816   0
0.11795741218177   0.0157187845494563   0.00410230280313922   -0.0173881467393615   0
0.101714331762835   0.0247106795264092   -0.0162430804189354   0.00899189497695296   0
0.098086422312214   0.0247507784898273   -0.00362790945062066   4.00989634181219e-05   0
0.096411624779069   0.021597593205957   -0.00167479753314499   -0.00315318528387035   0
0.0928080036642315   0.0471810564876943   -0.00360362111483756   0.0255834632817373   0
0.0781441204040969   0.0585541000632962   -0.0146638832601345   0.0113730435756019   0
0.13750903485386   0.01988786108214   0.0593649144497628   -0.0386662389811561   0
0.0977757598682562   0.0710555389874357   -0.0397332749856035   0.0511676779052957   0
0.101874390799553   0.0316745138733414   0.00409863093129659   -0.0393810251140943   0
0.0964664769694633   0.0279263506420459   -0.00540791383008943   -0.0037481632312955   0
0.104006997428358   0.042079001541327   0.00754052045889481   0.014152650899281   0
0.118255817884661   0.0388070779508184   0.0142488204563024   -0.00327192359050855   0
0.118076126613046   0.0315485882691286   -0.000179691271614796   -0.00725848968168982   0
0.105203079978155   0.0354713477703484   -0.0128730466348911   0.00392275950121976   0
0.116540489158275   0.0194389303447418   0.0113374091801203   -0.0160324174256066   0
0.106858691716163   0.0263990959935795   -0.00968179744211177   0.00696016564883766   0
0.100172051314576   0.0521213691173364   -0.00668664040158741   0.0257222731237569   0
0.105673911412893   0.0557909687393488   0.00550186009831743   0.00366959962201248   0
0.154322142269507   0.0186013130212735   0.0486482308566139   -0.0371896557180753   0
0.109728818114158   0.0427469837905989   -0.044593324155349   0.0241456707693254   0
0.119116137890926   0.0354660901273488   0.00938731977676741   -0.00728089366325014   0
0.10098555814437   0.0743613308879017   -0.0181305797465553   0.0388952407605529   0
0.1409304805403   0.0297282387605606   0.0399449223959301   -0.044633092127341   0
0.0990398160956491   0.0696445835104928   -0.0418906644446513   0.0399163447499321   0
0.166433634225928   0.0121576224963693   0.0673938181302789   -0.0574869610141235   0
0.124100649989474   0.0495477347996354   -0.0423329842364537   0.0373901123032661   0
0.113183949661072   0.0468614926706886   -0.0109167003284026   -0.0026862421289468   0
0.108390784442728   0.0515110282686387   -0.00479316521834329   0.00464953559795014   0
0.156487155095235   0.0162931569863701   0.0480963706525062   -0.0352178712822687   0
0.116466464833831   0.0475271108796337   -0.0400206902614035   0.0312339538932637   0
0.125318252031578   0.0298490250173268   0.00885178719774656   -0.017678085862307   0
0.117909243758643   0.0446449750008467   -0.00740900827293434   0.0147959499835199   0
0.141892220589291   0.0334464055410294   0.0239829768306477   -0.0111985694598173   0
0.11734619175589   0.0441097494316234   -0.0245460288334014   0.010663343890594   0
0.122952596581618   0.0358653973922289   0.00560640482572845   -0.00824435203939448   0
0.109409464959694   0.0490285614333625   -0.0135431316219245   0.0131631640411336   0
0.0793654099790331   0.0926486051742416   -0.0300440549806604   0.0436200437408791   0
0.114724607011857   0.0581709605832025   0.0353591970328237   -0.0344776445910391   0
0.131207497774635   0.0419923046769584   0.0164828907627784   -0.0161786559062441   0
0.107496774746175   0.0906819612493798   -0.0237107230284597   0.0486896565724215   0
0.155964055196446   0.0189294242437164   0.0484672804502703   -0.0717525370056634   0
0.0925297471784636   0.0973563841697092   -0.0634343080179822   0.0784269599259927   0
0.117262906589002   0.0623005130208612   0.0247331594105379   -0.035055871148848   0
0.103534654400198   0.088625917594192   -0.0137282521888037   0.0263254045733307   0
0.0930753957753116   0.0919564002173313   -0.0104592586248862   0.00333048262313933   0
0.12023942544984   0.0624292429972725   0.0271640296745282   -0.0295271572200588   0
0.10390969228253   0.0756790278792117   -0.0163297331673102   0.0132497848819392   0
0.0910515691675487   0.085325670157418   -0.0128581231149809   0.00964664227820636   0
0.118886260644456   0.0898516206546243   0.0278346914769076   0.00452595049720621   0
0.124762967332338   0.0833447298073639   0.00587670668788154   -0.0065068908472603   0
0.109560225225626   0.0572475769642043   -0.0152027421067114   -0.0260971528431596   0
0.0814177486445063   0.0859550510989465   -0.0281424765811202   0.0287074741347421   0
0.136412367504464   0.0630215260381919   0.0549946188599576   -0.0229335250607546   0
0.122379761096351   0.058342668313615   -0.0140326064081126   -0.00467885772457687   0
0.087802065503381   0.096498652160911   -0.0345776955929703   0.038155983847296   0
0.134384905950231   0.0899043302594486   0.0465828404468503   -0.00659432190146246   0
0.131172629600271   0.0735718689191732   -0.00321227634995988   -0.0163324613402754   0
0.109914933262091   0.0949569783404701   -0.02125769633818   0.0213851094212969   0
0.131302092640569   0.0686872785792837   0.0213871593784774   -0.0262696997611864   0
0.147633546242885   0.0553404122391585   0.016331453602316   -0.0133468663401252   0
0.124203153074469   0.0695546203479862   -0.0234303931684157   0.0142142081088278   0
0.139275748035796   0.0495382133949893   0.0150725949613264   -0.0200164069529969   0
0.138606640505172   0.0674921083200288   -0.000669107530623464   0.0179538949250395   0
0.145679520974123   0.0520822494357723   0.00707288046895116   -0.0154098588842565   0
0.143477624666078   0.054710112487181   -0.00220189630804501   0.00262786305140875   0
0.137879146601919   0.0529318851525477   -0.00559847806415911   -0.00177822733463331   0
0.15996940875287   0.0599118034899843   0.0220902621509509   0.00697991833743664   0
0.132450788108171   0.0907216464778666   -0.027518620644699   0.0308098429878822   0
0.151769593259526   0.0739454653200737   0.0193188051513555   -0.0167761811577928   0
0.127551488482573   0.103875656909186   -0.0242181047769533   0.0299301915891126   0
0.129914770751135   0.0873852427202242   0.00236328226856194   -0.0164904141889622   0
0.153596989835965   0.0742081383184164   0.0236822190848301   -0.0131771044018078   0
0.110738830102692   0.117077267611864   -0.0428581597332732   0.0428691292934475   0
0.146989640299377   0.0943481666301073   0.0362508101966845   -0.0227291009817566   0
0.139291206072925   0.107929357688363   -0.00769843422645175   0.0135811910582552   0
0.121379379422413   0.129823042969083   -0.0179118266505122   0.0218936852807209   0
0.127340394402954   0.11318194807731   0.00596101498054187   -0.0166410948917735   0
0.121227044967532   0.11446670789313   -0.00611334943542258   0.00128475981582031   0
0.129069994645928   0.119464634989816   0.00784294967839658   0.00499792709668581   0
0.151686535893135   0.110435988195955   0.0226165412472062   -0.00902864679386153   0
0.118489904055156   0.119808316807407   -0.0331966318379789   0.00937232861145282   0
0.127255642887929   0.12915530018731   0.00876573883277287   0.00934698337990233   0
0.129607824247381   0.109994847849679   0.00235218135945242   -0.0191604523376304   0
0.125125789748411   0.122598926563296   -0.00448203449896983   0.0126040787136169   0
0.129593128618496   0.110608871780251   0.00446733887008469   -0.0119900547830452   0
0.124534628702903   0.122481996478625   -0.00505849991559248   0.0118731246983744   0
0.138617087673995   0.128807472721461   0.0140824589710916   0.00632547624283594   0
0.132423818175206   0.124779400784194   -0.00619326949878901   -0.00402807193726738   0
0.139451757230499   0.138007409103243   0.00702793905529331   0.0132280083190495   0
0.13253144103679   0.126927830047236   -0.00692031619370942   -0.0110795790560075   0
0.117289276124333   0.138429209111553   -0.015242164912457   0.0115013790643168   0
0.158082971065102   0.121218023577725   0.0407936949407695   -0.0172111855338273   0
0.125202381781219   0.134603191006008   -0.0328805892838838   0.013385167428283   0
0.13818482468712   0.139418280614093   0.0129824429059011   0.00481508960808463   0
0.157449548552068   0.134235272734628   0.0192647238649482   -0.00518300787946496   0
0.133471719127499   0.148501830754708   -0.0239778294245688   0.0142665580200801   0
0.137082107523374   0.155429174376145   0.00361038839587538   0.00692734362143646   0
0.159085834005657   0.148396920561884   0.022003726482283   -0.00703225381426104   0
0.137081718772928   0.161037290837402   -0.0220041152327299   0.0126403702755184   0
0.149818194683089   0.175406272639806   0.0127364759101616   0.0143689818024041   0
0.158167132472869   0.169046802917121   0.00834893778977955   -0.00635946972268497   0
0.153323019537609   0.168087185677552   -0.0048441129352598   -0.000959617239568694   0
0.169091804928506   0.168819712480504   0.0157687853908973   0.000732526802951411   0
0.142559400870935   0.168804206292053   -0.026532404057571   -1.55061884508367e-05   0
0.161044730392771   0.17587833357577   0.0184853295218361   0.00707412728371745   0
0.176903344482941   0.171543688155933   0.0158586140901694   -0.00433464541983744   0
0.167325173973434   0.179621680175306   -0.00957817050950657   0.00807799201937315   0
0.179725165178975   0.178733222158753   0.0123999912055412   -0.000888458016553628   0
0.177996125560895   0.177237996868307   -0.00172903961808016   -0.00149522529044557   0
0.162498346281831   0.189445636230793   -0.0154977792790638   0.0122076393624861   0
0.202910313476176   0.172024546270293   0.0404119671943446   -0.0174210899605006   0
0.167363046525092   0.178659308400486   -0.0355472669510843   0.00663476213019357   0
0.180532465648841   0.167893316190855   0.0131694191237494   -0.0107659922096308   0
0.158729051868144   0.18613772548879   -0.021803413780697   0.0182444092979344   0
0.153625023320318   0.17796948911331   -0.00510402854782566   -0.00816823637547984   0
0.171774592033746   0.176499264500883   0.0181495687134279   -0.00147022461242724   0
0.148592499859885   0.17282131474897   -0.0231820921738611   -0.00367794975191271   0
0.174446359142312   0.172360856093807   0.0258538592824265   -0.000460458655162976   0
0.165368881163174   0.172042091364882   -0.0090774779791376   -0.000318764728924587   0
0.138301615458533   0.16516833428993   -0.0270672657046409   -0.00687375707495252   0
0.142218889233076   0.174216991548614   0.00391727377454296   0.0090486572586847   0
0.192522226652431   0.17259563117614   0.0503033374193547   -0.0016213603724749   0
0.153650518258644   0.177256485053129   -0.0388717083937866   0.004660853876989   0
0.13426533126351   0.170681885023397   -0.0193851869951346   -0.0065746000297319   0
0.134837497937072   0.159124172295766   0.000572166673562691   -0.011557712727631   0
0.133416974772815   0.169214725797993   -0.00142052316425723   0.0100905535022275   0
0.113362771740021   0.180081777221489   -0.0200542030327946   0.0108670514234959   0
0.155906779545471   0.188196452175811   0.0425440078054501   0.00811467495432247   0
0.141425451062742   0.180909098282984   -0.0144813284827288   -0.00728735389282711   0
0.140659638336282   0.184672458606617   -0.000765812726460036   0.00376336032363217   0
0.137211795963576   0.174924593037257   -0.0034478423727059   -0.0097478655693595   0
0.146135372014102   0.182887651228179   0.00892357605052613   0.00796305819092183   0
0.137659227854183   0.193075047966458   -0.0084761441599186   0.010187396738279   0
0.151160148536213   0.186789992480191   0.0135009206820296   -0.00628505548626637   0
0.139665126846933   0.192613366812249   -0.0114950216892797   0.0058233743320576   0
0.143368846821477   0.192760510383351   0.00370371997454311   0.000147143571101988   0
0.15504663647977   0.194053304958328   0.0116777896582937   0.00129279457497733   0
0.136075764906908   0.200183659928202   -0.0189708715728625   0.00613035496987349   0
0.150298079609726   0.193975655521357   0.0142223147028186   -0.00620800440684527   0
0.147643934914137   0.181707539612347   -0.00265414469558892   -0.01226811590901   0
0.133609250327962   0.198903193804172   -0.0140346845861753   0.0171956541918254   0
0.156727399615032   0.189313998984491   0.0231181492870703   -0.00958919481968062   0
0.149571312988588   0.184261287850975   -0.00715608662644471   -0.00505271113351602   0
0.138637512172319   0.183538810869118   -0.0109338008162681   -0.000722476981856984   0
0.134851726651052   0.190348590893786   -0.00378578552126757   0.00680978002466787   0
0.146744258234026   0.192750880016798   0.0118925315829738   0.00240228912301163   0
0.119309864376798   0.189278332707418   -0.0274343938572273   -0.00347254730937993   0
0.131491687602715   0.198195575266579   0.0121818232259167   0.00891724255916063   0
0.166563412541905   0.187893551846411   0.0350717249391902   -0.0103020234201674   0
0.131086486924549   0.175160919306998   -0.035476925617356   -0.0127326325394136   0
0.130921972379009   0.130904995464879   -0.000164514545540145   -0.0442559238421185   0
0.114771526645811   0.0823616302691975   -0.0161504457331985   -0.0485433651956815   0
0.135222751981832   0.0919966606667465   0.0204512253360213   0.00963503039754894   0
