0.0217977374387802   0   0   0
0.0119388444324283   -0.00594962532750402   -0.00985889300635187   0
0.0407765   0.0760128291105435   0.0288376555675717   0
0.0369267840404837   0.106492254843695   -0.00384971595951626   0
0.0312278661759813   -0.130181935463688   -0.00569891786450238   0
0.0189795   0.00367236143395847   -0.0122483661759813   0
0.0485667079336504   -0.00794735548888177   0.0295872079336504   0
0.0595750214956799   0.108574775205558   0.0110083135620295   0
0.0692966145249716   0.0189222755006921   0.00972159302929164   0
0.0699700176330012   -0.102395570292878   0.000673403108029644   0
0.0692497319762323   -0.00639181579642187   -0.000720285656768946   0
0.0838908259136391   0.0512105394774518   0.0146410939374068   0
0.0889214998766468   0.0756640128909827   0.00503067396300771   0
0.0839548566246319   -0.047214772686914   -0.00496664325201492   0
0.0904148745942834   -0.0693970304476654   0.00646001796965154   0
0.091171689434303   0.00196054940918448   0.000756814840019576   0
0.0883018834284552   -0.00068242119232835   -0.00286980600584777   0
0.0697182582130571   -0.0335038317685305   -0.0185836252153982   0
0.0950937653596176   -0.00348619582719019   0.0253755071465605   0
0.0888243407306381   0.0890266205129953   -0.00626942462897942   0
0.0792241223689004   0.0853223648531061   -0.00960021836173776   0
0.0753506398398182   -0.114010972566998   -0.00387348252908216   0
0.0591393620741085   -0.00150267142017446   -0.0162112777657097   0
0.0726522910146679   -0.0211750889820982   0.0135129289405595   0
0.0822873508453304   0.0411512970038742   0.00963505983066247   0
0.0824707139538788   0.0681329483318958   0.000183363108548384   0
0.0835944524562037   -0.0670174013347643   0.0011237385023249   0
0.0758659218010465   -0.0318756269972855   -0.00772853065515722   0
0.0650694744310456   0.011228085355657   -0.0107964473700009   0
0.0439429130661589   -0.0215626476440727   -0.0211265613648867   0
0.0499426454366156   -0.0168627338460197   0.00599973237045668   0
0.0779839828040028   0.116812444950065   0.0280413373673872   0
0.0756634028877402   0.0204685374750956   -0.00232057991626253   0
0.0709681297271   -0.144143255849747   -0.00469527316064021   0
0.0711879068027808   0.0111212274287382   0.00021977707568073   0
0.0684183412752933   -0.0246341551113328   -0.00276956552748749   0
0.0697868943652209   0.0912808465084776   0.0013685530899276   0
0.0757491756082863   -0.025753271266288   0.00596228124306544   0
0.0597325553975594   -0.0270839967435512   -0.016016620210727   0
0.0725111873330764   -0.013583374576549   0.012778631935517   0
0.0803085775366942   0.0964288298088955   0.00779739020361782   0
0.0750309280474559   0.0288332568271809   -0.00527764948923834   0
0.0695038565043761   -0.113695886938684   -0.0055270715430798   0
0.0643478040458453   -0.00853786719285729   -0.00515605245853082   0
0.0799225026176139   0.0128322066269249   0.0155746985717686   0
0.0885264659794601   -0.0151118290760425   0.00860396336184617   0
0.0718555081230381   0.00266669068089964   -0.0166709578564219   0
0.0716577062108815   0.0997461703973355   -0.000197801912156667   0
0.0737391755945915   0.00288881412387046   0.00208146938371004   0
0.0740087507329539   -0.0476201327463837   0.000269575138362357   0
0.0851813676120694   -0.00938262685651639   0.0111726168791155   0
0.0867672650679967   0.00443559641720739   0.00158589745592734   0
0.0892915656038128   0.106329970399572   0.00252430053581607   0
0.0955572135781098   -0.0361329472033866   0.00626564797429706   0
0.0924687447321661   -0.0455466997743062   -0.0030884688459437   0
0.0933177776671734   -0.00138311152839343   0.000849032935007238   0
0.0808605357500184   0.0305753283841451   -0.012457241917155   0
0.0803546109828957   0.0681061682129581   -0.00050592476712269   0
0.0772176246972801   -0.0859984142934568   -0.0031369862856156   0
0.101238749411922   0.00699633543899605   0.0240211247146422   0
0.0625278866250891   0.00313723620526823   -0.0387108627868332   0
0.0590751973584067   -0.0153830544995708   -0.00345268926668245   0
0.0637755079652424   0.0214012532503103   0.00470031060683575   0
0.0949687821154404   0.0620157308826913   0.031193274150198   0
0.105381093160904   -0.0516135049904973   0.0104123110454639   0
0.0899921658531175   -0.0163909729510124   -0.0153889273077869   0
0.12504942307069   -0.000971649084993392   0.0350572572175729   0
0.0960972294274528   0.0050278691740912   -0.0289521936432375   0
0.109504764735467   -0.0187088678985845   0.0134075353080143   0
0.112119721457222   0.0778186906314629   0.0026149567217547   0
0.152141242438441   0.00618692688032224   0.0400215209812192   0
0.162240515428522   -0.0592501358547964   0.010099272990081   0
0.167234797332074   -0.0159089784667027   0.00499428190355236   0
0.200249609887385   0.00498682725370109   0.0330148125553109   0
0.225165539047236   -0.0248965046306022   0.0249159291598511   0
0.264253101141198   0.000871394095967426   0.0390875620939613   0
0.261687570495897   0.0946899591299503   -0.00256553064530068   0
0.290834406123648   0.0462995642450488   0.0291468356277511   0
0.274249507717904   -0.123230300162604   -0.0165848984057443   0
0.265879903510349   0.00472256748401798   -0.00836960420755467   0
0.266925537333916   0.0807855078397979   0.00104563382356743   0
0.288615430350233   -0.0431222959899469   0.0216898930163162   0
0.270613328152809   -0.0173144307370038   -0.0180021021974234   0
0.275589487213319   0.0189563703891828   0.00497615906050958   0
0.316770971707478   0.116594307418252   0.0411814844941595   0
0.309758545573807   -0.148957166348827   -0.00701242613367176   0
0.306274746210816   -0.0139965957813256   -0.00348379936299015   0
0.323701188791839   0.102813120982013   0.0174264425810229   0
0.322485092453124   -0.0403402630801249   -0.00121609633871517   0
0.318191933261785   -0.0722418666622504   -0.00429315919133871   0
0.33665260357006   0.0424805830694368   0.0184606703082747   0
0.363207124476517   0.0949711288826995   0.0265545209064567   0
0.337809370146463   -0.115574735616838   -0.0253977543300539   0
0.329442997713944   0.00325407692130428   -0.00836637243251842   0
0.352220248982082   0.0718780784522382   0.0227772512681377   0
0.367870065766773   0.000946925908420715   0.0156498167846909   0
0.354503373676824   -0.0651950461031849   -0.013366692089949   0
0.373419591874877   0.0210804244736723   0.0189162181980533   0
0.394243616263155   0.100426174718883   0.0208240243882778   0
0.396400494284505   -0.0796223414733671   0.00215687802135001   0
0.392152183157572   -0.00748448839781116   -0.00424831112693308   0
0.385388191443705   0.0444491177751998   -0.00676399171386693   0
0.40968900968448   0.045638192377422   0.0243008182407749   0
0.395647253391831   -0.0932605542499861   -0.0140417562926488   0
0.407049280695225   0.00928691840604354   0.0114020273033936   0
0.425793657489458   0.0794111015802235   0.0187443767942332   0
0.397127058136939   -0.0233226366652793   -0.0286665993525188   0
0.398034121041777   -0.0665880387752464   0.000907062904837663   0
0.397508422662338   0.0136800383412696   -0.000525698379439055   0
0.426647715027574   0.0979945719796356   0.0291392923652361   0
0.418866382228271   -0.0502203646398002   -0.0077813327993031   0
0.418644660631782   -0.0325504726670761   -0.000221721596489033   0
0.395887871190189   -0.0164613054737761   -0.0227567894415925   0
0.396460715776481   0.0079413383503312   0.000572844586291976   0
0.367588519911531   -0.0141381738381567   -0.0288721958649504   0
0.403789585151722   -0.0259599018469213   0.0362010652401913   0
0.430222460611077   0.0897043138219219   0.026432875459355   0
0.446417542078321   0.0632458104152647   0.0161950814672441   0
0.475165388919479   -0.0688142217267547   0.0287478468411578   0
0.455649893964105   0.00725832836419471   -0.0195154949553744   0
0.444487820434655   0.0170276254572867   -0.01116207352945   0
0.460759325272967   0.100484449289408   0.0162715048383124   0
0.47024934579274   -0.0206966239234716   0.00949002051977271   0
0.461441673563138   -0.0684660461949198   -0.0088076722296016   0
0.450935172685332   -0.00792154899302921   -0.0105065008778065   0
0.420693547762501   0.0197025232626944   -0.0302416249228304   0
0.381527275046293   -0.0539044606169105   -0.039166272716208   0
0.438246543229379   0.0543563215331332   0.0567192681830857   0
0.469627416829022   0.0894327813317736   0.0313808735996429   0
0.498895957094012   -0.104382381666193   0.0292685402649897   0
0.537568902558546   -0.0128756710045   0.0386729454645346   0
0.555867138077976   0.00366679562459493   0.01829823551943   0
0.567573369537587   0.0847218794269252   0.0117062314596104   0
0.591382985791145   0.0541650517768123   0.0238096162535586   0
0.595378490862116   -0.100903568397743   0.00399550507097035   0
0.595987554892298   -0.00733096318920984   0.000609064030182349   0
0.592244813362684   0.0635348991731348   -0.0037427415296144   0
0.614837777662531   0.0507496134165352   0.0225929642998474   0
0.612537844068634   -0.114180988306458   -0.00229993359389713   0
0.622660853793821   -0.0400739540559096   0.010123009725187   0
0.639931007290044   0.0508461578865581   0.0172701534962229   0
0.635184060100102   0.117988014581416   -0.00474694718994173   0
0.644511881454679   -0.025639057825723   0.00932782135457677   0
0.659989430434496   -0.0760703672919328   0.015477548979817   0
0.669973559611497   0.00147108707816734   0.0099841291770012   0
0.662821520574166   0.0787269441948052   -0.00715203903733053   0
0.670368616705205   0.0227313276545968   0.00754709613103843   0
0.67476590237615   -0.0809409896582569   0.00439728567094522   0
0.679796988712439   0.00327464052118021   0.00503108633628913   0
0.716371073467515   0.0966030741789676   0.036574084755076   0
0.705111160815797   -0.0276106774286696   -0.0112599126517187   0
0.694327703653325   -0.0823582468657877   -0.0107834571624712   0
0.72059760077834   0.0233652806024759   0.0262698971250148   0
0.734187267031546   0.103801331806321   0.0135896662532056   0
0.736003533909484   -0.0509030318627487   0.00181626687793879   0
0.751683609833619   -0.0669043141110677   0.0156800759241343   0
0.795461549211683   0.0445420971729286   0.0437779393780637   0
0.732663016492746   0.0934923016234572   -0.0627985327189364   0
0.748244000047778   -0.0568533566907934   0.0155809835550323   0
0.794241959690024   -0.0313980242781244   0.0459979596422458   0
0.802299519631696   -0.00239075134288264   0.00805755994167145   0
0.803509704416972   0.0627167796657769   0.00121018478527646   0
0.784292598409548   0.0616967182087307   -0.0192171060074247   0
0.806984656215036   -0.074752189521808   0.0226920578054883   0
0.803485072135911   -0.0411606505225872   -0.00349958407912498   0
0.813689887602304   0.0715484412183868   0.0102048154663931   0
0.806502973673997   0.0536652372556545   -0.00718691392830695   0
0.817673003904984   -0.0635036684897604   0.0111700302309871   0
0.874305508729643   0.0159703373245558   0.0566325048246588   0
0.878622911323879   0.0608597083441363   0.00431740259423663   0
0.859901501745985   0.046343867033432   -0.0187214095778947   0
0.878633796406956   -0.084475860494022   0.0187322946609711   0
0.95645228439034   0.00859729776440576   0.0778184879833842   0
0.945796932659041   0.0977240004874438   -0.0106553517312995   0
0.930272400063283   5.99750862533277e-05   -0.0155245325957579   0
0.963786154951009   -0.0694667220531828   0.0335137548877261   0
1.00902939583394   0.0288819267220384   0.0452432408829283   0
0.990087647124991   0.0695780941005288   -0.0189417487089464   0
0.980272892146876   -0.0570680125831963   -0.00981475497811513   0
1.04578590368679   0.00269913701267943   0.0655130115399164   0
1.04840420579946   0.0594612078542934   0.00261830211266956   0
1.00718291471224   0.0339689633626714   -0.0412212910872183   0
0.985604530846931   -0.0343794069530039   -0.0215783838653119   0
1.02165784382028   -0.0530132410093216   0.0360533129733469   0
1.03716356995763   0.00436669558206126   0.0155057261373488   0
1.03651348948687   0.0532283658846132   -0.000650080470756098   0
0.996290950157759   0.0674258506964572   -0.0402225393291121   0
0.98308706658884   -0.0918764306288449   -0.0132038835689191   0
1.02622796710015   -0.03111740717277   0.0431409005113073   0
1.02525592517381   0.0286650143527898   -0.000972041926339484   0
1.003374748582   0.0711831942290463   -0.0218811765918034   0
0.986732207297527   -0.0516158921285982   -0.0166425412844771   0
1.03569924658658   0.0121672782728736   0.0489670392890482   0
1.00689152032481   0.0400889823964262   -0.0288077262617688   0
0.978586190708565   0.0662538905634055   -0.0283053296162415   0
0.955526250912161   -0.065027793213094   -0.0230599397964042   0
0.995574329051327   -0.0284828088450585   0.0400480781391663   0
1.00123067873255   0.0659276581333937   0.00565634968122664   0
0.983285773593949   0.0375308366037571   -0.0179449051386051   0
0.980123830295183   -0.0741541928920534   -0.00316194329876596   0
1.00326495956876   -0.00953426168087945   0.0231411292735746   0
1.01795963194974   0.0509189428661467   0.0146946723809827   0
0.981166406424262   0.0225361944517611   -0.036793225525478   0
0.99258469121544   -0.0767184769604082   0.0114182847911778   0
1.02732470872906   0.00857085010547398   0.0347400175136212   0
1.0229811482751   0.0769758860173444   -0.00434356045395723   0
0.992073625336094   -0.047209251214087   -0.0309075229390098   0
1.01745386184399   -0.0453091156433001   0.0253802365078964   0
1.00378300801331   0.0455173274863897   -0.0136708538306798   0
0.968935181933368   0.0146410540516727   -0.0348478260799421   0
0.859471142043175   -0.059311104761712   -0.109464039890193   0
0.953933510621416   0.0154747123913491   0.0944623685782409   0
0.982473289349385   0.0763038259764586   0.0285397787279684   0
0.995705018782923   0.0772261646216806   0.0132317294335378   0
1.00609055077476   -0.0748672274513182   0.0103855319918326   0
1.01281735722118   0.0067764612227359   0.0067268064464272   0
1.02950775933866   0.0542641444873834   0.0166904021174739   0
1.00252403952748   0.0226409547640986   -0.0269837198111744   0
1.02064803990565   -0.0750468020111225   0.0181240003781704   0
1.0015125425625   -0.00731692617065038   -0.0191354973431537   0
1.03117949264422   0.0443753777920658   0.0296669500817259   0
1.03897927884836   0.0646245334979041   0.00779978620413169   0
1.02801567312979   -0.0972046893210028   -0.0109636057185636   0
1.03989018331084   -0.0165765822313183   0.0118745101810462   0
1.0272509534841   0.00615992889955264   -0.0126392298267348   0
1.01781566583247   -0.00712057894295037   -0.00943528765163082   0
1.02685392390118   -0.0203252890110243   0.00903825806870695   0
1.04647514308523   0.0956554349543201   0.0196212191840488   0
1.13008439041848   0.0496868332128609   0.0836092473332477   0
1.10808790278998   -0.118631363730585   -0.0219964876284948   0
1.10925692875388   -0.0185147423345881   0.00116902596390256   0
1.12964955381005   0.00885949414148601   0.0203926250561679   0
1.13792279166306   0.0160801403922529   0.00827323785300704   0
1.14939136694644   0.0631220432173001   0.0114685752833781   0
1.11730993727994   0.0517632827787455   -0.0320814296664986   0
1.08272641985049   -0.0891874105926124   -0.0345835174294531   0
1.11831666218563   -0.0218923387540614   0.0355902423351406   0
1.14476440727186   0.0244985698589421   0.0264477450862368   0
1.14414999451186   0.0778456370237375   -0.000614412759998295   0
1.1123000111783   1.03185101014702e-05   -0.031849983333563   0
1.13248959477317   -0.0673277173151354   0.0201895835948687   0
1.14250664026746   0.000752824519494211   0.0100170454942945   0
1.15062065653292   0.0412504069812375   0.00811401626545583   0
1.15616950698989   0.0612932800246369   0.0055488504569714   0
1.16813261094588   0.0141638281299465   0.0119631039559929   0
1.1781853846874   -0.0698167991629312   0.0100527737415164   0
1.18388437446452   -0.0189460970590669   0.00569898977711958   0
1.16235335846947   -0.00714373838494486   -0.0215310159950535   0
1.18586031868724   0.0529432545577875   0.0235069602177715   0
1.18703198824695   -0.0226884853467553   0.00117166955970793   0
1.1755430543989   -0.0263399340626792   -0.0114889338480451   0
1.17849854329439   0.00198101790765637   0.00295548889548858   0
1.16750409473425   0.00680224643433658   -0.0109944485601365   0
1.16794430074009   0.0546807323730188   0.000440206005832833   0
1.15687617882911   -0.013673783016337   -0.0110681219109734   0
1.16077142261321   -0.059829950740847   0.00389524378409867   0
1.17616415370825   -0.00877231890379648   0.0153927310950404   0
1.1892367706853   0.0391640205409322   0.0130726169770474   0
1.18105583305289   0.0634924869551468   -0.00818093763241223   0
1.1842002724397   -0.0396849725890641   0.00314443938680831   0
1.20004040563276   -0.0544881106597639   0.0158401331930689   0
1.24189730540985   0.00628564694407985   0.0418568997770867   0
1.25332104469336   0.0406264781063174   0.0114237392835066   0
1.25316890854515   0.0765021766273586   -0.000152136148205084   0
1.27296793863337   -0.0310636501105238   0.0197990300882203   0
1.28291262325733   -0.052175231439029   0.00994468462395504   0
1.29982894442961   0.0150155497468348   0.0169163211722838   0
1.31910594587717   0.0283500828622576   0.0192770014475567   0
1.30890990215293   0.0454261076310692   -0.0101960437242359   0
1.32305785232024   -0.0846438141137246   0.0141479501673087   0
1.33881312214934   -0.0071219612173653   0.0157552698290935   0
1.36478966496206   0.0337628245939905   0.0259765428127241   0
1.34530430933497   0.0540661212222533   -0.0194853556270855   0
1.36582148371868   -0.0475727492348146   0.0205171743837074   0
1.39301110845221   -0.0757067917840201   0.0271896247335275   0
1.42822301342166   0.0195485629031431   0.0352119049694526   0
1.41366844226404   0.0532011931052591   -0.0145545711576167   0
1.43708765933441   0.0468306164661791   0.0234192170703644   0
1.43241846894099   -0.07634930700728   -0.00466919039341884   0
1.46452706766007   -0.0140621922161852   0.032108598719079   0
1.46282784285959   0.0182699358245935   -0.00169922480047613   0
1.45268828057235   0.0350425949643319   -0.0101395622872427   0
1.45373211251085   0.029312025651422   0.00104383193849689   0
1.46018838628822   -0.0545680233642685   0.00645627377737412   0
1.48279810628158   -0.0247414860717432   0.0226097199933621   0
1.50891542264411   0.0011252761008087   0.0261173163625257   0
1.51355597944683   0.020276060930551   0.00464055680271991   0
1.50313912562386   0.0565600315862216   -0.0104168538229732   0
1.47925277261232   0.00637022916517438   -0.0238863530115312   0
1.49337218926914   -0.0627269572121225   0.0141194166568142   0
1.50430166347395   -0.00826821703802383   0.0109294742048134   0
1.51489444652301   0.0273597524092283   0.0105927830490555   0
1.51759564896418   0.0363202195731028   0.002701202441169   0
1.49786458831481   0.0611155586464703   -0.019731060649365   0
1.50788509024295   -0.0701742159458416   0.0100205019281416   0
1.53984303687032   -0.0416881278500422   0.0319579466273636   0
1.56542555411556   0.00889423951272483   0.0255825172452409   0
1.55934168766606   0.053218938299656   -0.00608386644949288   0
1.56765106862146   0.0189241072061113   0.00830938095539335   0
1.61812885331731   -0.0930930003107376   0.050477784695854   0
1.66465153159453   -0.000692701363053105   0.0465226782772132   0
1.66520854081568   0.0627523757182545   0.000557009221158866   0
1.63914702057846   0.0608761894484966   -0.0260615202372216   0
1.65840296714527   -0.0625035751775442   0.0192559465668116   0
1.69339733119409   -0.0421157916264771   0.0349943640488108   0
1.71962590865027   0.050778214169145   0.0262285774561803   0
1.7081237383628   0.0642167555736204   -0.0115021702874676   0
1.75630510609326   -0.0783826259017436   0.0481813677304603   0
1.77125940430397   -0.0199453602711002   0.0149542982107107   0
1.76449787303527   0.0528607634848149   -0.00676153126869639   0
1.7443009240703   0.0615622482801015   -0.0201969489649734   0
1.76099647642947   -0.0653232457451047   0.0166955523591683   0
1.80994120009829   -0.0184556648742022   0.0489447236688256   0
1.80502104416278   0.0181277139776586   -0.00492015593551098   0
1.78635413162802   0.0657412958814783   -0.0186669125347612   0
1.7732496601425   0.00156297484769152   -0.0131044714855186   0
1.79803027432255   -0.0773360503925209   0.024780614180044   0
1.8084668064536   0.0102118067713728   0.0104365321310587   0
1.79383911484475   0.0662563135097549   -0.0146276916088539   0
1.79342630231543   -0.0222918723786831   -0.00041281252931924   0
1.79392395264895   -0.0216152067870701   0.000497650333515898   0
1.81865777410019   0.000996053455315726   0.0247338214512374   0
1.80885258796663   0.0581871753859402   -0.00980518613355885   0
1.81396017417972   -0.0617032832186162   0.00510758621308915   0
1.83281251804523   -0.0117371484131132   0.018852343865519   0
1.81658908790554   0.0701947073730824   -0.016223430139692   0
1.80533856060496   0.00618230230054717   -0.0112505273005783   0
1.81265974042306   -0.0737840631960032   0.0073211798181001   0
1.82525576330373   0.000612462058207086   0.0125960228806681   0
1.81506746971421   0.0738131363704151   -0.0101882935895183   0
1.83052858065722   -0.0207756964593071   0.0154611109430021   0
1.83544678795552   -0.0533514385373304   0.00491820729830872   0
1.85769831301501   0.0110785712915114   0.0222515250594879   0
1.84462025240646   0.0641351124673641   -0.0130780606085525   0
1.84209165795056   -0.023305076934403   -0.00252859445589548   0
1.86037016892433   -0.038499117647866   0.0182785109737607   0
1.88757342586768   0.0265328944986749   0.0272032569433571   0
1.88761947228018   0.0669308914023317   4.60464124967253e-05   0
1.90416840755047   -0.0406967936738902   0.0165489352702901   0
1.89015220405061   -0.0378784492436168   -0.0140162034998641   0
1.89752509033305   0.0211988085594841   0.0073728862824427   0
1.90452887256439   0.0666441421437565   0.00700378223134623   0
1.88702705217095   -0.0378971204833594   -0.0175018203934403   0
1.88601947513144   -0.0320871952034951   -0.00100757703950904   0
1.89025442177766   0.0407236212461426   0.00423494664621682   0
1.8600721563866   0.0381540527242545   -0.0301822653910631   0
1.87433201639051   -0.0266074958351163   0.0142598600039079   0
1.87091914939904   -0.0599138176850205   -0.00341286699146259   0
1.87449918976121   0.0351157357688243   0.00358004036216797   0
1.86354951943759   0.0664495190382193   -0.0109496703236245   0
1.86601830976651   -0.0408299798895921   0.002468790328922   0
1.85374479335251   -0.0483667147058013   -0.0122735164140033   0
1.86753497280056   0.0346281877516137   0.0137901794480577   0
1.87559235404847   0.0612373454451534   0.00805738124790856   0
1.88168488699423   -0.053251382744063   0.00609253294576062   0
1.90273852653681   -0.0201246377844331   0.0210536395425773   0
1.9113006851579   0.0384496169142075   0.00856215862109355   0
1.87299884706675   0.0195802582622808   -0.0383018380911544   0
1.87243163424208   -0.0575348970478138   -0.000567212824670982   0
1.88179358301777   -0.00716470411411807   0.00936194877569063   0
1.85997211700822   0.0398290364789755   -0.021821466009549   0
1.8451814941751   0.0336972152563886   -0.0147906228331212   0
1.86535574557632   -0.0663861700022133   0.0201742514012251   0
1.88415953618854   -0.014804296763961   0.0188037906122129   0
1.8928128145481   0.0515528021799199   0.00865327835956098   0
1.90578451139926   -0.00738147064301042   0.0129716968511586   0
1.9017916020705   -0.0481302658849312   -0.00399290932875362   0
1.92876424447952   0.0244425935458521   0.0269726424090142   0
1.90282411316088   0.0507788612338778   -0.0259401313186338   0
1.90442410151443   -0.0414084685519205   0.00159998835354558   0
1.92104516692835   -0.0425247611746868   0.0166210654139183   0
1.95086572571344   0.0419061746292801   0.0298205587850886   0
1.94143388686439   0.0443834836565589   -0.0094318388490493   0
1.94816536703824   -0.0490291272180086   0.00673148017384895   0
1.98344691209473   -0.0280124260984425   0.0352815450564956   0
