0.491994510757996   1.00610632799185   0   0   0
0.520613554523891   0.973076547553429   0.0286190437658946   -0.0330297804384242   0
0.364863226868645   0.926301722336329   -0.155750327655246   -0.0467748252170995   0
0.341073858642157   0.912720328728905   -0.0237893682264878   -0.0135813936074243   0
0.251668848151693   0.817583812222735   -0.0894050104904636   -0.0951365165061701   0
0.162425327214939   0.737468090334497   -0.0892435209367543   -0.0801157218882377   0
0.144952469386106   0.638234562196893   -0.017472857828833   -0.0992335281376041   0
0.0739660619148573   0.721875211927977   -0.0709864074712487   0.0836406497310843   0
0.137125720479785   0.67409246897248   0.0631596585649273   -0.047782742955497   0
0.459316538296032   0.24203065812818   0.322190817816247   -0.4320618108443   1
0.235076280237799   0.198318625982302   -0.224240258058233   -0.0437120321458781   0
0.159216701579891   0.171935496511797   -0.0758595786579077   -0.0263831294705048   0
0.169942353953098   0.145150916299459   0.0107256523732071   -0.0267845802123384   0
0.0809490542258525   0.16630300377401   -0.0889932997272454   0.0211520874745507   0
0.131597279623441   0.108573400596944   0.0506482253975881   -0.0577296031770659   0
0.0925909353753919   0.10075905382185   -0.0390063442480487   -0.00781434677509393   0
0.13109155544504   0.0344145517332421   0.0385006200696481   -0.0663445020886075   0
0.0930819340199805   0.0105711567664849   -0.0380096214250595   -0.0238433949667572   0
0.0811801927016067   0.0114010909777749   -0.0119017413183738   0.000829934211289964   0
0.0770523941713689   0.0193904612782394   -0.00412779853023784   0.00798937030046447   0
0.0559553976918224   0.0221662017680319   -0.0210969964795465   0.00277574048979252   0
0.0769117115120318   0.0293391721222668   0.0209563138202094   0.00717297035423496   0
0.0352693358003002   0.0628636703671065   -0.0416423757117316   0.0335244982448397   0
0.0480390220526855   0.0688472485091853   0.0127696862523853   0.00598357814207884   0
0.0508196560017873   0.066623266926658   0.00278063394910188   -0.00222398158252733   0
0.0519329395236164   0.0592318769303624   0.00111328352182909   -0.00739138999629559   0
0.0799529860107801   0.0385415880152495   0.0280200464871637   -0.0206902889151129   0
0.208280274381157   0.0285719599654101   0.128327288370377   -0.00996962804983937   0
0.273879244155228   0.0653726231167009   0.0655989697740708   0.0368006631512908   0
0.118591753616598   0.0584968727457716   -0.155287490538629   -0.0068757503709293   0
0.128719836058319   0.0462141563057793   0.01012808244172   -0.0122827164399924   0
0.103721317604868   0.0420875839662364   -0.0249985184534501   -0.00412657233954288   0
0.131535776674941   0.0316872215453249   0.0278144590700727   -0.0104003624209115   0
0.206486484248328   0.0365086280793322   0.0749507075733866   0.00482140653400729   0
0.247092709091649   0.020349236195954   0.0406062248433208   -0.0161593918833781   0
0.176493165054882   0.0253667472752761   -0.070599544036766   0.00501751107932204   0
0.175696525530774   0.0146851324820752   -0.000796639524107995   -0.0106816147932009   0
0.180919996667014   0.0267602553603754   0.00522347113623986   0.0120751228783002   0
0.188685425551673   0.0240066439593813   0.00776542888465909   -0.00275361140099407   0
0.169725916900599   0.0301030139906704   -0.0189595086510749   0.00609637003128911   0
0.235690211019072   0.0185215889577784   0.0659642941184739   -0.011581425032892   0
0.163738047971661   0.0312422040079201   -0.0719521630474113   0.0127206150501417   0
0.154519587599922   0.0215028458883057   -0.00921846037173901   -0.00973935811961443   0
0.129254833405564   0.0311132267978351   -0.0252647541943585   0.00961038090952942   0
0.163876907857697   0.0178010527354459   0.0346220744521331   -0.0133121740623892   0
0.133508003964893   0.0323077063142062   -0.0303689038928033   0.0145066535787603   0
0.195713266356789   0.0434665705468007   0.062205262391896   0.0111588642325945   0
0.216632437982378   0.0803795776806677   0.0209191716255887   0.0369130071338671   0
0.162357694990721   0.0815451056005816   -0.054274742991657   0.00116552791991385   0
0.176519690579246   0.0814012347080497   0.0141619955885254   -0.000143870892531872   0
0.16733261429967   0.0848814713400987   -0.00918707627957646   0.00348023663204899   0
0.206734068952407   0.0948241882737469   0.0394014546527366   0.00994271693364819   0
0.166008680382232   0.127000646673196   -0.0407253885701748   0.0321764583994492   0
0.305561806227954   0.119956651176039   0.139553125845723   -0.00704399549715672   0
0.294342192957096   0.13145851142293   -0.0112196132708588   0.0115018602468902   0
0.215997831327076   0.0985163036629979   -0.0783443616300196   -0.0329422077599317   0
0.200447883052129   0.0856014745338099   -0.015549948274947   -0.012914829129188   0
0.261875472785158   0.145500370049813   0.0614275897330289   0.0598988955160031   0
0.225003364344583   0.199964838216022   -0.0368721084405754   0.0544644681662095   0
0.220172251994866   0.168848920015357   -0.00483111234971625   -0.0311159182006652   0
0.191511206008154   0.177366876174252   -0.0286610459867123   0.00851795615889495   0
0.193367752735274   0.169605349726387   0.00185654672711982   -0.00776152644786532   0
0.243614932511823   0.194854631646492   0.050247179776549   0.0252492819201049   0
0.171532097984634   0.192554111371219   -0.0720828345271891   -0.00230052027527231   0
0.167617909163601   0.184086074843781   -0.00391418882103253   -0.00846803652743885   0
0.139909263578868   0.176526760395386   -0.0277086455847331   -0.00755931444839469   0
0.199117132442188   0.186631543478059   0.0592078688633203   0.0101047830826727   0
0.132052893180958   0.183234587908649   -0.0670642392612301   -0.00339695556940944   0
0.242705685362272   0.186371074278045   0.110652792181313   0.00313648636939562   0
0.163305440476825   0.207187002624012   -0.0794002448854461   0.0208159283459675   0
0.176808603953185   0.20244593240061   0.0135031634763591   -0.00474107022340201   0
0.213553550139445   0.243257174774584   0.0367449461862603   0.0408112423739737   0
0.269570439320087   0.171363906557223   0.0560168891806425   -0.0718932682173614   0
0.214937991095426   0.220314426082366   -0.054632448224661   0.0489505195251439   0
0.168548473831395   0.220248073631763   -0.0463895172640312   -6.63524506034352e-05   0
0.159606856348211   0.222538572699549   -0.00894161748318439   0.00229049906778611   0
0.184922250599137   0.237864710245215   0.0253153942509261   0.0153261375456657   0
0.164478795681449   0.238200192205112   -0.0204434549176874   0.000335481959897632   0
0.148904719714118   0.243386638697546   -0.0155740759673316   0.00518644649243399   0
0.151777521794237   0.243767093964895   0.00287280208011886   0.000380455267348728   0
0.167559367935457   0.24177343503094   0.0157818461412207   -0.00199365893395553   0
0.173435333795308   0.236995802477644   0.00587596585985081   -0.00477763255329552   0
0.142808635252004   0.242435169212122   -0.030626698543304   0.00543936673447748   0
0.236590804058843   0.258352446747854   0.093782168806839   0.0159172775357319   0
0.109436717197244   0.299953160935547   -0.127154086861599   0.041600714187693   0
0.206798509050089   0.299566060127128   0.0973617918528445   -0.000387100808418639   0
0.139812275417158   0.27954264034104   -0.0669862336329304   -0.020023419786088   0
0.118366857009188   0.261082036262723   -0.02144541840797   -0.0184606040783165   0
0.10841370560999   0.259078207666546   -0.00995315139919806   -0.00200382859617726   0
0.157855704912206   0.276527378859169   0.0494419993022163   0.0174491711926231   0
0.160750645498973   0.284701113098913   0.00289494058676631   0.00817373423974377   0
0.233581846737562   0.257494069704338   0.0728312012385895   -0.0272070433945749   0
0.266546267539649   0.27356472660111   0.0329644208020867   0.0160706568967718   0
0.24442280987748   0.288156465428663   -0.0221234576621694   0.0145917388275527   0
0.192778031565321   0.284898992911681   -0.0516447783121582   -0.00325747251698155   0
0.245918423490331   0.138716629494745   0.0531403919250102   -0.146182363416936   0
0.150349617179326   0.215358428614142   -0.0955688063110051   0.0766417991193975   0
0.22485285986523   0.21335781538803   0.0745032426859039   -0.00200061322611245   0
0.171323958021813   0.221766611678026   -0.0535289018434171   0.00840879628999669   0
0.264201965731128   0.161081001683633   0.0928780077093148   -0.0606856099943935   0
0.119741900701551   0.717102967187593   -0.144460065029577   0.55602196550396   1
0.0253451763933495   0.48077893136685   -0.0943967243082011   -0.236324035820743   0
0.125361333695243   0.364636033243425   0.100016157301893   -0.116142898123425   0
0.0173677166695942   0.336996797833822   -0.107993617025649   -0.0276392354096026   0
0.0446853126604257   0.289620423737692   0.0273175959908315   -0.0473763740961307   0
0.0172258979267874   0.254782830645042   -0.0274594147336382   -0.0348375930926498   0
0.0220682176233016   0.25383096494173   0.00484231969651417   -0.000951865703311239   0
0.0523013960130855   0.236426083576347   0.0302331783897839   -0.0174048813653831   0
0.0401069125483675   0.229200359518697   -0.012194483464718   -0.00722572405765029   0
0.034335486928104   0.221100024128221   -0.00577142562026352   -0.00810033539047589   0
0.0453249423592849   0.205184207152987   0.0109894554311809   -0.0159158169752339   0
0.0320759655787694   0.204056846591826   -0.0132489767805155   -0.00112736056116131   0
0.120839262919177   0.154885587170821   0.0887632973404077   -0.0491712594210049   0
0.0731092852916782   0.137383011746358   -0.0477299776274988   -0.0175025754244628   0
0.124661115102706   0.112164686409995   0.0515518298110273   -0.0252183253363633   0
0.080745574374308   0.133459899386304   -0.0439155407283976   0.0212952129763095   0
0.122585143399996   0.12825999518404   0.0418395690256881   -0.00519990420226429   0
0.0743409253084733   0.144454728484394   -0.0482442180915228   0.0161947333003539   0
0.171130497761942   0.109781616259292   0.0967895724534686   -0.0346731122251018   0
0.16477386606736   0.0984409264434894   -0.00635663169458156   -0.0113406898158028   0
0.136964204162767   0.104788010255038   -0.0278096619045938   0.00634708381154882   0
0.150381134458216   0.113652165662483   0.0134169302954493   0.00886415540744483   0
0.109553522981691   0.130549910153167   -0.0408276114765244   0.016897744490684   0
0.128509498768146   0.131115976170908   0.0189559757864541   0.00056606601774048   0
0.126692490415178   0.139076115809833   -0.00181700835296744   0.00796013963892517   0
0.162896464738189   0.120877965445206   0.0362039743230107   -0.0181981503646264   0
0.141242348215293   0.0873821092994728   -0.0216541165228961   -0.0334958561457336   0
0.165140030515832   0.0769799971170433   0.0238976823005395   -0.0104021121824294   0
0.131342708401837   0.0858307025137421   -0.0337973221139952   0.0088507053966988   0
0.154094605291198   0.087522032826826   0.0227518968893606   0.00169133031308381   0
0.157629921071203   0.0727175878378298   0.00353531578000507   -0.0148044449889961   0
0.166456048978401   0.0699296970889514   0.00882612790719878   -0.00278789074887843   0
0.135755623174206   0.0888409685161638   -0.0307004258041959   0.0189112714272123   0
0.157104680519105   0.0752446119822044   0.0213490573448992   -0.0135963565339593   0
0.141130413953179   0.0873319552176636   -0.015974266565926   0.0120873432354592   0
0.141194229371175   0.0852686415799648   6.38154179963268e-05   -0.00206331363769881   0
0.142720291186958   0.0849397303235596   0.00152606181578263   -0.000328911256405204   0
0.284083638521844   0.174896050565757   0.141363347334887   0.0899563202421979   0
0.53847526060094   0.634251518588052   0.254391622079095   0.459355468022294   1
0.528435363497268   0.933685681000973   -0.0100398971036715   0.299434162412921   0
0.480066677107597   0.730372844950612   -0.0483686863896711   -0.203312836050361   0
0.363536618657942   0.737511622549265   -0.116530058449655   0.00713877759865367   0
0.37429837814328   0.379482123901772   0.0107617594853381   -0.358029498647493   0
0.372532458708889   0.103400018530269   -0.00176591943439136   -0.276082105371503   0
0.357784235954087   0.0906704147713575   -0.0147482227548015   -0.0127296037589116   0
0.314839017197424   0.0981537466412261   -0.0429452187566631   0.00748333186986858   0
0.2839864172722   0.0966675386575556   -0.0308525999252244   -0.00148620798367051   0
0.274148533244462   0.104043710224465   -0.00983788402773761   0.00737617156690971   0
0.277278585640363   0.140712303404855   0.00313005239590053   0.0366685931803899   0
0.271906989528074   0.130378073559169   -0.00537159611228905   -0.0103342298456865   0
0.267056235497058   0.120107909739534   -0.00485075403101598   -0.0102701638196349   0
0.284227132182081   0.120944744848629   0.017170896685023   0.00083683510909531   0
0.224288054542568   0.107475017803162   -0.0599390776395127   -0.0134697270454671   0
0.291997865293652   0.117744231083735   0.0677098107510843   0.010269213280573   0
0.244683117871789   0.113154080669899   -0.047314747421863   -0.00459015041383611   0
0.616668987831105   0.535944238288136   0.371985869959316   0.422790157618237   1
1.37406719229774   1.23093929762367   0.757398204466637   0.694995059335532   1
1.30483588243244   1.17534130629937   -0.0692313098653035   -0.0555979913243021   0
1.30088462173031   1.20712304783212   -0.00395126070212903   0.0317817415327513   0
1.27047345315988   1.19131360731054   -0.0304111685704254   -0.0158094405215778   0
1.21112093772381   1.20057239824427   -0.0593525154360743   0.00925879093373116   0
1.2076090751456   1.1667196681698   -0.00351186257821445   -0.03385273007447   0
1.17578597274206   1.12058979842905   -0.0318231024035318   -0.0461298697407548   0
1.15855425056059   1.13530096374243   -0.0172317221814779   0.0147111653133885   0
1.07748692577312   1.08608857739608   -0.0810673247874698   -0.0492123863463501   0
0.915323015439358   0.98399183794341   -0.162163910333757   -0.102096739452674   0
0.781892025145416   0.873559273207176   -0.133430990293942   -0.110432564736234   0
0.592916425230875   0.845540783286353   -0.188975599914541   -0.0280184899208231   0
0.550205164592664   0.812314513734366   -0.0427112606382114   -0.033226269551987   0
0.55600201983982   0.81351423581367   0.00579685524715678   0.00119972207930374   0
0.547579818736958   0.833405271917871   -0.00842220110286218   0.0198910361042006   0
0.560385298610697   0.842555390648146   0.0128054798737387   0.00915011873027538   0
0.562274362252095   0.833147236660634   0.00188906364139796   -0.00940815398751227   0
0.598626649414717   0.860994067164519   0.0363522871626216   0.0278468305038851   0
0.66117029715807   0.88537811250067   0.062543647743353   0.0243840453361517   0
0.659681903914493   0.625241231861951   -0.00148839324357675   -0.260136880638719   0
0.745638176581651   0.449863431278316   0.0859562726671584   -0.175377800583635   0
0.609445426741107   0.487165676706601   -0.136192749840544   0.0373022454282849   0
0.647517375380785   0.477918687177537   0.0380719486396778   -0.00924698952906394   0
0.598815113495894   0.481179175754209   -0.048702261884891   0.00326048857667249   0
0.695351342534873   0.146273291208691   0.0965362290389792   -0.334905884545518   0
0.629382036959371   0.201237656023053   -0.065969305575502   0.0549643648143618   0
0.670754918437458   0.20456412191712   0.041372881478087   0.00332646589406763   0
0.623202036155334   0.195195145378285   -0.0475528822821238   -0.00936897653883489   0
0.65842173778583   0.226492983924122   0.035219701630496   0.0312978385458363   0
