1.94674314600065e-09   0.0085145   0   0   0
0.0636320071152256   0.0346069389159169   0.0636320051684825   0.0260924389159169   0
0.448120691317652   0.0764391134994546   0.384488684202426   0.0418321745835377   0
0.421724648594364   0.0769871291020778   -0.0263960427232874   0.000548015602623256   0
0.181517840282553   0.0563449970252508   -0.240206808311811   -0.020642132076827   0
0.151983720822001   0.0584294671432574   -0.029534119460552   0.00208447011800661   0
0.455829963504167   0.102908192554092   0.303846242682166   0.0444787254108342   0
0.542861822527842   0.133727917206627   0.0870318590236751   0.0308197246525354   0
0.36509550179642   0.0513763476055677   -0.177766320731421   -0.0823515696010593   0
0.216166322317446   0.0558927504565887   -0.148929179478974   0.00451640285102099   0
0.23308849129846   0.0337060871285889   0.0169221689810142   -0.0221866633279998   0
0.532737529333949   0.0313542508984428   0.299649038035489   -0.0023518362301461   0
0.351692735424205   0.00528030754657577   -0.181044793909744   -0.026073943351867   0
0.210754108715631   0.0150207842886748   -0.140938626708574   0.00974047674209904   0
0.496547003348535   0.0259522826371651   0.285792894632904   0.0109314983484903   0
0.551799459098149   0.0198747806498437   0.0552524557496141   -0.00607750198732141   0
0.279217242852335   0.0296114212847425   -0.272582216245814   0.00973664063489882   0
0.237939700807167   0.0218022146016179   -0.0412775420451685   -0.0078092066831246   0
0.496703308749811   0.0144501227961045   0.258763607942644   -0.00735209180551335   0
0.442439309840389   0.015638473471618   -0.0542639989094216   0.00118835067551347   0
0.227829736654832   0.0251823003092827   -0.214609573185557   0.00954382683766471   0
0.230942115226056   0.00993525075587174   0.00311237857122418   -0.015247049553411   0
0.52072556565719   0.0756754782715643   0.289783450431134   0.0657402275156926   0
0.371702948986432   0.0292240140128799   -0.149022616670758   -0.0464514642586844   0
0.243582263187306   0.0132922415459696   -0.128120685799126   -0.0159317724669103   0
0.417374446096069   0.0312134699947795   0.173792182908763   0.0179212284488099   0
0.721508891349927   0.0547673552332957   0.304134445253858   0.0235538852385162   0
0.434276684108472   0.0278049488321216   -0.287232207241454   -0.0269624064011741   0
0.245717567770255   0.0159996293555702   -0.188559116338217   -0.0118053194765514   0
0.158347066004934   0.0401588633514757   -0.0873705017653214   0.0241592339959055   0
0.454385781188452   0.0585336240425108   0.296038715183518   0.0183747606910351   0
0.536373800599927   0.0932130727976634   0.0819880194114745   0.0346794487551526   0
0.234990516289594   0.0256307866574828   -0.301383284310333   -0.0675822861401806   0
0.205058753028029   0.0354697935238916   -0.0299317632615656   0.00983900686640873   0
0.573431289932804   0.108905356911001   0.368372536904776   0.0734355633871094   0
0.748074543831836   0.0402997403436114   0.174643253899032   -0.0686056165673895   0
0.431700931038433   0.0274306938772062   -0.316373612793403   -0.0128690464664052   0
0.247816675846022   0.0166684486499194   -0.183884255192412   -0.0107622452272868   0
0.478261485579803   0.0283465407710535   0.230444809733781   0.0116780921211341   0
0.563150866210823   0.0816184935612353   0.0848893806310199   0.0532719527901817   0
0.225768029662599   0.0200860795864673   -0.337382836548224   -0.0615324139747679   0
0.194076252159634   0.043053106498605   -0.0316917775029644   0.0229670269121377   0
0.638962211643224   0.0674381108195692   0.444885959483589   0.0243850043209642   0
0.50234085760567   0.0468792788754541   -0.136621354037554   -0.0205588319441151   0
0.259911459207554   0.0150517151119906   -0.242429398398116   -0.0318275637634636   0
0.268507371334569   0.0205818904283529   0.00859591212701477   0.00553017531636235   0
0.560859668024899   0.0741451438548069   0.29235229669033   0.053563253426454   0
0.355881532133939   0.0344112724409459   -0.20497813589096   -0.039733871413861   0
0.163108666690429   0.0206274148359047   -0.19277286544351   -0.0137838576050412   0
0.362677935445486   0.0432989041368254   0.199569268755056   0.0226714893009208   0
0.653944846382323   0.0973789412459003   0.291266910936837   0.0540800371090748   0
0.314421217180536   0.0240022172619531   -0.339523629201787   -0.0733767239839472   0
0.174095812798499   0.0319477490710347   -0.140325404382037   0.00794553180908161   0
0.545394497273304   0.0849816996814756   0.371298684474805   0.0530339506104408   0
0.615057864735506   0.0853260930663798   0.0696633674622021   0.000344393384904204   0
0.208184256940997   0.0330938626863804   -0.406873607794509   -0.0522322303799994   0
0.331040842969988   0.0405963067439638   0.122856586028991   0.00750244405758341   0
0.687617859579723   0.126822461141392   0.356577016609736   0.0862261543974287   0
0.389714639106616   0.0335699613074101   -0.297903220473107   -0.0932524998339824   0
0.181680138765574   0.021974629081286   -0.208034500341042   -0.0115953322261241   0
0.359650619767296   0.0259272701554271   0.177970481001722   0.0039526410741411   0
0.670663959027172   0.0777115006657477   0.311013339259876   0.0517842305103206   0
0.29606475030677   0.0150126138524442   -0.374599208720402   -0.0626988868133035   0
0.175550662572147   0.0349870102981964   -0.120514087734622   0.0199743964457522   0
0.478435384222363   0.056084020687319   0.302884721650215   0.0210970103891226   0
0.547743972093715   0.06973122784854   0.0693085878713517   0.013647207161221   0
0.201628503855463   0.0235513645495861   -0.346115468238252   -0.0461798632989539   0
0.234117739971771   0.0452596469384152   0.032489236116309   0.0217082823888292   0
0.621705487636228   0.09114180008495   0.387587747664457   0.0458821531465348   0
0.491527004924541   0.0388384150875779   -0.130178482711687   -0.0523033849973721   0
0.234191040021133   0.0216352114507832   -0.257335964903408   -0.0172032036367947   0
0.227656398110574   0.0378982119247399   -0.00653464191055952   0.0162630004739567   0
0.544732489132969   0.0776967672878994   0.317076091022395   0.0397985553631595   0
0.498896991524112   0.0397351916489967   -0.0458354976088566   -0.0379615756389027   0
0.18895843368159   0.0199305006913675   -0.309938557842522   -0.0198046909576292   0
0.19896418484373   0.0519250178086587   0.0100057511621397   0.0319945171172912   0
0.532798656650897   0.0880898511670954   0.333834471807167   0.0361648333584367   0
0.474723822508677   0.0550589190568613   -0.0580748341422195   -0.0330309321102342   0
0.19002900845442   0.0486437874508657   -0.284694814054257   -0.00641513160599555   0
0.229631889955903   0.0509432041829703   0.0396028815014832   0.00229941673210456   0
0.588840514322588   0.145891071284195   0.359208624366685   0.0949478671012245   0
0.465576807162094   0.0847580604913185   -0.123263707160494   -0.0611330107928763   0
0.187478415894764   0.0320369226496944   -0.278098391267331   -0.0527211378416241   0
0.230723283381739   0.039172598958416   0.0432448674869748   0.00713567630872165   0
0.610831751093572   0.126751703854875   0.380108467711834   0.0875791048964593   0
0.469198927468936   0.0647120128777494   -0.141632823624636   -0.062039690977126   0
0.259595002496581   0.0261532764576663   -0.209603924972355   -0.0385587364200831   0
0.254052945115265   0.0399489644966303   -0.00554205738131591   0.013795688038964   0
0.619300326505646   0.116079079923042   0.365247381390381   0.0761301154264119   0
0.391760284162765   0.0506872983591057   -0.227540042342882   -0.0653917815639364   0
0.179292706930437   0.0168201937496063   -0.212467577232327   -0.0338671046094994   0
0.272009478856914   0.0395491756667493   0.092716771926477   0.022728981917143   0
0.570769665687482   0.112359457195489   0.298760186830568   0.07281028152874   0
0.520838300029865   0.102758264470175   -0.0499313656576167   -0.00960119272531398   0
0.405301042808984   0.0443057203096282   -0.115537257220881   -0.0584525441605472   0
0.276983642614108   0.0544594911433893   -0.128317400194876   0.0101537708337611   0
0.193434531918425   0.0410547224336312   -0.0835491106956837   -0.0134047687097581   0
0.298404262409303   0.0428159512822327   0.104969730490878   0.00176122884860152   0
0.644120947889447   0.137371838343208   0.345716685480144   0.0945558870609754   0
0.744739350544202   0.0792179608274538   0.100618402654755   -0.0581538775157544   0
0.44103150099485   0.100842652147306   -0.303707849549353   0.021624691319852   0
0.17641130090746   0.0409946965338811   -0.26462020008739   -0.0598479556134247   0
0.292885148036393   0.0841854017501068   0.116473847128933   0.0431907052162258   0
0.696848801148348   0.161680864985641   0.403963653111955   0.0774954632355339   0
0.478320659707157   0.142056401334505   -0.218528141441191   -0.0196244636511356   0
0.231059585273258   0.0660964736106436   -0.247261074433899   -0.0759599277238616   0
0.517347186704673   0.141091832094048   0.286287601431415   0.0749953584834043   0
0.694100195975336   0.149850037302973   0.176753009270663   0.00875820520892545   0
0.347845186879796   0.0881136340766428   -0.34625500909554   -0.0617364032263306   0
0.254508181087485   0.0616260719108349   -0.0933370057923109   -0.0264875621658078   0
0.645855065143102   0.137252048307539   0.391346884055617   0.075625976396704   0
0.688248771914633   0.0961449053030502   0.042393706771531   -0.0411071430044887   0
0.357580787225908   0.0741451486112207   -0.330667984688725   -0.0219997566918296   0
0.284916683721908   0.0562657215567569   -0.0726641035039994   -0.0178794270544638   0
0.572029599332937   0.133496287514859   0.287112915611028   0.0772305659581025   0
0.611114493813557   0.119361253308538   0.0390848944806204   -0.0141350342063213   0
0.238432686369256   0.0720655112369641   -0.372681807444301   -0.047295742071574   0
0.210432393214543   0.0610106263739924   -0.0280002931547131   -0.0110548848629717   0
0.532384377779852   0.135789803449999   0.321951984565309   0.0747791770760067   0
0.540044081862546   0.131238384998683   0.00765970408269379   -0.00455141845131629   0
0.230084479212441   0.0559153688636621   -0.309959602650105   -0.0753230161350207   0
0.312984136387134   0.0573867707018257   0.0828996571746933   0.00147140183816359   0
0.651515959525935   0.146745820128726   0.338531823138801   0.0893590494269006   0
0.372123998512593   0.0980323687492396   -0.279391961013343   -0.0487134513794867   0
0.179018361241298   0.0483739239253156   -0.193105637271294   -0.049658444823924   0
0.42015132210431   0.0794038722486032   0.241132960863012   0.0310299483232876   0
0.604114648470801   0.144737026882816   0.183963326366491   0.0653331546342124   0
0.287560511458128   0.0705246702568151   -0.316554137012674   -0.0742123566260005   0
0.195714103807569   0.0429621731592456   -0.0918464076505584   -0.0275624970975695   0
0.503313962453854   0.118534323407386   0.307599858646285   0.0755721502481409   0
0.707384489865307   0.175973828889511   0.204070527411452   0.0574395054821248   0
0.418516800296523   0.0841426422040721   -0.288867689568783   -0.0918311866854392   0
0.27802577305901   0.0441491373241403   -0.140491027237514   -0.0399935048799318   0
0.635689879442799   0.115631395466899   0.357664106383789   0.0714822581427592   0
0.712308035038213   0.0950029274674865   0.0766181555954141   -0.020628467999413   0
0.383647676880416   0.0610460786581128   -0.328660358157797   -0.0339568488093737   0
0.38297794078632   0.0524774808592695   -0.000669736094095985   -0.00856859779884331   0
0.745720034727511   0.099347738057605   0.362742093941191   0.0468702571983355   0
0.639530405152875   0.0873111648570932   -0.106189629574636   -0.0120365732005119   0
0.320732693936134   0.060706837034246   -0.31879771121674   -0.0266043278228472   0
0.504715933500221   0.130507306363485   0.183983239564087   0.0698004693292389   0
0.722840587284638   0.110889686664383   0.218124653784416   -0.0196176196991021   0
0.428309548399286   0.0998690288671118   -0.294531038885352   -0.0110206577972711   0
0.31160491583356   0.0585498525167442   -0.116704632565726   -0.0413191763503675   0
0.626468081749581   0.124244338149189   0.314863165916021   0.0656944856324447   0
0.636659929805544   0.128685735422239   0.0101918480559626   0.00444139727305012   0
0.328407274630146   0.0632234811752129   -0.308252655175398   -0.0654622542470261   0
0.31385162706956   0.0449595724350154   -0.0145556475605861   -0.0182639087401975   0
0.72034590964411   0.0975497826047936   0.40649428257455   0.0525902101697782   0
0.580292557031365   0.11897568327173   -0.140053352612745   0.0214259006669363   0
0.285528459939478   0.0465738478237787   -0.294764097091887   -0.0724018354479512   0
0.425785144178375   0.091654242656164   0.140256684238898   0.0450803948323853   0
0.723989584966524   0.138101596233072   0.298204440788149   0.0464473535769081   0
0.376506354954335   0.0706401688120505   -0.347483230012189   -0.0674614274210216   0
0.275105792996619   0.0635979986444015   -0.101400561957717   -0.00704217016764903   0
0.664631950326645   0.125339132327737   0.389526157330026   0.0617411336833356   0
0.680428239291992   0.100091393478623   0.0157962889653468   -0.0252477388491143   0
0.319050468620953   0.058162227539166   -0.361377770671038   -0.0419291659394568   0
0.32055357239134   0.0593817595838085   0.00150310377038648   0.00121953204464245   0
0.704189411411447   0.147525675988012   0.383635839020107   0.0881439164042038   0
0.608912000931169   0.123810037818961   -0.0952774104802778   -0.0237156381690515   0
0.31453168913782   0.0603064077456119   -0.294380311793349   -0.0635036300733489   0
0.299192970847127   0.0597346034110222   -0.0153387182906923   -0.00057180433458974   0
0.620886302134296   0.151995640782269   0.321693331287168   0.0922610373712467   0
0.529187637021123   0.114985057618349   -0.0916986651131726   -0.03701058316392   0
0.251244121669921   0.0643729980127297   -0.277943515351202   -0.0506120596056192   0
0.391322930064161   0.0866095270162295   0.14007880839424   0.0222365290034999   0
0.710136783648756   0.143449914182982   0.318813853584595   0.0568403871667528   0
0.278886148733923   0.070565374201835   -0.431250634914833   -0.0728845399811473   0
0.304252567954487   0.0688918543123939   0.0253664192205642   -0.00167351988944113   0
0.71232865380876   0.151042042207435   0.408076085854272   0.0821501878950409   0
0.428796491334759   0.0980231048165941   -0.283532162474001   -0.0530189373908406   0
0.223061921739816   0.0738331006310517   -0.205734569594942   -0.0241900041855425   0
0.519612027887154   0.159774735591353   0.296550106147337   0.0859416349603018   0
0.723659621188028   0.212345078154104   0.204047593300874   0.0525703425627505   0
0.330919269031829   0.103801919578168   -0.392740352156199   -0.108543158575936   0
0.36445685917255   0.0894601443432353   0.0335375901407211   -0.0143417752349329   0
0.794654663165705   0.165681986619699   0.430197803993155   0.0762218422764633   0
0.568417750851431   0.149635496260455   -0.226236912314274   -0.0160464903592441   0
0.340695116297915   0.0855939661208224   -0.227722634553516   -0.0640415301396321   0
0.620601745605827   0.107408465489574   0.279906629307912   0.0218144993687515   0
0.761895154563934   0.117658834676842   0.141293408958106   0.0102503691872683   0
0.419716147953412   0.105367984825195   -0.342179006610522   -0.0122908498516474   0
0.370584536704326   0.0814268933807038   -0.0491316112490854   -0.0239410914444911   0
0.778475667799579   0.126239266545457   0.407891131095253   0.0448123731647535   0
0.769056481896486   0.10464599092832   -0.00941918590309265   -0.0215932756171374   0
0.449819829569573   0.105938989652925   -0.319236652326913   0.00129299872460494   0
0.670976708992197   0.0837972991128145   0.221156879422624   -0.0221416905401103   0
0.819034707751753   0.102025203389408   0.148057998759556   0.0182279042765932   0
0.639560464138959   0.0734931019130027   -0.179474243612795   -0.028532101476405   0
0.394036611440117   0.0657537846179404   -0.245523852698841   -0.00773931729506225   0
0.758023548068264   0.0986631705417224   0.363986936628147   0.032909385923782   0
0.810113295912368   0.109715978195395   0.0520897478441039   0.0110528076536731   0
0.606040704117875   0.0849030541823732   -0.204072591794493   -0.0248129240130223   0
0.389886949271209   0.066912183542704   -0.216153754846667   -0.0179908706396693   0
0.706065407591251   0.104153984271486   0.316178458320043   0.0372418007287823   0
0.721458699803391   0.0867699179507795   0.0153932922121399   -0.0173840663207068   0
0.367772615230947   0.0643118840029003   -0.353686084572445   -0.0224580339478792   0
0.425613594852185   0.068786471615809   0.0578409796212384   0.00447458761290875   0
0.824716789567182   0.120864003170878   0.399103194714997   0.0520775315550689   0
0.750924175925239   0.0872507720943631   -0.0737926136419429   -0.0336132310765148   0
0.4616195152967   0.0993514978384951   -0.28930466062854   0.012100725744132   0
0.362962833620482   0.0628711084919973   -0.0986566816762174   -0.0364803893464978   0
0.710065041270164   0.0941869476851756   0.347102207649682   0.0313158391931782   0
0.841183515623672   0.12521905081577   0.131118474353507   0.0310321031305949   0
0.763983401577547   0.0962675516026168   -0.0772001140461243   -0.0289514992131536   0
0.512252422311266   0.126413318961057   -0.251730979266281   0.0301457673584404   0
0.64211678195217   0.0784537363140373   0.129864359640903   -0.0479595826470199   0
0.85344241737624   0.116680399996486   0.21132563542407   0.0382266636824488   0
0.768999663735947   0.0942765764330674   -0.0844427536402926   -0.0224038235634187   0
0.419331379117149   0.0695942293862609   -0.349668284618798   -0.0246823470468065   0
0.714416963680875   0.0734687115005769   0.295085584563726   0.003874482114316   0
0.798362464243529   0.101861282725577   0.0839455005626544   0.0283925712250005   0
0.416273923917893   0.0655494705725569   -0.382088540325636   -0.0363118121530205   0
0.493544346142269   0.103372873327556   0.077270422224376   0.0378234027549994   0
0.876087050859103   0.116070155378558   0.382542704716833   0.0126972820510013   0
0.733353044763571   0.0940471850120459   -0.142734006095532   -0.0220229703665116   0
0.399846414244069   0.0600089503497187   -0.333506630519501   -0.0340382346623273   0
0.715950818646784   0.0787098019090539   0.316104404402714   0.0187008515593352   0
0.825423787552794   0.11762037793176   0.10947296890601   0.0389105760227059   0
0.551855215526681   0.111008063750747   -0.273568572026112   -0.00661231418101237   0
0.405721626158737   0.0795640475710135   -0.146133589367944   -0.0314440161797339   0
0.872777712751076   0.11712517380002   0.467056086592339   0.037561126229007   0
0.798277649100863   0.104937958338487   -0.0745000636502136   -0.0121872154615336   0
0.482680223979821   0.118336136021504   -0.315597425121042   0.0133981776830176   0
0.643182382269602   0.108948282511119   0.160502158289781   -0.00938785351038587   0
0.897309026703175   0.124045872378931   0.254126644433574   0.0150975898678123   0
0.680693611520631   0.0797204592828748   -0.216615415182544   -0.044325413096056   0
0.392906798735069   0.0853731862881432   -0.287786812785562   0.00565272700526838   0
0.759624504244696   0.101361264213074   0.366717705509627   0.0159880779249303   0
0.852490762987494   0.10545847745677   0.0928662587427982   0.00409721324369616   0
0.628623835313011   0.0767052940660063   -0.223866927674483   -0.0287531833907634   0
0.49728058148494   0.113643653097533   -0.131343253828071   0.0369383590315271   0
0.861125424435372   0.140883693994373   0.363844842950432   0.0272400408968392   0
0.805874813002615   0.111621720714429   -0.0552506114327571   -0.0292619732799435   0
0.427674347220417   0.0969250256642989   -0.378200465782198   -0.0146966950501301   0
0.506723752465779   0.134270955617522   0.0790494052453616   0.0373459299532228   0
0.888794059004109   0.135221394283597   0.38207030653833   0.000950438666075248   0
0.718461554791208   0.102013030515714   -0.170332504212901   -0.033208363767883   0
0.373832752879734   0.074712876570525   -0.344628801911474   -0.0273001539451891   0
0.47045708666178   0.103702558005312   0.0966243337820468   0.0289896814347865   0
0.810953957633231   0.114213321318586   0.34049687097145   0.0105107633132742   0
0.806781787870797   0.121671790966518   -0.00417216976243384   0.00745846964793211   0
0.655271446470514   0.0895102309635189   -0.151510341400283   -0.0321615600029989   0
0.489173094809894   0.133198087271824   -0.16609835166062   0.0436878563083053   0
0.890083162373606   0.1217583006324   0.400910067563712   -0.0114397866394238   0
0.775947217321513   0.1050371117915   -0.114135945052093   -0.0167211888409008   0
0.422399094571011   0.0665076120069538   -0.353548122750502   -0.0385294997845459   0
0.737608591835806   0.0902534322323118   0.315209497264794   0.0237458202253581   0
0.889928493669576   0.129906828197174   0.15231990183377   0.0396533959648619   0
0.549197841657266   0.111765765399439   -0.340730652012309   -0.0181410627977344   0
0.409511455035155   0.070511944504566   -0.139686386622111   -0.0412538208948733   0
0.801230992894059   0.10988984041985   0.391719537858904   0.0393778959152835   0
0.880142811295985   0.117207985277241   0.0789118184019257   0.00731814485739171   0
0.605878460117209   0.100470395194915   -0.274264351178776   -0.0167375900823258   0
0.406896672807839   0.0721583388827133   -0.198981787309369   -0.0283120563122021   0
0.76649141454422   0.101524043773212   0.359594741736381   0.0293657048904983   0
0.756968555733988   0.0942096537390012   -0.00952285881023229   -0.00731439003421049   0
0.395165284252248   0.0787513806054376   -0.36180327148174   -0.0154582731335635   0
0.533310587496629   0.125430250384676   0.138145303244381   0.0466788697792383   0
0.799507642059787   0.110467449214112   0.266197054563157   -0.0149628011705635   0
0.562434207737225   0.128989979955189   -0.237073434322562   0.0185225307410764   0
0.351093227642246   0.0843398962655871   -0.211340980094979   -0.0446500836896017   0
0.706844306078786   0.126295929583419   0.35575107843654   0.0419560333178321   0
0.809403599830147   0.134781611532657   0.102559293751361   0.00848568194923754   0
0.651526612771881   0.0975350329807834   -0.157876987058266   -0.0372465785518734   0
0.36790499685359   0.0833530578180699   -0.283621615918291   -0.0141819751627135   0
0.571760587894094   0.105798504006862   0.203855591040504   0.0224454461887921   0
0.851178969304341   0.142383423442092   0.279418381410247   0.0365849194352297   0
0.803548811919973   0.116960361007651   -0.0476301573843679   -0.0254230624344409   0
0.662431686293009   0.0932241773004192   -0.141117125626964   -0.0237361837072316   0
0.555133882538483   0.121380969785589   -0.107297803754527   0.0281567924851695   0
0.845976925675872   0.121333107238255   0.290843043137389   -4.78625473332439e-05   0
0.780435109314669   0.117521567450788   -0.0655418163612026   -0.00381153978746797   0
0.505585016072717   0.127274116496207   -0.274850093241952   0.0097525490454192   0
0.530028103225187   0.13403509229311   0.02444308715247   0.00676097579690324   0
0.844887304714066   0.12073863205325   0.314859201488879   -0.0132964602398603   0
0.633071622357218   0.125849026440573   -0.211815682356848   0.00511039438732319   0
0.487957951226169   0.123049023513689   -0.145113671131049   -0.00280000292688339   0
0.771353807459327   0.104334477346129   0.283395856233158   -0.01871454616756   0
0.844635414171109   0.104626686235061   0.0732816067117819   0.000292208888932013   0
0.474333379699605   0.123208302911421   -0.370302034471503   0.0185816166763596   0
0.435296944086092   0.100720384185179   -0.0390364356135138   -0.0224879187262424   0
0.736904379760359   0.145339201995066   0.301607435674268   0.0446188178098869   0
0.860968265578354   0.151801059476705   0.124063885817995   0.00646185748163888   0
0.751581099367194   0.120170793283976   -0.10938716621116   -0.0316302661927289   0
0.591022669504005   0.108060188442888   -0.160558429863189   -0.0121106048410875   0
0.651031710743033   0.102229129797309   0.0600090412390281   -0.0058310586455794   0
0.93367591434555   0.151126855761145   0.282644203602518   0.0488977259638365   0
0.864240253330056   0.118110423532388   -0.0694356610154939   -0.0330164322287575   0
0.711182449030514   0.0992514050533417   -0.153057804299542   -0.018859018479046   0
0.491169079288426   0.135741497371152   -0.220013369742088   0.0364900923178104   0
0.757131771139608   0.103054215175242   0.265962691851182   -0.0326872821959105   0
0.971459196395813   0.205576661770615   0.214327425256205   0.102522446595374   0
0.907976576619133   0.170229498505694   -0.0634826197766807   -0.0353471632649217   0
0.673052876624861   0.107664827201134   -0.234923699994272   -0.0625646713045599   0
0.651133266759002   0.0835551259311181   -0.0219196098658585   -0.0241097012700158   0
0.930797400113472   0.194781127787063   0.27966413335447   0.111226001855945   0
0.797681336537969   0.133102900173137   -0.133116063575504   -0.0616782276139259   0
0.489382317309851   0.163779673455683   -0.308299019228117   0.0306767732825458   0
0.610054852964879   0.168888743090126   0.120672535655028   0.00510906963444324   0
0.911782039122289   0.226317717491362   0.30172718615741   0.0574289744012364   0
0.774614352450302   0.154150265822833   -0.137167686671988   -0.0721674516685294   0
0.433075479418958   0.135029577801495   -0.341538873031344   -0.0191206880213377   0
0.496804385719369   0.161811850524645   0.0637289063004118   0.0267822727231498   0
0.901275128101292   0.175773502122049   0.404470742381922   0.0139616515974043   0
0.751830082879104   0.117914865140321   -0.149445045222188   -0.0578586369817285   0
0.386586362610853   0.109351175758379   -0.365243720268251   -0.00856368938194112   0
0.475428641847544   0.145499516496525   0.0888422792366906   0.0361483407381453   0
0.847995552225364   0.18974803084749   0.37256691037782   0.0442485143509651   0
0.722200937003685   0.154348447548072   -0.125794615221679   -0.0353995832994177   0
0.429805503829767   0.140347729483674   -0.292395433173917   -0.0140007180643983   0
0.425066200177102   0.144199222161572   -0.00473930365266534   0.0038514926778985   0
0.822309610733086   0.157885085262193   0.397243410555984   0.0136858631006208   0
0.875727038667301   0.210712199533511   0.0534174279342144   0.0528271142713175   0
0.728970702589617   0.133573258315428   -0.146756336077684   -0.0771389412180828   0
0.422716356179046   0.136957811737776   -0.306254346410571   0.00338455342234786   0
0.632726888654971   0.1521228940035   0.210010532475925   0.015165082265724   0
0.865834551637321   0.186656608713702   0.23310766298235   0.0345337147102022   0
0.672634815308426   0.153358348677208   -0.193199736328895   -0.0332982600364942   0
0.41451051500892   0.121253107600836   -0.258124300299506   -0.0321052410763713   0
0.6897278001567   0.148543974140118   0.27521728514778   0.0272908665392815   0
0.831850305942121   0.157648892871152   0.142122505785421   0.00910491873103428   0
0.483238103719067   0.13321373099831   -0.348612202223054   -0.0244351618728425   0
0.522787799655845   0.150533475281331   0.0395496959367779   0.0173197442830211   0
0.909788865204449   0.176472298077489   0.387001065548604   0.025938822796158   0
0.728515757543377   0.136896258046924   -0.181273107661073   -0.0395760400305646   0
0.415006209280825   0.106284454545691   -0.313509548262552   -0.0306118035012333   0
0.471297345282148   0.142312956138417   0.0562911360013227   0.0360285015927263   0
0.626022035274319   0.184549971140773   0.154724689992171   0.0422370150023556   0
0.348962149302757   0.12274660184777   -0.277059885971561   -0.0618033692930025   0
0.38278575461869   0.152894369681236   0.0338236053159326   0.030147767833466   0
0.779789410741772   0.208513142845961   0.397003656123082   0.0556187731647245   0
0.650498263814747   0.187398218792896   -0.129291146927025   -0.021114924053065   0
0.320697333072852   0.104966898611967   -0.329800930741894   -0.0824313201809285   0
0.528845509128139   0.176581856699351   0.208148176055286   0.0716149580873834   0
0.803597408350102   0.228834866648966   0.274751899221963   0.0522530099496153   0
0.57423869752656   0.190963205945543   -0.229358710823542   -0.0378716607034225   0
0.335643169679289   0.119845165964256   -0.238595527847271   -0.0711180399812876   0
0.606290976787549   0.198748101168917   0.27064780710826   0.0789029352046611   0
0.740464817687512   0.205220936835158   0.134173840899963   0.00647283566624138   0
0.371468218708896   0.140493534846127   -0.368996598978616   -0.0647274019890308   0
0.391747739105154   0.133724322240982   0.0202795203962585   -0.00676921260514535   0
0.74039136185196   0.197648026847753   0.348643622746806   0.0639237046067707   0
0.598568706058878   0.182024693258387   -0.141822655793082   -0.0156233335893654   0
0.382428080161486   0.11532954917765   -0.216140625897392   -0.0666951440807373   0
0.690214703160545   0.164491853026981   0.307786622999059   0.0491623038493312   0
0.839159645332162   0.18657466945502   0.148944942171617   0.0220828164280388   0
0.486315528266588   0.161535559954488   -0.352844117065575   -0.025039109500532   0
0.405273536141715   0.144471237241397   -0.0810419921248725   -0.0170643227130911   0
0.78276822431739   0.168721092732207   0.377494688175675   0.0242498554908101   0
0.821879739235613   0.180511155423287   0.0391115149182232   0.0117900626910798   0
0.622411566034115   0.16507707092522   -0.199468173201498   -0.0154340844980671   0
0.416738544071748   0.14824785027868   -0.205673021962368   -0.0168292206465394   0
0.741958149949847   0.183701436784664   0.3252196058781   0.035453586505984   0
0.804184648912176   0.198254554471013   0.0622264989623289   0.0145531176863491   0
0.484417462857193   0.155242664724368   -0.319767186054983   -0.0430118897466455   0
0.390657259409063   0.130968937614325   -0.09376020344813   -0.0242737271100427   0
0.687170536348875   0.217383934862952   0.296513276939811   0.0864149972486264   0
0.791045488318466   0.207124241063184   0.103874951969591   -0.0102596937997675   0
0.431061387096328   0.159642435055572   -0.359984101222138   -0.0474818060076122   0
0.459023506450378   0.171094055221456   0.0279621193540502   0.0114516201658837   0
0.820156021689776   0.265540187718357   0.361132515239398   0.0944461324969009   0
0.7661178778876   0.187485421599254   -0.0540381438021753   -0.0780547661191026   0
0.431010546820562   0.164734655866639   -0.335107331067038   -0.0227507657326149   0
0.403272231946671   0.157946278912436   -0.0277383148738907   -0.00678837695420312   0
0.699927888395655   0.22178084411982   0.296655656448983   0.0638345652073843   0
0.815696431869725   0.211221812995841   0.11576854347407   -0.0105590311239793   0
0.41121674601548   0.183129513358333   -0.404479685854244   -0.0280922996375076   0
0.464009475599367   0.191994159985981   0.0527927295838872   0.00886464662764772   0
0.791402688682569   0.254179274307033   0.327393213083202   0.062185114321052   0
0.669192170182079   0.20395251622743   -0.122210518500491   -0.0502267580796034   0
0.318120375734108   0.146953070979633   -0.351071794447971   -0.0569994452477969   0
0.585465867823223   0.209423609952346   0.267345492089115   0.0624705389727135   0
0.87830538755606   0.279778788819399   0.292839519732836   0.0703551788670529   0
