0.00232570000000004   0.002857335   0   0   0
0.0392906557891008   0.0208482988025546   0.0369649557891008   0.0179909638025546   0
0.281435733907832   0.0422570226449108   0.242145078118731   0.0214087238423561   0
0.161794766839382   0.0377692019853809   -0.11964096706845   -0.00448782065952986   0
0.0187492076256774   0.0266809141854716   -0.143045559213705   -0.0110882877999093   0
0.246723754070742   0.053971878790371   0.227974546445065   0.0272909646048994   0
0.170126541226964   0.0299794338777853   -0.0765972128437776   -0.0239924449125857   0
0.0451680897593644   0.0565239437200068   -0.1249584514676   0.0265445098422215   0
0.278385954242038   0.0371803609337981   0.233217864482673   -0.0193435827862087   0
0.143249418085621   0.0359620167118725   -0.135136536156417   -0.00121834422192556   0
0.0922044501694381   0.0394752257568592   -0.0510449679161825   0.00351320904498665   0
0.0377612647061774   0.0457540286624577   -0.0544431854632607   0.00627880290559849   0
0.0258755537200243   0.0240203959889819   -0.0118857109861532   -0.0217336326734757   0
0.0599002834390999   0.01955812679644   0.0340247297190756   -0.00446226919254194   0
0.172749985194558   0.0218445549166148   0.112849701755458   0.00228642812017479   0
0.282203157816953   0.0164708008534801   0.109453172622395   -0.00537375406313473   0
0.0418691234924974   0.00969289572537665   -0.240334034324455   -0.00677790512810342   0
0.103744170582689   0.0137716938213351   0.0618750470901912   0.00407879809595847   0
0.270997619382459   0.0312842396359273   0.16725344879977   0.0175125458145922   0
0.0347594092095724   0.038741742551607   -0.236238210172886   0.00745750291567973   0
0.084874072472222   0.0312860219757162   0.0501146632626496   -0.00745572057589079   0
0.249506875424085   0.0309682961340853   0.164632802951863   -0.000317725841630992   0
0.0783004489516503   0.0448121300275104   -0.171206426472435   0.0138438338934251   0
0.185865560756693   0.0396681498471087   0.107565111805043   -0.00514398018040169   0
0.211074993945872   0.0256430398724786   0.0252094331891791   -0.0140251099746302   0
0.0794365608848067   0.0343963380458285   -0.131638433061066   0.00875329817334999   0
0.335175076396277   0.03513997552322   0.25573851551147   0.000743637477391444   0
0.176176410161775   0.0429397532067128   -0.158998666234502   0.0077997776834928   0
0.0616647559600296   0.0461157137873103   -0.114511654201745   0.00317596058059756   0
0.250752806882715   0.0469667378872402   0.189088050922685   0.000851024099929848   0
0.138448262645437   0.0640407339177357   -0.112304544237277   0.0170739960304955   0
0.0744418068672436   0.0437592230172363   -0.0640064557781937   -0.0202815109004994   0
0.307967052562445   0.0472387061730367   0.233525245695202   0.00347948315580043   0
0.128753027873755   0.0626813553853137   -0.17921402468869   0.015442649212277   0
0.0827095280891506   0.0516798303656514   -0.0460434997846046   -0.0110015250196624   0
0.278136778602273   0.0549306164236985   0.195427250513123   0.00325078605804718   0
0.15468522781718   0.079119369642427   -0.123451550785093   0.0241887532187285   0
0.0615115106984774   0.0514708446925781   -0.0931737171187027   -0.0276485249498489   0
0.272265076203982   0.0591574019821062   0.210753565505504   0.00768655728952803   0
0.161624700327147   0.0620546676197891   -0.110640375876835   0.0028972656376829   0
0.0653492841677703   0.0725664742404163   -0.0962754161593764   0.0105118066206272   0
0.297530246275501   0.0693823954256049   0.23218096210773   -0.00318407881481138   0
0.161490798084666   0.0650439532676943   -0.136039448190834   -0.00433844215791061   0
0.0662218436172695   0.052790412490243   -0.0952689544673969   -0.0122535407774513   0
0.283136573805222   0.0685932179241869   0.216914730187953   0.015802805433944   0
0.10573189421972   0.0829068252380949   -0.177404679585502   0.0143136073139079   0
0.0461020939282588   0.0658453105140224   -0.0596298002914609   -0.0170615147240725   0
0.235951550230635   0.0808054347092601   0.189849456302376   0.0149601241952378   0
0.171573692645959   0.0747092231489861   -0.0643778575846763   -0.00609621156027405   0
0.0415912235421128   0.071347127519123   -0.129982469103846   -0.00336209562986307   0
0.261849462020681   0.0758435547195838   0.220258238478568   0.00449642720046078   0
0.18183523850236   0.103865011337264   -0.0800142235183215   0.0280214566176803   0
0.0813054319205058   0.0965721900733979   -0.100529806581854   -0.00729282126386617   0
0.237044274733139   0.109159969702543   0.155738842812634   0.0125877796291446   0
0.181127060006603   0.131256151815677   -0.0559172147265362   0.0220961821131343   0
0.0868619235054209   0.110451183832862   -0.0942651365011821   -0.0208049679828151   0
0.23451240191048   0.121871455956276   0.147650478405059   0.0114202721234142   0
0.172252866046084   0.141368581927182   -0.0622595358643964   0.0194971259709065   0
0.0534421514901861   0.118965279773134   -0.118810714555897   -0.0224033021540487   0
0.199324068205086   0.12436461634026   0.145881916714899   0.00539933656712595   0
0.272284709923715   0.13408517134456   0.0729606417186294   0.00972055500430019   0
0.0730061729531312   0.130306448703161   -0.199278536970584   -0.00377872264139867   0
0.12909962749741   0.140242367285081   0.0560934545442787   0.00993591858191989   0
0.280664646477981   0.144734348120824   0.151565018980571   0.00449198083574329   0
0.0942855639578509   0.17452297854571   -0.18637908252013   0.0297886304248852   0
0.117664682451278   0.140236896087665   0.0233791184934267   -0.0342860824580448   0
0.398627451041144   0.103766053250762   0.280962768589867   -0.0364708428369027   0
0.243770340069501   0.134914538521067   -0.154857110971644   0.031148485270305   0
0.150724599398041   0.154364130772016   -0.0930457406714594   0.0194495922509487   0
0.118584842201227   0.137635787447377   -0.0321397571968138   -0.0167283433246386   0
0.30001946485197   0.108040582541932   0.181434622650743   -0.0295952049054453   0
0.277569619153988   0.116333945872432   -0.0224498456979819   0.00829336333050039   0
0.133447909583028   0.114264057254994   -0.14412170957096   -0.00206988861743848   0
0.0851046723235994   0.131530469001461   -0.0483432372594285   0.0172664117464669   0
0.0780288138192552   0.129836443971868   -0.00707585850434417   -0.00169402502959282   0
0.094433803834538   0.164770282069644   0.0164049900152827   0.0349338380977759   0
0.139416892027401   0.151794085491362   0.0449830881928631   -0.0129761965782819   0
0.324832558023684   0.149019501953603   0.185415665996283   -0.00277458353775858   0
0.179607315930309   0.173421573629119   -0.145225242093375   0.0244020716755158   0
0.0794413482648985   0.170310660331317   -0.100165967665411   -0.00311091329780219   0
0.13482705549447   0.167150857047377   0.0553857072295715   -0.00315980328394044   0
0.314964847590201   0.159566608967071   0.180137792095731   -0.00758424808030594   0
0.116206476529137   0.189876003196873   -0.198758371061064   0.0303093942298023   0
0.0872045654863374   0.185816846572115   -0.0290019110427998   -0.00405915662475761   0
0.212418981353103   0.179797956519679   0.125214415866766   -0.00601889005243594   0
0.273747173436864   0.180994249549544   0.0613281920837606   0.00119629302986438   0
0.0744046837427698   0.1900365727924   -0.199342489694094   0.0090423232428565   0
0.0801299115841425   0.184972764599597   0.00572522784137269   -0.00506380819280294   0
0.279366878158883   0.172085334408543   0.19923696657474   -0.0128874301910545   0
0.157775190808123   0.194514912997751   -0.12159168735076   0.0224295785892079   0
0.0842887079790413   0.200722154243279   -0.0734864828290816   0.00620724124552793   0
0.212256753244767   0.209940606675436   0.127968045265726   0.00921845243215716   0
0.188808921485489   0.200000215196565   -0.0234478317592781   -0.00994039147887024   0
0.0732395772141118   0.207062534939816   -0.115569344271377   0.00706231974325053   0
0.156013743240556   0.210002285522682   0.0827741660264438   0.00293975058286586   0
0.258982950557462   0.220741754383941   0.102969207316907   0.0107394688612588   0
0.0674677851287568   0.223539009973338   -0.191515165428705   0.00279725558939706   0
0.0875978995284727   0.209409901011246   0.0201301143997159   -0.0141291089620914   0
0.272661286539366   0.194584868287593   0.185063387010894   -0.0148250327236531   0
0.10039945028674   0.21986290859775   -0.172261836252626   0.0252780403101567   0
0.0565499154364213   0.207917002261455   -0.0438495348503188   -0.0119459063362946   0
0.178765878704634   0.220258554211658   0.122215963268213   0.012341551950203   0
0.246521785016578   0.209643689900865   0.067755906311944   -0.0106148643107934   0
0.0530723284498438   0.208255751210435   -0.193449456566734   -0.00138793869043011   0
0.083468364785025   0.211516940014411   0.0303960363351812   0.00326118880397636   0
0.262394987808809   0.215463718015934   0.178926623023784   0.00394677800152304   0
0.0905582606040272   0.221513686666874   -0.171836727204782   0.00604996865093976   0
0.0831064695417444   0.202519882550281   -0.00745179106228275   -0.018993804116593   0
0.21529761020416   0.232600239745819   0.132191140662416   0.0300803571955381   0
0.192217073968907   0.213516768560458   -0.0230805362352536   -0.0190834711853615   0
0.0672036257687604   0.213124041454053   -0.125013448200146   -0.000392727106404145   0
0.0381373865907839   0.213124639082916   -0.0290662391779766   5.9762886214787e-07   0
0.239728742766456   0.205188038400147   0.201591356175672   -0.00793660068276902   0
0.093019937524391   0.22493419467141   -0.146708805242065   0.0197461562712632   0
0.0319801008454476   0.218352510999393   -0.0610398366789434   -0.00658168367201681   0
0.229198359858639   0.21142430173114   0.197218259013191   -0.00692820926825322   0
0.157991047486875   0.251529269735075   -0.0712073123717636   0.0401049680039351   0
0.063209650599399   0.246058931322031   -0.0947813968874761   -0.0054703384130437   0
0.142983818134221   0.238233252193313   0.0797741675348221   -0.00782567912871845   0
0.226358618929256   0.243822539647179   0.0833748007950346   0.00558928745386597   0
0.0573960177418817   0.241341536785367   -0.168962601187374   -0.00248100286181194   0
0.0919412654218986   0.240795414420852   0.0345452476800169   -0.000546122364514373   0
0.267909019285074   0.240796907930729   0.175967753863175   1.49350987677099e-06   0
0.0653328275228686   0.23368925598179   -0.202576191762205   -0.0071076519489392   0
0.0611507362059526   0.226482564534813   -0.00418209131691604   -0.00720669144697708   0
0.310606859887221   0.247182276680798   0.249456123681269   0.0206997121459851   0
0.18560556426933   0.257054272697907   -0.125001295617891   0.00987199601710925   0
0.0900633917143259   0.250722393894673   -0.0955421725550042   -0.00633187880323399   0
0.165221942739274   0.237063504595815   0.0751585510249483   -0.0136588892988581   0
0.232015711965757   0.251612423606228   0.0667937692264824   0.0145489190104131   0
0.058927154113092   0.249034070869575   -0.173088557852664   -0.00257835273665311   0
0.0942172458942099   0.247431840468651   0.0352900917811178   -0.00160223040092378   0
0.28187856087141   0.260330931121184   0.1876613149772   0.0128990906525324   0
0.0857252061211147   0.248770534697987   -0.196153354750295   -0.0115603964231964   0
0.0785459562114059   0.247785308555794   -0.00717924990970872   -0.000985226142193374   0
0.250893022767266   0.260646576745547   0.172347066555861   0.0128612681897534   0
0.107644244493099   0.263921113812707   -0.143248778274168   0.00327453706715991   0
0.0829360272112187   0.25141804892633   -0.02470821728188   -0.0125030648863773   0
0.255632191075796   0.259987077484444   0.172696163864577   0.00856902855811437   0
0.18379091067597   0.282235661041553   -0.0718412803998254   0.0222485835571088   0
0.0743564547236977   0.268954858374683   -0.109434455952273   -0.0132808026668706   0
0.033196679428226   0.265751116707555   -0.0411597752954717   -0.00320374166712772   0
0.0388680268307114   0.281996400063587   0.00567134740248543   0.0162452833560319   0
0.0698580504498522   0.276506999170857   0.0309900236191409   -0.00548940089272942   0
0.283349202652413   0.274247711095011   0.213491152202561   -0.00225928807584658   0
0.214154485176216   0.283680075121712   -0.0691947174761977   0.00943236402670095   0
0.0510022710367954   0.26935020214687   -0.16315221413942   -0.0143298729748412   0
0.0604167458843986   0.264825321750639   0.00941447484760327   -0.00452488039623122   0
0.261104068890908   0.281403594859878   0.200687323006509   0.016578273109239   0
0.100482429131308   0.284455014767081   -0.1606216397596   0.00305141990720226   0
0.0942703455630141   0.275453704020535   -0.00621208356829424   -0.00900131074654598   0
0.273353046574503   0.303240711074655   0.179082701011489   0.0277870070541207   0
0.215648775854374   0.29296609579491   -0.0577042707201292   -0.0102746152797451   0
0.0861955879551825   0.293606764907163   -0.129453187899191   0.000640669112252634   0
0.135343552574846   0.286880796968118   0.0491479646196632   -0.00672596793904495   0
0.249724260754237   0.30203278803281   0.114380708179391   0.0151519910646924   0
0.0781943719289668   0.282422174939646   -0.17152988882527   -0.0196106130931643   0
0.117252787970692   0.292679236939627   0.0390584160417249   0.0102570619999813   0
0.206417489930384   0.297975376088734   0.0891647019596918   0.0052961391491067   0
0.042110683094342   0.287547234615815   -0.164306806836042   -0.0104281414729192   0
0.0597829295311546   0.28120535604668   0.0176722464368126   -0.00634187856913504   0
0.251339285325255   0.294857504423747   0.1915563557941   0.0136521483770672   0
0.0966045749815194   0.306494959945058   -0.154734710343736   0.0116374555213106   0
0.0666173059348102   0.284501263574892   -0.0299872690467092   -0.021993696370166   0
0.238799693754012   0.307447326917917   0.172182387819202   0.0229460633430253   0
0.206147342994169   0.303703975770358   -0.032652350759843   -0.00374335114755853   0
0.0702504863041025   0.299009950262901   -0.135896856690067   -0.00469402550745751   0
0.155107679247644   0.302294915985983   0.0848571929435417   0.00328496572308201   0
0.275275887802419   0.312578321302138   0.120168208554775   0.0102834053161548   0
0.073474622724223   0.280556418007274   -0.201801265078196   -0.0320219032948634   0
0.0553257081919427   0.281228288770801   -0.0181489145322802   0.000671870763526927   0
0.247648306627059   0.285045046445364   0.192322598435117   0.00381675767456308   0
0.125260344964478   0.310782075364619   -0.122387961662581   0.025737028919255   0
0.0555164768889381   0.288571402274047   -0.0697438680755397   -0.0222106730905722   0
0.257631044756353   0.313060509666426   0.202114567867415   0.0244891073923789   0
0.213575291742959   0.322037013553178   -0.0440557530133942   0.00897650388675225   0
0.0754836847437908   0.294358923091334   -0.138091606999168   -0.0276780904618442   0
0.236219264991427   0.315480618656919   0.160735580247636   0.0211216955655851   0
0.223223881541402   0.319819883658756   -0.0129953834500247   0.0043392650018364   0
0.065264163900401   0.30112379041941   -0.157959717641001   -0.0186960932393461   0
0.159672267736386   0.290838936211694   0.0944081038359847   -0.0102848542077152   0
0.248484309926621   0.314486542489102   0.0888120421902351   0.023647606277408   0
0.0775822849943362   0.267628921189508   -0.170902024932285   -0.0468576212995941   0
0.106417672785887   0.26864074417687   0.0288353877915508   0.00101182298736174   0
0.268521131612695   0.276484667323524   0.162103458826808   0.0078439231466545   0
0.0709387660807996   0.257590758302899   -0.197582365531896   -0.0188939090206255   0
0.0655160981638528   0.255275955572807   -0.00542266791694673   -0.00231480273009149   0
0.277143683943276   0.289665595088975   0.211627585779423   0.0343896395161675   0
0.147393290532331   0.301195201882953   -0.129750393410946   0.0115296067939776   0
0.114909826380473   0.281590427257391   -0.0324834641518578   -0.0196047746255615   0
0.264117953670898   0.314311568352964   0.149208127290425   0.0327211410955731   0
0.0628701284031377   0.283427988362692   -0.20124782526776   -0.0308835799902717   0
0.116464203868303   0.299283592957453   0.0535940754651651   0.0158556045947608   0
0.237843146159922   0.292796811727006   0.121378942291619   -0.00648678123044683   0
0.073029479098666   0.289502716960778   -0.164813667061256   -0.00329409476622805   0
0.138392162269725   0.291815491586739   0.0653626831710593   0.00231277462596041   0
0.171797915038944   0.318075859858635   0.0334057527692183   0.0262603682718963   0
0.0540281097458964   0.285622339692924   -0.117769805293047   -0.0324535201657111   0
0.130383913610729   0.291485256229556   0.0763558038648324   0.00586291653663235   0
0.175353372209753   0.295452178300888   0.044969458599024   0.00396692207133231   0
0.0929782324876576   0.260521128874267   -0.0823751397220952   -0.0349310494266213   0
0.1937486216526   0.269084554508546   0.100770389164943   0.00856342563427859   0
0.0915527429653033   0.26855635600105   -0.102195878687297   -0.00052819850749608   0
0.0199918999189397   0.262507192448269   -0.0715608430463637   -0.00604916355278073   0
0.192175768073397   0.257171713199566   0.172183868154457   -0.00533547924870259   0
0.0455151880590435   0.261691070221167   -0.146660580014354   0.00451935702160111   0
0.0333085142815962   0.261241408692903   -0.0122066737774473   -0.0004496615282642   0
0.244840139004458   0.259943175394397   0.211531624722862   -0.00129823329850576   0
0.0398045844725504   0.255798216170696   -0.205035554531908   -0.00414495922370173   0
0.0335305929011999   0.252452611972029   -0.00627399157135045   -0.00334560419866647   0
0.216164522860059   0.249251680231052   0.182633929958859   -0.00320093174097749   0
0.091652248918523   0.256580640274164   -0.124512273941536   0.00732896004311231   0
0.045702128559764   0.25014698605422   -0.045950120358759   -0.00643365421994435   0
0.21462845219624   0.239197603636455   0.168926323636476   -0.010949382417765   0
0.125021658838979   0.249860795030533   -0.0896067933572611   0.0106631913940782   0
0.0291283426441396   0.258466608952728   -0.0958933161948392   0.00860581392219523   0
0.171409202153239   0.24900167829947   0.1422808595091   -0.00946493065325865   0
0.13814121653529   0.247278291432831   -0.0332679856179487   -0.0017233868666387   0
0.0456919502757324   0.235097779014796   -0.0924492662595581   -0.0121805124180345   0
0.191041649754707   0.22955172549774   0.145349699478974   -0.00554605351705581   0
0.0988168987255216   0.22777469911002   -0.092224751029185   -0.00177702638772084   0
0.0405739384877781   0.215122552172738   -0.0582429602377436   -0.0126521469372814   0
0.164369144563023   0.221788885285106   0.123795206075245   0.00666633311236797   0
0.145316331386049   0.230937282088861   -0.0190528131769741   0.00914839680375437   0
0.0411940394133775   0.230938318449126   -0.104122291972672   1.03636026554943e-06   0
0.10939930055887   0.232909894366904   0.0682052611454926   0.00197157591777811   0
0.251916653698163   0.233289375554744   0.142517353139293   0.000379481187839953   0
0.0632379005488868   0.267738766621608   -0.188678753149276   0.034449391066864   0
0.0670504044864377   0.246905382077128   0.00381250393755084   -0.0208333845444803   0
0.248491719589124   0.226598899984538   0.181441315102687   -0.0203064820925902   0
0.0908874843406946   0.21912263037923   -0.15760423524843   -0.00747626960530801   0
0.0563774731360851   0.225735732067943   -0.0345100112046094   0.00661310168871301   0
0.196457254236361   0.220249980146333   0.140079781100275   -0.00548575192160985   0
0.191422485549948   0.235632668563641   -0.00503476868641264   0.0153826884173077   0
0.0513557644814883   0.253437074328619   -0.14006672106846   0.0178044057649785   0
0.184040857253491   0.229922952318277   0.132685092772003   -0.0235141220103425   0
0.265487047365799   0.241448013880447   0.0814461901123076   0.0115250615621703   0
0.0600688735539497   0.237769805640855   -0.205418173811849   -0.00367820823959181   0
0.0706811146902056   0.236602580282316   0.0106122411362559   -0.00116722535853866   0
0.266787407754733   0.234000094119639   0.196106293064527   -0.00260248616267722   0
0.112209732731624   0.262540889304009   -0.154577675023109   0.0285407951843699   0
0.0785988113736849   0.254541772707232   -0.0336109213579387   -0.00799911659677749   0
0.286581025333151   0.232520275655135   0.207982213959466   -0.0220214970520966   0
0.157867214916461   0.231459570911423   -0.12871381041669   -0.0010607047437122   0
0.0710021079961715   0.251117894567224   -0.0868651069202892   0.0196583236558014   0
0.161529824722247   0.239669817310091   0.090527716726076   -0.0114480772571331   0
0.226447138909393   0.24521439647121   0.0649173141871457   0.00554457916111928   0
0.0768511783571989   0.237791858326121   -0.149595960552194   -0.00742253814508953   0
0.105947191625026   0.244146463791328   0.0290960132678272   0.00635460546520655   0
0.274726352081558   0.238276197879294   0.168779160456532   -0.00587026591203346   0
0.0879507239919035   0.237863735660252   -0.186775628089654   -0.000412462219042536   0
0.12040069421951   0.223225248389205   0.0324499702276067   -0.014638487271046   0
0.264863764607392   0.261040587363077   0.144463070387882   0.0378153389738711   0
0.0849451912643447   0.273616690970347   -0.179918573343047   0.0125761036072707   0
0.113527525073217   0.255753354413603   0.0285823338088727   -0.0178633365567443   0
0.309425003185925   0.268288266811558   0.195897478112708   0.0125349123979555   0
0.0764162345687093   0.257528744930949   -0.233008768617216   -0.0107595218806091   0
0.100491473126032   0.261308930521715   0.0240752385573227   0.00378018559076559   0
0.29718755483144   0.268510911444935   0.196696081705408   0.0072019809232205   0
0.0900602908290973   0.258294886535254   -0.207127264002342   -0.010216024909681   0
0.0857327816257795   0.248404172203367   -0.00432750920331784   -0.00989071433188748   0
0.303607641066245   0.260095171670468   0.217874859440466   0.0116909994671006   0
0.123768985970194   0.278270547882254   -0.179838655096052   0.0181753762117868   0
0.0747329526127588   0.264919456858325   -0.0490360333574349   -0.0133510910239292   0
0.250147665572238   0.25263815399809   0.175414712959479   -0.0122813028602354   0
0.177137807971562   0.288848725424784   -0.0730098576006755   0.0362105714266948   0
0.0832184559412754   0.290041589216429   -0.0939193520302867   0.00119286379164424   0
0.213243138904889   0.267058830402385   0.130024682963614   -0.0229827588140434   0
0.261620308881038   0.304318706857893   0.048377169976149   0.0372598764555073   0
0.0887591543049504   0.296985952840538   -0.172861154576088   -0.00733275401735423   0
0.0863963837061482   0.287924125015619   -0.00236277059880216   -0.0090618278249191   0
0.293080551005078   0.289077489281525   0.20668416729893   0.00115336426590534   0
0.150871793889812   0.285948872307988   -0.142208757115266   -0.00312861697353672   0
0.0718292547472129   0.302775736249225   -0.0790425391425994   0.0168268639412367   0
0.169705450950669   0.280051838718571   0.0978761962034564   -0.0227238975306536   0
0.212689787078976   0.291265683688295   0.0429843361283064   0.0112138449697241   0
0.0688894405696548   0.302604584467663   -0.143800346509321   0.0113389007793679   0
0.129751655352331   0.287197062613809   0.0608622147826759   -0.0154075218538543   0
0.253344005149323   0.327574669500696   0.123592349796992   0.0403776068868869   0
0.0613138818622667   0.325114036335345   -0.192030123287056   -0.00246063316535067   0
0.118022043750903   0.29348508409202   0.056708161888636   -0.0316289522433251   0
0.27606944288827   0.322553094492194   0.158047399137368   0.0290680104001738   0
0.075245173449927   0.30793159543824   -0.200824269438343   -0.0146214990539535   0
0.0798515950063616   0.280856462051459   0.00460642155643463   -0.0270751333867814   0
0.238546033153687   0.29001484502272   0.158694438147326   0.00915838297126154   0
0.071226185709682   0.296849353685182   -0.167319847444005   0.00683450866246121   0
0.0792671976162271   0.297770671840718   0.00804101190654515   0.000921318155536366   0
0.209956240674789   0.276830283214739   0.130689043058562   -0.0209403886259791   0
0.165415409186518   0.279353703869311   -0.0445408314882715   0.00252342065457184   0
0.107475779567538   0.274783269898951   -0.0579396296189798   -0.00457043397035917   0
0.142224082884897   0.262507084632796   0.0347483033173589   -0.0122761852661553   0
0.254533863698507   0.265769829110647   0.11230978081361   0.0032627444778508   0
0.115322591697637   0.275871345414851   -0.139211272000869   0.010101516304204   0
0.0948612472327351   0.267602751303513   -0.0204613444649023   -0.00826859411133768   0
0.280771041416757   0.265507197410922   0.185909794184021   -0.00209555389259097   0
0.152579421261191   0.255988589748103   -0.128191620155565   -0.00951860766281948   0
0.098007589680841   0.283399727089389   -0.05457183158035   0.0274111373412859   0
0.254690149747198   0.266931955945242   0.156682560066357   -0.0164677711441469   0
0.215743074592442   0.288413046439915   -0.0389470751547557   0.0214810904946731   0
0.107173306186989   0.262926879440849   -0.108569768405453   -0.0254861669990664   0
0.227015267079287   0.267151661302007   0.119841960892298   0.00422478186115888   0
0.246247904193904   0.277534097394811   0.0192326371146168   0.0103824360928036   0
0.0912162254421877   0.271212168213393   -0.155031678751716   -0.00632192918141772   0
0.159812069484911   0.265742668511857   0.0685958440427233   -0.00546949970153676   0
0.252137810534636   0.272695220374822   0.0923257410497251   0.00695255186296495   0
0.111261179872856   0.310427940786539   -0.14087663066178   0.0377327204117175   0
0.11448898958092   0.317281588054322   0.00322780970806404   0.00685364726778281   0
0.272795790035495   0.270784018938752   0.158306800454575   -0.0464975691155697   0
0.151345288052783   0.279893928078022   -0.121450501982712   0.00910990913926996   0
0.126982002410735   0.284921488134578   -0.0243632856420481   0.00502756005655591   0
0.215418289847543   0.241429618916455   0.0884362874368075   -0.0434918692181226   0
0.204474676899439   0.252118904600691   -0.0109436129481038   0.0106892856842359   0
0.113823941910742   0.235689381050759   -0.0906507349886969   -0.016429523549932   0
0.226087460432816   0.23244139931785   0.112263518522074   -0.00324798173290969   0
0.223221548697701   0.244668367925431   -0.00286591173511491   0.0122269686075814   0
0.105259220996927   0.284722452595313   -0.117962327700773   0.0400540846698815   0
0.295444210620482   0.26995765463143   0.190184989623555   -0.0147647979638824   0
0.301703547383852   0.273878093397176   0.00625933676336915   0.00392043876574627   0
0.123238912688079   0.320841036825969   -0.178464634695772   0.0469629434287921   0
0.142669931288727   0.306145945950157   0.0194310186006476   -0.0146950908758111   0
0.15548815865451   0.271920136447951   0.012818227365783   -0.0342258095022061   0
0.237943510605375   0.211607379995618   0.0824553519508648   -0.060312756452333   0
0.251193945474408   0.230536588958179   0.0132504348690337   0.018929208962561   0
0.122050545924138   0.250594091368013   -0.129143399550271   0.0200575024098336   0
0.168607936608838   0.234552091702296   0.0465573906847007   -0.0160419996657165   0
0.275354080244764   0.238411294987549   0.106746143635926   0.00385920328525233   0
0.141642123650135   0.242628866174609   -0.13371195659463   0.00421757118706031   0
0.121995865334404   0.224788176461384   -0.0196462583157307   -0.0178406897132249   0
0.271445606170002   0.215040697145104   0.149449740835598   -0.00974747931627976   0
0.207279117516189   0.239881829548718   -0.0641664886538135   0.0248411324036132   0
0.131742668172085   0.249870687880644   -0.0755364493441041   0.00998885833192603   0
0.22352027973741   0.23604282811469   0.0917776115653254   -0.0138278597659538   0
0.194517897662715   0.225749671750177   -0.0290023820746949   -0.0102931563645132   0
0.124256039570679   0.22720306037211   -0.0702618580920363   0.001453388621933   0
0.271877906481126   0.214201472013389   0.147621866910447   -0.0130015883587211   0
0.237236690482838   0.23335938202749   -0.034641215998288   0.0191579100141014   0
0.12174302854623   0.215599217157606   -0.115493661936609   -0.0177601648698841   0
0.255656067204066   0.230632204873712   0.133913038657836   0.0150329877161063   0
0.257955801257044   0.222140813446118   0.00229973405297784   -0.0084913914275945   0
0.182705862177682   0.209582687939086   -0.0752499390793624   -0.0125581255070313   0
0.167811652918532   0.203929619317769   -0.0148942092591492   -0.0056530686213179   0
0.335050863796767   0.212385236431679   0.167239210878235   0.00845561711391002   0
0.174161700947998   0.216812027898414   -0.160889162848769   0.00442679146673511   0
0.147151661361264   0.244852958334022   -0.0270100395867347   0.0280409304356087   0
0.321055399060365   0.240987946262095   0.173903737699101   -0.00386501207192716   0
0.19977600717456   0.26209624396136   -0.121279391885804   0.0211082976992643   0
0.180000296743978   0.247502230567933   -0.0197757104305827   -0.0145940133934261   0
0.3412461484888   0.225818148522107   0.161245851744822   -0.0216840820458262   0
0.245926071511339   0.257459067463165   -0.0953200769774613   0.0316409189410576   0
0.241690586721618   0.257573244965796   -0.00423548478972044   0.000114177502631263   0
0.305888412931386   0.216112160088598   0.0641978262097682   -0.0414610848771976   0
0.261226581744661   0.285997110404109   -0.0446618311867255   0.0698849503155103   0
0.200034480648437   0.273803720256523   -0.0611921010962237   -0.0121933901475855   0
0.316577274794594   0.234609193805086   0.116542794146156   -0.0391945264514371   0
0.246385366192881   0.255076280489602   -0.0701919086017127   0.0204670866845156   0
0.193400875503215   0.269496660321557   -0.052984490689666   0.0144203798319548   0
0.385953138545342   0.245173539859708   0.192552263042127   -0.0243231204618483   0
0.276121667083552   0.283355487976063   -0.10983147146179   0.0381819481163542   0
0.25208530684076   0.249599099704406   -0.0240363602427923   -0.0337563882716565   0
0.365428513442811   0.216570169505729   0.113343206602051   -0.0330289301986774   0
0.266898525625377   0.252848025272376   -0.0985299878174338   0.0362778557666473   0
0.206381535335044   0.245658789177693   -0.060516990290333   -0.00718923609468325   0
0.331044122903246   0.239376523791307   0.124662587568202   -0.0062822653863859   0
0.224295263735662   0.26667628088604   -0.106748859167585   0.0272997570947331   0
0.174770858027876   0.25752541199037   -0.0495244057077856   -0.00915086889566941   0
0.341712973406688   0.238875276006664   0.166942115378812   -0.0186501359837062   0
0.229960181117101   0.279433219156335   -0.111752792289587   0.0405579431496711   0
0.258457097349715   0.252641562902608   0.0284969162326137   -0.0267916562537271   0
0.311283681435439   0.261159037196327   0.0528265840857243   0.00851747429371885   0
0.269822248433464   0.270010001491148   -0.0414614330019751   0.00885096429482146   0
0.270113902599274   0.229308976096778   0.000291654165809785   -0.0407010253943709   0
0.284098620710995   0.281015264462431   0.0139847181117215   0.0517062883656533   0
0.22549277681835   0.286062633243578   -0.0586058438926458   0.00504736878114737   0
0.277635060256157   0.239896116627911   0.0521422834378076   -0.0461665166156668   0
0.295506437408071   0.286340351391923   0.0178713771519136   0.0464442347640117   0
