0.0338746302049188   0.002836905   0   0   0
0.0246941605155915   0.0110913588830449   -0.00918046968932735   0.00825445388304494   0
0.0234570978258181   0.01662735   -0.00123706268977339   0.00553599111695506   0
0.104094953126081   0.014654910473361   0.0806378553002626   -0.00197243952663903   0
0.0900438528901355   0.0189196322591118   -0.0140511002359452   0.00426472178575086   0
0.0429985152217667   0.02687595   -0.0470453376683688   0.00795631774088817   0
0.0399152137338497   0.00976185   -0.00308330148791704   -0.0171141   0
0.0703286442066104   0.004995265   0.0304134304727608   -0.004766585   0
0.0301700433034973   0.004511655   -0.0401586009031132   -0.00048361   0
0.0208712095933609   0.00915823516022601   -0.00929883371013636   0.00464658016022601   0
0.0820035221997056   0.0127529676083265   0.0611323126063446   0.00359473244810049   0
0.0379991619674312   0.0179593466983323   -0.0440043602322744   0.00520637909000582   0
0.0310227389640199   0.0342365726884643   -0.00697642300341124   0.016277225990132   0
0.0601973059394807   0.0117365704281159   0.0291745669754608   -0.0225000022603484   0
0.085489596533214   0.0166794318213451   0.0252922905937333   0.0049428613932292   0
0.0353325603270678   0.016448   -0.0501570362061461   -0.000231431821345114   0
0.0313648809853825   0.00859875153275753   -0.00396767934168534   -0.00784924846724247   0
0.0827067720427361   0.0113442564203036   0.0513418910573536   0.00274550488754609   0
0.0156740055900125   0.0079312   -0.0670327664527235   -0.00341305642030363   0
0.0244701685455985   0.0149475   0.00879616295558601   0.0070163   0
0.0892650701387726   0.0241531650167219   0.0647949015931741   0.00920566501672193   0
0.0396612908101892   0.0217796547659737   -0.0496037793285834   -0.00237351025074825   0
0.040381434735731   0.0340997895000101   0.000720143925541768   0.0123201347340364   0
0.0774093323625776   0.009269   0.0370278976268466   -0.0248307895000101   0
0.0812375723313572   0.00562906074764254   0.00382823996877968   -0.00363993925235746   0
0.0367041557631503   0.0157100799746604   -0.0445334165682069   0.0100810192270178   0
0.0537116211128467   0.0055197   0.0170074653496964   -0.0101903799746604   0
0.105101439286784   0.018025303436697   0.0513898181739371   0.012505603436697   0
0.0270760991929562   0.00631544140448829   -0.0780253400938276   -0.0117098620322087   0
0.0231305038872913   0.018724331485447   -0.00394559530566487   0.0124088900809587   0
0.0988827854330065   0.00586761906552607   0.0757522815457151   -0.0128567124199209   0
0.0547452952379919   0.00537736994972449   -0.0441374901950146   -0.000490249115801574   0
0.0359183588002069   0.018354777315048   -0.018826936437785   0.0129774073653235   0
0.0776406152374516   0.0240397939169001   0.0417222564372447   0.00568501660185208   0
0.0788623601679534   0.00983897243483917   0.00122174493050178   -0.0142008214820609   0
0.0295997239588548   0.029443856678866   -0.0492626362090986   0.0196048842440268   0
0.0605895292543192   0.0229036442770578   0.0309898052954644   -0.00654021240180821   0
0.0881872209274677   0.0186506405743878   0.0275976916731485   -0.00425300370266996   0
0.0353612449570147   0.00917832103636607   -0.052825975970453   -0.00947231953802172   0
0.0284669146149719   0.00892197816322143   -0.00689433034204286   -0.000256342873144645   0
0.111039756459567   0.00893015378678469   0.0825728418445953   8.17562356326615e-06   0
0.0231286763035494   0.0117873829324265   -0.0879110801560178   0.00285722914564183   0
0.0245359179869024   0.02324704232139   0.00140724168335295   0.0114596593889635   0
0.10744945978524   0.0275116648702419   0.0829135417983381   0.00426462254885181   0
0.0286667730583406   0.0176953277317771   -0.0787826867268999   -0.00981633713846475   0
0.0332754007928019   0.0243714110265491   0.00460862773446132   0.00667608329477202   0
0.125702555237593   0.0188574859912609   0.0924271544447906   -0.00551392503528825   0
0.0375559820943349   0.0251060640196746   -0.0881465731432577   0.00624857802841374   0
0.0478165059114528   0.0218099689689853   0.0102605238171179   -0.00329609505068935   0
0.0957244260498855   0.0167395400088899   0.0479079201384327   -0.00507042896009538   0
0.0665273816280936   0.0173562162726219   -0.0291970444217919   0.000616676263732015   0
0.0506727032995961   0.0175030728447329   -0.0158546783284974   0.00014685657211097   0
0.0729081878410786   0.0217463423225608   0.0222354845414825   0.00424326947782796   0
0.109778875121674   0.0215542093990942   0.036870687280595   -0.000192132923466641   0
0.048845833922045   0.0257557351132228   -0.0609330411996286   0.00420152571412867   0
0.0531170335118595   0.0308288202828944   0.00427119958981447   0.00507308516967154   0
0.122586328471571   0.0450136210064243   0.069469294959712   0.0141848007235299   0
0.0509083763642095   0.025016844313582   -0.071677952107362   -0.0199967766928423   0
0.0429028813006493   0.0250785096495805   -0.0080054950635602   6.16653359984572e-05   0
0.110619227333045   0.022593331342213   0.0677163460323962   -0.00248517830736745   0
0.0414895152056565   0.0207985784053473   -0.069129712127389   -0.00179475293686567   0
0.0610882295704336   0.0263548181597237   0.0195987143647771   0.00555623975437631   0
0.0737421508101032   0.0197312421243722   0.0126539212396696   -0.00662357603535146   0
0.0981770789081647   0.0173486369716824   0.0244349280980615   -0.00238260515268982   0
0.0495709482509665   0.033361239468506   -0.0486061306571982   0.0160126024968236   0
0.0743787553142025   0.018463608509338   0.0248078070632359   -0.0148976309591679   0
0.0884905657856249   0.0202463846209169   0.0141118104714224   0.00178277611157885   0
0.0478935676082916   0.0205134019171614   -0.0405969981773332   0.000267017296244482   0
0.0440324058814642   0.0228763616820202   -0.00386116172682745   0.00236295976485878   0
0.123855702708596   0.0222312689570029   0.0798232968271314   -0.000645092725017272   0
0.0408854415713283   0.0107426297869993   -0.0829702611372673   -0.0114886391700036   0
0.0463866411964695   0.0157978178133287   0.0055011996251412   0.00505518802632937   0
0.101889368488474   0.0142052807019265   0.0555027272920043   -0.0015925371114022   0
0.0482387301489166   0.0121589126697662   -0.0536506383395572   -0.00204636803216033   0
0.053269036261791   0.0145374172937123   0.00503030611287431   0.00237850462394613   0
0.0755991450350465   0.0194175106474182   0.0223301087732556   0.00488009335370594   0
0.0570647453549037   0.0110371080291952   -0.0185343996801429   -0.00838040261822303   0
0.0433503966756949   0.0301043666164063   -0.0137143486792087   0.0190672585872111   0
0.0886516653288025   0.0256983093403535   0.0453012686531076   -0.00440605727605283   0
0.0997706032952593   0.0174616518789747   0.0111189379664568   -0.00823665746137882   0
0.0627717645208417   0.0405892195808813   -0.0369988387744176   0.0231275677019066   0
0.0648570177116563   0.0366201874860711   0.00208525319081462   -0.00396903209481018   0
0.0849158646700368   0.0216383571082696   0.0200588469583804   -0.0149818303778016   0
0.0481830948628251   0.0438545259277081   -0.0367327698072117   0.0222161688194386   0
0.051596107598442   0.0341828523404283   0.00341301273561688   -0.00967167358727983   0
0.100407147779727   0.0281782030309333   0.0488110401812854   -0.00600464930949497   0
0.0620970139087219   0.029208963652771   -0.0383101338710054   0.00103076062183771   0
0.0384441785731845   0.0246329955871434   -0.0236528353355374   -0.00457596806562766   0
0.0925015470635492   0.0168254299559476   0.0540573684903646   -0.00780756563119575   0
0.0404682251551758   0.0373111537851954   -0.0520333219083734   0.0204857238292477   0
0.040890633153572   0.0284424355389091   0.000422407998396213   -0.00886871824628627   0
0.0946740754955653   0.0191143042323079   0.0537834423419933   -0.00932813130660117   0
0.0398809077094542   0.0302531850870698   -0.0547931677861112   0.0111388808547618   0
0.0330324823289516   0.0217841771134607   -0.00684842538050255   -0.00846900797360906   0
0.11346600773875   0.0176630876170653   0.0804335254097981   -0.00412108949639542   0
0.0354870258804891   0.0212352271865054   -0.0779789818582606   0.00357213956944016   0
0.0581381130073896   0.0209037341755606   0.0226510871269005   -0.000331493010944851   0
0.0983828849721841   0.0363653621201549   0.0402447719647945   0.0154616279445943   0
0.0491989192691506   0.0274614313304132   -0.0491839657030334   -0.00890393078974174   0
0.0603170369588062   0.0389338197059446   0.0111181176896556   0.0114723883755314   0
0.0712451279735674   0.0369972226537344   0.0109280910147612   -0.00193659705221017   0
0.0789561379429111   0.0178415005697391   0.00771100996934365   -0.0191557220839953   0
0.0457567032145534   0.0391575204071325   -0.0331994347283576   0.0213160198373934   0
0.0266562909486673   0.0301341512818098   -0.0191004122658862   -0.00902336912532271   0
0.0943672005500322   0.0358478899623465   0.067710909601365   0.00571373868053664   0
0.0448027546051579   0.0383985810023382   -0.0495644459448743   0.00255069103999171   0
0.0356764784235869   0.045462923231581   -0.00912627618157104   0.00706434222924281   0
0.0881645677691441   0.0273962276343386   0.0524880893455572   -0.0180666955972423   0
0.028762335028862   0.0546143125517936   -0.0594022327402821   0.027218084917455   0
0.0465151903665888   0.0543339495012384   0.0177528553377269   -0.000280363050555205   0
0.0965872411986697   0.0342720610510314   0.0500720508320809   -0.020061888450207   0
0.0898865326600709   0.0351665009522201   -0.00670070853859876   0.000894439901188718   0
0.0732758521549903   0.0657425074409434   -0.0166106805050806   0.0305760064887233   0
0.0515472530081051   0.0611096124900218   -0.0217285991468852   -0.00463289495092163   0
0.0330143456233802   0.0469938185595989   -0.0185329073847249   -0.0141157939304229   0
0.0695566602419208   0.0371544946695888   0.0365423146185406   -0.0098393238900101   0
0.0518128763551349   0.0717924208680833   -0.0177437838867858   0.0346379261984945   0
0.0538991531149609   0.100919256958521   0.00208627675982597   0.0291268360904378   0
0.079196173237474   0.0882199351658824   0.0252970201225131   -0.0126993217926386   0
0.0919735230506041   0.0799347503963389   0.01277734981313   -0.00828518476954354   0
0.0762127823590636   0.105764821672154   -0.0157607406915404   0.0258300712758149   0
0.0675744354387072   0.116038123264781   -0.00863834692035646   0.0102733015926271   0
0.0803985177613568   0.106832940402832   0.0128240823226496   -0.00920518286194921   0
0.107776012347553   0.0986163581871816   0.0273774945861967   -0.00821658221565015   0
0.0631595395742401   0.116261699737209   -0.0446164727733134   0.0176453415500277   0
0.0651567398334969   0.123082619185996   0.0019972002592568   0.00682091944878711   0
0.0967926703165069   0.103778867769949   0.03163593048301   -0.0193037514160476   0
0.0931529624094398   0.116209155742835   -0.00363970790706715   0.0124302879728863   0
0.0828944518067404   0.135545498292483   -0.0102585106026994   0.0193363425496475   0
0.0710425003451455   0.11386956956265   -0.0118519514615948   -0.0216759287298329   0
0.115501932896251   0.110793712061222   0.0444594325511052   -0.00307585750142757   0
0.0731009144904912   0.106146364924028   -0.0424010184057595   -0.00464734713719425   0
0.0838143583945496   0.132489300957001   0.0107134439040584   0.0263429360329736   0
0.103983662507196   0.113975532446551   0.0201693041126463   -0.01851376851045   0
0.0724982570733352   0.106325874707571   -0.0314854054338606   -0.00764965773898087   0
0.0779533888476954   0.110547035135615   0.00545513177436016   0.00422116042804443   0
0.0771196182080623   0.110853942280034   -0.000833770639633066   0.000306907144418486   0
0.102807504930252   0.105583099813393   0.0256878867221901   -0.00527084246664009   0
0.0709275287227011   0.119145308290696   -0.0318799762075514   0.0135622084773026   0
0.0576356424915173   0.117295851800799   -0.0132918862311837   -0.00184945648989704   0
0.108304607242699   0.108385795010001   0.050668964751182   -0.00891005679079777   0
0.0700946130129591   0.113204975230299   -0.0382099942297402   0.0048191802202973   0
0.0908527359492294   0.127041577149648   0.0207581229362703   0.0138366019193496   0
0.0717356523126883   0.117388586195773   -0.0191170836365411   -0.00965299095387484   0
0.0980216119594551   0.0999828448890233   0.0262859596467669   -0.01740574130675   0
0.0784311096016115   0.124557583796552   -0.0195905023578436   0.0245747389075284   0
0.0516737248760915   0.121712023954353   -0.02675738472552   -0.0028455598421987   0
0.113144284711379   0.0910375161220499   0.0614705598352875   -0.0306745078323031   0
0.0415344223571052   0.120778404469591   -0.0716098623542738   0.0297408883475406   0
0.0625536524203575   0.12376581966777   0.0210192300632523   0.00298741519817963   0
0.0980244843745704   0.0939828422307498   0.0354708319542129   -0.0297829774370204   0
0.0262839045978561   0.0969699151428163   -0.0717405797767144   0.00298707291206655   0
0.05801371494712   0.114998716190986   0.0317298103492639   0.0180288010481699   0
0.092699695507912   0.0912981574625825   0.034685980560792   -0.0237005587284038   0
0.03493032467153   0.101092545417961   -0.057769370836382   0.0097943879553785   0
0.0688720686074696   0.117841202142226   0.0339417439359396   0.0167486567242652   0
0.0718304269532773   0.112263209086336   0.00295835834580763   -0.00557799305588969   0
0.048741510209062   0.103921281304228   -0.0230889167442152   -0.00834192778210838   0
0.070885802121743   0.114264734414703   0.0221442919126809   0.0103434531104745   0
0.0471291590262642   0.113838030863163   -0.0237566430954788   -0.000426703551539329   0
0.0784046246452975   0.106022861162322   0.0312754656190333   -0.00781516970084123   0
0.0593640183975108   0.125694138090694   -0.0190406062477868   0.0196712769283722   0
0.0309131068713451   0.112589737272364   -0.0284509115261657   -0.01310440081833   0
0.0887860676480269   0.107881526869803   0.0578729607766818   -0.00470821040256134   0
0.0758609507665835   0.109880914535235   -0.0129251168814434   0.0019993876654317   0
0.0420336951797008   0.108423064457891   -0.0338272555868827   -0.00145785007734353   0
0.0895664298456738   0.104975242463402   0.047532734665973   -0.00344782199448924   0
0.0592493517309683   0.115442015919725   -0.0303170781147055   0.010466773456323   0
0.0473371001785069   0.106859656226333   -0.0119122515524614   -0.00858235969339215   0
0.0924310744320329   0.0924944060964905   0.0450939742535259   -0.0143652501298422   0
0.0536729925537975   0.0965496177422391   -0.0387580818782354   0.00405521164574864   0
0.0491599578015482   0.0930036506666405   -0.00451303475224926   -0.00354596707559862   0
0.116611983896553   0.0786697871330538   0.067452026095005   -0.0143338635335867   0
0.0700525951351554   0.0745736809954424   -0.0465593887613978   -0.00409610613761147   0
0.0773023046100179   0.0935142184363025   0.00724970947486253   0.0189405374408601   0
0.089564062986334   0.0822661088514128   0.012261758376316   -0.0112481095848897   0
0.0773090944577674   0.0909530720611597   -0.0122549685285666   0.00868696320974685   0
0.067972921721153   0.0949965055401513   -0.00933617273661434   0.00404343347899165   0
0.0758937947905657   0.10828847736156   0.00792087306941267   0.0132919718214083   0
0.0909093631801477   0.0944971019746373   0.015015568389582   -0.0137913753869223   0
0.0610620998231546   0.105148571399116   -0.0298472633569931   0.0106514694244787   0
0.0572075780968745   0.102898626546531   -0.00385452172628008   -0.00224994485258478   0
0.115152160211305   0.0943045266259393   0.0579445821144302   -0.00859409992059192   0
0.0508372694426048   0.108909888023965   -0.0643148907687   0.0146053613980252   0
0.0859264172662284   0.107823037200324   0.0350891478236236   -0.00108685082364034   0
0.0619105905549285   0.104905059905397   -0.0240158267113   -0.0029179772949269   0
0.0798560096357187   0.111343393430425   0.0179454190807902   0.00643833352502808   0
0.0722842803392612   0.119036938045938   -0.00757172929645754   0.00769354461551268   0
0.0557139369124997   0.111538629150185   -0.0165703434267614   -0.00749830889575308   0
0.101746393128504   0.106663672717859   0.0460324562160038   -0.00487495643232617   0
0.0607981738033306   0.117616147361629   -0.0409482193251729   0.0109524746437705   0
0.0569073510136116   0.122229604512788   -0.00389082278971904   0.00461345715115846   0
0.0794819597354645   0.112833131857203   0.0225746087218529   -0.00939647265558459   0
0.062986474586057   0.115409985818126   -0.0164954851494075   0.00257685396092265   0
0.0721805297770805   0.111161988315937   0.0091940551910235   -0.00424799750218888   0
0.0614102110399403   0.107375460847405   -0.0107703187371402   -0.00378652746853242   0
0.0984153833116551   0.105480745877826   0.0370051722717148   -0.00189471496957855   0
0.070478912756228   0.112868669508515   -0.0279364705554271   0.00738792363068953   0
0.0579904081732488   0.122072147151899   -0.0124885045829792   0.00920347764338397   0
0.0923521064628198   0.11205515611141   0.034361698289571   -0.0100169910404893   0
0.0612047819135891   0.119383710804081   -0.0311473245492307   0.00732855469267107   0
0.0672145340600893   0.12586008412822   0.0060097521465002   0.00647637332413831   0
0.0865264147648566   0.117702194226212   0.0193118807047674   -0.00815788990200725   0
0.076833169465993   0.110425135123576   -0.00969324529886362   -0.00727705910263636   0
0.0699496229500202   0.128691837240168   -0.00688354651597277   0.0182667021165925   0
0.0465859311994609   0.126647007941769   -0.0233636917505594   -0.00204482929839941   0
0.0829421428279376   0.108982686892231   0.0363562116284767   -0.0176643210495382   0
0.0721341235481516   0.131293843294354   -0.010808019279786   0.0223111564021237   0
0.063070137741248   0.137368908296383   -0.00906398580690357   0.00607506500202828   0
0.0948917674317957   0.109323919044793   0.0318216296905477   -0.0280449892515895   0
0.053471292254723   0.136200695094592   -0.0414204751770727   0.0268767760497987   0
0.0595790981391494   0.137430465404227   0.00610780588442644   0.00122977030963528   0
0.0809348985333892   0.111649444167459   0.0213558003942397   -0.0257810212367684   0
0.0586923797535932   0.118306866228899   -0.0222425187797959   0.00665742206143977   0
0.08051368832652   0.121659096461187   0.0218213085729267   0.00335223023228882   0
0.0502125735332058   0.117020185867108   -0.0303011147933142   -0.00463891059407941   0
0.0967351403778379   0.0932951605800644   0.0465225668446321   -0.0237250252870436   0
0.0644970063091179   0.112796595588741   -0.0322381340687199   0.0195014350086767   0
0.0644518450082083   0.114244874527525   -4.51613009096602e-05   0.00144827893878419   0
0.0587799393032181   0.120248153329282   -0.00567190570499021   0.00600327880175668   0
0.120122884352691   0.112155203066198   0.0613429450494731   -0.00809295026308443   0
0.0446326768148629   0.12025600739776   -0.0754902075378282   0.00810080433156204   0
0.0855674662973116   0.124020456701344   0.0409347894824487   0.00376444930358467   0
0.0697665338529871   0.12626748839738   -0.0158009324443245   0.0022470316960358   0
0.0787395695211753   0.144581048743118   0.00897303566818818   0.0183135603457384   0
0.0873387002862419   0.133768274924999   0.00859913076506663   -0.0108127738181199   0
0.0590153280564465   0.15467463809514   -0.0283233722297954   0.0209063631701413   0
0.0912854524560732   0.129794926157574   0.0322701243996267   -0.0248797119375662   0
0.0615967670050142   0.143569382222186   -0.029688685451059   0.0137744560646119   0
0.066171401713429   0.154138942112822   0.00457463470841488   0.0105695598906368   0
0.0938698039702332   0.131803887800294   0.0276984022568041   -0.0223350543125283   0
0.0764446387555072   0.146939201587162   -0.0174251652147259   0.0151353137868675   0
0.0624477791843713   0.141844050060938   -0.0139968595711359   -0.00509515152622311   0
0.0793556923231724   0.126587096617546   0.0169079131388011   -0.0152569534433921   0
0.0883816904581486   0.149138449955075   0.00902599813497623   0.022551353337529   0
0.0861042497666201   0.145218335699525   -0.00227744069152852   -0.00392011425555008   0
0.0858905711873545   0.13639528140032   -0.000213678579265658   -0.00882305429920516   0
0.0523751630568066   0.157246007736802   -0.0335154081305478   0.0208507263364823   0
0.0775897694484266   0.1545254053393   0.02521460639162   -0.00272060239750224   0
0.0722199478382732   0.15217403246764   -0.00536982161015342   -0.00235137287165962   0
0.105558089118456   0.149071543469143   0.0333381412801833   -0.00310248899849777   0
0.0784482640104292   0.160847813727829   -0.0271098251080273   0.0117762702586867   0
0.0747587170428305   0.165311651277708   -0.00368954696759867   0.0044638375498785   0
0.0826278872032203   0.155636769959006   0.00786917016038979   -0.00967488131870206   0
0.0801641950013321   0.154553336564598   -0.00246369220188822   -0.0010834333944075   0
0.110261588648903   0.167593779298159   0.0300973936475714   0.0130404427335606   0
0.07419122766399   0.160430839017043   -0.0360703609849134   -0.0071629402811155   0
0.0939473496519194   0.149354300568388   0.0197561219879294   -0.011076538448655   0
0.103947849441679   0.164461490204394   0.0100004997897598   0.0151071896360057   0
0.0873386738567744   0.173514454693874   -0.0166091755849048   0.00905296448948006   0
0.0949879068533463   0.154390872296584   0.00764923299657197   -0.0191235823972905   0
0.086047644639191   0.169781502317685   -0.0089402622141553   0.0153906300211011   0
0.0957007991409685   0.168437602065394   0.00965315450177749   -0.00134390025229081   0
0.105318642838103   0.149956578376042   0.00961784369713495   -0.018481023689352   0
0.0721769976975913   0.152881540001565   -0.0331416451405122   0.00292496162552269   0
0.109966043752952   0.165274820742604   0.0377890460553605   0.0123932807410397   0
0.0793837289140218   0.16384925192848   -0.03058231483893   -0.00142556881412439   0
0.0866971381002856   0.155312331109767   0.00731340918626386   -0.00853692081871263   0
0.115159441917559   0.173896514704867   0.0284623038172732   0.0185841835950996   0
0.0790431795248015   0.176772475377956   -0.0361162623927573   0.00287596067308887   0
0.0846705493756832   0.16029624253713   0.00562736985088165   -0.0164762328408255   0
0.106078097318308   0.163204755345348   0.0214075479426252   0.00290851280821802   0
0.0934191363900352   0.173263930961618   -0.0126589609282731   0.0100591756162701   0
0.0899771383438037   0.143690625171834   -0.00344199804623146   -0.0295733057897845   0
0.0894098771268007   0.158982150414921   -0.000567261217003026   0.0152915252430868   0
0.0809810701352291   0.173336321398849   -0.0084288069915716   0.0143541709839279   0
0.101462687655019   0.159452810792096   0.0204816175197901   -0.0138835106067526   0
0.0778697285776244   0.161514110381454   -0.0235929590773948   0.00206129958935788   0
0.0883622903566335   0.176474383104702   0.010492561779009   0.0149602727232477   0
0.0997325284185155   0.158735728184458   0.011370238061882   -0.017738654920244   0
0.0821811802179904   0.165224321988509   -0.0175513482005251   0.00648859380405142   0
0.103579209775432   0.172471925614903   0.0213980295574414   0.00724760362639357   0
0.0778331544264396   0.162078974603432   -0.0257460553489921   -0.0103929510114704   0
0.0739448058045465   0.157974479952459   -0.00388834862189311   -0.00410449465097276   0
0.1111558844804   0.192073563263532   0.0372110786758533   0.0340990833110725   0
0.0862988778564936   0.177892231174523   -0.0248570066239063   -0.0141813320890087   0
0.0746722218724614   0.173674658232714   -0.0116266559840322   -0.00421757294180922   0
0.101125897976582   0.179006861927134   0.0264536761041203   0.00533220369441997   0
0.0843381602918869   0.168325836656357   -0.0167877376846948   -0.0106810252707772   0
0.115967152689587   0.181306775331894   0.0316289923977002   0.0129809386755376   0
0.0845518992126138   0.179096383394529   -0.0314152534769733   -0.00221039193736561   0
0.0908968422488372   0.163102252836411   0.0063449430362234   -0.0159941305581178   0
0.108092866006548   0.181121755885544   0.0171960237577111   0.0180195030491329   0
0.0961602717731704   0.174551310486745   -0.0119325942333778   -0.00657044539879895   0
0.0992399062733838   0.160312449667992   0.0030796345002134   -0.0142388608187527   0
0.103628345591054   0.173642596197484   0.00438843931767009   0.013330146529492   0
0.0944111485329863   0.179527663144326   -0.00921719705806766   0.00588506694684165   0
0.0996264141908159   0.166706175296118   0.00521526565782963   -0.0128214878482078   0
0.0988763247294316   0.185684053850216   -0.000750089461384329   0.0189778785540983   0
0.0928039643195268   0.184699807171834   -0.00607236040990478   -0.000984246678382678   0
0.118314696579039   0.174964357673927   0.025510732259512   -0.0097354494979062   0
0.0963491380966638   0.173782212854919   -0.0219655584823749   -0.001182144819008   0
0.109372737205073   0.171862765179263   0.0130235991084094   -0.00191944767565633   0
0.110549631929328   0.174346997396148   0.00117689472425525   0.00248423221688512   0
0.098518685314462   0.181230896767142   -0.0120309466148664   0.0068838993709939   0
0.124672398932643   0.195342368625735   0.0261537136181806   0.0141114718585929   0
0.110699016023676   0.18218413183456   -0.013973382908967   -0.0131582367911745   0
0.095472560911012   0.174282455975752   -0.0152264551126636   -0.00790167585880824   0
0.117789678506182   0.199657066742734   0.0223171175951695   0.0253746107669817   0
0.0920855653804922   0.192109947270599   -0.0257041131256893   -0.00754711947213446   0
0.10169016812362   0.183707958555318   0.00960460274312733   -0.00840198871528131   0
0.115782825592799   0.196240672511307   0.0140926574691794   0.0125327139559888   0
0.102464983625725   0.187701169003445   -0.0133178419670744   -0.0085395035078614   0
0.104735449958216   0.195424314322227   0.00227046633249162   0.00772314531878132   0
0.138329228911933   0.19613035568293   0.033593778953717   0.000706041360702847   0
0.0974625970273212   0.196065213511506   -0.040866631884612   -6.51421714235323e-05   0
0.0944635388684338   0.203683975720968   -0.00299905815888739   0.00761876220946214   0
0.129652425698133   0.206464084398625   0.0351888868296996   0.00278010867765657   0
0.099370163329591   0.209640313838226   -0.0302822623685424   0.00317622943960141   0
0.102655262284113   0.19073550970499   0.00328509895452182   -0.0189048041332359   0
0.110490310398559   0.203664913937852   0.00783504811444651   0.0129294042328612   0
0.0984509587737468   0.20564684079144   -0.0120393516248125   0.00198192685358872   0
0.127199398520708   0.195699253387692   0.0287484397469616   -0.00994758740374854   0
0.107287964931161   0.216065539738525   -0.0199114335895476   0.0203662863508329   0
0.107841227820811   0.203233375562431   0.000553262889649866   -0.012832164176094   0
0.109010061271884   0.204685729239974   0.00116883345107373   0.00145235367754346   0
0.138272443233422   0.213775757744535   0.0292623819615379   0.00909002850456056   0
0.109179999486628   0.203204397751845   -0.0290924437467947   -0.0105713599926898   0
0.125962046034431   0.193683810338526   0.0167820465478029   -0.00952058741331924   0
0.106128880824496   0.20822131704571   -0.0198331652099348   0.0145375067071841   0
0.129338210209551   0.224566423603908   0.0232093293850553   0.0163451065581985   0
0.106041471595268   0.20476194981368   -0.0232967386142831   -0.0198044737902283   0
0.1559828060281   0.1879927696216   0.0499413344328326   -0.0167691801920799   0
0.125837306671631   0.20917109210106   -0.0301454993564698   0.0211783224794596   0
0.142705378035549   0.233313565925237   0.0168680713639182   0.0241424738241775   0
0.132336920866023   0.227185351592593   -0.010368457169526   -0.00612821433264438   0
0.168002474127794   0.211195004754492   0.0356655532617709   -0.0159903468381005   0
0.140423076771626   0.228394443558047   -0.0275793973561676   0.017199438803555   0
0.15935854806533   0.266303655561654   0.0189354712937036   0.0379092120036067   0
0.149175160584941   0.265016519281818   -0.0101833874803889   -0.00128713627983623   0
0.150924237491862   0.2279167442346   0.00174907690692125   -0.0370997750472178   0
0.167172935764764   0.232676545489527   0.0162486982729021   0.00475980125492734   0
0.149271221962842   0.24934627960116   -0.0179017138019224   0.0166697341116331   0
0.170480392348094   0.22920721923022   0.0212091703852519   -0.0201390603709406   0
0.148208676303953   0.258140181416997   -0.0222717160441405   0.0289329621867771   0
0.142578219790998   0.266678232253666   -0.00563045651295577   0.00853805083666881   0
0.180618265970555   0.235221669393999   0.0380400461795571   -0.0314565628596661   0
0.16568470320283   0.243839266048867   -0.0149335627677242   0.00861759665486722   0
0.148908372226984   0.244886673652324   -0.0167763309758464   0.00104740760345762   0
0.173930164995868   0.234441456441027   0.0250217927688844   -0.0104452172112972   0
0.154738798703396   0.244460414678819   -0.0191913662924728   0.0100189582377916   0
0.150508706351227   0.244460414678819   -0.00423009235216823   0   0
0.174386269291736   0.236120316535744   0.023877562940509   -0.0083400981430746   0
0.14209591883981   0.250916932251896   -0.0322903504519259   0.0147966157161517   0
0.159622598667137   0.259039050377062   0.0175266798273269   0.00812211812516606   0
0.154823428240076   0.243793795681412   -0.00479917042706124   -0.01524525469565   0
0.148640702996218   0.226635700908176   -0.00618272524385774   -0.0171580947732363   0
0.156734342857748   0.254972638262074   0.00809363986152931   0.0283369373538986   0
0.153637966813155   0.24054293961832   -0.00309637604459304   -0.0144296986437546   0
0.167537699115274   0.232798264700276   0.0138997323021191   -0.00774467491804304   0
0.163484690183301   0.248530043007123   -0.0040530089319725   0.0157317783068467   0
0.154345381683936   0.242871042692928   -0.00913930849936487   -0.00565900031419531   0
0.163187846148051   0.231940292380286   0.00884246446411474   -0.010930750312642   0
0.136874967420782   0.235936426946095   -0.0263128787272696   0.00399613456580908   0
0.142055978197118   0.231135271246212   0.00518101077633626   -0.00480115569988296   0
0.159284516020139   0.214874598979824   0.0172285378230215   -0.0162606722663884   0
0.138835902866227   0.223893490397337   -0.0204486131539123   0.00901889141751355   0
0.146935990459656   0.228370328765916   0.00810008759342865   0.00447683836857876   0
0.134640188284629   0.247049334911289   -0.0122958021750264   0.0186790061453726   0
0.148456589650477   0.228400830996496   0.0138164013658474   -0.0186485039147924   0
0.153577637364592   0.218256068205795   0.00512104771411495   -0.0101447627907015   0
0.135078718417114   0.222954796065867   -0.0184989189474775   0.00469872786007267   0
0.151714792489757   0.220854450590202   0.0166360740726428   -0.00210034547566529   0
0.140031535200468   0.22294216265077   -0.0116832572892886   0.00208771206056818   0
0.12567288101289   0.23556492035482   -0.0143586541875784   0.0126227577040494   0
0.156136553081109   0.22994149376268   0.0304636720682191   -0.00562342659213982   0
0.136456233210506   0.218525664586342   -0.0196803198706031   -0.0114158291763376   0
0.130430107403352   0.221059640452305   -0.00602612580715375   0.00253397586596316   0
0.160809949613511   0.223741354497716   0.0303798422101589   0.00268171404541043   0
0.140093934119397   0.22758438077456   -0.020716015494114   0.00384302627684446   0
0.152398032315053   0.256820229901   0.0123040981956561   0.0292358491264398   0
0.168472957941816   0.231360021350973   0.0160749256267627   -0.0254602085500274   0
0.175075898139783   0.233471016544881   0.00660294019796684   0.00211099519390814   0
0.175661972972411   0.247614793755144   0.000586074832628042   0.0141437772102632   0
0.169146896230702   0.247224800318132   -0.00651507674170848   -0.000389993437012459   0
