0.0832324436992871   0   0   0
0.102717853298404   -0.0534893379205344   0.0194854095991171   0
0.102236294318664   -0.00399473308622694   -0.000481558979740199   0
0.0947309962372929   0.0526126362461903   -0.00750529808137118   0
0.0823751687008439   -0.00158835982941162   -0.012355827536449   0
0.104242073172064   -0.0415944850929416   0.0218669044712203   0
0.0834997021946486   -0.00472904604186931   -0.0207423709774157   0
0.0976776919091304   0.0242616139164369   0.0141779897144818   0
0.092777508971477   -0.0355449638765445   -0.00490018293765339   0
0.0981531342652898   0.0417891212021975   0.00537562529381275   0
0.0932677317271895   -0.0565900695333977   -0.00488540253810023   0
0.0795815315525688   0.0370913512692236   -0.0136862001746208   0
0.0676210416556675   -0.032332910999761   -0.0119604898969012   0
0.0531148164006993   0.0572855471568278   -0.0145062252549682   0
0.054749627911521   -0.0789347776827441   0.00163481151082166   0
0.0377855262057114   0.0902259573809496   -0.0169641017058096   0
0.0474142858363648   -0.0489967098391362   0.00962875963065341   0
0.0357816970990757   0.0413760097380988   -0.0116325887372891   0
0.0508300243387705   -0.0779396160002973   0.0150483272396948   0
0.0178922985559179   0.0818411629656828   -0.0329377257828526   0
0.0401465362417793   -0.0854301080625638   0.0222542376858615   0
0.0262212440671915   0.0868753477308209   -0.0139252921745878   0
0.0363577356220791   -0.0554167445163807   0.0101364915548876   0
0.0370518029853707   0.0304380027919231   0.000694067363291591   0
0.0395613472937917   -0.0185220666522923   0.002509544308421   0
0.0375368022251496   0.022312059157723   -0.00202454506864205   0
0.0296254313334   -0.0281030949785516   -0.00791137089174962   0
0.0296372774860057   0.0309714958840663   1.18461526056671e-05   0
0.0420565056256758   -0.0223404267356008   0.0124192281396701   0
0.033714489821804   0.00858076741437573   -0.0083420158038718   0
0.0459186384002183   0.0217622787381641   0.0122041485784143   0
0.0196458168224663   -0.0370056180553515   -0.026272821577752   0
0.0490102166327848   0.0695877417507909   0.0293643998103185   0
0.0447059026814413   -0.099960600769495   -0.00430431395134356   0
0.0403994352032921   0.0752441317361338   -0.00430646747814915   0
0.0533898984240699   -0.0712856074696898   0.0129904632207777   0
0.0469796746370704   0.0929835836618897   -0.00641022378699944   0
0.0439217086955016   -0.0943491226258554   -0.00305796594156885   0
0.0467394482458341   0.0804934987169224   0.00281773955033247   0
0.0548579726144022   -0.0525691457888098   0.00811852436856813   0
0.0597370535797791   0.0128613642890142   0.00487908096537693   0
0.0801298716182205   0.0654996724240847   0.0203928180384414   0
0.0516159778056371   -0.0965231463529333   -0.0285138938125834   0
0.0478614526274645   0.0165596880541861   -0.00375452517817267   0
0.0468940786348511   0.033269102483694   -0.000967373992613353   0
0.0373816466904884   -0.0239061038482544   -0.00951243194436275   0
0.0549213119949806   0.0579214203378183   0.0175396653044922   0
0.0253132256313276   -0.0607717590305088   -0.029608086363653   0
0.0453960987917018   0.0461899827535914   0.0200828731603742   0
0.0554111144601198   -0.0556118630550526   0.010015015668418   0
0.0568527366451255   0.0675694852143265   0.00144162218500572   0
0.0834320500431938   -0.0756783410305426   0.0265793133980683   0
0.079347412341629   0.0790517375401724   -0.00408463770156482   0
0.0829035796347178   -0.095765609240237   0.0035561672930888   0
0.0650250145917707   0.103998348574074   -0.0178785650429471   0
0.0753806552625573   -0.0762617280881077   0.0103556406707865   0
0.0728083224446904   0.0543921506370404   -0.0025723328178669   0
0.083566114637932   -0.0467762534894068   0.0107577921932417   0
0.0629497504668009   0.0675329488517051   -0.0206163641711311   0
0.0860037925016827   -0.0904720291476905   0.0230540420348818   0
0.068874568437559   0.082904570945829   -0.0171292240641237   0
0.0880899126209692   -0.0671422018777782   0.0192153441834102   0
0.0885798276210159   0.0870002913519172   0.000489915000046692   0
0.0993161251282993   -0.109254170402681   0.0107362975072833   0
0.10160348673285   0.112905175116807   0.00228736160455109   0
0.0983880674230874   -0.0945588737884233   -0.00321541930976292   0
0.105496612166647   0.0504764465106977   0.00710854474355987   0
0.0997786859905461   -0.0095900569276926   -0.00571792617610124   0
0.107098061715654   -0.0537743540641419   0.00731937572510775   0
0.128807819104665   0.143678810603882   0.0217097573890108   0
0.1151157531205   -0.14434321632416   -0.0136920659841642   0
0.131625121919222   0.0979869095326366   0.0165093687987214   0
0.113192744531539   -0.0297182886414613   -0.0184323773876829   0
0.121801436683359   -0.0243928144380844   0.00860869215181977   0
0.148675451062036   0.0854968562793972   0.0268740143786778   0
0.127485976843651   -0.0720994500693849   -0.0211894742183851   0
0.134347037311025   0.0470645039435044   0.00686106046737389   0
0.126849216419545   -0.0957694265622749   -0.00749782089148046   0
0.14490490308906   0.139113965711759   0.0180556866695157   0
0.117184530811718   -0.097799084540811   -0.0277203722773424   0
0.131887158345686   0.0334228099324997   0.0147026275339678   0
0.119307453298861   0.000569849536718847   -0.0125797050468244   0
0.11975801636973   -0.0413056816277393   0.000450563070868493   0
0.117896170208112   0.0731444801567982   -0.00186184616161843   0
0.119530385893347   -0.086827799454404   0.00163421568523571   0
0.133699128590475   0.110399475162182   0.0141687426971283   0
0.119091095025835   -0.105695720673536   -0.0146080335646403   0
0.12322811655362   0.0511808430552438   0.00413702152778461   0
0.119784225868027   -0.0228245007786999   -0.00344389068559281   0
0.115645066799064   -0.00497749079638797   -0.00413915906896285   0
0.127498337817999   -0.0046279897406223   0.0118532710189345   0
0.132489911482573   0.0639627103641148   0.00499157366457426   0
0.127647220393993   -0.075493328708116   -0.00484269108858038   0
0.130939159607058   0.0626630723872387   0.00329193921306506   0
0.115104455293453   -0.0381767613918358   -0.0158347043136047   0
0.110552944584258   -0.0198680977266834   -0.004551510709195   0
0.116680937689078   0.085544859021334   0.00612799310482007   0
0.113012124548928   -0.0779240929686443   -0.00366881314014961   0
0.103464195607708   0.0228679297345827   -0.00954792894122068   0
0.132469495934913   0.0343346312194923   0.0290053003272056   0
0.126087554780408   -0.0613559965630333   -0.00638194115450486   0
0.126387557790809   0.102533818170338   0.000300003010400229   0
0.113886822172289   -0.0948823290854936   -0.01250073561852   0
0.120558279766323   0.0536537418958949   0.0066714575940343   0
0.107692828078858   -0.02514431066973   -0.0128654516874648   0
0.119121820685129   0.0136194913004512   0.0114289926062707   0
0.121503455725557   -0.0211099940533692   0.00238163504042858   0
0.130640506157174   0.0629484510873352   0.00913705043161608   0
0.12112109523222   -0.0948909996401142   -0.00951941092495354   0
0.129793211453729   0.0864594782598523   0.00867211622150935   0
0.13563568716327   -0.0708431448164955   0.00584247570954086   0
0.134195068242102   0.0714353320170506   -0.0014406189211679   0
0.134440483748395   -0.0779437657077388   0.00024541550629284   0
0.148437894060959   0.0952066247361452   0.0139974103125639   0
0.138116143786679   -0.0917050636260818   -0.0103217502742803   0
0.164258515095299   0.129292460468509   0.0261423713086201   0
0.147741532204294   -0.144894348198677   -0.0165169828910046   0
0.154395604128655   0.101410322138366   0.00665407192436129   0
0.147720104804627   -0.0771953271286407   -0.00667549932402844   0
0.151822293886833   0.0433067150731678   0.00410218908220633   0
0.164245997344106   -0.0233356867577672   0.0124237034572724   0
0.169251465697501   0.00687152955236364   0.00500546835339569   0
0.167715674339796   -0.0312169117935236   -0.00153579135770546   0
0.178087946651339   0.0780150100233957   0.0103722723115425   0
0.176077849061324   -0.0937410179688029   -0.00201009759001419   0
0.175588216396517   0.07136213978794   -0.00048963266480756   0
0.169406901596637   -0.0795795895112665   -0.00618131479988021   0
0.189828342329327   0.116011765301177   0.02042144073269   0
0.181354207274059   -0.116044653395195   -0.00847413505526715   0
0.194108951357865   0.0824170838264587   0.0127547440838056   0
0.191729859563534   -0.0754475995784352   -0.00237909179433096   0
0.1879161194689   0.0781458115381417   -0.00381374009463376   0
0.192420464302137   -0.0887960687715808   0.00450434483323675   0
0.201691378365096   0.110214298509094   0.00927091406295941   0
0.205234119894969   -0.0986561876205267   0.00354274152987255   0
0.201062146080783   0.0983204302474801   -0.0041719738141863   0
0.201530882449818   -0.108210032681489   0.000468736369035633   0
0.218000336892263   0.142830980806696   0.0164694544424443   0
0.204450808382701   -0.106190038473382   -0.0135495285095614   0
0.206355879476749   0.0352830081992587   0.00190507109404767   0
0.205658766936526   -0.0292457965622165   -0.00069711254022245   0
0.210515169537144   0.0391859959140052   0.00485640260061762   0
0.211444283833833   -0.032052493749404   0.000929114296688849   0
0.223256678778603   0.029432896218236   0.0118123949447705   0
0.216023617674093   -0.0310729420080655   -0.00723306110451086   0
0.219880884101489   0.0143229861014322   0.00385726642739656   0
0.220040624020322   -0.00539958589112255   0.000159739918832391   0
0.247522056029867   0.0518223431913551   0.0274814320095453   0
0.223743199758121   -0.0707427536308984   -0.0237788562717456   0
0.258668475589532   0.0907154505571225   0.0349252758314112   0
0.237712756324208   -0.086800938263431   -0.0209557192653239   0
0.272002625647718   0.0839430896300015   0.0342898693235093   0
0.254452585562129   -0.0377690796522424   -0.0175500400855889   0
0.257249004861054   0.0166232102385062   0.00279641929892499   0
0.259294777219389   -0.0170277716808718   0.00204577235833503   0
0.263198653883341   -0.0283064840279875   0.0039038766639517   0
0.260013874270206   0.0240042026228598   -0.00318477961313457   0
0.268366983563687   0.0189830829613893   0.00835310929348143   0
0.260722508367138   -0.0345411061686536   -0.00764447519654915   0
0.287378947741919   0.0617253311128623   0.0266564393747806   0
0.263220628185278   -0.0849949702304824   -0.0241583195566406   0
0.288489897395476   0.11146936215832   0.0252692692101982   0
0.255741587897339   -0.105245184536012   -0.0327483094981372   0
0.273396052210232   0.0719055452620293   0.017654464312893   0
0.292069528888825   -0.00340998627326358   0.0186734766785925   0
0.2711086074565   -0.0635205079489614   -0.0209609214323249   0
0.322919426508382   0.129108525699324   0.0518108190518825   0
0.263603759704793   -0.107823843081417   -0.0593156668035888   0
0.295868301180191   0.0741716433154782   0.032264541475398   0
0.284095056587144   -0.0651139315818952   -0.0117732445930476   0
0.31162669033783   0.0825412046067608   0.0275316337506864   0
0.283190273756957   -0.110964902257727   -0.0284364165808738   0
0.33298289721396   0.109222267604129   0.0497926234570031   0
0.288532448890073   -0.120061027357474   -0.0444504483238868   0
0.322225676656133   0.118863197097419   0.0336932277660598   0
0.295694218020073   -0.105845313389307   -0.0265314586360596   0
0.331047196071047   0.111928822131415   0.0353529780509744   0
0.295057765402391   -0.145600562666532   -0.0359894306686563   0
0.323410750398008   0.112830873484999   0.0283529849956167   0
0.311132993541753   -0.107462420638649   -0.0122777568562548   0
0.33485171199391   0.110919856434052   0.0237187184521571   0
0.314521068618626   -0.091957322320643   -0.020330643375284   0
0.337172728370048   0.0913348741245278   0.0226516597514224   0
0.319576425310523   -0.0921292674161336   -0.0175963030595251   0
0.341458133763134   0.0742915880469211   0.0218817084526109   0
0.328851004198714   -0.0581076738647241   -0.0126071295644204   0
0.331974427245537   0.0810164575928826   0.00312342304682345   0
0.30814114223964   -0.0930084959565494   -0.0238332850058973   0
0.327311365817687   0.0721124104977237   0.0191702235780474   0
0.349460003319035   0.0280187497635874   0.0221486375013477   0
0.32309918258524   -0.0971102919677378   -0.0263608207337954   0
0.341666155432496   0.100287203685631   0.0185669728472563   0
0.341571782895781   -0.0600332508329597   -9.43725367150705e-05   0
0.341361153316034   0.0420149370288482   -0.000210629579747434   0
0.34011596431973   -0.0448389170217397   -0.00124518899630327   0
0.347987058088821   0.0586430515975396   0.00787109376909079   0
0.335528112536357   -0.0789589026187965   -0.0124589455524644   0
0.35918413539955   0.0983940223379473   0.0236560228631937   0
0.335779547181722   -0.0972607955581604   -0.023404588217828   0
0.362729230116312   0.0975943164947751   0.0269496829345898   0
0.333379920078388   -0.133188981728586   -0.0293493100379239   0
0.392581280283638   0.177893029561731   0.0592013602052494   0
0.348245649123216   -0.156272041052596   -0.0443356311604217   0
0.393136145950751   0.154142400138158   0.0448904968275349   0
0.347505446303094   -0.129491338172538   -0.0456306996476569   0
0.392135598966381   0.122543692929444   0.0446301526632872   0
0.358788624490187   -0.0840058157344092   -0.0333469744761946   0
0.39286480580379   0.0858976177189768   0.0340761813136039   0
0.368520349248997   -0.104759026964998   -0.0243444565547937   0
0.402808375784705   0.11553152839901   0.0342880265357087   0
0.363218101766693   -0.164237282133459   -0.0395902740180121   0
0.410510479489078   0.149990010816913   0.0472923777223844   0
0.381471655049559   -0.148723587111495   -0.0290388244395183   0
0.428493401956906   0.158947003912887   0.0470217469073465   0
0.389050994188554   -0.168541486416144   -0.0394424077683516   0
0.430627867929155   0.158950352807781   0.0415768737406009   0
0.401547484310698   -0.158648662650625   -0.0290803836184575   0
0.441819788065906   0.149412421638191   0.0402723037552087   0
0.413114284099146   -0.18380616281496   -0.0287055039667604   0
0.466604542847209   0.150311753103664   0.0534902587480625   0
0.439964625870365   -0.112022207193026   -0.0266399169768439   0
0.472945471230257   0.132897059999582   0.0329808453598925   0
0.449699084485948   -0.130712611188683   -0.023246386744309   0
0.475915214792246   0.150296986694135   0.0262161303062982   0
0.457050477181132   -0.126130061703334   -0.0188647376111149   0
0.46590001566009   0.113533709066449   0.00884953847895886   0
0.469744493212267   -0.0634259013553467   0.00384447755217709   0
0.467280406221735   0.0258901752494763   -0.00246408699053219   0
0.48062976218447   0.0157246099964299   0.0133493559627345   0
0.484354199559837   0.017834461871714   0.00372443737536687   0
0.493884504136848   0.00510079341611103   0.00953030457701121   0
0.489378043313653   -0.0343591726905431   -0.00450646082319456   0
0.509724143877353   0.0664547945100272   0.0203461005636993   0
0.486232852656523   -0.0388299393141941   -0.0234912912208295   0
0.510264406670454   0.025094879046216   0.0240315540139305   0
0.523731597601768   0.0149649720145091   0.0134671909313142   0
0.493329464887817   -0.0626601286434825   -0.0304021327139506   0
0.513788186734144   0.0879525432629594   0.0204587218463272   0
0.4809954640467   -0.106113055854577   -0.0327927226874447   0
0.522139397579803   0.110668227701721   0.0411439335331037   0
0.489877446976537   -0.104878942768474   -0.0322619506032663   0
0.527047429211784   0.136894631130563   0.0371699822352464   0
0.493687007997223   -0.135160069652941   -0.0333604212145607   0
0.52509092174094   0.10911348486288   0.0314039137437172   0
0.514543241226138   -0.0688336030587575   -0.0105476805148017   0
0.509554880554097   0.018472149154611   -0.00498836067204145   0
0.514840800357499   0.00752202637866001   0.00528591980340187   0
0.503009618280307   -0.0377025647209936   -0.011831182077192   0
0.533310866813625   0.0729811468795908   0.0303012485333182   0
0.504680961854616   -0.102535306158029   -0.0286299049590094   0
0.533607762766576   0.113291361553446   0.0289268009119601   0
0.51026526066498   -0.0744500165571115   -0.0233425021015956   0
0.533921252596766   0.0711626246982484   0.0236559919317864   0
0.494961870227647   -0.105335257375988   -0.0389593823691195   0
0.531084341722433   0.140344562792507   0.0361224714947861   0
0.497685566649767   -0.138123650290074   -0.0333987750726658   0
0.533985894314166   0.144325328613221   0.0363003276643992   0
0.488425009323591   -0.13062667619328   -0.0455608849905754   0
0.531035355407246   0.113970600134598   0.042610346083655   0
0.473558710980223   -0.144453206716147   -0.0574766444270236   0
