2.02630257932743e-08   0.00362073   0   0   0
0.0241227497945902   0.0237854190441329   0.0241227295315644   0.0201646890441329   0
0.238896976680735   0.0258744778838144   0.214774226886145   0.00208905883968149   0
0.642256282891838   0.113518680362705   0.403359306211103   0.0876442024788907   0
0.479878946664563   0.170734810118682   -0.162377336227275   0.0572161297559773   0
0.3219124407447   0.159536678073868   -0.157966505919862   -0.0111981320448143   0
0.267786915757454   0.154913966712923   -0.0541255249872456   -0.00462271136094541   0
0.219316589327164   0.145756332746583   -0.0484703264302902   -0.00915763396634003   0
0.438052287726945   0.171688404654595   0.218735698399781   0.0259320719080126   0
0.561942487366643   0.217183692624469   0.123890199639699   0.0454952879698743   0
0.281313854992835   0.17705619929761   -0.280628632373808   -0.0401274933268594   0
0.228223527860122   0.166468637772179   -0.0530903271327131   -0.0105875615254309   0
0.196628202049909   0.132559763266847   -0.0315953258102128   -0.0339088745053323   0
0.214078147849331   0.141445082711109   0.0174499457994216   0.00888531944426221   0
0.529901824520552   0.191275459315459   0.315823676671221   0.0498303766043504   0
0.745212390133849   0.216993597622148   0.215310565613297   0.0257181383066881   0
0.678201732928522   0.268017741507647   -0.0670106572053271   0.0510241438854996   0
0.393162974689746   0.218994675719251   -0.285038758238775   -0.049023065788396   0
0.342525686319549   0.17147578678199   -0.0506372883701968   -0.0475188889372612   0
0.266006393866028   0.159027069857383   -0.0765192924535216   -0.0124487169246069   0
0.256812581368242   0.149441100961048   -0.00919381249778572   -0.00958596889633559   0
0.537755436958856   0.183213135255152   0.280942855590614   0.0337720342941042   0
1.04009902998686   0.274757802485303   0.502343593028006   0.0915446672301508   0
1.19409148188832   0.358107664564918   0.153992451901461   0.0833498620796158   0
0.992281357719654   0.411441872392872   -0.201810124168669   0.0533342078279538   0
0.637611797956123   0.378513294421084   -0.354669559763531   -0.0329285779717876   0
0.543482828367889   0.352925627847784   -0.0941289695882344   -0.0255876665733005   0
0.51131122117591   0.314680846400365   -0.0321716071919791   -0.0382447814474191   0
0.521483036985068   0.295801418075539   0.0101718158091586   -0.0188794283248255   0
0.539094074897925   0.315757052023387   0.0176110379128571   0.0199556339478478   0
0.536767122472269   0.311886843733829   -0.00232695242565628   -0.00387020828955792   0
0.71664613663562   0.355384893603048   0.179879014163351   0.0434980498692192   0
1.24315165749517   0.430057406672644   0.526505520859554   0.0746725130695957   0
1.00862309083078   0.434352753546841   -0.234528566664392   0.00429534687419658   0
0.80173573170977   0.416838911952807   -0.206887359121012   -0.0175138415940336   0
0.710717618735106   0.409745366290456   -0.0910181129746634   -0.00709354566235121   0
0.803184146453956   0.402185494454984   0.0924665277188497   -0.00755987183547185   0
1.335337043088   0.49238219570662   0.532152896634047   0.0901967012516362   0
1.19470002835067   0.514721731602108   -0.140637014737334   0.0223395358954878   0
0.903285141312045   0.488141075299703   -0.291414887038625   -0.0265806563024054   0
0.776434727121089   0.449484378717715   -0.126850414190956   -0.038656696581988   0
0.865620262706898   0.459948288656725   0.0891855355858095   0.0104639099390103   0
1.23328694846739   0.493271803542583   0.367666685760489   0.0333235148858581   0
1.1912305008985   0.499866809436496   -0.0420564475688878   0.00659500589391321   0
0.93852132137733   0.495384727911045   -0.252709179521169   -0.00448208152545138   0
0.791175657205212   0.463467321289484   -0.147345664172118   -0.0319174066215607   0
0.876908244749546   0.442076590045775   0.0857325875443343   -0.0213907312437094   0
1.31598575454723   0.487440974635904   0.439077509797687   0.0453643845901293   0
1.21533886361304   0.51108328036461   -0.100646890934191   0.0236423057287056   0
0.927928696342154   0.492350918082063   -0.287410167270888   -0.0187323622825469   0
0.821715066478643   0.465430670134124   -0.106213629863512   -0.0269202479479385   0
0.922481657208646   0.45739724865728   0.100766590730004   -0.00803342147684372   0
1.18670034183134   0.505856598326294   0.26421868462269   0.048459349669014   0
0.865125360850253   0.477970505704327   -0.321574980981084   -0.0278860926219676   0
0.953379788475931   0.48752561265512   0.0882544276256779   0.00955510695079304   0
1.15373334753679   0.526162733843818   0.200353559060857   0.0386371211886976   0
0.895742378472561   0.513652755828536   -0.257990969064226   -0.0125099780152812   0
1.13252971255526   0.504844124146724   0.236787334082695   -0.00880863168181267   0
1.51832732411571   0.530275697284415   0.38579761156045   0.0254315731376915   0
1.51753416342832   0.549716068663863   -0.000793160687386329   0.0194403713794474   0
1.25550162852005   0.584040604888455   -0.262032534908268   0.0343245362245925   0
1.15225372363384   0.60530439625799   -0.103247904886215   0.0212637913695349   0
1.16624386757415   0.597774657633836   0.0139901439403181   -0.00752973862415385   0
1.37062652994054   0.561137270232046   0.204382662366384   -0.0366373874017899   0
1.15174345334811   0.582967297545703   -0.218883076592423   0.0218300273136566   0
1.10748305667983   0.541807432330934   -0.0442603966682884   -0.0411598652147686   0
1.08199158739921   0.562572968824643   -0.0254914692806174   0.0207655364937084   0
0.976029236026805   0.527825657036746   -0.105962351372404   -0.0347473117878968   0
1.25267134151347   0.53313278353085   0.276642105486667   0.00530712649410447   0
1.29091045389449   0.591371439526174   0.0382391123810231   0.0582386559953241   0
1.00295853245001   0.597210649890506   -0.287951921444483   0.00583921036433122   0
0.842075712156456   0.577549161271004   -0.160882820293555   -0.0196614886195018   0
0.723968955275494   0.52619509722868   -0.118106756880962   -0.0513540640423239   0
0.747642494506392   0.525263956779351   0.0236735392308977   -0.000931140449328849   0
1.1353728008147   0.601946512935743   0.387730306308305   0.0766825561563914   0
1.0703833483802   0.598453700205655   -0.0649894524344967   -0.0034928127300875   0
0.743253317385829   0.605023719024347   -0.327130030994371   0.00657001881869246   0
0.603720323624712   0.60403225925261   -0.139532993761118   -0.000991459771737202   0
0.53808354150682   0.62107765039194   -0.0656367821178917   0.0170453911393295   0
0.565797894679367   0.580683802087507   0.0277143531725467   -0.040393848304433   0
0.910188640304992   0.603579159957584   0.344390745625625   0.0228953578700773   0
0.895695454420753   0.664455774499141   -0.0144931858842385   0.0608766145415565   0
0.641860883723755   0.613160864693192   -0.253834570696998   -0.051294909805949   0
0.561949789962805   0.623743295992111   -0.0799110937609505   0.0105824312989198   0
0.558392301227794   0.660761636791288   -0.00355748873501072   0.0370183407991771   0
0.925828169049359   0.683903354522143   0.367435867821565   0.0231417177308547   0
1.07600840545968   0.728015097348333   0.150180236410324   0.0441117428261895   0
0.887166320232802   0.715455518679645   -0.188842085226882   -0.0125595786686873   0
0.71386062008121   0.691327309003008   -0.173305700151591   -0.0241282096766378   0
0.663370682630436   0.685166074806001   -0.0504899374507746   -0.00616123419700654   0
0.732106095497258   0.695118100411227   0.0687354128668222   0.0099520256052259   0
1.02040457358682   0.737126972626475   0.288298478089557   0.0420088722152484   0
1.02608399343924   0.769439762464426   0.00567941985242104   0.0323127898379508   0
0.755867988031541   0.711498638153519   -0.270216005407695   -0.0579411243109068   0
0.610705739217588   0.714305014384382   -0.145162248813954   0.00280637623086288   0
0.640362858055044   0.75438551894813   0.0296571188374565   0.0400805045637481   0
0.978579902895905   0.755727186015604   0.338217044840861   0.0013416670674733   0
1.04477515799437   0.751688857912982   0.0661952550984644   -0.00403832810262206   0
0.836643643047032   0.727860269093464   -0.208131514947338   -0.0238285888195175   0
0.687411371862009   0.725178761521771   -0.149232271185023   -0.00268150757169283   0
0.656550251912357   0.747790437023007   -0.0308611199496518   0.0226116755012358   0
0.633959682128162   0.749298039525703   -0.0225905697841953   0.00150760250269644   0
0.6652983427854   0.709379669772295   0.0313386606572383   -0.0399183697534086   0
0.859001448801106   0.752027252522307   0.193703106015706   0.0426475827500122   0
0.863794870850778   0.752239678182831   0.00479342204967204   0.000212425660524374   0
0.633591459424289   0.758066133687135   -0.230203411426489   0.0058264555043035   0
0.764077993258306   0.776805459342526   0.130486533834017   0.0187393256553909   0
1.04803155474971   0.798904421615386   0.283953561491402   0.02209896227286   0
0.878521823869413   0.799603016039201   -0.169509730880295   0.000698594423815591   0
0.649886920365382   0.774715002171147   -0.228634903504031   -0.0248880138680546   0
0.618465910091332   0.757228292558871   -0.0314210102740492   -0.0174867096122763   0
0.651315437220169   0.747169579789503   0.0328495271288365   -0.0100587127693675   0
0.988654894217107   0.782339872672517   0.337339456996938   0.035170292883014   0
1.13359715861945   0.825652667793813   0.144942264402342   0.0433127951212962   0
1.02613511021419   0.830825149200294   -0.107462048405259   0.00517248140648041   0
0.7709702439876   0.797504470488636   -0.255164866226591   -0.0333206787116573   0
0.617690053784388   0.773593138964312   -0.153280190203213   -0.0239113315243247   0
0.588119432857961   0.730866541851222   -0.0295706209264264   -0.0427265971130893   0
0.612640584595075   0.758224575854557   0.0245211517371133   0.0273580340033346   0
0.673740212382999   0.795441385031306   0.0610996277879242   0.0372168091767493   0
1.01176476227808   0.839406933219425   0.338024549895076   0.0439655481881187   0
1.00035106395517   0.856569378683367   -0.0114136983229007   0.0171624454639424   0
0.690999014501133   0.781015603568687   -0.309352049454041   -0.0755537751146804   0
0.623875356122904   0.770350092737498   -0.0671236583782295   -0.0106655108311884   0
0.585368654345644   0.742287727093893   -0.0385067017772601   -0.0280623656436059   0
0.572539496568577   0.726476242177878   -0.0128291577770663   -0.015811484916015   0
0.672205726680456   0.76924397057424   0.0996662301118788   0.0427677283963626   0
1.02703145915997   0.801367853149721   0.35482573247951   0.0321238825754805   0
1.29446349489224   0.893004917584989   0.267432035732276   0.0916370644352682   0
1.46124594357923   0.966293122842625   0.166782448686989   0.0732882052576365   0
1.13154900225058   0.94348523468243   -0.329696941328657   -0.0228078881601952   0
0.980361012652869   0.940568589709087   -0.151187989597706   -0.00291664497334354   0
0.813286739265654   0.884167315042058   -0.167074273387215   -0.0564012746670283   0
0.776852287453258   0.857598947789264   -0.0364344518123958   -0.0265683672527943   0
0.757657295930713   0.836443883648194   -0.0191949915225456   -0.0211550641410704   0
0.873456954063473   0.848753723684264   0.11579965813276   0.0123098400360708   0
1.21074935953341   0.897584517147167   0.337292405469936   0.0488307934629023   0
1.18309937134038   0.900560517452328   -0.0276499881930301   0.00297600030516143   0
0.930347512110335   0.873684096398156   -0.252751859230044   -0.026876421054172   0
0.750889109504712   0.865705675612966   -0.179458402605623   -0.00797842078518973   0
0.692571975525461   0.843155326027067   -0.0583171339792511   -0.0225503495858991   0
0.682221172097305   0.82681471372022   -0.0103508034281566   -0.0163406123068469   0
0.690279440376997   0.827022984154497   0.00805826827969236   0.000208270434277069   0
1.06335681950514   0.898940790489207   0.373077379128145   0.0719178063347093   0
1.26228107688682   1.02340828369726   0.198924257381683   0.124467493208053   0
1.00791516990866   0.998743951895106   -0.254365906978165   -0.0246643318021547   0
0.789924101801768   0.965969169676482   -0.21799106810689   -0.0327747822186234   0
0.730701579540663   0.962451432131123   -0.0592225222611054   -0.00351773754535878   0
0.708849675854345   0.934119634576262   -0.021851903686318   -0.028331797554861   0
0.746478960905825   0.931203543313147   0.0376292850514798   -0.00291609126311521   0
1.170145108755   0.971470723613333   0.423666147849175   0.0402671803001857   0
1.25601872541425   1.01831661196032   0.0858736166592553   0.0468458883469829   0
0.984420723376291   0.987693349226572   -0.271598002037964   -0.0306232627337438   0
0.866824154034998   0.971330713543828   -0.117596569341293   -0.0163626356827438   0
0.778881492716504   0.933275777816616   -0.0879426613184935   -0.0380549357272119   0
0.83169840510325   0.921806038463929   0.0528169123867458   -0.0114697393526874   0
1.23179733589811   0.975137119698091   0.400098930794864   0.0533310812341625   0
1.19757085182206   0.981918157725766   -0.0342264840760558   0.00678103802767471   0
0.996950242951819   0.964201345936755   -0.200620608870239   -0.017716811789011   0
0.878784557345485   0.970703865458977   -0.118165685606334   0.00650251952222181   0
0.805047314372826   0.938248902153801   -0.0737372429726586   -0.0324549633051762   0
0.79533066002752   0.930889732385442   -0.00971665434530644   -0.00735916976835882   0
1.11159918202538   0.967833341498423   0.316268521997858   0.0369436091129807   0
1.39668466204674   1.04249482857812   0.28508548002136   0.0746614870796966   0
1.37538020729214   1.06345191519539   -0.0213044547546013   0.0209570866172695   0
1.2203287866024   1.08234858838221   -0.155051420689735   0.0188966731868259   0
1.09515934607532   1.10949659018074   -0.125169440527078   0.0271480017985262   0
1.00818462856834   1.08237792862974   -0.0869747175069842   -0.027118661550998   0
1.0767825149742   1.10160227690943   0.0685978864058592   0.019224348279687   0
1.31019609446907   1.08583200544541   0.23341357949487   -0.0157702714640156   0
1.23515518938877   1.09589593100502   -0.0750409050803014   0.010063925559606   0
1.07202072712576   1.10861650133063   -0.163134462263004   0.0127205703256066   0
1.01412596203906   1.11044449559626   -0.0578947650867077   0.00182799426563651   0
1.08571329083004   1.09422286814199   0.0715873287909869   -0.0162216274542699   0
1.35293546400706   1.0960660767849   0.267222173177018   0.00184320864290566   0
1.28119389724585   1.08634423424461   -0.071741566761214   -0.00972184254029274   0
1.06276964583112   1.09620708782312   -0.218424251414728   0.00986285357851124   0
0.970508421521777   1.09607942808784   -0.0922612243093414   -0.000127659735274843   0
0.986696798900863   1.12679383185783   0.0161883773790864   0.0307144037699878   0
1.22603395635072   1.12101134052415   0.239337157449857   -0.00578249133368014   0
1.30323109602787   1.12674439667478   0.0771971396771483   0.00573305615063324   0
1.31902319618269   1.14297626218702   0.015792100154822   0.0162318655122315   0
1.1318510152953   1.15051703569764   -0.187172180887391   0.00754077351062721   0
0.95969907594894   1.19844451152536   -0.172151939346359   0.0479274758277179   0
0.894884318911109   1.0931041112997   -0.064814757037831   -0.105340400225658   0
0.807562369709585   1.20043212646089   -0.0873219492015247   0.107328015161186   0
0.749769151623858   1.22553565135898   -0.0577932180857265   0.0251035248980873   0
0.788902660843123   1.21811580201001   0.0391335092192651   -0.007419849348967   0
1.08762835012425   1.22147063733389   0.298725689281128   0.00335483532388503   0
1.03819642265517   1.24430800001562   -0.0494319274690773   0.0228373626817249   0
0.824730971661432   1.24856654380674   -0.213465450993741   0.00425854379111823   0
0.785033568627285   1.26181433684271   -0.0396974030341473   0.0132477930359753   0
0.756250660365523   1.23949306706597   -0.0287829082617616   -0.0223212697767432   0
0.792649267821929   1.23105594333465   0.0363986074564054   -0.00843712373132366   0
0.967210313565772   1.2280640330724   0.174561045743844   -0.00299191026224355   0
1.04570148943425   1.20936497368094   0.0784911758684733   -0.0186990593914658   0
0.89131719055564   1.21398031508967   -0.154384298878605   0.00461534140873265   0
0.692591299272702   1.23977230935988   -0.198725891282938   0.0257919942702085   0
0.681844871659173   1.25295068950999   -0.0107464276135293   0.0131783801501146   0
0.72224210930258   1.24330705474351   0.0403972376434071   -0.00964363476648189   0
0.974812871077316   1.22308036635093   0.252570761774736   -0.020226688392575   0
1.0332450390193   1.27691001190271   0.0584321679419866   0.0538296455517782   0
0.773807702273284   1.28001650501858   -0.259437336746018   0.00310649311586397   0
0.650173341186456   1.28239458110804   -0.123634361086828   0.00237807608945917   0
0.624266518850667   1.28298060445331   -0.0259068223357893   0.000586023345276132   0
0.789916997523037   1.29108216694867   0.16565047867237   0.00810156249535754   0
1.05409472026797   1.30127855361811   0.264177722744933   0.0101963866694401   0
1.0014324298966   1.32914594802996   -0.0526622903713694   0.0278673944118546   0
0.866668226210561   1.33562498479484   -0.13476420368604   0.00647903676487327   0
0.71736718258249   1.3681692146728   -0.149301043628071   0.0325442298779628   0
0.695152513490212   1.35507613947752   -0.0222146690922779   -0.0130930751952838   0
0.789997126247406   1.33665558854114   0.0948446127571936   -0.0184205509363808   0
0.930182592902598   1.33635143452209   0.140185466655192   -0.000304154019044933   0
0.804281783735377   1.3386541845415   -0.125900809167221   0.0023027500194106   0
0.742633881768325   1.35784912864255   -0.0616479019670524   0.0191949441010513   0
0.755464079749772   1.41774655128898   0.0128301979814476   0.0598974226464293   0
0.749195897009614   1.40323561044379   -0.00626818274015839   -0.0145109408451896   0
0.838064699194334   1.40825885836195   0.0888688021847205   0.00502324791815778   0
1.0104697196335   1.38573951029874   0.172405020439169   -0.0225193480632075   0
0.869503842765085   1.39344127835523   -0.140965876868418   0.00770176805648459   0
0.836439263856121   1.4136475922241   -0.0330645789089641   0.0202063138688744   0
1.01479996414736   1.38470859740388   0.178360700291242   -0.0289389948202254   0
0.880484676050208   1.40594977368902   -0.134315288097155   0.021241176285145   0
0.726680714104379   1.43139152834269   -0.153803961945829   0.0254417546536649   0
0.808274552110457   1.41615684457812   0.0815938380060782   -0.0152346837645652   0
0.994795676747587   1.39610188133618   0.18652112463713   -0.0200549632419447   0
0.95263427276237   1.41139269773116   -0.0421614039852169   0.0152908163949832   0
0.715578515410189   1.4216587095661   -0.237055757352181   0.0102660118349376   0
0.659530136857217   1.42314792416886   -0.0560483785529715   0.00148921460276452   0
0.748036987490091   1.42776076610287   0.0885068506328731   0.00461284193400346   0
1.0136694447029   1.4132226459112   0.265632457212811   -0.0145381201916663   0
0.84443770878028   1.43841738870466   -0.169231735922622   0.0251947427934638   0
0.828318916604016   1.45715193417041   -0.0161187921762648   0.0187345454657459   0
0.981328046372873   1.41980134913347   0.153009129768858   -0.0373505850369424   0
0.841738020972375   1.4182660026371   -0.139590025400499   -0.00153534649636899   0
0.797820146785026   1.42365483857542   -0.0439178741873488   0.00538883593832495   0
0.964336716936755   1.43440973313555   0.16651657015173   0.0107548945601281   0
1.0464601632499   1.42709198718319   0.0821234463131456   -0.00731774595236212   0
0.862827071692816   1.43483517965976   -0.183633091557085   0.00774319247657007   0
0.635284869881379   1.46756079292664   -0.227542201811438   0.032725613266879   0
0.672572809977039   1.49083424489755   0.0372879400956603   0.0232734519709137   0
0.598922462634956   1.58813492247353   -0.0736503473420832   0.0973006775759777   0
0.747895263626142   1.5793523395571   0.148972800991187   -0.00878258291642364   0
1.00116250463299   1.4787119938498   0.253267241006847   -0.100640345707305   0
1.1134031077421   1.55872930236459   0.112240603109116   0.0800173085147899   0
0.871571723281825   1.64224866611394   -0.24183138446028   0.0835193637493459   0
0.663588845491363   1.7139612080619   -0.207982877790462   0.0717125419479627   0
0.611666809073666   1.75103499802495   -0.0519220364176974   0.0370737899630555   0
0.898359332041561   1.66924038465952   0.286692522967896   -0.0817946133654375   0
0.864601942014134   1.67215128028006   -0.0337573900274276   0.00291089562054569   0
0.992075984527537   1.62336163833301   0.127474042513403   -0.048789641947047   0
0.938338394197578   1.62339672868372   -0.0537375903299582   3.50903507040368e-05   0
0.788913661296469   1.63930042636409   -0.149424732901109   0.0159036976803748   0
0.677525033421806   1.65772435039341   -0.111388627874663   0.0184239240293154   0
0.606303734708024   1.66157349908874   -0.0712212987137824   0.00384914869533115   0
0.821077316850399   1.616704382001   0.214773582142374   -0.044869117087736   0
0.93737724189242   1.52226222337029   0.116299925042021   -0.0944421586307096   0
0.746103386807492   1.57293075231086   -0.191273855084928   0.0506685289405659   0
0.58129217668312   1.58659962878366   -0.164811210124372   0.0136688764728035   0
0.557951222149817   1.58048402557717   -0.0233409545333032   -0.00611560320649818   0
0.526918986211182   1.5830404525343   -0.031032235938635   0.00255642695713365   0
0.611588431695008   1.61069658064034   0.0846694454838263   0.0276561281060452   0
0.929313457776223   1.59146068092374   0.317725026081215   -0.0192358997166062   0
0.850600107752027   1.61497470002513   -0.0787133500241958   0.0235140191013887   0
0.681335259562389   1.6406376004755   -0.169264848189638   0.0256629004503708   0
0.582215125040779   1.65606347966468   -0.0991201345216096   0.0154258791891826   0
0.592861652872245   1.62640313400284   0.0106465278314656   -0.0296603456618436   0
0.943143693167399   1.59665295873853   0.350282040295154   -0.0297501752643075   0
0.900356483481899   1.61234917666995   -0.0427872096855   0.0156962179314155   0
0.687206158495033   1.63131430712976   -0.213150324986866   0.0189651304598148   0
0.600444045230028   1.63762488921183   -0.0867621132650045   0.00631058208207147   0
0.732207971529783   1.6451388272307   0.131763926299755   0.00751393801886757   0
0.941481533878791   1.63168607823962   0.209273562349007   -0.0134527489910763   0
0.682402959432153   1.67020277772042   -0.259078574446638   0.0385166994807953   0
0.5730015729086   1.67414789051184   -0.109401386523552   0.00394511279142384   0
0.554108103928196   1.68894078854451   -0.0188934689804046   0.0147928980326648   0
0.825386279738893   1.64787881177212   0.271278175810697   -0.0410619767723852   0
0.831615388583575   1.64391908327276   0.00622910884468209   -0.00395972849936466   0
0.657803095177668   1.67741652951951   -0.173812293405907   0.033497446246757   0
0.771208650633621   1.6766168672676   0.113405555455953   -0.000799662251917521   0
1.68513942734198   1.87946945956519   0.913930776708354   0.202852592297589   1
1.64152784206361   2.07423730824368   -0.0436115852783689   0.194767848678493   0
1.48158405742624   2.13834852077069   -0.159943784637363   0.0641112125270165   0
1.36126881131545   2.16804752117576   -0.120315246110796   0.0296990004050688   0
1.05398612558538   2.1160565491535   -0.30728268573007   -0.0519909720222587   0
0.648946563904988   2.02567170927548   -0.40503956168039   -0.0903848398780203   0
0.423317626121143   2.08913299627435   -0.225628937783844   0.0634612869988671   0
0.347415790321583   2.01707988116299   -0.0759018357995604   -0.0720531151113626   0
0.680461814890446   2.0161230219932   0.333046024568864   -0.000956859169787272   0
0.688772610815064   2.09029969897411   0.00831079592461792   0.0741766769809074   0
0.425431478437186   2.18896740532837   -0.263341132377878   0.0986677063542567   0
0.487836173232367   2.17334186327031   0.062404694795181   -0.0156255420580576   0
0.417276605422542   2.16789827727715   -0.070559567809825   -0.00544358599315498   0
0.500455726671201   2.01834162042709   0.0831791212486591   -0.149556656850064   0
0.432077462883231   2.06116380646493   -0.06837826378797   0.0428221860378408   0
0.40114635975165   2.14084197687248   -0.0309311031315814   0.0796781704075449   0
0.515819799578302   2.12106586760925   0.114673439826653   -0.0197761092632205   0
0.298461458183481   2.07799263939012   -0.217358341394821   -0.0430732282191388   0
0.314062490145703   2.06019124417732   0.0156010319622219   -0.0178013952127971   0
0.230628735080258   2.08109987218619   -0.0834337550654449   0.0209086280088671   0
0.290835193193276   2.08154569902032   0.0602064581130173   0.000445826834135854   0
0.256758106197331   2.08638090668699   -0.0340770869959444   0.00483520766666379   0
0.261859147555494   2.11703902956343   0.00510104135816281   0.0306581228764493   0
0.498824061598937   2.10114927148386   0.236964914043443   -0.0158897580795729   0
0.429145989730954   2.11371444514866   -0.0696780718679832   0.0125651736647976   0
0.503261390466068   2.14482929244293   0.074115400735114   0.0311148472942731   0
0.571057362558097   2.10405817053159   0.0677959720920293   -0.0407711219113471   0
0.524210808983027   2.07839624142535   -0.0468465535750697   -0.0256619291062399   0
0.518653790841251   2.09359490167453   -0.00555701814177656   0.0151986602491867   0
0.433692472917896   2.07809593891797   -0.0849613179233548   -0.0154989627565665   0
0.418514615043788   2.07003812353309   -0.015177857874108   -0.00805781538487382   0
0.569360030304165   2.07625093252112   0.150845415260377   0.00621280898802823   0
0.266111911645402   2.0887820042366   -0.303248118658764   0.0125310717154763   0
0.348109662653366   2.08035332328559   0.081997751007964   -0.00842868095100568   0
0.514964179659139   2.05924244134997   0.166854517005774   -0.0211108819356172   0
0.556012914384918   2.05093742815481   0.0410487347257789   -0.00830501319516808   0
0.503707749156205   2.11156463612353   -0.0523051652287133   0.0606272079687256   0
0.562007061243896   2.14898268162666   0.058299312087691   0.0374180455031241   0
0.620923617439537   2.13459991339976   0.058916556195641   -0.014382768226898   0
0.703170926015211   2.09394269206335   0.0822473085756749   -0.0406572213364096   0
0.618747203375248   2.07603243469179   -0.0844237226399639   -0.0179102573715531   0
0.564033326274512   2.13023495001066   -0.0547138771007357   0.0542025153188614   0
0.548926892863021   2.14696528007338   -0.0151064334114913   0.0167303300627224   0
0.516438664971592   2.13990925706153   -0.0324882278914288   -0.00705602301185015   0
0.638218872198096   2.11606369822735   0.121780207226505   -0.0238455588341755   0
0.48976128179314   2.12091592843587   -0.148457590404956   0.00485223020851278   0
0.466183460473192   2.13789208117033   -0.0235778213199482   0.0169761527344656   0
0.473140660915293   2.1377815879961   0.00695720044210085   -0.00011049317423284   0
0.645886891280881   2.12718918363688   0.172746230365588   -0.0105924043592145   0
0.566525973618393   2.11583150991986   -0.0793609176624881   -0.0113576737170207   0
0.559767074447265   2.14223564928879   -0.00675889917112737   0.0264041393689278   0
0.534633967030678   2.16015460850634   -0.0251331074165873   0.0179189592175479   0
0.580494168230836   2.15758993240699   0.045860201200158   -0.00256467609934496   0
0.660880455123474   2.16660946243267   0.080386286892638   0.00901953002567257   0
0.538775288521931   2.14805291257362   -0.122105166601543   -0.0185565498590452   0
0.556896471040929   2.16296230911244   0.0181211825189977   0.0149093965388181   0
0.582045186412782   2.1803945347719   0.025148715371853   0.0174322256594612   0
0.633229075039105   2.18287843535071   0.0511838886263227   0.00248390057881132   0
0.522330263301716   2.16142502212285   -0.110898811737389   -0.021453413227861   0
0.48051366766218   2.17136962434165   -0.0418165956395359   0.00994460221880189   0
0.426101978228217   2.17616319090137   -0.054411689433963   0.00479356655971896   0
0.386907647912018   2.17401384346092   -0.0391943303161992   -0.0021493474404477   0
0.4849713772717   2.18563470065621   0.0980637293596826   0.0116208571952812   0
0.634404034547385   2.16194663251773   0.149432657275685   -0.0236880681384721   0
0.517764294376312   2.16646022623039   -0.116639740171074   0.00451359371266102   0
0.554813968301087   2.18039521150707   0.0370496739247755   0.0139349852766788   0
0.553738406331004   2.20807485613539   -0.00107556197008341   0.0276796446283165   0
0.660513979326745   2.20395647513069   0.106775572995741   -0.00411838100469852   0
0.602134042651634   2.20650321257187   -0.0583799366751107   0.0025467374411825   0
0.573130013872071   2.21582114881983   -0.0290040287795634   0.00931793624796073   0
0.544985577546782   2.240658720938   -0.0281444363252883   0.0248375721181624   0
0.597534683600718   2.23678069388273   0.0525491060539355   -0.00387802705526807   0
0.576564950741892   2.23081081720403   -0.0209697328588262   -0.00596987667870152   0
0.535757183072705   2.23996823944922   -0.0408077676691867   0.00915742224519578   0
0.513633525519898   2.2678680252626   -0.0221236575528065   0.0278997858133807   0
0.699555429596083   2.07729579125705   0.185921904076184   -0.190572234005554   0
0.935623296927775   2.01857455089911   0.236067867331692   -0.058721240357944   0
0.800597320108555   2.07322393910943   -0.13502597681922   0.0546493882103296   0
0.706340661152252   2.11954627243787   -0.0942566589563032   0.0463223333284306   0
0.681117392632871   2.12142921618636   -0.0252232685193809   0.0018829437484924   0
0.645153279686308   2.14753363538391   -0.0359641129465623   0.0261044191975563   0
0.709560969128094   2.11183315915384   0.0644076894417858   -0.0357004762300739   0
0.621326689576542   2.13447630216694   -0.0882342795515523   0.0226431430130991   0
0.584219759338898   2.15053557049058   -0.0371069302376437   0.0160592683236418   0
0.591043322010401   2.1551197257522   0.00682356267150241   0.0045841552616217   0
0.762881138006439   2.14762633451108   0.171837815996039   -0.00749339124112103   0
0.724111787487264   2.15873163420595   -0.0387693505191757   0.0111052996948708   0
0.670545765451546   2.18641899240236   -0.0535660220357173   0.0276873581964123   0
0.808827478087194   2.16003077688085   0.138281712635647   -0.0263882155215143   0
0.854850651408186   2.1388404655219   0.0460231733209923   -0.021190311358954   0
0.717349359027385   2.19873469853169   -0.137501292380801   0.0598942330097958   0
0.687269773059313   2.16144353893158   -0.0300795859680716   -0.0372911596001142   0
0.624474137584576   2.16890528404193   -0.0627956354747373   0.00746174511035047   0
0.648117856366795   2.17690378324927   0.0236437187822193   0.00799849920734452   0
0.795388384029463   2.16812103149197   0.147270527662667   -0.00878275175730137   0
