0   0   0   0
0.006812   -0.00509394922736617   0.006812   0
0.0280280178230753   0.0695270766419754   0.0212160178230753   0
0.0310467254289804   -0.0294122556744228   0.00301870760590515   0
0.00650866749520399   0.0522587744472129   -0.0245380579337764   0
0.004953055   -0.0249782627831709   -0.00155561249520399   0
0.0383735804617578   -0.0102589997286716   0.0334205254617578   0
0.0463126741519533   -0.00303204900646718   0.00793909369019546   0
0.0416067095073018   -0.0184328824274261   -0.00470596464465143   0
0.0230024784028265   0.025360232678605   -0.0186042311044753   0
0.043782328163227   0.00249634438051537   0.0207798497604005   0
0.0501145239506972   0.00149081563222624   0.00633219578747019   0
0.0315549121454568   -0.00664353504728318   -0.0185596118052403   0
0.0177627124861323   0.02335594441424   -0.0137921996593246   0
0.0177627124861323   -0.00776498735185743   0   0
0.030060194067321   -0.00844269337908155   0.0122974815811887   0
0.0276869310253502   -0.00446447967845301   -0.00237326304197078   0
0.0438365135676014   -0.0164304572525298   0.0161495825422512   0
0.0101202368656828   0.0669996128666845   -0.0337162767019186   0
0.00476078786081149   -0.0287274905580654   -0.0053594490048713   0
0.0291460075333981   0.00291815890636299   0.0243852196725866   0
0.0462116323431125   0.00384040462827347   0.0170656248097144   0
0.0458675919778878   -0.0237992874820524   -0.000344040365224646   0
0.0315611642533193   -0.0139826184890071   -0.0143064277245685   0
0.0122284917437967   0.0801043738500682   -0.0193326725095226   0
0.0212054354326904   -0.0874672460648063   0.00897694368889362   0
0.0456961018705097   0.0105468531957773   0.0244906664378193   0
0.0456762171797011   0.00370713292419417   -1.98846908085609e-05   0
0.0334623910874955   -0.0129268287015999   -0.0122138260922056   0
0.0224575940653802   0.0648074780022218   -0.0110047970221153   0
0.0226644557883167   -0.0554821237627597   0.000206861722936467   0
0.032420959406108   0.0279006211110878   0.00975650361779129   0
0.0358276245052962   0.00724368451414215   0.00340666509918824   0
0.0274332035501689   -0.0344585324764102   -0.00839442095512729   0
0.0215519049637706   0.0655956034768956   -0.0058812985863983   0
0.0255125444948167   -0.0740218152165618   0.00396063953104606   0
0.0367091884314064   0.028543735998808   0.0111966439365897   0
0.0525312214942695   -0.0106726024020445   0.0158220330628631   0
0.0381163090189095   0.0140217018454755   -0.01441491247536   0
0.0233785167039469   0.0333868344355639   -0.0147377923149626   0
0.0291358564292351   -0.0516474209793533   0.00575733972528818   0
0.048350583129498   0.013666692160766   0.019214726700263   0
0.0437223156830697   -0.0144145440553992   -0.00462826744642838   0
0.0209173555955933   0.0337362619508862   -0.0228049600874763   0
0.0228824353063108   -0.0118428729875729   0.00196507971071748   0
0.043135259799177   -0.00440661922736875   0.0202528244928662   0
0.0438120525933789   -0.00924900453337499   0.000676792794201866   0
0.0325165950113554   -0.00775766474668661   -0.0112954575820236   0
0.0182997504798672   0.0607329601996446   -0.0142168445314882   0
0.0268086727299674   -0.0428400810726103   0.00850892225010023   0
0.0363957930501933   -0.00599171434483914   0.00958712032022588   0
0.0583591821350548   0.00324404941161054   0.0219633890848615   0
0.0342404398746935   -0.0187084365851043   -0.0241187422603613   0
0.0152925809780396   0.0672401243990966   -0.0189478588966538   0
0.0663131723026911   -0.0516282758714344   0.0510205913246515   0
0.0603990904388468   0.0258177336984628   -0.00591408186384428   0
0.05734928707107   -0.0320285003183493   -0.00304980336777682   0
0.0565686848240703   0.0516000603353727   -0.000780602246999725   0
0.0594599043630243   -0.0447395473923668   0.00289121953895403   0
0.0785406404197534   0.00761394818268926   0.0190807360567291   0
0.0838211246143984   -0.0209683378103855   0.00528048419464498   0
0.0524904630468717   0.0588373039191408   -0.0313306615675267   0
0.0716927857480934   -0.0578546477899918   0.0192023227012217   0
0.0877293492503079   0.0458116407679986   0.0160365635022145   0
0.0801451655760346   -0.0101552678352773   -0.00758418367427331   0
0.0504618863241853   -0.0226642599429492   -0.0296832792518493   0
0.0516939553577834   0.00328337211279778   0.00123206903359806   0
0.0767421101430629   0.00874466859643748   0.0250481547852796   0
0.0900752810443021   -0.00541522843912005   0.0133331709012391   0
0.0795360425795123   -0.0222050917457824   -0.0105392384647897   0
0.0562730266838607   0.0660618289029586   -0.0232630158956516   0
0.0780876963347139   -0.0461293598229328   0.0218146696508532   0
0.0871448817952036   0.030021765973975   0.00905718546048961   0
0.0910110084801284   -0.0147696730015733   0.00386612668492481   0
0.0846376539815465   -0.021268009134011   -0.00637335449858185   0
0.0951816967753386   0.0285232013470128   0.0105440427937921   0
0.156042678932751   -0.00421627562530136   0.0608609821574124   0
0.138501713524354   0.0541661701196247   -0.0175409654083974   0
0.128315682297335   -0.108725785834865   -0.0101860312270185   0
0.108100025799884   0.0562911334702088   -0.0202156564974513   0
0.120205005236619   -0.0504861126665957   0.012104979436735   0
0.143480001581877   0.0322475316393229   0.0232749963452587   0
0.138596827214571   -0.00777047137979961   -0.00488317436730681   0
0.113437612107857   -0.00224749547508686   -0.0251592151067136   0
0.132575582175527   -0.0278531082641081   0.0191379700676704   0
0.132094778996986   0.0690834497200037   -0.0004808031785416   0
0.146907395634573   -0.0173705237476438   0.0148126166375875   0
0.129368080567696   -0.0495802933191212   -0.0175393150668768   0
0.135745068431732   -0.0114321073560237   0.00637698786403526   0
0.192916122010819   0.00804754192184376   0.0571710535790868   0
0.16645562171884   0.00176535501379429   -0.0264605002919786   0
0.201042706488876   0.0450897311545802   0.0345870847700365   0
0.430020061471392   0.267077495668898   0.228977354982516   0
0.433460066802655   -0.067257395143953   0.00344000533126315   0
0.369381460685593   0.00906602691955311   -0.0640786061170622   0
0.325564391764997   -0.0870055156430929   -0.0438170689205962   0
0.309072630576391   -0.0490296454681395   -0.0164917611886065   0
0.304949028591025   -0.0151707630777354   -0.00412360198536527   0
0.301168657331087   0.00799474020827176   -0.00378037125993785   0
0.303060353205578   0.00553485548711302   0.00189169587449095   0
0.293688618072722   -0.0417704841720335   -0.00937173513285672   0
0.24827182933495   -0.0334383870669206   -0.0454167887377718   0
0.283513261827617   0.0481686995947167   0.0352414324926672   0
0.317242883528733   0.134173547646761   0.0337296217011155   0
0.310898438081198   -0.0168859986673032   -0.00634444544753471   0
0.263149919843976   -0.135542530132788   -0.047748518237222   0
0.221938171754299   -0.0639601561363779   -0.0412117480896764   0
0.243974985147824   0.0629681780309799   0.0220368133935245   0
0.267975618133238   0.0255553147573354   0.0240006329854139   0
0.262191768177159   -0.0154145746227684   -0.00578384995607906   0
0.26460107594563   -0.0255486114774371   0.00240930776847115   0
0.246399648750531   -0.0304720186743366   -0.018201427195099   0
0.231821517829085   0.0171417546144911   -0.0145781309214456   0
0.266735945512507   0.035667170496388   0.0349144276834214   0
0.27596453697695   0.080770416402813   0.00922859146444349   0
0.29328317614346   -0.00510007381235414   0.0173186391665094   0
0.264165136599793   -0.0882298648685602   -0.0291180395436662   0
0.252590555653002   -0.0602082555766498   -0.0115745809467911   0
0.253172630642912   0.0938321809639859   0.000582074989909975   0
0.283215704337004   0.0200303755921336   0.0300430736940916   0
0.282814568427251   -0.0379336456503293   -0.000401135909753159   0
0.270539422668106   -0.057303937613215   -0.0122751457591448   0
0.245665715286266   0.00983301351256864   -0.0248737073818404   0
0.256788629106825   0.0200440036452917   0.0111229138205594   0
0.283672971098786   0.0646754972509116   0.0268843419919608   0
0.296081918749022   -0.0140616506625075   0.0124089476502363   0
0.274280026980862   -0.0293796290622935   -0.0218018917681598   0
0.242564336973029   -0.0626974442066655   -0.0317156900078335   0
0.251699829666415   0.0523854288004902   0.00913549269338668   0
0.289591126270907   0.0572668500373909   0.0378912966044918   0
0.271087898943963   0.00239848443755566   -0.0185032273269438   0
0.259245107811319   -0.0651637339758501   -0.0118427911326442   0
0.245743224609556   -0.0455515813902318   -0.0135018832017635   0
0.255915892660269   0.040875867014751   0.0101726680507138   0
0.275384781301564   0.0588946702235997   0.0194688886412942   0
0.270979510214523   -0.0147087216705747   -0.00440527108704103   0
0.264405429925527   -0.023290316300155   -0.00657408028899598   0
0.234697043504712   -0.0658377677975903   -0.029708386420815   0
0.250712509855118   0.0188218852045139   0.0160154663504061   0
0.258240239904827   0.0870378875228054   0.00752773004970908   0
0.283266221231481   0.0276124547278103   0.0250259813266545   0
0.261494550814013   -0.039306537707844   -0.0217716704174682   0
0.238386807235326   -0.0871152278883228   -0.0231077435786871   0
0.238411264558876   0.0220003154223835   2.44573235502477e-05   0
0.250785562597695   0.0933771028555779   0.0123742980388189   0
0.261252982856737   -0.0247108131130811   0.0104674202590418   0
0.263200995796449   -0.0297299368035281   0.00194801293971231   0
0.237660932446427   -0.0511886245520345   -0.0255400633500225   0
0.234748056978045   0.0146708671868139   -0.0029128754683819   0
0.272488863525328   0.0719224056934203   0.0377408065472834   0
0.262866945104196   0.011112549970645   -0.00962191842113208   0
0.256293313972122   -0.0548309233900259   -0.0065736311320746   0
0.220226497344353   -0.050935417757228   -0.0360668166277681   0
0.234627125734201   0.0686501093302564   0.0144006283898474   0
0.262307995394088   0.0619429520731531   0.0276808696598874   0
0.252890821562715   -0.0414364393666695   -0.00941717383137325   0
0.242692978113279   -0.0678598467418994   -0.010197843449436   0
0.22379585291346   -0.00612071626321549   -0.0188971251998186   0
0.260249252159746   0.0801961883342462   0.0364533992462855   0
0.264982154222421   -0.00225335581284436   0.00473290206267524   0
0.263115549472904   -0.025825657561497   -0.00186660474951694   0
0.252745596719697   -0.0514407670868008   -0.0103699527532075   0
0.242532016093572   0.0349490405776715   -0.0102135806261251   0
0.26322411135436   0.0796565299376762   0.0206920952607883   0
0.268868211018507   -0.0241459018119899   0.0056440996641472   0
0.238767141994871   -0.0715834555627535   -0.0301010690236359   0
0.222278138748933   -0.00650890407010404   -0.016489003245938   0
0.284191240753253   0.0629568368900535   0.0619131020043193   0
0.267588225092594   0.0266863232684343   -0.0166030156606581   0
0.269695362957431   -0.0362383106492274   0.00210713786483618   0
0.230026006271281   -0.0598318129338167   -0.0396693566861492   0
0.243786477732077   0.00761550761170555   0.0137604714607956   0
0.275225571667914   0.0926462666054859   0.0314390939358369   0
0.274928165963516   -0.0174583691003968   -0.000297405704398068   0
0.24957919611497   -0.0747992200657951   -0.0253489698485459   0
0.259719843623437   0.00472065473441319   0.0101406475084669   0
0.26480294099706   0.0744140835071097   0.00508309737362322   0
0.28288115732296   0.0103379803790188   0.0180782163258999   0
0.259408806521826   -0.0123542759445118   -0.0234723508011342   0
0.262658535744248   -0.0327401856558726   0.00324972922242245   0
0.234936641713958   -0.0426094378764097   -0.0277218940302906   0
0.247301514411699   0.0115378369959992   0.0123648726977419   0
0.259838970411011   0.070711826983002   0.0125374559993111   0
0.269350472498769   -0.0186795575612319   0.00951150208775825   0
0.270860230507991   -0.0522107742685099   0.00150975800922237   0
0.235381448097919   -0.028094129195171   -0.0354787824100727   0
0.24744493268487   0.048340540492227   0.0120634845869517   0
0.278794452410055   0.0408180338573235   0.0313495197251849   0
0.280856801876873   -0.0112509826797662   0.00206234946681816   0
0.278756724113141   -0.0163028265489935   -0.00210007776373194   0
0.235272818766321   -0.0619190642452507   -0.0434839053468206   0
0.234908928568394   0.00667601962344666   -0.00036389019792718   0
0.263277122569722   0.0750545509938952   0.0283681940013286   0
0.277168896712745   0.00129706321289808   0.0138917741430223   0
0.261160490797538   -0.0242649312502517   -0.0160084059152066   0
0.251708922775991   -0.0556005404748973   -0.00945156802154656   0
0.244530034073777   0.00149755977633269   -0.00717888870221442   0
0.274549860196191   0.0642057721844828   0.0300198261224142   0
0.283058364109613   0.0376831289300408   0.00850850391342139   0
0.2873792560749   -0.0414466749192089   0.00432089196528734   0
0.241635726077752   -0.0507147394972502   -0.0457435299971477   0
0.240567909582267   -0.00872696925773556   -0.0010678164954856   0
0.262124542106095   0.0989406798826641   0.0215566325238285   0
0.292761231504549   0.00301874179151604   0.0306366893984538   0
0.272857592451287   -0.054138288345665   -0.0199036390532621   0
0.25375662317968   -0.0332099073405001   -0.0191009692716068   0
0.258347069828796   0.0235870464812125   0.0045904466491164   0
0.281612197518609   0.0426961294092793   0.0232651276898125   0
0.285036091021383   -0.0229826776330466   0.00342389350277383   0
0.255649038323647   -0.0563919997779379   -0.029387052697736   0
0.239762864484994   -0.0217909151104898   -0.0158861738386525   0
0.262074458156363   0.0548711573671246   0.0223115936713689   0
0.271186667708237   0.0552802740884672   0.00911220955187353   0
0.279888587121523   -0.0214726049529053   0.00870191941328652   0
0.270624554215987   -0.0242180588734351   -0.00926403290553651   0
0.261914153859219   -0.0307563794149313   -0.00871040035676723   0
0.230899769882163   -0.033171860403311   -0.031014383977056   0
0.227986404101763   -0.0118342620928023   -0.00291336578040013   0
0.242885353425737   0.112926676317242   0.0148989493239734   0
0.263206057652108   0.0268802313682376   0.0203207042263717   0
0.264284200502612   -0.0437131399649788   0.00107814285050395   0
0.245719414237566   -0.089311401838035   -0.0185647862650464   0
0.25370525604343   0.0430818797272222   0.00798584180586434   0
0.26001414163234   0.0617211768930001   0.00630888558890963   0
0.270118994701485   -0.0188654042002555   0.0101048530691452   0
0.25709295680446   -0.0434132786317748   -0.0130260378970249   0
0.243690070972516   -0.0309374692012637   -0.0134028858319439   0
0.243690070972516   0.0545856774527285   0   0
0.275534051556409   0.0407417725536127   0.031843980583893   0
0.271392637767387   -0.0121984681331145   -0.00414141378902255   0
0.253160231594661   -0.0806923240182912   -0.0182324061727255   0
0.244207312765896   0.0224590955020112   -0.00895291882876553   0
0.260357065938952   0.078327103678394   0.0161497531730567   0
0.266066972888425   -0.012163329217558   0.00570990694947282   0
0.258963126037936   -0.0834112305710355   -0.00710384685048909   0
0.243689079686273   0.00282331777727457   -0.0152740463516636   0
0.270160178782709   0.0667906202368568   0.026471099096436   0
0.267982508860776   0.00227745089531467   -0.00217766992193213   0
0.26524371407425   -0.0409270239216193   -0.00273879478652639   0
0.232698807789458   -0.0448662710686794   -0.0325449062847923   0
0.247288309863128   0.050915973492076   0.0145895020736707   0
0.269525160994744   0.0765509706040801   0.0222368511316154   0
0.248625526119001   -0.0307516233823977   -0.0208996348757429   0
0.24338543883617   -0.055491713376445   -0.00524008728283093   0
0.23017606759344   -0.0348659354135107   -0.0132093712427296   0
0.248936605122394   0.0369484197025603   0.0187605375289532   0
0.263812465300528   0.0488855804698832   0.0148758601781349   0
0.277131036637639   -0.0197570229518812   0.0133185713371107   0
0.249137108259212   -0.0640641978538052   -0.0279939283784268   0
0.240190647638683   -0.0176810888541979   -0.00894646062052928   0
0.26716353223786   0.109444056496583   0.0269728845991768   0
0.265603973489667   -0.00142094409699428   -0.00155955874819241   0
0.251626316720097   -0.0259164083395953   -0.0139776567695706   0
0.270658834623036   -0.0451169669221049   0.0190325179029391   0
0.242514395424457   -0.017758434335621   -0.0281444391985788   0
0.254053659396986   0.0728613935195543   0.0115392639725292   0
0.264111778664754   0.0166536131849986   0.0100581192677676   0
0.25788237875726   -0.0248638012914238   -0.00622939990749372   0
0.229964460631529   -0.0633114309478024   -0.0279179181257314   0
0.242990977777983   -0.00733929967103639   0.0130265171464536   0
0.279643275516438   0.0940780601702605   0.0366522977384556   0
0.275490863595038   0.0252386641186794   -0.00415241192139981   0
0.24534633840775   -0.073248534219968   -0.0301445251872887   0
0.22103137422564   -0.0509662055883046   -0.0243149641821094   0
0.245841100105581   0.0469425705968383   0.0248097258799412   0
0.266514745495671   0.0545266705341422   0.02067364539009   0
0.283909448658503   -0.0254832879386111   0.0173947031628313   0
0.240387211439611   -0.0768449735383756   -0.0435222372188912   0
0.250876759959895   0.0222730781781425   0.010489548520284   0
0.262424271333413   0.0796609309956696   0.0115475113735171   0
0.282975053069869   -0.0351450895283335   0.0205507817364562   0
0.230578211602641   -0.0667706578364285   -0.0523968414672273   0
0.267529110375413   0.0433528453691173   0.0369508987727717   0
0.269450579976834   0.0706491639308671   0.00192146960142131   0
0.269299226613952   -0.0252161194276394   -0.0001513533628828   0
0.260777275232985   -0.0578790660736052   -0.00852195138096673   0
0.238110249018181   -0.025842119569449   -0.0226670262148043   0
0.257061665448434   0.0518893784096113   0.0189514164302531   0
0.274825978356982   0.0174137792401034   0.0177643129085485   0
0.272041016230774   -0.020189968457429   -0.00278496212620788   0
0.235757963950902   -0.0519558083043386   -0.036283052279872   0
0.25059727959946   0.0219758015435104   0.0148393156485577   0
0.272315329491607   0.0789919463390422   0.0217180498921469   0
0.267175749929115   -0.00916446991249273   -0.00513957956249195   0
0.236537387293299   -0.0855390634655315   -0.0306383626358163   0
0.244886536991935   0.0117657158851597   0.00834914969863659   0
0.270116700810039   0.0963091031390063   0.0252301638181035   0
0.265240098224821   -0.0253834790350079   -0.00487660258521816   0
0.248437786412821   -0.0833637905217389   -0.0168023118119996   0
0.249480919960826   0.0123234252479976   0.00104313354800481   0
0.268100491467547   0.0763476977330664   0.0186195715067207   0
0.272406407908294   -0.013482137908352   0.00430591644074768   0
0.250141440090527   -0.0624203534795041   -0.0222649678177677   0
0.242511266677447   -0.00915052770280517   -0.00763017341307914   0
0.26785672178704   0.0854309844248435   0.025345455109593   0
0.265201908535572   0.014840274561743   -0.00265481325146827   0
0.247390803259236   -0.0929163351325481   -0.0178111052763363   0
0.247390803259236   0.0345263443136274   0   0
0.276280193644441   0.0655800700747395   0.0288893903852054   0
0.273995065951013   -0.0344555523546144   -0.0022851276934282   0
0.25169453176122   -0.0709414199090789   -0.0223005341897927   0
0.2566343461396   0.0248038872280141   0.00493981437837954   0
0.278423117823759   0.0807177773933882   0.0217887716841586   0
0.290067661771664   -0.0411677050477535   0.0116445439479051   0
0.256908247436979   -0.0613749878370281   -0.0331594143346847   0
0.266473360333641   0.0509898628179638   0.00956511289666206   0
0.284610080973268   0.0896327998037353   0.0181367206396267   0
0.291290454245844   -0.0399132526687411   0.00668037327257609   0
0.263665958937824   -0.0849515882020443   -0.0276244953080194   0
0.250352121853406   -0.0235244861380524   -0.0133138370844187   0
0.284396432775013   0.0779890952800165   0.0340443109216073   0
0.310399105034635   0.00857224600573742   0.0260026722596223   0
0.281431980296416   -0.0649819317073013   -0.0289671247382188   0
0.248703226044321   -0.0185780204068379   -0.0327287542520957   0
0.277454256921483   0.0476388570118994   0.0287510308771627   0
0.311254060718314   0.0780010688254627   0.0337998037968308   0
0.305292650964632   -0.0290823857650511   -0.00596140975368242   0
0.290139087020092   -0.040805726826298   -0.0151535639445398   0
0.30323186779576   -0.0606046168355092   0.0130927807756676   0
0.312449536185862   0.0253385897837094   0.00921766839010202   0
0.360581749412321   0.0938726473275786   0.0481322132264597   0
0.349257165107693   -0.0109961421912692   -0.011324584304628   0
0.310398585079028   -0.103333476719531   -0.0388585800286654   0
0.301572181364653   -0.0143664118392033   -0.0088264037143751   0
0.324274335795253   0.103594264208319   0.0227021544306003   0
0.352750708873193   0.0172153961595473   0.0284763730779397   0
0.350196614366576   -0.00541972875859703   -0.00255409450661653   0
0.324540201467403   -0.0693392492453989   -0.0256564128991733   0
0.295542217633644   -0.0268065721383565   -0.0289979838337585   0
0.31358458818794   0.0612225532100344   0.0180423705542956   0
0.35890239486111   0.0460513070119718   0.0453178066731697   0
0.344325521870384   -0.0241426091348426   -0.0145768729907256   0
0.334288832605593   -0.0541949793565562   -0.0100366892647915   0
0.287502919568763   -0.0507624002443979   -0.04678591303683   0
0.314155205127756   0.0611551802227246   0.0266522855589932   0
0.371510278500757   0.0773618787063179   0.0573550733730009   0
0.351782883164446   -0.0427450725608749   -0.0197273953363114   0
0.31129402492456   -0.0837989184375297   -0.0404888582398857   0
0.320069958545394   0.0329686657704207   0.00877593362083379   0
0.356987463787137   0.0863602259467051   0.0369175052417434   0
0.36686854459723   -0.0242562875112486   0.00988108081009326   0
0.327200820730179   -0.0920276278170214   -0.0396677238670517   0
0.332829859591673   0.0213429912296978   0.00562903886149396   0
0.367592879602027   0.0913012947598478   0.0347630200103539   0
0.387956994015899   -0.0156252631999493   0.0203641144138728   0
0.340835816067414   -0.0649229734277424   -0.0471211779484855   0
0.332905390222417   -0.0260315406043763   -0.00793042584499648   0
0.364607694554946   0.0725522582225103   0.0317023043325283   0
0.391570119788908   0.0317710402849532   0.0269624252339627   0
0.375897066644943   -0.03317790214146   -0.0156730531439657   0
0.325908531098696   -0.0799150785013226   -0.0499885355462462   0
0.32221930711022   0.0190891837677999   -0.00368922398847682   0
0.365002219789264   0.100777352897801   0.0427829126790442   0
0.357771435608462   -0.0141675343033899   -0.00723078418080164   0
0.370917753845903   -0.0327153387468027   0.0131463182374408   0
0.304717704911595   -0.0737758746499072   -0.0662000489343078   0
0.300154864059522   0.0082065258893729   -0.00456284085207337   0
0.357183104781809   0.0998151803373213   0.0570282407222869   0
0.370589432679633   0.00372310493619044   0.0134063278978246   0
0.357187240206114   -0.0424735441477666   -0.0134021924735196   0
0.316244904117853   -0.0703225148291085   -0.0409423360882608   0
0.337446540110523   0.0514827870728053   0.0212016359926697   0
0.37421305250348   0.0807272988008933   0.0367665123929576   0
0.372940296117894   -0.0385946165098778   -0.0012727563855861   0
0.323167325844074   -0.0796786508874751   -0.0497729702738199   0
0.329667174146597   0.0191615768837513   0.00649984830252248   0
0.37907691550957   0.072971950201943   0.0494097413629737   0
0.385668666805212   -0.0011235185285883   0.00659175129564205   0
0.331357262370772   -0.0828956737177633   -0.0543114044344405   0
0.326798922093097   -0.015473059185863   -0.00455834027767493   0
0.369485996812071   0.093994412763782   0.0426870747189744   0
0.397695533050674   0.0343808050214101   0.028209536238603   0
0.36360810251177   -0.0940793786523266   -0.0340874305389041   0
0.341797868498635   -0.037247334620695   -0.0218102340131355   0
0.382603019258346   0.0847841815548293   0.0408051507597116   0
