1.73299431665081e-09   0.004024685   0   0   0
0.138623030100232   0.0147568709057849   0.138623028367237   0.0107321859057849   0
0.0237943891959848   0.000575275   -0.114828640904247   -0.0141815959057849   0
0.116232827578235   0.00454123019358466   0.0924384383822504   0.00396595519358466   0
0.0790819895522994   0.028547193379779   -0.0371508380259358   0.0240059631861944   0
0.0225862647283609   0.0177347354953943   -0.0564957248239385   -0.0108124578843847   0
0.0317334438405289   0.0263726283455025   0.00914717911216797   0.00863789285010812   0
0.0585741287294913   0.0258113799027193   0.0268406848889625   -0.000561248442783199   0
0.173727462873462   0.0308402133096097   0.11515333414397   0.00502883340689039   0
0.238678634956001   0.0476209953010749   0.0649511720825394   0.0167807819914653   0
0.28118255164503   0.0742397491648005   0.042503916689029   0.0266187538637256   0
0.18249649343212   0.0775328776409702   -0.0986860582129095   0.00329312847616964   0
0.212860146948037   0.0545611792608994   0.0303636535159167   -0.0229716983800708   0
0.2340503668008   0.027276805673548   0.0211902198527628   -0.0272843735873514   0
0.161999631977367   0.0576092545240129   -0.0720507348234325   0.0303324488504649   0
0.108537483195276   0.0817807328264   -0.0534621487820911   0.0241714783023871   0
0.160504889483936   0.0699186568586132   0.0519674062886593   -0.0118620759677868   0
0.215627285987137   0.0699891876351776   0.0551223965032009   7.05307765644231e-05   0
0.314352646311165   0.103988300945299   0.0987253603240279   0.033999113310121   0
0.341722250419723   0.100053895522341   0.0273696041085587   -0.00393440542295728   0
0.176373597231445   0.0968518802148415   -0.165348653188278   -0.00320201530749988   0
0.115830990389144   0.1365310085836   -0.0605426068423009   0.0396791283687583   0
0.236685700298447   0.0987465310371925   0.120854709909302   -0.0377844775464073   0
0.257941355942739   0.0426743218559182   0.0212556556442926   -0.0560722091812743   0
0.139198376547466   0.0373167826513755   -0.118742979395274   -0.00535753920454272   0
0.115644450394128   0.0589867869287691   -0.0235539261533372   0.0216700042773936   0
0.0969307420879981   0.0542433693350625   -0.0187137083061302   -0.00474341759370656   0
0.0329424536280785   0.0589254077669387   -0.0639882884599196   0.00468203843187619   0
0.0604010980678737   0.0355365804398032   0.0274586444397953   -0.0233888273271356   0
0.140122311961328   0.0503486919557996   0.0797212138934538   0.0148121115159964   0
0.223801742185547   0.0392340642131095   0.0836794302242196   -0.0111146277426901   0
0.235295148468659   0.051857874359314   0.0114934062831115   0.0126238101462045   0
0.0966853295021535   0.0657060102349854   -0.138609818966505   0.0138481358756713   0
0.198151710667786   0.0611303868951441   0.101466381165633   -0.00457562333984131   0
0.197334084330128   0.0389979674374322   -0.000817626337658223   -0.0221324194577118   0
0.0817347280612715   0.0610150457682775   -0.115599356268856   0.0220170783308453   0
0.151691343665028   0.0752599472260146   0.0699566156037564   0.014244901457737   0
0.1945469147045   0.088471597506276   0.0428555710394721   0.0132116502802614   0
0.0799930481988279   0.0774778347446237   -0.114553866505672   -0.0109937627616522   0
0.0738720289095271   0.0725934670983726   -0.00612101928930082   -0.00488436764625119   0
0.0469330323617695   0.0608291867779613   -0.0269389965477576   -0.0117642803204113   0
0.160101109533975   0.0635829324658638   0.113168077172206   0.00275374568790254   0
0.257019806008331   0.0823198906777852   0.0969186964743554   0.0187369582119213   0
0.139274171292383   0.0812551291612567   -0.117745634715948   -0.00106476151652851   0
0.140819003880797   0.0702095388340858   0.0015448325884144   -0.0110455903271709   0
0.104585114035746   0.0630340614380233   -0.0362338898450512   -0.00717547739606245   0
0.111284303700769   0.0725149624091747   0.00669918966502313   0.00948090097115141   0
0.157467297829264   0.0561837176154044   0.0461829941284944   -0.0163312447937704   0
0.0938189148710429   0.0821214350235369   -0.0636483829582206   0.0259377174081326   0
0.111808695178863   0.0753418506658982   0.0179897803078205   -0.00677958435763877   0
0.052674578364995   0.0695040977911554   -0.0591341168138684   -0.00583775287474272   0
0.130812459341914   0.0695991227682684   0.0781378809769194   9.50249771129869e-05   0
0.231678510798499   0.0786447800045025   0.100866051456584   0.0090456572362341   0
0.241083382220011   0.0711107863539351   0.00940487142151267   -0.00753399365056744   0
0.0804120291994773   0.0927783086921183   -0.160671353020534   0.0216675223381832   0
0.139508135695736   0.0632615450750817   0.0590961064962591   -0.0295167636170366   0
0.1517887401963   0.0619804234602548   0.012280604500564   -0.00128112161482698   0
0.0498054239997011   0.073228042493245   -0.101983316196599   0.0112476190329903   0
0.157527859361321   0.0717597767346374   0.10772243536162   -0.00146826575860767   0
0.110937111075194   0.0807659335790778   -0.0465907482861263   0.00900615684444039   0
0.0664018478099066   0.0703377287648289   -0.0445352632652877   -0.0104282048142489   0
0.0513320055480009   0.0686454075116828   -0.0150698422619057   -0.00169232125314604   0
0.19076915709016   0.0717673130594632   0.139437151542159   0.00312190554778041   0
0.170577214155819   0.0801760793336298   -0.020191942934341   0.00840876627416658   0
0.0570547273841528   0.0723644062164715   -0.113522486771666   -0.00781167311715826   0
0.0936987875281746   0.0727874691087862   0.0366440601440217   0.000423062892314613   0
0.0722739684156059   0.0621448603704281   -0.0214248191125686   -0.0106426087383581   0
0.0844987842316089   0.0775924342306806   0.012224815816003   0.0154475738602526   0
0.173507783619554   0.0721524994880462   0.0890089993879452   -0.00543993474263448   0
0.129272646651796   0.0856178855851101   -0.0442351369677585   0.0134653860970639   0
0.0484882295668753   0.0714221127090553   -0.0807844170849203   -0.0141957728760548   0
0.0769807791614244   0.0685974714166091   0.0284925495945491   -0.00282464129244621   0
0.0901424639311573   0.0652639858685094   0.0131616847697329   -0.00333348554809965   0
0.0990643135799164   0.0697179831514438   0.00892184964875904   0.00445399728293434   0
0.107481170964267   0.0799288622911805   0.0084168573843507   0.0102108791397367   0
0.193356279069551   0.101298308070631   0.085875108105284   0.0213694457794507   0
0.227247807311006   0.103426988745008   0.0338915282414547   0.00212868067437677   0
0.131713086357772   0.111084957514013   -0.0955347209532334   0.00765796876900472   0
0.0190147426642073   0.0963821859788416   -0.112698343693565   -0.0147027715351711   0
0.160660646266751   0.112072853186265   0.141645903602543   0.0156906672074229   0
0.174817906499306   0.11099140098377   0.014157260232555   -0.0010814522024946   0
0.0994615710498784   0.129741170963577   -0.0753563354494274   0.0187497699798066   0
0.112118252552158   0.12779559434601   0.01265668150228   -0.00194557661756631   0
0.221948928248235   0.1224294387257   0.109830675696076   -0.00536615562030995   0
0.14475152003409   0.115127260742189   -0.0771974082141445   -0.00730217798351115   0
0.0850931619358453   0.0991156442138298   -0.0596583580982448   -0.0160116165283593   0
0.0961733164525379   0.0942640293162376   0.0110801545166925   -0.00485161489759224   0
0.124676316048438   0.075125351563903   0.0285029995959001   -0.0191386777523346   0
0.0812556921900244   0.0831128152637275   -0.0434206238584136   0.00798746369982453   0
0.133734287833375   0.077538856437015   0.0524785956433506   -0.00557395882671252   0
0.146274934299763   0.0923608328269619   0.012540646466388   0.0148219763899469   0
0.106630481248937   0.0881440425308058   -0.0396444530508256   -0.00421679029615608   0
0.192382621198642   0.091889764630956   0.0857521399497041   0.00374572210015024   0
0.242291851553039   0.0915717254072457   0.0499092303543977   -0.000318039223710362   0
0.0710882999517677   0.103558350457604   -0.171203551601271   0.0119866250503587   0
0.219574703509944   0.119620998722005   0.148486403558177   0.016062648264401   0
0.259877085288103   0.113601956380601   0.0403023817781586   -0.00601904234140418   0
0.0871007940502841   0.0955435967243357   -0.172776291237819   -0.0180583596562654   0
0.0794165779774601   0.104682601073435   -0.00768421607282396   0.00913900434909959   0
0.10957842858323   0.102276012949029   0.0301618506057697   -0.00240658812440607   0
0.137664192073053   0.103821058263726   0.0280857634898231   0.00154504531469681   0
0.149313139213701   0.111507979855132   0.0116489471406479   0.00768692159140581   0
0.0763708945964364   0.0946303219419257   -0.0729422446172644   -0.0168776579132062   0
0.16932701238376   0.0815638256391582   0.0929561177873236   -0.0130664963027675   0
0.0269511219035887   0.0816112569462387   -0.142375890480171   4.74313070805282e-05   0
0.124867281781618   0.0955405905364966   0.0979161598780293   0.0139293335902578   0
0.100921451382251   0.0780621538651894   -0.0239458303993673   -0.0174784366713072   0
0.100499866527822   0.0813390495229075   -0.000421584854428933   0.00327689565771815   0
0.104229264321975   0.0813293798768932   0.00372939779415303   -9.6696460143153e-06   0
0.120329989511053   0.0902036651073697   0.0161007251890777   0.00887428523047647   0
0.212700303524584   0.112622634019543   0.0923703140135312   0.0224189689121737   0
0.0539394769587173   0.0938280811880031   -0.158760826565866   -0.0187945528315402   0
0.108760247357433   0.0963118928014734   0.0548207703987156   0.00248381161347028   0
0.0341256501843056   0.0826954373554098   -0.0746345971731273   -0.0136164554460636   0
0.136306861145945   0.0983406784693521   0.10218121096164   0.0156452411139424   0
0.166721284921152   0.0956338096068671   0.0304144237752069   -0.00270686886248506   0
0.0949662661201861   0.0983406784693521   -0.071755018800966   0.00270686886248506   0
0.0918201596497436   0.0813069231308288   -0.0031461064704425   -0.0170337553385233   0
0.125347232300877   0.0821661062099817   0.0335270726511333   0.000859183079152948   0
0.0514139997341191   0.0817145803366969   -0.0739332325667578   -0.0004515258732848   0
0.174212784385934   0.102059663789815   0.122798784651815   0.0203450834531177   0
0.170754195461722   0.111608147526166   -0.00345858892421208   0.00954848373635168   0
0.0411129062965257   0.102605724478084   -0.129641289165196   -0.00900242304808223   0
0.0846005087053855   0.0906666603366557   0.0434876024088598   -0.0119390641414283   0
0.072362311727791   0.0841991659231402   -0.0122381969775945   -0.00646749441351549   0
0.17225793425947   0.104826570266369   0.0998956225316793   0.0206274043432288   0
0.1260670206957   0.117912519251562   -0.0461909135637705   0.0130859489851931   0
0.0600109609187188   0.102791833655074   -0.066056059776981   -0.0151206855964877   0
0.0657664229991726   0.0981866999741309   0.00575546208045378   -0.00460513368094352   0
0.125002658545249   0.107340866548766   0.0592362355460759   0.00915416657463512   0
0.157575729611638   0.109530970561983   0.0325730710663893   0.00219010401321704   0
0.0774496390836006   0.112584366645685   -0.0801260905280372   0.00305339608370181   0
0.0392887593882104   0.0954563426627063   -0.0381608796953903   -0.0171280239829786   0
0.0935439897845928   0.0966106207601421   0.0542552303963824   0.00115427809743586   0
0.0900132357808006   0.104087687917652   -0.0035307540037922   0.00747706715750979   0
0.184813727447666   0.113426451587945   0.094800491666865   0.00933876367029339   0
0.09311367458913   0.114483821401814   -0.0917000528585355   0.00105736981386893   0
0.0562388808176336   0.101685872866453   -0.0368747937714964   -0.012797948535361   0
0.0501468950422656   0.104772679626716   -0.00609198577536805   0.00308680676026286   0
0.112132928085955   0.114067583747542   0.0619860330436896   0.00929490412082583   0
0.120987804156204   0.1297350738698   0.0088548760702489   0.0156674901222582   0
0.106168603830558   0.110145268759092   -0.014819200325646   -0.0195898051107086   0
0.0961640701874146   0.105353339009746   -0.0100045336431435   -0.00479192974934536   0
0.090654446417702   0.120124092273376   -0.00550962376971262   0.0147707532636296   0
0.172327474000056   0.135609144725761   0.0816730275823541   0.0154850524523856   0
0.166482333149226   0.131230681844043   -0.00584514085082971   -0.00437846288171817   0
0.0563599986359838   0.130331359190728   -0.110122334513243   -0.000899322653315493   0
0.0981658439501953   0.130756068109667   0.0418058453142115   0.000424708918939726   0
0.140700757362034   0.121894141173807   0.0425349134118388   -0.00886192693586046   0
0.0872244021512902   0.128922317006221   -0.0534763552107439   0.00702817583241386   0
0.114236166230664   0.124762578011237   0.0270117640793743   -0.00415973899498386   0
0.251520536151564   0.145848334615963   0.137284369920899   0.0210857566047263   0
0.198030302290281   0.133587583529533   -0.0534902338612827   -0.0122607510864302   0
0.0635214713205141   0.137557394713116   -0.134508830969767   0.00396981118358286   0
0.129519507092677   0.119475379058867   0.0659980357721629   -0.0180820156542488   0
0.0748612819701212   0.135884953082599   -0.0546582251225557   0.0164095740237313   0
0.134432266022856   0.150802072163316   0.0595709840527351   0.0149171190807176   0
0.14889487437548   0.14342105364454   0.0144626083526238   -0.00738101851877621   0
0.0729816150291291   0.148328791374129   -0.075913259346351   0.0049077377295895   0
0.0914521067359303   0.142293398636409   0.0184704917068013   -0.00603539273772041   0
0.112906602987204   0.125747697458085   0.0214544962512732   -0.0165457011783243   0
0.0812311857897569   0.139390794391201   -0.0316754171974467   0.0136430969331161   0
0.185104315757089   0.143323810988475   0.103873129967332   0.00393301659727385   0
0.170661725944864   0.15798931972533   -0.0144425898122243   0.0146655087368552   0
0.0626506265505781   0.150192300093156   -0.108011099394286   -0.00779701963217427   0
0.0736820551138471   0.132923987539016   0.011031428563269   -0.0172683125541395   0
0.0761704629570413   0.125517394138313   0.00248840784319419   -0.00740659340070352   0
0.129016877145008   0.12292302075902   0.0528464141879663   -0.0025943733792924   0
0.187290518701962   0.131923892714787   0.0582736415569544   0.00900087195576636   0
0.102645980273267   0.129197205128439   -0.0846445384286947   -0.00272668758634731   0
0.0608256906726919   0.136465729927883   -0.0418202896005755   0.00726852479944415   0
0.115816835907479   0.114709103740821   0.0549911452347874   -0.0217566261870621   0
0.120705188260074   0.116904192117948   0.00488835235259504   0.00219508837712634   0
0.0852125122634581   0.104925317764696   -0.0354926759966163   -0.0119788743532513   0
0.146351055953895   0.119869777429509   0.0611385436904365   0.0149444596648126   0
0.256406289790266   0.118477924172607   0.110055233836372   -0.00139185325690194   0
0.175500297562625   0.107488333965145   -0.080905992227641   -0.0109895902074622   0
0.051481574106956   0.103243860088627   -0.124018723455669   -0.00424447387651772   0
0.0995954492575841   0.104456708124706   0.0481138751506281   0.00121284803607882   0
0.0576078274281369   0.119072135079959   -0.0419876218294472   0.0146154269552531   0
0.134301169312594   0.146591217829548   0.076693341884457   0.027519082749589   0
0.0766299713763486   0.131121372395007   -0.0576711979362453   -0.0154698454345414   0
0.116922482744228   0.108776734889279   0.0402925113678799   -0.0223446375057275   0
0.0721216062900709   0.10775922018324   -0.0448008764541575   -0.00101751470603904   0
0.129420377003855   0.130557751219183   0.0572987707137842   0.0227985310359427   0
0.217350020349205   0.141181577804082   0.0879296433453502   0.0106238265848991   0
0.0728954977888895   0.118248363396708   -0.144454522560316   -0.0229332144073734   0
0.0812395581633986   0.10869265805266   0.00834406037450905   -0.00955570534404827   0
0.0681932111720808   0.126370853690635   -0.0130463469913178   0.0176781956379754   0
0.035253990155086   0.0834005374057925   -0.0329392210169948   -0.0429703162848429   0
0.14875223105863   0.097642756025844   0.113498240903544   0.0142422186200515   0
0.258110950713855   0.173468229501983   0.109358719655225   0.0758254734761386   0
0.165936333338211   0.145032505984831   -0.0921746173756435   -0.0284357235171518   0
0.130937352733741   0.14428485694885   -0.0349989806044708   -0.000747649035981263   0
0.0870448479211148   0.107986859545791   -0.0438925048126258   -0.0362979974030581   0
0.078069495725091   0.108900458245546   -0.0089753521960238   0.000913598699754936   0
0.217517553586119   0.110898880726994   0.139448057861028   0.00199842248144737   0
0.0407606016845924   0.0985541260886118   -0.176756951901526   -0.012344754638382   0
0.124185330203048   0.0871523253107598   0.0834247285184553   -0.0114018007778521   0
0.0629555162183486   0.0914825831713474   -0.0612298139846991   0.00433025786058765   0
0.147903157902257   0.0903367437034344   0.0849476416839085   -0.00114583946791302   0
0.180450777098631   0.0962881117340687   0.0325476191963744   0.00595136803063429   0
0.17235452895355   0.111841208097642   -0.00809624814508181   0.015553096363573   0
0.0683745877744795   0.101709131723066   -0.10397994117907   -0.0101320763745757   0
0.186283287372888   0.0987167723464458   0.117908699598409   -0.00299235937662026   0
0.22992863664546   0.0958927347978043   0.043645349272572   -0.00282403754864148   0
0.213683180391181   0.0823085509164145   -0.016245456254279   -0.0135841838813898   0
0.12030156133488   0.0943301105016315   -0.0933816190563006   0.012021559585217   0
0.229417443288779   0.11111766575797   0.109115881953898   0.0167875552563388   0
0.19259403638963   0.11718128661288   -0.0368234068991491   0.00606362085491001   0
0.0911062276222103   0.106588028109399   -0.101487808767419   -0.0105932585034814   0
0.12547349265821   0.109823245210201   0.0343672650360001   0.00323521710080242   0
0.0972899402810486   0.112831752246431   -0.0281835523771619   0.00300850703622978   0
0.118048506473737   0.132516088259124   0.0207585661926887   0.0196843360126932   0
0.104677679868104   0.134662606421568   -0.0133708266056328   0.00214651816244329   0
0.175968345423403   0.126951854796415   0.0712906655552983   -0.00771075162515267   0
0.113957511993067   0.124747482356359   -0.0620108334303358   -0.00220437244005627   0
0.118949348936175   0.125677195380666   0.0049918369431084   0.000929713024307013   0
0.1455191514163   0.128090614313657   0.0265698024801249   0.0024134189329913   0
0.184231208816205   0.130761645942149   0.0387120573999044   0.00267103162849239   0
0.124123360466352   0.12248109959806   -0.0601078483498525   -0.00828054634408885   0
0.0607231753197871   0.10908345224923   -0.0634001851465651   -0.0133976473488306   0
0.113302328123874   0.0964062550255947   0.0525791528040869   -0.0126771972236351   0
0.163090173428352   0.103484329726776   0.0497878453044782   0.00707807470118087   0
0.189414682606919   0.119891534888832   0.0263245091785671   0.0164072051620564   0
0.133889641339164   0.12184838840235   -0.0555250412677553   0.00195685351351831   0
0.199666149664208   0.143374543995788   0.0657765083250441   0.0215261555934373   0
0.246906868563209   0.128769030268345   0.0472407188990012   -0.0146055137274423   0
0.164706097928954   0.121927545477837   -0.0822007706342557   -0.00684148479050821   0
0.0738565247996411   0.10728194831965   -0.0908495731293126   -0.0146455971581872   0
0.129991520103159   0.100574088959694   0.0561349953035179   -0.00670785935995548   0
0.160580017656774   0.107002098831051   0.0305884975536155   0.00642800987135669   0
0.157789138439659   0.116085765557195   -0.0027908792171151   0.00908366672614383   0
0.0883416686474735   0.144543851513131   -0.0694474697921859   0.028458085955936   0
0.152464547624817   0.166843493786872   0.0641228789773432   0.0222996422737413   0
0.193447924711665   0.186560990375802   0.0409833770868483   0.0197174965889297   0
0.0700346897044807   0.168022155838151   -0.123413235007184   -0.0185388345376504   0
0.163554527658637   0.129362904010385   0.0935198379541567   -0.0386592518277667   0
0.169129301255519   0.125186368072766   0.00557477359688127   -0.00417653593761885   0
0.0718234692178678   0.131015754179602   -0.0973058320376509   0.00582938610683659   0
0.114026754132353   0.13436935065799   0.0422032849144849   0.00335359647838807   0
0.0804947553243688   0.141115433351565   -0.0335319988079839   0.0067460826935746   0
0.088972872284815   0.131413770211687   0.00847811696044619   -0.00970166313987833   0
0.172062254913999   0.1337476254378   0.0830893826291841   0.0023338552261131   0
0.166392272178879   0.141849460596437   -0.00566998273512051   0.00810183515863669   0
0.123616231402191   0.146102966742637   -0.0427760407766877   0.00425350614620015   0
0.155563395962707   0.147332136896537   0.0319471645605162   0.00122917015390059   0
0.17478342978286   0.145343352493329   0.019220033820153   -0.00198878440320857   0
0.0799984739356252   0.121456097410752   -0.094784955847235   -0.023887255082577   0
0.151866480976053   0.152167711250613   0.0718680070404283   0.0307116138398615   0
0.162018565689368   0.1496441595302   0.0101520847133144   -0.00252355172041305   0
0.0693503247947694   0.148984400668325   -0.0926682408945985   -0.000659758861875137   0
0.117342533178596   0.152591284113805   0.047992208383827   0.00360688344548013   0
0.0609493018701609   0.139626722154106   -0.0563932313084355   -0.0129645619596988   0
0.145493467480846   0.152829963988578   0.0845441656106851   0.0132032418344715   0
0.179651084705715   0.135992794486509   0.034157617224869   -0.0168371695020684   0
0.176281855575018   0.141837067715918   -0.00336922913069673   0.00584427322940886   0
0.149888341721596   0.114672470790029   -0.0263935138534221   -0.0271645969258896   0
0.23197734322219   0.120985768762033   0.0820890015005935   0.00631329797200375   0
0.299259444547436   0.13218832953613   0.0672821013252465   0.0112025607740975   0
0.249657675485233   0.139912992932215   -0.049601769062203   0.00772466339608482   0
0.202351648217182   0.149920190153328   -0.0473060272680516   0.0100071972211131   0
0.174202974369613   0.129794736079136   -0.0281486738475687   -0.0201254540741922   0
0.16221620421382   0.130356800732883   -0.0119867701557933   0.00056206465374703   0
0.100468715328753   0.107216955786865   -0.0617474888850666   -0.023139844946018   0
0.181150116180393   0.122248314163141   0.0806814008516404   0.0150313583762766   0
0.385142879909782   0.136672905388934   0.203992763729389   0.0144245912257926   0
0.408792546433188   0.147424321637747   0.0236496665234056   0.0107514162488134   0
0.423957811320136   0.145691067058108   0.0151652648869482   -0.00173325457963983   0
0.371767988210241   0.149900544144318   -0.052189823109895   0.00420947708621   0
0.285571170370841   0.140750274590318   -0.0861968178393998   -0.00915026955399928   0
0.149334839163472   0.151040381434047   -0.136236331207369   0.010290106843729   0
0.127943347356281   0.142818832423494   -0.0213914918071908   -0.00822154901055355   0
0.33461227037933   0.138508031086775   0.206668923023049   -0.00431080133671888   0
0.475023654910616   0.139727474727652   0.140411384531286   0.00121944364087703   0
0.451538432187357   0.146740563986309   -0.0234852227232589   0.0070130892586569   0
0.333524737234587   0.143224021808154   -0.11801369495277   -0.00351654217815509   0
0.346588050571741   0.14584295002363   0.0130633133371548   0.00261892821547613   0
0.36775441805754   0.150140166084604   0.0211663674857988   0.00429721606097419   0
0.409432670256002   0.159383052160746   0.0416782521984617   0.00924288607614165   0
0.409479641381969   0.164840396559255   4.69711259666883e-05   0.00545734439850945   0
0.234023755713496   0.148474450866723   -0.175455885668473   -0.016365945692532   0
0.239174718418001   0.154251012023422   0.00515096270450499   0.00577656115669919   0
0.373287618981249   0.162742708946192   0.134112900563248   0.00849169692276974   0
0.403778215634289   0.162668082319712   0.0304905966530397   -7.46266264804174e-05   0
0.250783783351316   0.16101381772615   -0.152994432282972   -0.00165426459356127   0
0.140491988948277   0.167102716751135   -0.110291794403039   0.00608889902498441   0
0.200054935327119   0.160687269682301   0.0595629463788412   -0.00641544706883398   0
0.245562488777746   0.17539854428188   0.045507553450627   0.0147112745995788   0
0.261736948056517   0.170610892760171   0.0161744592787716   -0.00478765152170885   0
0.262042190775169   0.174342561971941   0.000305242718651677   0.00373166921176996   0
0.247797353027045   0.188578570658333   -0.0142448377481238   0.0142360086863925   0
0.176968240871773   0.180512614012955   -0.0708291121552717   -0.00806595664537851   0
0.237197867902602   0.169073065837591   0.0602296270308282   -0.0114395481753634   0
0.26786863176296   0.165125038709307   0.0306707638603581   -0.00394802712828479   0
0.157701831363811   0.171586500325994   -0.110166800399148   0.00646146161668784   0
0.121690054636236   0.174869684521074   -0.0360117767275758   0.0032831841950797   0
0.115004236577695   0.18322453262189   -0.00668581805854077   0.0083548481008158   0
0.248760563315751   0.182891771008847   0.133756326738057   -0.000332761613042992   0
0.279162652169394   0.17643077025094   0.0304020888536425   -0.00646100075790687   0
0.170846050572467   0.179171608612358   -0.108316601596927   0.00274083836141797   0
0.194776338925548   0.18784602643682   0.023930288353081   0.00867441782446204   0
0.126810967624965   0.180860683759773   -0.0679653713005829   -0.00698534267704742   0
0.178574430886507   0.187709119387611   0.0517634632615421   0.00684843562783863   0
0.230587706388437   0.180721200624442   0.0520132755019296   -0.00698791876316879   0
0.132641404045055   0.181995623583261   -0.0979463023433817   0.00127442295881844   0
0.130590697644855   0.172141801336543   -0.00205070640020003   -0.00985382224671746   0
0.091068069216054   0.177755225589861   -0.0395226284288012   0.0056134242533179   0
0.191133017562874   0.179626227477476   0.10006494834682   0.00187100188761477   0
0.202842744690487   0.189039019107994   0.0117097271276125   0.00941279163051778   0
0.101730934834416   0.161228246305478   -0.101111809856071   -0.0278107728025155   0
0.128166756573029   0.190435454282081   0.0264358217386132   0.0292072079766025   0
0.158126560299179   0.192095151743583   0.0299598037261506   0.00165969746150171   0
0.186860452967689   0.195424240511669   0.0287338926685099   0.00332908876808607   0
0.159668467293483   0.215729957820559   -0.0271919856742064   0.02030571730889   0
0.134802646538449   0.200388685570749   -0.0248658207550339   -0.0153412722498097   0
0.105312024183661   0.199839574410457   -0.0294906223547879   -0.000549111160292215   0
0.22149640523162   0.19951563797771   0.116184381047959   -0.000323936432747113   0
0.194240834502661   0.193453702160627   -0.0272555707289593   -0.00606193581708289   0
0.117124728529461   0.205489724375186   -0.0771161059731993   0.0120360222145595   0
0.138297022826849   0.207141427836907   0.0211722942973877   0.00165170346172064   0
0.113510385862528   0.182835140238577   -0.024786636964321   -0.0243062875983302   0
0.0917988279496291   0.189632335890902   -0.0217115579128989   0.00679719565232564   0
0.246134572402903   0.205940790729909   0.154335744453274   0.0163084548390063   0
0.339874817959863   0.235717790385394   0.0937402455569598   0.0297769996554853   0
0.358388161369834   0.244972765683377   0.0185133434099708   0.00925497529798264   0
0.291065185808987   0.241159906486568   -0.067322975560847   -0.00381285919680899   0
0.216803890764465   0.214813432611121   -0.074261295044522   -0.0263464738754468   0
0.237044717606531   0.230056359865909   0.0202408268420661   0.015242927254788   0
0.200357641264415   0.216693063934918   -0.036687076342116   -0.0133632959309906   0
0.145631319510936   0.225626552208893   -0.0547263217534787   0.0089334882739753   0
0.320558454597535   0.244465539836952   0.174927135086599   0.0188389876280589   0
0.327783005546734   0.234872088900086   0.00722455094919844   -0.00959345093686606   0
0.179443315578291   0.233949741208283   -0.148339689968443   -0.000922347691803438   0
0.154869070907816   0.214159905522842   -0.0245742446704751   -0.019789835685441   0
0.12652681087236   0.225287037560065   -0.0283422600354554   0.0111271320372229   0
0.241188730821011   0.229001523458082   0.114661919948651   0.00371448589801734   0
0.280344560987439   0.237107176951289   0.0391558301664283   0.00810565349320724   0
0.248700713247342   0.212691248510017   -0.0316438477400976   -0.0244159284412718   0
0.22034663665788   0.221220510947725   -0.028354076589461   0.00852926243770746   0
0.233944931311302   0.238569891794779   0.0135982946534219   0.0173493808470539   0
0.178373059748495   0.200128744695733   -0.0555718715628079   -0.0384411470990456   0
0.175583591111755   0.186487272037021   -0.00278946863673948   -0.013641472658712   0
0.271022574471666   0.189274112417124   0.0954389833599114   0.00278684038010243   0
0.340231260745702   0.191465036371037   0.0692086862740358   0.00219092395391318   0
0.215872047497493   0.217777274772995   -0.124359213248209   0.0263122384019579   0
0.200535844506786   0.237535359243082   -0.015336202990707   0.0197580844700871   0
0.473451526494793   0.286619814932848   0.272915681988007   0.049084455689766   0
0.364614637610725   0.26842913204291   -0.108836888884069   -0.0181906828899379   0
0.256274028049196   0.242090014178547   -0.108340609561529   -0.0263391178643627   0
0.230347400067029   0.22030043813833   -0.0259266279821666   -0.0217895760402176   0
0.232099116122875   0.21810926917793   0.00175171605584618   -0.00219116896039989   0
0.442688212436247   0.28309350077134   0.210589096313372   0.0649842315934099   0
0.475680190837542   0.308530671626586   0.0329919784012944   0.0254371708552468   0
0.300881871668139   0.277875799236295   -0.174798319169403   -0.030654872390291   0
0.223533677129622   0.275552595222291   -0.0773481945385173   -0.00232320401400471   0
0.197860891293985   0.264653751954775   -0.0256727858356372   -0.0108988432675157   0
0.260580396566146   0.288007849248944   0.0627195052721616   0.023354097294169   0
0.316158789674176   0.281901910629389   0.0555783931080301   -0.00610593861955511   0
0.294549508138123   0.27420164887079   -0.0216092815360536   -0.007700261758599   0
0.251483012484442   0.257705763858945   -0.0430664956536806   -0.0164958850118446   0
0.230689059386027   0.257092093806816   -0.0207939530984148   -0.0006136700521297   0
0.252595087190864   0.305818570232111   0.0219060278048364   0.0487264764252952   0
0.235181267537723   0.297688020648783   -0.0174138196531407   -0.00813054958332821   0
0.303482950530092   0.280236910707012   0.0683016829923687   -0.0174511099417702   0
0.351372950959376   0.279750554484687   0.0478900004292844   -0.000486356222325068   0
0.237041641167138   0.260555485529935   -0.114331309792238   -0.0191950689547526   0
0.227288853935361   0.290613012517093   -0.00975278723177625   0.0300575269871582   0
0.210306911503165   0.286071769174938   -0.0169819424321965   -0.00454124334215489   0
0.15636973147064   0.273082452447984   -0.053937180032525   -0.0129893167269537   0
0.215505005323055   0.266373138913916   0.0591352738524153   -0.00670931353406812   0
0.296116860209428   0.276765110873834   0.080611854886373   0.0103919719599178   0
0.268711532146575   0.275315755825216   -0.0274053280628527   -0.00144935504861798   0
0.225301447254339   0.279290815388279   -0.0434100848922366   0.00397505956306343   0
0.236991443533749   0.276250582344183   0.01168999627941   -0.0030402330440969   0
