0.117952745272376   0.0892509715678771   0   0   0
0.112213524761546   0.0696577088923602   -0.00573922051083031   -0.0195932626755169   0
0.118928767516064   0.0677529620021924   0.00671524275451842   -0.0019047468901678   0
0.100430126013363   0.10208626825024   -0.0184986415027009   0.0343333062480478   0
0.101360559312486   0.0606228846104796   0.000930433299122901   -0.0414633836397606   0
0.0840275652995492   0.0777586330975056   -0.0173329940129369   0.017135748487026   0
0.0987535871841119   0.0614954950377253   0.0147260218845628   -0.0162631380597803   0
0.102158027743443   0.0175153893427494   0.00340444055933074   -0.0439801056949759   0
0.0717406171861519   0.0658471357087763   -0.0304174105572907   0.0483317463660269   0
0.0834044366986553   0.0145568705355143   0.0116638195125034   -0.051290265173262   0
0.0713192229034361   0.0441827665255145   -0.0120852137952192   0.0296258959900002   0
0.0384956835343912   0.0583007288917772   -0.0328235393690448   0.0141179623662626   0
0.0645326445583164   0.0352346932881035   0.0260369610239251   -0.0230660356036737   0
0.0637229684826437   0.070894019753097   -0.0008096760756727   0.0356593264649935   0
0.0787512607483207   0.0317856115568821   0.015028292265677   -0.0391084081962148   0
0.0593284255663337   0.043071603095822   -0.019422835181987   0.0112859915389399   0
0.0633534130971647   0.040828502414398   0.00402498753083098   -0.00224310068142405   0
0.0629603974247304   0.0302038346464898   -0.000393015672434285   -0.0106246677679081   0
0.0565566737424506   0.0424396592767897   -0.00640372368227982   0.0122358246302998   0
0.0861117107643322   0.0500834926707893   0.0295550370218816   0.00764383339399959   0
0.0461395435766328   0.0280827814296412   -0.0399721671876993   -0.0220007112411481   0
0.0668145885780381   0.0385826318239555   0.0206750450014053   0.0104998503943143   0
0.061972490205897   0.0171953328791565   -0.00484209837214109   -0.021387298944799   0
0.0875259001483561   0.0184896933096523   0.0255534099424591   0.00129436043049579   0
0.0818445145532674   0.00898845588412715   -0.0056813855950887   -0.00950123742552512   0
0.0834757006922374   0.00882971267048934   0.00163118613896998   -0.00015874321363781   0
0.0792296706738706   0.0593118963974555   -0.00424603001836674   0.0504821837269662   0
0.0629205953964996   0.036620476366406   -0.0163090752773711   -0.0226914200310495   0
0.0988076727315242   0.0208787209819256   0.0358870773350247   -0.0157417553844804   0
0.0744379105463742   0.0263713313450895   -0.0243697621851501   0.00549261036316391   0
0.0846117409378864   0.0138819470824521   0.0101738303915122   -0.0124893842626374   0
0.104419419509304   0.0339347861176404   0.0198076785714175   0.0200528390351883   0
0.0947316147575877   0.0242450612394751   -0.00968780475171624   -0.00968972487816526   0
0.108839650320919   0.0677725767564581   0.0141080355633317   0.0435275155169829   0
0.0952604931877323   0.0307516563959444   -0.013579157133187   -0.0370209203605137   0
0.146578024310092   0.024196310332621   0.0513175311223599   -0.00655534606332339   0
0.197362137485486   0.0224817014581859   0.0507841131753941   -0.00171460887443502   0
0.182843872666968   0.05311144587949   -0.0145182648185183   0.0306297444213041   0
0.235092245523241   0.0588758318441022   0.0522483728562734   0.00576438596461216   0
0.213919135376992   0.0621213062683609   -0.021173110146249   0.00324547442425872   0
0.253338256294406   0.080536767175387   0.0394191209174133   0.0184154609070261   0
0.275093006528138   0.0792593061376549   0.021754750233732   -0.00127746103773214   0
0.275662921586781   0.100639932721808   0.000569915058643733   0.0213806265841529   0
0.303548858303915   0.109129369230544   0.0278859367171332   0.00848943650873618   0
0.314141206688266   0.11497899098531   0.0105923483843516   0.00584962175476604   0
0.317370416064084   0.112608738341269   0.00322920937581811   -0.00237025264404052   0
0.336131925082638   0.113259562544681   0.0187615090185534   0.000650824203411449   0
0.317853436661066   0.138213785218769   -0.0182784884215721   0.024954222674088   0
0.320573953313444   0.13690668980185   0.0027205166523781   -0.0013070954169189   0
0.32770872989922   0.126668641711356   0.00713477658577644   -0.0102380480904936   0
0.332812592072536   0.142282683279625   0.00510386217331549   0.0156140415682683   0
0.34263047506461   0.13503349128457   0.00981788299207392   -0.00724919199505489   0
0.336923329258112   0.154817945930858   -0.00570714580649778   0.0197844546462879   0
0.346758605744241   0.132193585529896   0.00983527648612931   -0.0226243604009615   0
0.341167470270754   0.14096514339013   -0.00559113547348739   0.00877155786023404   0
0.360266673360335   0.128506438876618   0.0190992030895816   -0.0124587045135121   0
0.355389525077259   0.142690272058925   -0.00487714828307584   0.0141838331823067   0
0.358501474968058   0.139578203173884   0.00311194989079833   -0.00311206888504104   0
0.337352738681073   0.138966764604887   -0.021148736286985   -0.000611438568997119   0
0.367823382122812   0.142328904912179   0.0304706434417396   0.00336214030729193   0
0.367862838071913   0.136198516832049   3.9455949100764e-05   -0.00613038808012945   0
0.376331780449933   0.161172230090205   0.00846894237801965   0.0249737132581558   0
0.384563345913866   0.169709293495524   0.00823156546393305   0.00853706340531926   0
0.383427165712029   0.173943256228145   -0.00113618020183642   0.00423396273262039   0
0.403532867740804   0.190480519779583   0.0201057020287743   0.016537263551438   0
0.445697543803273   0.196162754980399   0.0421646760624693   0.00568223520081615   0
0.46494151987664   0.209567904497564   0.0192439760733675   0.0134051495171649   0
0.504327273657979   0.205005569743849   0.0393857537813385   -0.00456233475371509   0
0.47572374911974   0.201836416383417   -0.0286035245382393   -0.00316915336043186   0
0.497213254330441   0.211532753751044   0.0214895052107011   0.00969633736762759   0
0.468917702524991   0.209536844207051   -0.0282955518054501   -0.00199590954399331   0
0.500990439841521   0.23367475368608   0.0320727373165302   0.0241379094790286   0
0.50278358257346   0.208267418979782   0.00179314273193942   -0.0254073347062978   0
0.516989485089939   0.23405734792247   0.0142059025164785   0.0257899289426878   0
0.508644119350121   0.21790414239867   -0.0083453657398177   -0.0161532055237993   0
0.490349585896674   0.223683787840111   -0.0182945334534467   0.00577964544144116   0
0.514258615133777   0.226944611428648   0.023909029237103   0.00326082358853647   0
0.558198875138881   0.212931734095109   0.0439402600051041   -0.0140128773335394   0
0.54177867812235   0.218606957426451   -0.0164201970165313   0.00567522333134213   0
0.58906115345624   0.230188234648841   0.0472824753338901   0.0115812772223906   0
0.589947549974648   0.233616856171596   0.00088639651840805   0.00342862152275433   0
0.601794010637013   0.244965271015097   0.0118464606623645   0.0113484148435016   0
0.593913646428975   0.215482196717618   -0.0078803642080375   -0.0294830742974797   0
0.591823456945811   0.235049440313097   -0.00209018948316431   0.0195672435954792   0
0.606080008000932   0.225423168439937   0.0142565510551212   -0.00962627187316015   0
0.607829287318907   0.232292727976469   0.00174927931797453   0.00686955953653287   0
0.631689123060418   0.233213768444854   0.0238598357415115   0.000921040468384676   0
0.613419062499691   0.220212680172487   -0.018270060560727   -0.0130010882723672   0
0.640910097620571   0.226410067432413   0.02749103512088   0.00619738725992652   0
0.64037353591272   0.219638003125028   -0.00053656170785088   -0.00677206430738495   0
0.644532394076706   0.235063274969209   0.00415885816398553   0.0154252718441807   0
0.660790107960985   0.225510327036812   0.016257713884279   -0.00955294793239692   0
0.620904142623288   0.205527874961646   -0.0398859653376972   -0.0199824520751662   0
0.638530830841589   0.219740361994559   0.0176266882183014   0.0142124870329134   0
0.664465965821395   0.208670779953735   0.0259351349798065   -0.0110695820408246   0
0.670768138518251   0.216700774053186   0.00630217269685585   0.00802999409945129   0
0.655465585969401   0.217086590835316   -0.0153025525488506   0.000385816782130177   0
0.646713782282247   0.224460163330267   -0.00875180368715345   0.00737357249495046   0
0.647428190364182   0.213459025291741   0.000714408081935014   -0.011001138038526   0
0.634177336126891   0.218208042836418   -0.0132508542372911   0.00474901754467719   0
0.64590895285965   0.219529497672864   0.0117316167327592   0.00132145483644608   0
0.610262983475165   0.21145702239344   -0.0356459693844849   -0.00807247527942351   0
0.654930182495814   0.228857704116007   0.0446671990206483   0.017400681722567   0
0.664363167362821   0.217295666497287   0.00943298486700739   -0.0115620376187208   0
0.687050037656094   0.243202801966281   0.0226868702932727   0.0259071354689942   0
0.691045200739431   0.234080662954568   0.00399516308333692   -0.00912213901171291   0
0.635208995946216   0.217748974404588   -0.0558362047932147   -0.0163316885499797   0
0.666703947427859   0.214538167385782   0.0314949514816434   -0.00321080701880574   0
0.663212290990818   0.225983297233999   -0.00349165643704097   0.0114451298482167   0
0.661812146537074   0.226180454140604   -0.00140014445374403   0.000197156906605211   0
0.675887110629756   0.209932688684969   0.0140749640926816   -0.0162477654556356   0
0.716300017858781   0.234469011379969   0.040412907229025   0.0245363226950002   0
0.763262178596876   0.24169925404829   0.0469621607380953   0.00723024266832142   0
0.472591603450155   0.208051585666272   -0.290670575146722   -0.0336476683820186   0
0.490986696311842   0.187866522989728   0.0183950928616873   -0.0201850626765437   0
0.463132083831471   0.153228206809525   -0.0278546124803712   -0.0346383161802032   0
0.402624026496909   0.142857915311858   -0.0605080573345612   -0.0103702914976667   0
0.44874368322606   0.12749876968729   0.04611965672915   -0.0153591456245685   0
0.434189969526347   0.129590330443054   -0.0145537136997126   0.00209156075576478   0
0.449118702858565   0.120375315842784   0.0149287333322182   -0.0092150146002703   0
0.44757671411682   0.0957199257642054   -0.0015419887417446   -0.0246553900785786   0
0.436621107708148   0.116671971417732   -0.0109556064086725   0.0209520456535262   0
0.469521315325779   0.107066018482768   0.0329002076176316   -0.0096059529349633   0
0.461843976324949   0.110343073448461   -0.00767733900083051   0.0032770549656928   0
0.487816945607633   0.108551957648676   0.0259729692826837   -0.00179111579978493   0
0.478786839437562   0.098370415095368   -0.00903010617007038   -0.0101815425533083   0
0.487250359299211   0.111235252837949   0.00846351986164851   0.0128648377425813   0
0.456945266733654   0.097898738407908   -0.0303050925655569   -0.0133365144300413   0
0.484416252160484   0.123068839549061   0.0274709854268306   0.0251701011411529   0
0.486314224430306   0.112370727711235   0.00189797226982158   -0.010698111837826   0
0.492213569802501   0.121465594702945   0.00589934537219511   0.00909486699170967   0
0.501685215331287   0.129757114221148   0.0094716455287861   0.00829151951820321   0
0.466444107682678   0.107895788130596   -0.0352411076486089   -0.0218613260905516   0
0.478282140359945   0.122147994077881   0.0118380326772666   0.0142522059472846   0
0.471917059372894   0.104832719433629   -0.00636508098705041   -0.0173152746442517   0
0.474149916195595   0.119535448101233   0.00223285682270075   0.0147027286676036   0
0.486634864062204   0.107781184214245   0.012484947866609   -0.0117542638869878   0
0.462157523582479   0.114420286115597   -0.0244773404797248   0.00663910190135174   0
0.464541602254136   0.12279595209049   0.00238407867165663   0.00837566597489368   0
0.452495103992618   0.121500805496301   -0.0120464982615183   -0.00129514659418924   0
0.47159679266403   0.122647419088031   0.0191016886714122   0.00114661359172945   0
0.429984243537411   0.108523382031765   -0.0416125491266184   -0.0141240370562652   0
0.442584212924908   0.1221202099812   0.0125999693874962   0.0135968279494351   0
0.419785218929204   0.111048859428519   -0.0227989939957033   -0.0110713505526814   0
0.444567669599815   0.126742381040795   0.0247824506706103   0.0156935216122756   0
0.404745405921599   0.105700638579019   -0.0398222636782156   -0.0210417424617752   0
0.451031726270071   0.135704802191568   0.0462863203484717   0.0300041636125482   0
0.425387237706128   0.106074177116829   -0.0256444885639426   -0.0296306250747382   0
0.459003996343441   0.104573508954001   0.0336167586373131   -0.00150066816282857   0
0.420828477401708   0.0983892924318114   -0.0381755189417332   -0.00618421652218945   0
0.459293618541018   0.122218282045619   0.0384651411393102   0.0238289896138077   0
0.46212500989524   0.100452219063418   0.00283139135422156   -0.0217660629822007   0
0.449505978120367   0.108387181714537   -0.0126190317748727   0.0079349626511183   0
0.454707854668247   0.102939094198038   0.00520187654788018   -0.00544808751649892   0
0.470143105841456   0.115999478950608   0.0154352511732081   0.01306038475257   0
0.471489855496054   0.115707826055544   0.00134674965459863   -0.000291652895063901   0
0.41956747657707   0.101934729253883   -0.0519223789189843   -0.0137730968016606   0
0.404626008056378   0.101561874396215   -0.0149414685206919   -0.000372854857668595   0
0.382381057725458   0.104039034014751   -0.02224495033092   0.00247715961853619   0
0.359826693637368   0.104624467574619   -0.0225543640880903   0.000585433559868065   0
0.320343555686703   0.104132800529828   -0.0394831379506643   -0.000491667044790728   0
0.36288148814179   0.11659142957141   0.0425379324550865   0.0124586290415815   0
0.320379236952085   0.118113220128665   -0.0425022511897052   0.00152179055725536   0
0.351123457825022   0.120306722466006   0.0307442208729374   0.00219350233734052   0
0.347884361534117   0.128719727452885   -0.00323909629090535   0.00841300498687939   0
0.332224584480137   0.125483718140343   -0.0156597770539793   -0.0032360093125422   0
0.344583823593041   0.143975172375387   0.0123592391129036   0.0184914542350445   0
0.374019284226094   0.144244533632622   0.0294354606330534   0.000269361257234257   0
0.334908230506508   0.147727772149222   -0.0391110537195869   0.0034832385166006   0
0.358950334507436   0.152768323201515   0.0240421040009282   0.00504055105229267   0
0.373833839405959   0.142032153459604   0.0148835048985229   -0.0107361697419109   0
0.33837880706244   0.160733274885165   -0.0354550323435185   0.0187011214255609   0
0.388604924989378   0.160301726170876   0.0502261179269379   -0.000431548714288993   0
0.359427287482461   0.162006711294509   -0.0291776375069164   0.00170498512363337   0
0.344018007567918   0.172933845076586   -0.0154092799145436   0.0109271337820762   0
0.36485549869092   0.170656764413171   0.0208374911230023   -0.0022770806634147   0
0.380692011550019   0.167732927661352   0.0158365128590991   -0.00292383675181873   0
0.355752802909548   0.170264488412218   -0.0249392086404708   0.00253156075086608   0
0.487742464317072   0.186642171388355   0.131989661407523   0.0163776829761365   0
0.394161425895584   0.202427558920772   -0.0935810384214877   0.0157853875324169   0
0.443001671115629   0.220877626109555   0.048840245220045   0.0184500671887836   0
0.440844562241171   0.221512922780636   -0.00215710887445769   0.000635296671080671   0
0.397264492400529   0.202763446317491   -0.0435800698406423   -0.0187494764631445   0
0.431695994978886   0.21947198453119   0.0344315025783565   0.0167085382136981   0
0.426153503143234   0.233334687688695   -0.00554249183565192   0.013862703157505   0
