1.74240500866116   0   0   0
0.887750269736827   -0.0929503312262074   -0.854654738924333   1
0.451493697809106   0.0164021077787161   -0.436256571927722   0
0.372930101795149   0.0657543560880535   -0.0785635960139568   0
0.255679452645476   -0.0604700637890242   -0.117250649149673   0
0.220912958359311   0.00930119574463149   -0.034766494286165   0
0.169104942591398   -0.0112306858867336   -0.0518080157679127   0
0.171414535800964   -0.00476395138649342   0.00230959320956611   0
0.0983711284536779   -0.0131265000962668   -0.0730434073472862   0
0.125438368687296   0.0301232508852656   0.0270672402336181   0
0.0969757460015261   -0.0119222919814102   -0.0284626226857699   0
0.071350504223341   -0.0113141348619907   -0.0256252417781851   0
0.0674168500398454   -0.00272477371354467   -0.00393365418349562   0
0.0590993489977259   0.0380702979442474   -0.00831750104211952   0
0.0594519248311188   -0.0434949276233133   0.000352575833392946   0
0.0520180985706177   0.0293022673381244   -0.0074338262605011   0
0.0394013638947309   -0.0104866779973398   -0.0126167346758869   0
0.0413786903165446   -0.00142043491754371   0.00197732642181372   0
0.0373733222387641   0.0133358212795842   -0.00400536807778046   0
0.0524192260119796   -0.00713187803215923   0.0150459037732155   0
0.046072875836467   -0.0177041331458732   -0.00634635017551266   0
0.073541329065108   0.0430261843581603   0.027468453228641   0
0.0373540558337043   -0.0179066979464832   -0.0361872732314037   0
0.0292134088607441   -0.0155698359752133   -0.00814064697296026   0
0.0269620582126996   0.0176578820850395   -0.0022513506480445   0
0.040428364240314   0.00691180012222829   0.0134663060276144   0
0.0638500289723114   -0.0281601773039396   0.0234216647319974   0
0.058038459107453   -0.0122843207668891   -0.00581156986485831   0
0.0598506048400933   0.0339085930159023   0.00181214573264026   0
0.0661969022979361   -0.0135207955069327   0.00634629745784282   0
0.0533612186469959   0.0159227275678405   -0.0128356836509402   0
0.0357450674361815   0.0139191418588162   -0.0176161512108144   0
0.0864678575623966   -0.0370041516313194   0.0507227901262151   0
0.0682288982272541   -0.00171065537131888   -0.0182389593351425   0
0.0688763206303153   0.0217463434400142   0.000647422403061204   0
0.0661943181577165   0.0128623752106296   -0.0026820024725988   0
0.0868104402913757   -0.0171303206404711   0.0206161221336591   0
0.0696085380042025   -0.00591006672101888   -0.0172019022871732   0
0.0853718175264677   0.0148311054559984   0.0157632795222652   0
0.0678141228854285   0.0406256872693259   -0.0175576946410392   0
0.0955486144525524   0.00833040618025967   0.0277344915671238   0
0.0885719892797379   -0.0186659461716492   -0.0069766251728145   0
0.0578657095374344   0.0494999593134774   -0.0307062797423035   0
0.0471931900298391   -0.0382037822118651   -0.0106725195075953   0
0.0942857856487923   -0.0672982957859872   0.0470925956189532   0
0.0448823007821012   0.102323084137603   -0.0494034848666911   0
0.0292230929843698   0.0429301227807714   -0.0156592077977313   0
0.0701581526304142   0.00114830182104858   0.0409350596460444   0
0.01746127077814   -0.0503908023747879   -0.0526968818522743   0
0.0481491303958078   0.0655111483320321   0.0306878596176678   0
0.0434299682261135   -0.0123579476882442   -0.00471916216969431   0
0.603864993213568   -0.0300141482624069   0.560435024987454   1
0.617860800313285   0.201299497355722   0.0139958070997168   0
0.496830414003702   -0.0402275609930816   -0.121030386309583   0
0.373718625930221   -0.01868095012932   -0.123111788073481   0
0.351234441467362   0.0034473942948483   -0.0224841844628587   0
0.393225846217123   0.0238375717003239   0.0419914047497608   0
0.339040987625184   -0.0614016945341807   -0.0541848585919394   0
0.309127952449811   -0.0214358185571927   -0.0299130351753729   0
0.199911686849406   -0.0280322886588389   -0.109216265600405   0
0.0887262391531389   -0.054567020337295   -0.111185447696267   0
0.0868947366140349   0.0283631417521737   -0.00183150253910398   0
0.102485342002332   -0.0283475399372279   0.0155906053882973   0
0.377416148588332   -0.00222805327750239   0.274930806586   0
0.317634677226244   0.106926043764957   -0.0597814713620884   1
0.25106868433708   -0.0207269361211763   -0.0665659928891634   0
0.17533650120148   0.0157782779815703   -0.0757321831356006   0
0.154942085821324   0.0070223754852029   -0.0203944153801559   0
0.18106937464133   0.0427833314750909   0.0261272888200066   0
0.199888635121259   -0.0260960652062194   0.0188192604799289   0
0.671807047835368   0.357514551643817   0.471918412714109   0
0.415235211936708   -0.191704883576826   -0.25657183589866   0
0.297630165110141   -0.068315623224624   -0.117605046826566   0
0.165465989166724   -0.0389144849502472   -0.132164175943417   0
0.24407932715839   0.0128206304507208   0.078613337991666   0
0.241594224485174   -0.0141289698030204   -0.00248510267321647   0
0.265972776793777   0.0294965189615061   0.0243785523086035   0
0.266515416520715   0.0183173602373053   0.000542639726937355   0
0.277054833251642   -0.0476028174922785   0.0105394167309271   0
0.27417388138182   -0.0509209271730301   -0.0028809518698214   0
0.266417250909851   0.0652891050374804   -0.00775663047196934   0
0.245057189475401   -0.011010221210552   -0.0213600614344502   0
0.251854785068246   0.0103821106438519   0.00679759559284543   0
0.325305238653841   0.0689585246662772   0.0734504535855948   0
0.323077140851132   -0.0207676931625247   -0.00222809780270855   0
0.258974115687847   -0.0215274916768015   -0.0641030251632852   0
0.154191374431427   -0.0237197168857416   -0.10478274125642   0
0.0969885214568307   -0.087120843778349   -0.0572028529745963   0
0.178348204219975   -0.0645543410944737   0.0813596827631446   0
0.163656873289124   0.111330331695362   -0.014691330930851   0
0.200677019301053   0.0254908760596012   0.0370201460119282   0
1.87526898765844   -0.00665837667960145   1.67459196835738   1
0.84402366589985   0.0459257675873682   -1.03124532175859   1
0.643717226415035   0.0340011990921117   -0.200306439484816   0
0.47800338613217   -0.0855219284205697   -0.165713840282865   0
0.485257819388305   0.00694713413127074   0.00725443325613506   0
0.502468538965371   -0.0304298805570791   0.0172107195770669   0
0.794637838568653   0.101549248461927   0.292169299603281   1
0.42069642510044   -0.0785604637984647   -0.373941413468213   0
0.333679021483056   -0.00156416273315985   -0.0870174036173834   0
0.333249784507335   -0.0191445324390371   -0.000429236975721781   0
0.275752626477202   -0.0267896839102648   -0.0574971580301331   0
0.335357745227011   0.0708062453460047   0.0596051187498098   0
0.254880596496281   -0.126611996758635   -0.0804771487307303   0
0.260912999110685   0.0735969679160192   0.00603240261440435   0
0.282522790177293   0.0597267689551721   0.0216097910666073   0
0.27469758110362   -0.0532834921511973   -0.0078252090736724   0
0.254873612067986   -0.000270637577501898   -0.0198239690356337   0
0.181810492462626   -0.0174436106105105   -0.0730631196053607   0
0.114579175753057   -0.121100682178281   -0.0672313167095684   0
0.186502975414   0.14007600028149   0.0719237996609425   0
0.177714945920131   0.032385147876584   -0.00878802949386903   0
0.159479900315847   -0.0625182497369824   -0.0182350456042837   0
0.0859947880563119   -0.0332190873910931   -0.0734851122595351   0
0.0796034359533714   -0.0407183983000738   -0.00639135210294048   0
0.0987027805321107   0.0564172055786814   0.0190993445787393   0
0.0814981885092699   0.0368141041954439   -0.0172045920228407   0
0.0695884088047895   -0.0394714218560854   -0.0119097797044805   0
0.562795059406397   -0.0763807099395367   0.493206650601608   1
0.461858041956887   -0.0149673592131237   -0.10093701744951   0
0.265245792255221   0.0873278385608524   -0.196612249701666   0
0.231723338465275   0.00850316220191905   -0.0335224537899461   0
0.196488823622999   -0.0115286423069775   -0.0352345148422762   0
0.112510115199701   -0.0424873323504026   -0.0839787084232979   0
0.116790345298745   -0.040858406283492   0.00428023009904359   0
0.18299003835729   0.0850899612101401   0.0661996930585455   0
0.278033363929835   0.0763826827802739   0.0950433255725448   0
0.189836978705764   -0.0742497968520952   -0.0881963852240713   0
0.776232074297457   0.0847408324923034   0.586395095591693   1
1.22242586801607   0.118736743784103   0.44619379371861   0
0.791290457215509   -0.00103734297229563   -0.431135410800558   0
0.612247306281516   -0.0719582531150048   -0.179043150933993   0
0.284533180618553   -0.0836696876829233   -0.327714125662963   0
0.114829061812864   -0.087355555197611   -0.169704118805689   0
0.11324277946877   -0.150367394334119   -0.00158628234409371   0
0.217030239044494   0.0746536859368488   0.103787459575723   0
0.166458495028971   0.0219337913811318   -0.0505717440155224   0
0.107035421628823   0.114472681375071   -0.0594230734001477   0
0.149411427999635   -0.0383298044771767   0.0423760063708112   0
0.142424250166755   -0.00625143988116991   -0.0069871778328793   0
0.798449600586468   0.302277539760804   0.656025350419713   1
0.930913617528098   0.272122898337903   0.13246401694163   1
0.629972307025674   -0.371479335510029   -0.300941310502424   1
0.534853208893527   -0.0193935568976726   -0.0951190981321471   0
0.424220527191295   -0.0835061503303842   -0.110632681702232   0
0.412532939362131   0.0299481030559759   -0.0116875878291633   0
0.366789196842604   -0.0242090857887362   -0.0457437425195273   0
0.264282589610652   -0.0421029351474748   -0.102506607231952   0
0.0640150357001238   -0.00653070580016202   -0.200267553910529   0
0.0973930701405199   -0.0843888218122348   0.0333780344403961   0
0.134315025694159   -0.0580972956398767   0.0369219555536388   0
0.105660720935691   0.120323621820832   -0.0286543047584675   0
0.0907825315126897   -0.0186713909453349   -0.0148781894230014   0
0.09823100202968   0.0487578907199862   0.00744847051699031   0
0.135880762974529   0.00144007681945746   0.0376497609448485   0
0.0898778087695873   0.00128143800170283   -0.0460029542049412   0
0.074517086790363   0.025618508434291   -0.0153607219792242   0
0.0505080460574352   -0.045580923436374   -0.0240090407329278   0
0.0831576127059483   0.0155069912528197   0.0326495666485131   0
0.120788020054304   0.0276662797233061   0.0376304073483555   0
0.0936837970386555   -0.0834566928874173   -0.0271042230156483   0
0.0564316487216394   0.0384812233966247   -0.0372521483170162   0
0.0544618615544171   0.0143474254112403   -0.00196978716722222   0
0.100360265488937   -0.161055244511339   0.0458984039345203   0
0.0920420615153746   0.0506438541604264   -0.00831820397356281   0
0.0816572148368563   0.104070313514117   -0.0103848466785183   0
0.0613121902717967   -0.0388891241985813   -0.0203450245650596   0
0.0406126097564229   0.0473548774815509   -0.0206995805153738   0
0.0829040598946778   -0.0809037268407367   0.0422914501382549   0
0.128358874331529   -0.0406257685605458   0.0454548144368511   0
0.120677187717781   0.0472503092969188   -0.0076816866137481   0
0.120920870546569   0.066743347383602   0.000243682828787797   0
0.0768803680759919   -0.0649244077834935   -0.0440405024705767   0
0.0648086098479978   0.0318243149899175   -0.0120717582279941   0
0.0422675966136104   0.00103360552407622   -0.0225410132343874   0
0.210509884674948   0.019488060538394   0.168242288061338   0
0.203667150006383   -0.0732139860110942   -0.00684273466856528   0
0.240528729393414   0.0151513207620272   0.0368615793870307   0
0.442522984925642   0.353372310757128   0.201994255532228   1
0.170413825038962   -0.0785691962566889   -0.27210915988668   1
0.235459573880826   -0.238008875366551   0.0650457488418635   0
0.231053441619336   -0.0501053386546944   -0.00440613226148942   0
0.231741702964011   -0.00198300560403131   0.000688261344674951   0
0.272772488733853   0.10063131844897   0.0410307857698418   0
0.182996513941687   -0.0959173175819502   -0.0897759747921661   0
