0   0   0   0   0
0.275010801599228   0.221913915332528   0.275010801599228   0.221913915332528   1
0.225188679261214   0.0823600713138654   -0.0498221223380139   -0.139553844018663   0
0.283147675179384   0.0921899257167642   0.0579589959181699   0.00982985440289874   0
0.206090751540408   0.0532166898424498   -0.0770569236389765   -0.0389732358743144   0
0.360836811275624   0.0739133225901292   0.154746059735216   0.0206966327476794   0
0.296471890272265   0.109089278027791   -0.0643649210033585   0.0351759554376614   0
0.304632640547611   0.120469647166299   0.00816075027534602   0.0113803691385081   0
0.335075703835715   0.184843954826936   0.0304430632881042   0.0643743076606377   0
0.327937168517019   0.221614272560997   -0.0071385353186959   0.0367703177340609   0
0.278431282959027   0.173471169355609   -0.0495058855579919   -0.0481431032053879   0
0.380497058878856   0.243553589447702   0.102065775919829   0.0700824200920931   0
0.381219170644657   0.31938254551791   0.000722111765800393   0.0758289560702077   0
0.285431371463194   0.2451595400632   -0.0957877991814626   -0.0742230054547097   0
0.407659735149107   0.244126678332172   0.122228363685913   -0.00103286173102801   0
0.29220640705118   0.269826655475905   -0.115453328097927   0.025699977143732   0
0.203271861158892   0.144691711857487   -0.0889345458922879   -0.125134943618418   0
0.381575193496642   0.0146484762259262   0.17830333233775   -0.130043235631561   0
0.211508482946382   0.0750600367079746   -0.17006671055026   0.0604115604820484   0
0.269816081551489   0.158928073818516   0.0583075986051074   0.0838680371105409   0
0.406135008594384   0.121441034920533   0.136318927042894   -0.037487038897983   0
0.293917624692702   0.216026768420432   -0.112217383901682   0.0945857334998996   0
0.430351736349466   0.278338637070476   0.136434111656764   0.0623118686500436   0
0.453857426417912   0.249881180058483   0.0235056900684459   -0.0284574570119927   0
0.356074571476257   0.326690191671712   -0.0977828549416547   0.0768090116132291   0
0.428625716905787   0.380154189836453   0.0725511454295302   0.053463998164741   0
0.43840677443785   0.300127268613871   0.00978105753206299   -0.0800269212225824   0
0.452302213094298   0.357275726237104   0.0138954386564482   0.0571484576232332   0
0.444402945847572   0.297910023911038   -0.00789926724672629   -0.0593657023260662   0
0.548709904398754   0.287159658175661   0.104306958551182   -0.0107503657353766   0
0.51354065167229   0.374738675388983   -0.0351692527264645   0.0875790172133225   0
0.474018846112684   0.317858829118498   -0.039521805559606   -0.0568798462704855   0
0.415667805621268   0.359287377369721   -0.0583510404914159   0.0414285482512233   0
0.545776678278763   0.410057778825741   0.130108872657495   0.0507704014560194   0
0.606558542821713   0.40311692399077   0.0607818645429505   -0.00694085483497092   0
0.454413360670656   0.465241806087599   -0.152145182151057   0.0621248820968288   0
0.568829449242038   0.523405955153359   0.114416088571381   0.0581641490657605   0
0.901569621800225   0.77654931413079   0.332740172558187   0.253143358977431   0
0.74448273648084   0.749389902442814   -0.157086885319384   -0.0271594116879761   0
0.801885563801344   0.680882099575617   0.0574028273205043   -0.068507802867197   0
0.759390766963887   0.650487179850034   -0.0424947968374577   -0.0303949197255829   0
0.833946960664166   0.652878840136131   0.0745561937002792   0.00239166028609761   0
0.760119515400703   0.57046655974496   -0.0738274452634626   -0.0824122803911712   0
0.829295429181302   0.63272723331879   0.0691759137805988   0.0622606735738295   0
0.725379273394271   0.54794223895179   -0.103916155787032   -0.084784994367   0
0.558468346211314   0.465216979418475   -0.166910927182957   -0.0827252595333143   0
0.73141930718501   0.572863351588535   0.172950960973696   0.10764637217006   0
0.772872765468547   0.484250892140376   0.0414534582835373   -0.0886124594481595   0
0.662694604085472   0.539380154214771   -0.110178161383075   0.0551292620743949   0
0.755973744541436   0.501387274437884   0.093279140455964   -0.0379928797768869   0
0.678612184430843   0.470047892983257   -0.077361560110593   -0.0313393814546264   0
0.738556879831202   0.561882553274259   0.0599446954003588   0.091834660291001   0
0.829775839528966   0.480208475482004   0.0912189596977644   -0.0816740777922549   0
0.69048386278609   0.556044846361559   -0.139291976742876   0.0758363708795555   0
0.828944090064583   0.576970889961097   0.138460227278493   0.0209260435995375   0
0.880696053515059   0.506407816424174   0.0517519634504758   -0.0705630735369226   0
0.927004117029693   0.573637733582624   0.0463080635146335   0.0672299171584502   0
1.04015463786016   0.590003016640593   0.113150520830467   0.0163652830579688   0
0.969565427286885   0.577318257659716   -0.0705892105732745   -0.0126847589808774   0
1.04351416836285   0.629991196456199   0.0739487410759599   0.0526729387964829   0
1.00528186910985   0.556280201778476   -0.0382322992529918   -0.0737109946777221   0
1.0346597946098   0.6452940855142   0.0293779254999498   0.0890138837357239   0
1.06176039173912   0.714793798559703   0.0271005971293123   0.069499713045503   0
1.032322662081   0.663029376777085   -0.0294377296581165   -0.0517644217826182   0
0.926795188126265   0.605982734792015   -0.105527473954733   -0.0570466419850698   0
1.00866848777881   0.565739997666969   0.0818732996525491   -0.040242737125046   0
0.592071277249834   1.01778385957825   -0.41659721052898   0.452043861911281   1
0.055993535834505   2.1465266496124   -0.536077741415329   1.12874279003415   1
0.470898077830532   1.96105942411774   0.414904541996027   -0.185467225494664   1
0.501131618836808   2.14428072856407   0.030233541006276   0.183221304446328   0
0.255561266275878   2.26480098405522   -0.245570352560931   0.120520255491154   0
0.761746634767683   1.96837539776406   0.506185368491806   -0.296425586291166   1
0.188363276914159   2.20085311872451   -0.573383357853525   0.232477720960454   1
0.594515347590792   1.68629876577736   0.406152070676633   -0.51455435294715   1
0.701182224557925   1.20716362677404   0.106666876967133   -0.479135139003322   0
0.458569891703544   1.09688194635122   -0.242612332854381   -0.110281680422814   0
0.756306350846957   1.02754874632618   0.297736459143413   -0.0693332000250464   0
0.710605810447987   0.790533206463207   -0.0457005403989701   -0.23701553986297   0
0.630361277904187   0.654410132889011   -0.0802445325437994   -0.136123073574197   0
0.833005348105281   0.580740529633934   0.202644070201093   -0.0736696032550763   0
0.920357720976382   0.413847103226542   0.0873523728711014   -0.166893426407392   0
0.815191265154994   0.44077402700124   -0.105166455821388   0.0269269237746982   0
1.07361030895712   0.399837163991168   0.258419043802125   -0.0409368630100724   0
0.944204656193243   0.310646060417238   -0.129405652763876   -0.0891911035739302   0
0.949811089783121   0.388383465911591   0.00560643358987811   0.0777374054943535   0
1.04743918939383   0.358525655620696   0.0976280996107072   -0.029857810290895   0
0.978458543398237   0.342824615023849   -0.068980645995591   -0.0157010405968475   0
1.02514472665522   0.37109416797627   0.0466861832569799   0.0282695529524212   0
1.05847790470184   0.331303954392945   0.0333331780466242   -0.039790213583325   0
0.990392820365738   0.322213647456932   -0.0680850843361038   -0.00909030693601304   0
1.07059169971236   0.422327207247532   0.0801988793466224   0.1001135597906   0
0.963478237723095   0.558928765058885   -0.107113461989265   0.136601557811353   0
0.909427013452976   0.624920776537714   -0.0540512242701184   0.0659920114788295   0
1.11976255860472   0.618911743200313   0.210335545151749   -0.00600903333740144   0
0.987615277839504   0.547550345787718   -0.132147280765221   -0.0713613974125944   0
0.989402291332499   0.51009017186523   0.0017870134929957   -0.0374601739224882   0
1.0846345960946   0.460634039417681   0.0952323047620978   -0.0494561324475488   0
0.840350633282917   0.401569439146581   -0.24428396281168   -0.0590646002710999   0
0.998520010212614   0.414550873104255   0.158169376929697   0.0129814339576734   0
1.01218013890315   0.384022409016092   0.0136601286905355   -0.030528464088163   0
0.291173623512914   1.80738857990566   -0.721006515390236   1.42336617088957   1
0.383518726986049   2.17077735849056   0.0923451034731358   0.363388778584896   1
0.803644931344061   1.30672840841643   0.420126204358011   -0.864048950074128   1
0.279511974088768   2.24070644392951   -0.524132957255293   0.933978035513083   1
0.878776500034565   1.23397458095133   0.599264525945797   -1.00673186297819   1
0.591828388160791   0.971036997898381   -0.286948111873774   -0.262937583052945   0
0.47776455012171   0.733886364940617   -0.114063838039081   -0.237150632957764   0
0.890189355053182   0.413544147012698   0.412424804931472   -0.320342217927919   0
0.542983642048487   0.353632911062672   -0.347205713004694   -0.0599112359500256   0
0.569598386627806   0.457226851250123   0.0266147445793189   0.103593940187451   0
0.947935404615758   0.442262171340812   0.378337017987951   -0.0149646799093111   0
0.65602298600735   0.538077283475617   -0.291912418608407   0.0958151121348053   0
0.963377766474294   0.671439023427481   0.307354780466944   0.133361739951864   0
0.842067415083163   0.616816782060524   -0.121310351391131   -0.0546222413669574   0
0.788309687771881   0.71287321771564   -0.0537577273112824   0.0960564356551157   0
1.00270973622679   0.797456704613799   0.21440004845491   0.0845834868981594   0
0.990419397685364   0.743321797324012   -0.0122903385414262   -0.0541349072897868   0
0.853802197295135   0.703633730894135   -0.13661720039023   -0.0396880664298772   0
1.09410332435881   0.716869043208904   0.240301127063676   0.0132353123147692   0
0.933041344242044   0.662942280282567   -0.161061980116767   -0.053926762926337   0
1.10750697022592   0.850939585802071   0.174465625983878   0.187997305519504   0
1.3454211960167   0.932203021582477   0.237914225790776   0.0812634357804061   0
1.27405136572196   1.00394214164625   -0.0713698302947339   0.0717391200637686   0
1.33653747853362   0.983160099804325   0.0624861128116541   -0.0207820418419206   0
1.33007795309298   0.986046625165362   -0.00645952544064188   0.00288652536103717   0
1.39098394168912   1.07564797764754   0.060905988596144   0.0896013524821813   0
1.49687630665663   1.04086753146642   0.105892364967513   -0.0347804461811227   0
1.26228114538323   1.08759807600568   -0.234595161273402   0.0467305445392563   0
1.17644384156193   0.932814966014697   -0.0858373038212967   -0.15478310999098   0
1.23475893439529   0.898390268503755   0.0583150928333596   -0.0344246975109413   0
1.20985240183173   0.905575541699863   -0.0249065325635656   0.00718527319610751   0
1.33309176786934   0.833176386593049   0.123239366037611   -0.0723991551068139   0
0.612830189421181   1.13523789704053   -0.720261578448159   0.302061510447479   1
0.67172889426762   1.38263854517305   0.0588987048464399   0.247400648132523   1
0.838542846090168   0.894854182011516   0.166813951822548   -0.487784363161534   1
0.468777949315921   1.47012039050523   -0.369764896774248   0.575266208493714   1
1.09220449198719   0.798035728452994   0.623426542671271   -0.672084662052236   1
0.560712081440948   1.3107519231507   -0.531492410546244   0.512716194697703   1
0.78734854651355   0.560953179539133   0.226636465072602   -0.749798743611564   1
0.661087288017248   0.431044216817475   -0.126261258496302   -0.129908962721658   1
0.469599098525338   0.495589267085406   -0.19148818949191   0.0645450502679316   1
0.474169636857026   0.457908275309917   0.0045705383316878   -0.0376809917754894   0
0.642066422326257   0.512301704352279   0.167896785469232   0.0543934290423626   0
0.630208224721004   0.651099662603614   -0.011858197605253   0.138797958251335   0
0.471847004324495   0.936158229946332   -0.15836122039651   0.285058567342718   0
0.919837097756445   0.489005996358429   0.44799009343195   -0.447152233587903   1
0.532643504964625   0.836012458587873   -0.387193592791821   0.347006462229444   1
0.578598480670318   0.757237004676376   0.0459549757056932   -0.0787754539114969   0
1.02181568360493   0.384679894626688   0.443217202934607   -0.372557110049688   1
0.68291557598231   0.375053705670601   -0.338900107622615   -0.00962618895608697   1
0.618819069887669   0.460890911806026   -0.0640965060946407   0.0858372061354247   0
1.16765626099917   0.484844376766659   0.5488371911115   0.0239534649606331   1
0.866405560851845   0.473198404522144   -0.301250700147325   -0.0116459722445152   0
0.898216335247807   0.483777886949931   0.0318107743959617   0.0105794824277869   0
1.28377628776344   0.58952806024141   0.385559952515638   0.10575017329148   0
1.11113874436364   0.634273180096468   -0.172637543399807   0.0447451198550572   0
1.06077594589103   0.577857675287782   -0.0503627984726116   -0.0564155048086855   0
1.5882059146005   0.72042645186797   0.527429968709471   0.142568776580188   1
1.34119316222944   0.746120285076023   -0.247012752371058   0.0256938332080531   0
1.24862918331945   0.788904662766041   -0.092563978909987   0.0427843776900174   0
1.62227863264021   0.810966081251861   0.373649449320762   0.0220614184858204   0
1.30430070183336   0.81422711421031   -0.317977930806852   0.00326103295844948   0
1.14085765958949   0.918427503664416   -0.163443042243876   0.104200389454105   0
1.47449720513842   0.868085793997632   0.33363954554893   -0.0503417096667831   0
1.2791006295335   0.913276577981993   -0.195396575604914   0.0451907839843609   0
1.32036054148138   1.00814051287407   0.0412599119478771   0.0948639348920801   0
1.69021390334508   0.862802760943224   0.369853361863698   -0.145337751930849   1
1.45421243334425   0.90014767346368   -0.236001470000828   0.0373449125204558   0
1.51568792525144   0.958221748889708   0.0614754919071869   0.0580740754260278   0
2.02763956533206   0.893346524582706   0.511951640080628   -0.0648752243070012   1
1.69792291679687   0.90827120877467   -0.329716648535191   0.0149246841919635   0
1.75200983318045   0.902805059249919   0.0540869163835807   -0.00546614952475066   0
1.58925219050628   0.875515890613244   -0.162757642674176   -0.0272891686366751   0
1.59340347387095   0.888780531797074   0.00415128336466952   0.01326464118383   0
1.64606071349146   0.857497086933804   0.0526572396205087   -0.0312834448632701   0
1.57603456788263   0.894225335693415   -0.0700261456088216   0.0367282487596104   0
1.66367179056598   0.881163096090962   0.087637222683342   -0.0130622396024526   0
1.53191664162904   0.873005282220739   -0.131755148936935   -0.00815781387022252   0
1.53605996612437   0.930542630447719   0.00414332449532884   0.0575373482269794   0
1.60967036159084   0.883382157354726   0.0736103954664746   -0.0471604730929926   1
1.45445480391107   0.954196147893403   -0.155215557679771   0.0708139905386772   0
1.58855975253089   0.91760259219678   0.134104948619815   -0.0365935556966235   0
1.47271254213203   0.931427675867327   -0.115847210398855   0.0138250836705469   0
1.55352002164697   1.03934906100453   0.0808074795149347   0.107921385137204   0
1.71190789840458   0.955338705606347   0.158387876757615   -0.0840103553981842   1
1.61946690448215   1.08916668029749   -0.0924409939224331   0.133827974691141   0
1.82913922275616   1.15613365068328   0.209672318274007   0.0669669703857929   0
2.0926407167168   1.11193260836887   0.263501493960641   -0.0442010423144099   1
1.92650152709516   1.24368462271641   -0.166139189621635   0.131752014347535   0
1.99839301842756   1.27964300787134   0.0718914913323923   0.0359583851549297   0
2.15046876254667   1.24030310217543   0.152075744119112   -0.0393399056959038   0
1.95513306874494   1.35478913512113   -0.19533569380173   0.114486032945694   0
2.06042032374465   1.39078332113597   0.105287254999709   0.0359941860148438   0
2.28023846986143   1.24694710054687   0.219818146116783   -0.143836220589099   0
2.09963095943073   1.38083501880755   -0.180607510430703   0.13388791826068   0
2.09502268259797   1.38525467272051   -0.00460827683275689   0.0044196539129564   0
2.08424609361851   1.21193525039758   -0.0107765889794655   -0.173319422322925   0
1.96195816333096   1.35669768393294   -0.122287930287544   0.144762433535356   0
2.07169994362118   1.37577629159904   0.109741780290219   0.0190786076660989   0
2.1815380309472   1.30421074003935   0.109838087326023   -0.0715655515596831   0
2.13204461515232   1.46344273404496   -0.0494934157948843   0.15923199400561   0
2.15418044165293   1.38273344011608   0.0221358265006084   -0.0807092939288838   0
2.15961215473983   1.44035764871472   0.00543171308689994   0.0576242085986407   0
2.16183729114843   1.56413970274405   0.00222513640860722   0.12378205402933   0
2.1961507168225   1.50104834946788   0.0343134256740703   -0.0630913532761705   0
2.27938118547754   1.43052550086856   0.083230468655036   -0.070522848599319   0
2.174179837088   1.57805404170897   -0.105201348389541   0.147528540840404   0
2.56667700938392   1.49052315266495   0.392497172295924   -0.0875308890440196   0
2.42287486701233   1.59792856771861   -0.143802142371597   0.107405415053665   0
2.34220940406702   1.6237073909498   -0.0806654629453032   0.0257788232311875   0
2.59103488621825   1.50975634148768   0.248825482151223   -0.113951049462123   0
2.2894064086789   1.70919564095542   -0.30162847753935   0.199439299467742   0
2.45219156033944   1.76140799876051   0.162785151660549   0.052212357805091   0
2.93556956473527   2.03557323104998   0.483378004395822   0.27416523228947   1
2.60723663241371   2.19003801805522   -0.328332932321553   0.154464787005244   0
2.6558965410761   2.06907087761367   0.0486599086623882   -0.120967140441554   0
2.45804398898799   2.05160005837541   -0.19785255208811   -0.0174708192382558   0
2.48315282632785   2.09049223910877   0.02510883733986   0.0388921807333569   0
2.61716001916199   1.99021141815543   0.13400719283414   -0.10028082095334   0
2.30527685795004   2.08461383671988   -0.311883161211954   0.0944024185644545   0
2.58080455790438   2.03355989522168   0.275527699954338   -0.0510539414982074   0
2.66320424057657   1.98652846402965   0.08239968267219   -0.0470314311920279   0
2.59354695399948   2.04543611731728   -0.0696572865770819   0.0589076532876329   1
2.53723796804714   2.11377984170189   -0.0563089859523398   0.068343724384603   0
2.55347393273967   1.95710503523323   0.0162359646925267   -0.156674806468658   0
2.40948902213727   2.08011041663273   -0.143984910602404   0.123005381399506   1
2.3737050806545   1.87127936969003   -0.0357839414827636   -0.208831046942708   0
2.42628011004583   1.84030224224018   0.0525750293913263   -0.0309771274498412   0
2.33773934667661   1.92559401060147   -0.0885407633692155   0.0852917683612848   0
2.43299185224694   1.95088428528738   0.0952525055703273   0.0252902746859105   0
2.73502940625873   1.94781143431217   0.302037554011792   -0.00307285097520515   0
2.4335543452736   2.02842559908233   -0.301475060985138   0.0806141647701537   1
2.48986419906789   2.09541345770754   0.0563098537942972   0.0669878586252102   0
2.78198699732763   2.1536506887263   0.292122798259737   0.0582372310187576   0
2.53869130313238   2.09567405091471   -0.243295694195246   -0.0579766378115907   0
2.64697273860159   1.97838112573873   0.108281435469206   -0.117292925175974   0
2.51843314886379   1.99853716189023   -0.128539589737797   0.0201560361514972   0
2.54023387795297   1.96078162142664   0.02180072908918   -0.0377555404635845   0
3.04307878954851   2.00103868189585   0.502844911595532   0.0402570604692101   1
2.86355061952814   2.32832128854325   -0.179528170020365   0.327282606647396   1
2.90545293852783   2.43290754701864   0.0419023189996892   0.104586258475388   0
3.2823506394808   2.2349765470556   0.376897700952967   -0.197930999963043   1
2.67514413387391   2.3796744960679   -0.607206505606885   0.144697949012301   1
2.20656124974948   2.2748241457638   -0.468582884124429   -0.104850350304098   1
2.78360927500269   2.10609810501339   0.577048025253208   -0.168726040750408   1
2.44565202881031   2.23033588129546   -0.337957246192377   0.124237776282069   0
2.51817353202673   2.1667453995308   0.0725215032164215   -0.0635904817646571   0
2.94597892629615   2.1470759781752   0.427805394269412   -0.0196694213556015   1
2.67510628762672   2.35133236277637   -0.27087263866943   0.204256384601166   1
2.6235844218359   2.34193915494611   -0.0515218657908201   -0.00939320783025765   0
3.15645214988284   2.38658458650076   0.532867728046942   0.044645431554649   1
2.45235275368369   2.47614138068311   -0.704099396199145   0.0895567941823483   1
2.19643823145564   2.35806448859679   -0.25591452222805   -0.118076892086315   0
2.90098682037682   2.4521484051077   0.704548588921173   0.0940839165109102   1
2.64835536327737   2.54303981400243   -0.25263145709945   0.0908914088947252   0
2.61196877435394   2.50464972967484   -0.0363865889234325   -0.0383900843275877   0
3.04822111960402   2.4059390934181   0.436252345250087   -0.098710636256742   1
2.36340507701092   2.41989534334571   -0.684816042593101   0.0139562499276118   1
2.2559006326964   2.28390819640952   -0.107504444314526   -0.135987146936195   0
2.72875806663783   2.16029856502984   0.472857433941429   -0.123609631379672   1
2.47907828360542   2.23766355607518   -0.249679783032404   0.0773649910453318   0
2.42179700333946   2.17602727398395   -0.057281280265959   -0.0616362820912295   0
2.91182703296401   2.20232140876775   0.490030029624549   0.0262941347838042   1
2.55800372904341   2.40635072336853   -0.3538233039206   0.20402931460078   1
2.59031484212344   2.36289695213974   0.0323111130800311   -0.043453771228795   0
2.83116235016645   2.18265167887389   0.240847508043004   -0.180245273265847   0
2.56068487325169   2.16584582712649   -0.270477476914762   -0.0168058517473928   0
2.7550773514005   2.11960527092458   0.194392478148816   -0.0462405562019175   0
2.6800579034894   2.20854941201329   -0.0750194479111004   0.0889441410887137   0
2.55527676185966   2.22252693045781   -0.124781141629739   0.0139775184445212   0
2.85280134299621   2.13986540433224   0.297524581136551   -0.0826615261255683   1
2.57087992210838   2.25509733691974   -0.281921420887831   0.115231932587495   1
2.657235445797   2.19624827610934   0.0863555236886211   -0.0588490608103984   0
2.85869604034235   2.25766828268155   0.201460594545342   0.0614200065722064   0
2.77787789877453   2.39225937023439   -0.0808181415678146   0.134591087552845   1
2.92805466164824   2.36385785720036   0.150176762873711   -0.0284015130340309   0
3.0243301993334   2.82229662636766   0.0962755376851576   0.458438769167294   1
2.86520481018373   2.96607302667285   -0.159125389149667   0.143776400305196   1
3.13980210642327   2.81187160984641   0.274597296239536   -0.15420141682644   1
2.7431835385043   2.84844137521294   -0.396618567918964   0.0365697653665311   0
2.45495782694041   2.64535019340824   -0.288225711563891   -0.203091181804705   1
2.77055096656333   2.54930071809923   0.315593139622916   -0.096049475309008   1
2.54007084849321   2.67415719089922   -0.230480118070123   0.124856472799989   0
2.51495975842636   2.7473414578078   -0.0251110900668419   0.0731842669085836   0
2.97886978862051   2.81418161611418   0.463910030194144   0.0668401583063747   1
2.57016136494365   2.85378811094171   -0.408708423676861   0.0396064948275323   0
2.68886947754702   2.93456586213787   0.118708112603374   0.0807777511961647   0
3.22884915492331   2.79648886350813   0.539979677376291   -0.138076998629743   1
2.92549892514576   2.95766705734896   -0.303350229777553   0.161178193840828   0
2.87106480407949   2.93539502903821   -0.0544341210662709   -0.0222720283107463   0
3.30365343197028   2.94526967044615   0.432588627890789   0.00987464140794181   1
2.85159783568248   3.16723179403561   -0.4520555962878   0.221962123589451   1
2.98770665230039   3.24644944399647   0.13610881661791   0.0792176499608668   0
3.35495801488245   3.11573250548727   0.367251362582062   -0.130716938509198   1
3.0093150480302   3.31751559216004   -0.345642966852252   0.201783086672768   0
3.00175195304742   3.09509199314415   -0.00756309498277918   -0.222423599015896   0
2.91595528288227   2.47668066290348   -0.0857966701651534   -0.61841133024067   1
1.69629818390341   1.81995556523786   -1.21965709897886   -0.656725097665618   1
1.30655624107269   0.650272043810512   -0.389741942830717   -1.16968352142735   1
1.08303394645643   0.450813593088374   -0.223522294616256   -0.199458450722138   1
1.72853800980395   0.219503774366986   0.645504063347515   -0.231309818721388   1
1.28515152702473   0.242840872155724   -0.443386482779218   0.023337097788738   1
1.15400047357529   0.225410027587967   -0.131151053449439   -0.0174308445677571   1
1.91635387717013   0.459130678392231   0.76235340359484   0.233720650804264   1
1.20608789570593   0.262151127047663   -0.710265981464202   -0.196979551344568   1
1.74663965284428   0.146112256217232   0.540551757138353   -0.116038870830431   1
1.64201432862963   0.231520085197214   -0.104625324214658   0.0854078289799821   1
1.09988268504055   1.80827058006967   -0.54213164358908   1.57675049487246   1
1.07316636290279   1.64252240636887   -0.0267163221377569   -0.165748173700803   1
1.48764072366045   1.15055266971704   0.414474360757666   -0.491969736651831   1
1.30411557416128   0.815129458998103   -0.183525149499176   -0.335423210718933   1
1.01527408937784   0.592944490512814   -0.288841484783439   -0.22218496848529   1
1.88547202172559   1.18452506485559   0.870197932347755   0.591580574342779   1
1.40344697153117   1.06466367211364   -0.482025050194429   -0.119861392741952   1
1.06126801066507   0.74618969029011   -0.342178960866093   -0.31847398182353   1
1.68688862519521   0.978677875061683   0.625620614530142   0.232488184771573   1
1.81199846363759   1.56407609348235   0.125109838442379   0.585398218420664   1
1.33805929259191   1.49804042103342   -0.473939171045685   -0.0660356724489224   1
1.50046311702649   1.08999773075188   0.162403824434577   -0.408042690281543   1
2.1477500638531   1.60696690711609   0.647286946826615   0.516969176364208   1
1.56895676724643   1.44557966804417   -0.578793296606674   -0.16138723907192   1
1.47961537844708   1.28347968774985   -0.0893413887993493   -0.162099980294316   0
2.27078093730685   1.85859255919076   0.791165558859769   0.575112871440905   1
1.9592235458824   2.0279661666464   -0.311557391424448   0.169373607455644   0
1.90741597275424   2.00696434745052   -0.0518075731281598   -0.0210018191958796   0
2.30776787662234   2.19337495377586   0.400351903868104   0.186410606325337   1
2.05842848080909   2.4958740560756   -0.249339395813258   0.302499102299737   1
2.24533619625948   2.69691056273822   0.186907715450396   0.201036506662627   1
2.91328316071078   2.78863995868757   0.667946964451299   0.0917293959493439   1
2.72126284818281   2.96672365881185   -0.192020312527974   0.178083700124287   1
2.76098207948205   2.94914250505482   0.0397192312992387   -0.0175811537570376   0
2.98782422806496   2.96992354673706   0.226842148582919   0.0207810416822447   0
2.76006753089503   3.21912465617134   -0.227756697169932   0.24920110943428   1
2.97072867197595   3.3487386257914   0.210661141080919   0.129613969620055   0
3.1443756776982   3.25042481671819   0.173647005722247   -0.0983138090732028   0
2.93712724900386   3.40473780264244   -0.207248428694335   0.15431298592425   1
3.05326596464196   3.24050446755845   0.116138715638098   -0.164233335083997   0
2.97146546089114   3.41883579815037   -0.08180050375082   0.178331330591927   0
3.06571172012716   3.66007965919298   0.0942462592360145   0.241243861042609   0
3.48108199675044   3.65405790242345   0.415370276623281   -0.00602175676953642   1
3.15725195934693   4.01082459989514   -0.32383003740351   0.356766697471692   0
2.89266763723384   4.1187274011794   -0.264584322113087   0.107902801284259   0
3.29271178169302   3.75290814295877   0.400044144459178   -0.365819258220627   1
3.10113681829761   3.82072692381217   -0.191574963395411   0.067818780853405   0
3.18456369768293   3.71565681173279   0.0834268793853279   -0.10507011207939   0
3.20993409891854   3.73538993434973   0.0253704012356093   0.0197331226169424   0
3.2213122290458   3.87140778363978   0.011378130127254   0.136017849290056   0
3.56765732230549   3.7411435409861   0.346345093259695   -0.130264242653686   1
3.35992025146431   3.96013564064809   -0.207737070841182   0.218992099661992   0
3.57109275082572   4.0532418069227   0.211172499361408   0.0931061662746155   0
3.92173026085426   3.86265678639521   0.350637510028539   -0.190585020527492   1
3.61285126819525   4.11408900718478   -0.308878992659011   0.251432220789572   1
3.76078552811776   4.06568225792259   0.147934259922516   -0.0484067492621989   0
3.63991034738495   3.91096078332642   -0.120875180732817   -0.15472147459616   0
3.42116831864496   4.0268657880503   -0.218742028739984   0.115905004723878   0
3.60368401311769   3.87443514597644   0.182515694472725   -0.152430642073861   0
3.40870210640355   3.98612394632195   -0.194981906714137   0.111688800345504   0
3.36813896306907   4.0972186206757   -0.0405631433344791   0.111094674353751   1
3.81340344045841   3.88682740079507   0.445264477389334   -0.210391219880623   1
3.56678530907034   3.98317248122288   -0.246618131388065   0.0963450804278061   0
3.61953577561875   3.92236311245077   0.0527504665484062   -0.0608093687721074   0
3.87206276756976   3.73281958294333   0.252526991951016   -0.189543529507439   1
3.65455197422187   3.92294665914453   -0.217510793347888   0.190127076201197   1
4.31573793403863   4.05818532248347   0.661185959816753   0.135238663338936   1
4.55959893256589   4.39844792737734   0.243860998527262   0.34026260489387   1
4.08487982820793   4.40756810655547   -0.474719104357963   0.00912017917813479   1
4.0243563745624   4.38377288034804   -0.0605234536455281   -0.0237952262074286   0
4.68642840515034   5.1634909678821   0.662072030587948   0.779718087534054   1
4.42247747043442   5.08096312968811   -0.263950934715927   -0.0825278381939869   1
4.3419996251612   4.94253318556891   -0.0804778452732169   -0.138429944119197   0
4.36579700263308   5.0927520988116   0.0237973774718814   0.15021891324269   1
4.1460958260513   4.92462760709376   -0.219701176581783   -0.168124491717845   1
3.70962049506415   4.68214995390472   -0.436475330987148   -0.242477653189038   1
3.42619641442227   4.88258241598644   -0.283424080641884   0.200432462081721   1
2.83270884749916   4.44727805787529   -0.59348756692311   -0.435304358111154   1
