0.00219519   0   0   0   0
0.0261973497258711   0.0400110377689395   0.0240021597258711   0.0400110377689395   0
0.0249659610043054   0.0356011970765735   -0.00123138872156568   -0.00440984069236596   0
0.0449991310774997   0.079507   0.0200331700731943   0.0439058029234265   0
0.0803329291800191   0.112334953571551   0.0353337981025194   0.0328279535715509   0
0.0931111380085648   0.122100809735614   0.0127782088285457   0.00976585616406263   0
0.103108507108215   0.123119618899965   0.00999736909965016   0.00101880916435096   0
0.121729524125402   0.110371382464217   0.0186210170171873   -0.0127482364357474   0
0.150790499799132   0.10123714307759   0.02906097567373   -0.0091342393866268   0
0.150791155036262   0.112120388932266   6.55237130081643e-07   0.0108832458546752   0
0.158014986502102   0.130693517689526   0.00722383146584005   0.0185731287572607   0
0.149463425667084   0.131799187458112   -0.00855156083501821   0.0011056697685857   0
0.173023837413259   0.145805353410548   0.0235604117461752   0.0140061659524364   0
0.202321748286831   0.148119812973316   0.0292979108735721   0.0023144595627673   0
0.220236147514639   0.184715671244671   0.017914399227808   0.036595858271355   0
0.268098053321355   0.150596159039761   0.0478619058067154   -0.0341195122049099   0
0.286650162401838   0.163341718310793   0.018552109080483   0.0127455592710325   0
0.346749716163633   0.156736460665271   0.0600995537617952   -0.00660525764552197   0
0.363755367845273   0.17431471352477   0.0170056516816402   0.0175782528594984   0
0.387182051116384   0.219057529846962   0.0234266832711105   0.0447428163221921   0
0.425025653290022   0.210258673404119   0.0378436021736383   -0.00879885644284265   0
0.414731290732735   0.236397859865715   -0.0102943625572874   0.0261391864615955   0
0.406756170349867   0.216901079521288   -0.00797512038286741   -0.0194967803444268   0
0.468550197083258   0.270231765905213   0.061794026733391   0.0533306863839255   0
0.466601942888893   0.247900015369145   -0.00194825419436495   -0.022331750536068   0
0.463471404405536   0.30058736836469   -0.00313053848335715   0.0526873529955449   0
0.467238734181029   0.279752146637524   0.00376732977549266   -0.0208352217271666   0
0.477265143206583   0.270071485680278   0.0100264090255541   -0.00968066095724579   0
0.466006750704322   0.335052909083536   -0.011258392502261   0.0649814234032579   0
0.480972675785184   0.349094239755184   0.0149659250808624   0.0140413306716484   0
0.49607570559467   0.396661925772124   0.015103029809486   0.0475676860169397   0
0.528139595362812   0.407388721662125   0.0320638897681414   0.0107267958900008   0
0.514375736245392   0.388882175612678   -0.0137638591174195   -0.0185065460494462   0
0.514006723998052   0.357192080038528   -0.000369012247339873   -0.0316900955741507   0
0.583226619220111   0.377757274829023   0.0692198952220585   0.0205651947904952   0
0.606164306102333   0.363178070808247   0.022937686882222   -0.014579204020776   0
0.638657548030402   0.391616680306776   0.0324932419280689   0.0284386094985296   0
0.570115194896629   0.368557764721488   -0.068542353133773   -0.0230589155852881   0
0.693352838750401   0.389859703730393   0.123237643853773   0.0213019390089049   0
0.732603605259242   0.305954546619674   0.039250766508841   -0.0839051571107198   0
0.735101116031284   0.321950457710888   0.00249751077204197   0.0159959110912141   0
0.728339986538814   0.322651961296534   -0.00676112949247021   0.000701503585646301   0
0.744812320483516   0.306874150311247   0.016472333944702   -0.0157778109852866   0
0.741106810673907   0.296549663249261   -0.00370550980960949   -0.0103244870619865   0
0.68683047156995   0.302319270825149   -0.0542763391039567   0.00576960757588857   0
0.711068540188806   0.294651555882962   0.0242380686188561   -0.00766771494218782   0
0.720631467056109   0.311126365389129   0.00956292686730276   0.0164748095061678   0
0.730913841653645   0.332539047459092   0.0102823745975363   0.0214126820699623   0
0.717476695514217   0.300059924377615   -0.0134371461394286   -0.0324791230814767   0
0.672990446923283   0.325747513304783   -0.0444862485909339   0.0256875889271684   0
0.643536804925064   0.339549548947632   -0.0294536419982188   0.0138020356428482   0
0.627656666984977   0.340251246239084   -0.0158801379400871   0.000701697291452752   0
0.615196997140176   0.382437758459465   -0.0124596698448007   0.0421865122203806   0
0.544247005788741   0.404590078981681   -0.0709499913514351   0.0221523205222157   0
0.58406983819736   0.395405201559302   0.0398228324086187   -0.00918487742237833   0
0.542870934174496   0.41792345067518   -0.0411989040228636   0.0225182491158781   0
0.594845755904209   0.414536070363186   0.0519748217297129   -0.00338738031199415   0
0.623650994323019   0.436134838627058   0.0288052384188097   0.0215987682638718   0
0.581443789459342   0.487614409754265   -0.0422072048636764   0.0514795711272067   0
0.534541660078988   0.477088291253831   -0.0469021293803548   -0.0105261185004341   0
0.53193143427815   0.542235392426112   -0.00261022580083747   0.0651471011722816   0
0.515328411220078   0.541019688432177   -0.0166030230580719   -0.00121570399393511   0
0.541074079885888   0.530485068512772   0.0257456686658095   -0.0105346199194055   0
0.559743687474446   0.546203797850445   0.018669607588558   0.0157187293376736   0
0.48717839576612   0.567558022410484   -0.072565291708326   0.0213542245600392   0
0.533024711955506   0.583043261002346   0.0458463161893862   0.0154852385918618   0
0.554652879168584   0.590106354387919   0.0216281672130783   0.00706309338557243   0
0.54347780317047   0.592297372697617   -0.0111750759981144   0.00219101830969848   0
0.548168145981769   0.639944979162271   0.0046903428112991   0.0476476064646542   0
0.586940503971646   0.638135958658694   0.0387723579898772   -0.00180902050357767   0
0.587543350690449   0.656344877714643   0.000602846718802841   0.0182089190559496   0
0.574103550948398   0.728592873000759   -0.0134397997420508   0.0722479952861157   0
0.590608885292086   0.72048686172702   0.0165053343436875   -0.00810601127373889   0
0.585187803601963   0.745636697191065   -0.00542108169012234   0.0251498354640451   0
0.52365357477359   0.771230405075714   -0.0615342288283732   0.0255937078846489   0
0.515098689093896   0.787190461744329   -0.00855488567969431   0.0159600566686149   0
0.509791471810779   0.749346222547028   -0.00530721728311701   -0.037844239197301   0
0.514125368563359   0.791232423059748   0.00433389675258045   0.04188620051272   0
0.520347217017339   0.784629977310484   0.00622184845398011   -0.00660244574926439   0
0.529755268946983   0.771624994801555   0.00940805192964345   -0.0130049825089282   0
0.53830922506864   0.759008467118121   0.00855395612165744   -0.0126165276834345   0
0.514764185827491   0.786646636871505   -0.0235450392411489   0.0276381697533846   0
0.484256905608996   0.818307791992872   -0.0305072802184954   0.0316611551213667   0
0.533030962526718   0.870405848675921   0.0487740569177225   0.0520980566830487   0
0.48083470628152   0.932702884917807   -0.0521962562451987   0.0622970362418862   0
0.492695030036634   0.902866958228204   0.0118603237551146   -0.0298359266896027   0
0.456912710751671   0.944209502226069   -0.0357823192849634   0.0413425439978643   0
0.368888208266258   1.02376210939725   -0.088024502485413   0.079552607171178   0
0.345081902817201   1.01126618976954   -0.0238063054490571   -0.0124959196277084   0
0.319575525598645   1.06401307108818   -0.0255063772185561   0.0527468813186416   0
0.372433353468953   1.07939002798919   0.0528578278703083   0.015376956901008   0
0.324905059716727   1.08009740592654   -0.0475282937522258   0.000707377937356313   0
0.350728742446424   1.09226269222495   0.0258236827296968   0.0121652862984079   0
0.374693930853006   1.13139657938872   0.0239651884065825   0.0391338871637694   0
0.383748990013655   1.08493704566786   0.00905505916064814   -0.0464595337208635   0
0.328547126096566   1.27149570175738   -0.0552018639170891   0.186558656089525   0
0.258346736947944   1.60219774165691   -0.0702003891486218   0.330702039899526   0
0.563759726796762   1.46678274521825   0.305412989848819   -0.135414996438654   0
0.736310548750213   1.32458730851722   0.172550821953451   -0.142195436701031   0
0.667851781182779   1.26436589364623   -0.0684587675674347   -0.0602214148709965   0
0.695931178511101   1.21875015964584   0.0280793973283224   -0.0456157340003822   0
0.705989836223476   1.18454181683784   0.0100586577123747   -0.0342083428080011   0
0.683228516347386   1.20253459236509   -0.0227613198760899   0.0179927755272458   0
0.71479265707284   1.15593584591155   0.0315641407254538   -0.0465987464535442   0
0.748782687425063   1.16658767611528   0.0339900303522236   0.0106518302037359   0
0.741742103433295   1.20185848897257   -0.00704058399176766   0.0352708128572932   0
0.747074979919445   1.16418421090015   0.00533287648615   -0.0376742780724222   0
0.7853505587854   1.15513616350951   0.0382755788659543   -0.00904804739064624   0
0.747505679476511   1.17877534388553   -0.037844879308889   0.0236391803760285   0
0.772292169609132   1.15757255111687   0.0247864901326209   -0.0212027927686684   0
0.771668281864688   1.15437261872439   -0.00062388774444333   -0.00319993239247451   0
0.764377080214739   1.14932643430411   -0.00729120164994901   -0.00504618442027738   0
0.791523939229036   1.11175534594404   0.0271468590142963   -0.0375710883600742   0
0.765274593099268   1.14677386130015   -0.0262493461297679   0.0350185153561076   0
0.798315896131437   1.13299714567649   0.0330413030321697   -0.0137767156236623   0
0.791992639800402   1.10373202709019   -0.00632325633103492   -0.029265118586294   0
0.651072734264498   1.18759276558935   -0.140919905535904   0.0838607384991634   0
0.598056969389054   1.15323947820653   -0.0530157648754442   -0.0343532873828289   0
0.611802649231343   1.34493199139021   0.0137456798422891   0.19169251318368   0
0.586477738887624   1.32489923280747   -0.0253249103437192   -0.0200327585827353   0
0.641587970029146   1.26991176596221   0.0551102311415217   -0.0549874668452635   0
0.682121865722262   1.19920865765089   0.0405338956931165   -0.0707031083113152   0
0.709905134976702   1.20618468399635   0.0277832692544401   0.00697602634545769   0
0.741788385674547   1.15381051865452   0.0318832506978443   -0.052374165341829   0
0.697269286743257   1.18703001998331   -0.0445190989312897   0.0332195013287924   0
0.621550475150168   1.20185002179186   -0.0757188115930885   0.014820001808546   0
0.648834438007455   1.18063287317195   0.0272839628572867   -0.02121714861991   0
0.633145061361715   1.24412017376122   -0.01568937664574   0.0634873005892738   0
0.640419533355636   1.16842818462349   0.00727447199392051   -0.0756919891377339   0
0.684380086845022   1.25203186813498   0.0439605534893864   0.0836036835114895   0
0.674784238555866   1.20361287256033   -0.00959584828915594   -0.0484189955746435   0
0.671077795933094   1.20978858409414   -0.00370644262277164   0.0061757115338037   0
0.546597557649758   1.25082219214374   -0.124480238283337   0.0410336080495974   0
0.63539505561844   1.55351290432499   0.0887974979686822   0.30269071218125   0
0.46349924264663   1.59212194572464   -0.171895812971809   0.0386090413996509   0
0.310543095397402   1.59783418463283   -0.152956147249228   0.00571223890819073   0
0.364016945501168   1.8162570728384   0.0534738501037654   0.218422888205569   0
0.30867931518163   1.8124466713985   -0.0553376303195377   -0.00381040143989653   0
0.397775428754718   1.56903363931418   0.0890961135730884   -0.243413032084319   0
0.364326744757999   1.44682574268863   -0.0334486839967196   -0.122207896625552   0
0.406630034818494   1.41377672440037   0.0423032900604957   -0.0330490182882541   0
0.339159336983902   1.44563824919869   -0.0674706978345924   0.0318615247983149   0
0.29296958096881   1.50337022930523   -0.0461897560150922   0.0577319801065381   0
0.239768546632873   1.48127405100981   -0.0532010343359372   -0.0220961782954212   0
0.228526049622007   1.5663599335587   -0.0112424970108656   0.0850858825488896   0
0.232935503198825   1.5465673653114   0.00440945357681843   -0.0197925682472939   0
0.276114722792465   1.52962239110818   0.04317921959364   -0.0169449742032235   0
0.322716880700468   1.4767586636713   0.0466021579080024   -0.0528637274368757   0
0.342007295352014   1.48219321889961   0.0192904146515466   0.00543455522831193   0
0.324259581796375   1.49280655589564   -0.0177477135556394   0.0106133369960248   0
0.322200254120399   1.50198149133611   -0.00205932767597561   0.00917493544047265   0
0.34364894358069   1.55440132112254   0.0214486894602904   0.0524198297864293   0
0.390883006540883   1.49963910036657   0.0472340629601932   -0.0547622207559728   0
0.395767993745035   1.53969976556211   0.00488498720415187   0.0400606651955371   0
0.390332512928977   1.57277165425444   -0.00543548081605782   0.0330718886923358   0
0.387584807871103   1.63217468923558   -0.00274770505787386   0.0594030349811354   0
0.589692547195435   1.67737807986214   0.202107739324331   0.0452033906265636   0
0.580478229236033   1.35029469845493   -0.00921431795940209   -0.327083381407206   0
0.384117614214709   1.5124523510006   -0.196360615021324   0.162157652545669   0
0.28977153102962   2.22035257882307   -0.0943460831850891   0.707900227822466   1
0.492272465886436   2.23449832924462   0.202500934856816   0.0141457504215521   1
0.45483848468419   2.16403463497867   -0.0374339812022463   -0.0704636942659538   0
0.357162841375261   2.18077605677434   -0.0976756433089286   0.0167414217956763   0
0.291644288716735   2.15819315546338   -0.0655185526585267   -0.0225829013109586   0
0.254966417068778   2.10336885897945   -0.0366778716479567   -0.0548242964839369   0
0.208174824470684   2.06347594950365   -0.0467915925980942   -0.0398929094757943   0
0.186918232733915   2.0361450842149   -0.0212565917367688   -0.0273308652887541   0
0.182830698340931   2.00398596937766   -0.00408753439298395   -0.0321591148372433   0
0.198892229641784   1.97682604501541   0.0160615313008526   -0.0271599243622502   0
0.198739057041363   1.98402877709725   -0.00015317260042097   0.00720273208184241   0
0.184661914996027   1.97217741822871   -0.0140771420453354   -0.0118513588685403   0
0.197854704672646   1.93355234642755   0.0131927896766188   -0.0386250718011532   0
0.230266414945037   1.88800175401488   0.032411710272391   -0.0455505924126782   0
0.258390152070739   1.75968020576155   0.0281237371257019   -0.128321548253329   0
0.231742576797489   1.75627542359748   -0.0266475752732501   -0.00340478216406903   0
0.208422226959825   1.76473943684599   -0.0233203498376636   0.00846401324851143   0
0.192045684304532   1.79627986985916   -0.0163765426552929   0.0315404330131734   0
0.519177147757873   2.36166334806874   0.32713146345334   0.565383478209577   1
0.434908829520896   2.12334671240338   -0.0842683182369768   -0.238316635665357   0
0.370609194966895   2.01776160244304   -0.0642996345540009   -0.105585109960343   0
0.307582517997756   1.99421478248113   -0.0630266769691389   -0.0235468199619115   0
0.290838619923765   1.93835669731709   -0.0167438980739915   -0.0558580851640416   0
0.418593239434282   1.78540502822539   0.127754619510518   -0.152951669091697   0
0.502095739228775   1.74860106425451   0.0835024997944927   -0.0368039639708797   0
0.461852376978023   1.71635119112742   -0.0402433622507519   -0.0322498731270922   0
