0.01660165   0   0   0
0   -0.0178475836801977   -0.01660165   0
0.0303544471973799   0.122451717757191   0.0303544471973799   0
0.0296449984922837   -0.131886650463049   -0.000709448705096254   0
0.0205824723224908   0.149879785012184   -0.00906252616979285   0
0.0372027353417733   -0.0815146010679925   0.0166202630192825   0
0.0487651773012259   0.0705465402177083   0.0115624419594527   0
0.0646272535046609   -0.0832949010831723   0.0158620762034349   0
0.050556851632305   0.0851165920668487   -0.0140704018723559   0
0.0543669892539581   -0.0604023138447449   0.00381013762165314   0
0.0826579091598771   0.0763021671312528   0.028290919905919   0
0.0878164608773463   0.0531920935963368   0.00515855171746921   0
0.0663159865270992   -0.120491259684027   -0.0215004743502472   0
0.0649372649533764   0.0400450076172122   -0.00137872157372279   0
0.0839690684392064   -0.0458785300742583   0.01903180348583   0
0.120731490558439   0.113330177030695   0.0367624221192328   0
0.122575268379769   -0.0949048832177935   0.0018437778213302   0
0.128507530008491   0.0439839773369261   0.00593226162872122   0
0.137757922666148   -0.0291566695485791   0.00925039265765767   0
0.170825223345515   0.120297722607867   0.0330673006793664   0
0.160213423531309   -0.100257077387348   -0.010611799814206   0
0.144403585264503   0.0242418830684724   -0.015809838266806   0
0.161865003186174   -0.0419111054303978   0.0174614179216709   0
0.218728660855779   0.125658701591966   0.0568636576696056   0
0.208616513407886   -0.0479944435837152   -0.0101121474478937   0
0.187082273475502   -0.0394136697368067   -0.0215342399323837   0
0.190002082150591   -0.0794742193250327   0.00291980867508923   0
0.207298188445751   0.0902972096232187   0.0172961062951596   0
0.225765651055137   -0.00739393596774754   0.0184674626093865   0
0.212468988585093   -0.0300418295024497   -0.013296662470044   0
0.207183562764872   -0.0474494315794612   -0.00528542582022157   0
0.23283300974122   0.0349740912523409   0.0256494469763482   0
0.268525481775883   0.0700639189875357   0.035692472034663   0
0.233292829703643   -0.0673904495861787   -0.0352326520722398   0
0.223143830519674   -0.0389559903627763   -0.010148999183969   0
0.278894291188194   0.0860905066904942   0.0557504606685197   0
0.260421443182   -0.0019166399868791   -0.018472848006194   0
0.235509810773761   -0.00925627614909402   -0.0249116324082392   0
0.240721049394034   -0.0652361570488775   0.00521123862027353   0
0.284078141298944   0.0787243868617779   0.0433570919049095   0
0.24322111480626   -0.11633680469636   -0.0408570264926833   0
0.234935553692039   0.0873403069534884   -0.0082855611142211   0
0.242607760901666   -0.0724944867338267   0.007672207209627   0
0.302400068107413   0.0899247566160713   0.059792307205747   0
0.312676191754145   0.0526195751993528   0.0102761236467321   0
0.271002465836475   -0.0953241009534155   -0.0416737259176699   0
0.268931767064836   -0.0540432951237466   -0.00207069877163973   0
0.279913063260604   0.0442150826369236   0.0109812961957682   0
0.338073095276765   0.0817574304251481   0.058160032016161   0
0.297126066609949   -0.0954946289358889   -0.0409470286668155   0
0.283488453750873   0.00195983597828325   -0.013637612859076   0
0.290829151756508   -0.0689770758200696   0.0073406980056348   0
0.356732098076799   0.177802161832316   0.065902946320291   0
0.310908160506563   -0.153031190622695   -0.0458239375702357   0
0.310838989705462   0.0149454567729828   -6.91708011010816e-05   0
0.371851193735024   0.0269490979767298   0.0610122040295619   0
0.386351602193342   0.087938118125525   0.0145004084583178   0
0.351984200194856   -0.113591724201377   -0.034367401998486   0
0.331912312232135   0.0604629242597234   -0.0200718879627207   0
0.357154187472739   -0.0728188179359608   0.0252418752406039   0
0.415541207131173   0.0733342283150763   0.0583870196584339   0
0.411668390984057   -0.0200205381955231   -0.00387281614711599   0
0.3734869060835   -0.0361021578336751   -0.0381814849005572   0
0.357079960760083   -0.0284251762387023   -0.0164069453234169   0
0.378429457315198   0.0262045353137524   0.0213494965551146   0
0.418012067635427   0.124948586178255   0.0395826103202296   0
0.38767273123244   -0.215087403159628   -0.0303393364029869   0
0.360203035725384   0.208631918568435   -0.0274696955070561   0
0.329095539687433   -0.117693454363315   -0.0311074960379517   0
0.374440126482726   0.0164049133281591   0.0453445867952936   0
0.393512640017179   -0.00874236039004496   0.019072513534453   0
0.336571550041075   -0.00158519380558948   -0.0569410899761047   0
0.350580728954226   -0.0653159364274615   0.0140091789131517   0
0.41255171326132   0.162682645260692   0.0619709843070933   0
0.414867027179906   -0.0561468222445625   0.00231531391858603   0
0.398233081139049   -0.00246670546097741   -0.016633946040857   0
0.396538108707047   -0.0617910297160516   -0.00169497243200123   0
0.450639761193983   0.108819344503154   0.0541016524869357   0
0.502347072324356   0.0499001918502763   0.0517073111303729   0
0.454910598576817   -0.0775038581842701   -0.0474364737475393   0
0.423323975589492   0.100198456606707   -0.031586622987325   0
0.397325862972655   -0.0299938118463476   -0.0259981126168367   0
0.373817425900819   -0.0961310799164031   -0.0235084370718358   0
0.420336065560089   0.074645771314169   0.0465186396592697   0
0.491678104489652   0.160636406605953   0.071342038929563   0
0.442642857889811   -0.224214762575794   -0.0490352465998403   0
0.399645703268747   -0.0340273075218461   -0.042997154621064   0
0.389280895726781   -0.00673386204201984   -0.0103648075419664   0
0.398245284361096   0.00802993487883419   0.00896438863431487   0
0.486805830834559   0.0926773822665621   0.0885605464734627   0
0.447663779303349   -0.0958788265906647   -0.0391420515312099   0
0.434667438887588   0.100127930257801   -0.0129963404157609   0
0.401863072334804   -0.0877457885274029   -0.0328043665527839   0
0.441209161733939   0.0585080547231959   0.0393460893991349   0
0.453228585845482   0.0223972299058796   0.0120194241115426   0
0.439921690668831   -0.0975992995135461   -0.0133068951766504   0
0.452002268522849   -0.0115405614974314   0.0120805778540179   0
0.467620505512603   0.0397788469984581   0.0156182369897537   0
0.494709943673434   0.0929507077447214   0.0270894381608315   0
0.482858555326419   -0.119635719831676   -0.011851388347015   0
0.47549163180517   0.0230984783402884   -0.00736692352124907   0
0.451026626826641   -0.0539503187799333   -0.0244650049785288   0
0.482396426742504   0.0932601032422223   0.0313697999158626   0
0.464148282945141   -0.0959692937669993   -0.0182481437973635   0
0.46931562438524   0.0156842235491143   0.00516734144009984   0
0.482875891993796   -0.0470160833406814   0.0135602676085556   0
0.552177254329592   0.209154323196382   0.0693013623357964   0
0.515745667717477   -0.135335806403994   -0.0364315866121155   0
0.482856241706869   -0.0158048038059209   -0.0328894260106077   0
0.515389763293983   -0.00215628926464867   0.0325335215871142   0
0.563302194541853   0.0963929759652537   0.0479124312478695   0
0.532381398400397   -0.129139908737848   -0.0309207961414555   0
0.499696514604732   0.1321467313724   -0.0326848837956651   0
0.50593724352814   -0.0989193561569328   0.00624072892340782   0
0.553252932957739   0.106270691110635   0.0473156894295986   0
0.505923457575832   -0.125540435308833   -0.0473294753819063   0
0.49506435990571   0.0740208579212313   -0.0108590976701227   0
0.475511203581012   -0.0899889135781373   -0.0195531563246979   0
0.478128917232562   -0.0432376843750325   0.00261771365155061   0
0.485523994217402   0.119383792220522   0.00739507698483988   0
0.509764266041194   0.0567691655628181   0.0242402718237915   0
0.464938000652469   -0.0993279419460239   -0.044826265388725   0
0.468437521206041   0.0311503892204986   0.00349952055357211   0
0.506133797814333   0.003392664835043   0.037696276608292   0
0.508961819738573   -0.0289904594415118   0.00282802192424036   0
0.466613727696681   0.0617080912426594   -0.042348092041892   0
0.472073555085818   -0.00986334901361763   0.00545982738913653   0
0.50210600520157   0.0120503638444168   0.0300324501157518   0
0.516035856269497   -0.0176524826819212   0.013929851067927   0
0.485962736143135   -0.0224598993513222   -0.0300731201263612   0
0.471573566660996   -0.00230483104514115   -0.0143891694821397   0
0.514930871039832   0.117477257611151   0.0433573043788363   0
0.558532255189235   0.0024860336991997   0.043601384149403   0
0.5234012803176   -0.115532543051351   -0.0351309748716353   0
0.504638787613499   0.0908069837668244   -0.0187624927041004   0
0.50745915576086   -0.0543574498613583   0.00282036814736097   0
0.589257110446794   0.0688736320130392   0.0817979546859336   0
0.612644781945827   -0.0289448186728449   0.0233876714990332   0
0.597308513288412   -0.0192569415532364   -0.0153362686574154   0
0.572699185808191   -0.0531808126984639   -0.0246093274802206   0
0.602421326818137   0.0893681303774732   0.0297221410099463   0
0.639981752821729   -0.0309247460942954   0.0375604260035917   0
0.583302540219233   -0.0547460129089422   -0.0566792126024959   0
0.589856067811397   -0.0369131426759564   0.00655352759216399   0
0.682848704315446   0.138423903689941   0.0929926365040484   0
0.656617759176143   -0.104415789762751   -0.0262309451393021   0
0.628086311286164   0.0500832324873191   -0.0285314478899794   0
0.618100917618531   -0.084989385424277   -0.00998539366763296   0
0.67768414764188   0.119863507251478   0.0595832300233492   0
0.678890242117585   -0.0903449555089553   0.0012060944757043   0
0.653564598296519   0.0366923301644332   -0.0253256438210659   0
0.694901296092541   -0.0349492819651931   0.041336697796022   0
0.794975812791183   0.0669536578474242   0.100074516698643   0
0.785974306539172   -0.0667431112715049   -0.00900150625201124   0
0.757872217350275   0.0354867835463404   -0.0281020891888968   0
0.78385919954245   -0.0844348566055047   0.0259869821921748   0
0.854550639856657   0.145286969556394   0.0706914403142076   0
0.789346794138079   -0.129016616647272   -0.0652038457185786   0
0.733692384156659   0.077643263925476   -0.0556544099814199   0
0.772120251900492   -0.0813804131463895   0.0384278677438332   0
0.843497195801913   0.122392169020101   0.0713769439014205   0
0.846851353534977   -0.0519180404498367   0.00335415773306424   0
0.877393273268629   0.0434532794084426   0.0305419197336526   0
0.875720769011745   -0.0605669720713239   -0.00167250425688414   0
0.934121327875936   0.0348383419922274   0.0584005588641908   0
0.972613219997903   -0.0849732346713723   0.0384918921219672   0
0.884193050101866   0.160451530022647   -0.0884201698960377   0
0.84796502198622   -0.0873481372553495   -0.0362280281156458   0
0.932549144519538   -0.0178156205434895   0.0845841225333185   0
0.943828871308909   -0.0076269704964684   0.0112797267893712   0
0.862070703457322   0.0538533312079978   -0.0817581678515871   0
0.854316589869237   -0.0449936988993685   -0.00775411358808498   0
0.937399232647063   0.0453289840180544   0.0830826427778256   0
0.94225698611882   -0.0676204294427794   0.0048577534717571   0
0.838672360711799   0.100663911072604   -0.103584625407021   0
0.866668051677551   -0.0753158102920642   0.0279956909657521   0
0.948010717549253   0.0612276986628978   0.081342665871702   0
0.929752646197493   -0.0701789549213232   -0.0182580713517606   0
0.87799942280268   0.100008465591649   -0.0517532233948124   0
0.896201572453152   -0.0781289098144602   0.0182021496504721   0
0.949932802481781   0.0507446318380146   0.0537312300286285   0
0.987702518083942   -0.0535159530437378   0.0377697156021612   0
0.932284359609857   0.0382035067480515   -0.0554181584740854   0
0.934760056180624   -0.0187278230429911   0.00247569657076696   0
0.956939119912045   0.00340256921063187   0.0221790637314216   0
1.00976717701656   0.094428371234672   0.0528280571045182   0
0.998746628156256   -0.0394625909720032   -0.0110205488603079   0
0.909458130068119   -0.0579032558454022   -0.0892884980881364   0
0.960869490417883   0.0265760223289752   0.0514113603497639   0
1.01884109466937   0.0168482919423389   0.0579716042514916   0
0.988909295805737   5.47255816146786e-06   -0.0299317988636372   0
1.00049069699527   -0.0441871810004657   0.0115814011895368   0
1.07129586560413   0.119919344322694   0.0708051686088544   0
1.12184049602706   0.0369580930193346   0.050544630422936   0
1.08638260324586   -0.0692723317721994   -0.0354578927812055   0
1.05707400112587   -0.0432613556938042   -0.0293086021199918   0
1.10918235217941   0.138497588420209   0.0521083510535432   0
1.09304481151964   -0.0792771203605436   -0.016137540659773   0
1.04252667444879   -0.0222906026373061   -0.0505181370708492   0
1.0126508330418   -0.0924239661473091   -0.0298758414069891   0
1.14054058632299   0.152550003043864   0.127889753281195   0
1.14754534366447   -0.103800862072111   0.00700475734147243   0
1.10405678203116   0.024593536902496   -0.0434885616333072   0
1.12973329766642   -0.077133307908233   0.0256765156352627   0
1.24287938335353   0.166225142990573   0.113146085687107   0
1.25812856587632   -0.0733083264885562   0.0152491825227881   0
1.22948268386749   -0.0331758299457868   -0.0286458820088304   0
1.26467979172921   0.018120728021689   0.0351971078617275   0
1.29230069304371   -0.0407416614059106   0.0276209013144941   0
1.2436823613199   0.0566705163696842   -0.0486183317238054   0
1.22109962567761   -0.0474640551707059   -0.0225827356422934   0
1.28245059425266   0.0213626575811454   0.06135096857505   0
1.25559081682649   -0.0609576770450953   -0.0268597774261747   0
1.21672105055288   0.0746463766300518   -0.0388697662736071   0
1.2572768551581   -0.0153988428756423   0.0405558046052248   0
1.28214189406243   0.0526457525851934   0.0248650389043286   0
1.20568274578473   -0.0290061085063953   -0.0764591482777039   0
1.22080326808336   -0.0817816162910369   0.0151205222986275   0
1.23769446157008   0.0452226544931899   0.0168911934867246   0
1.28461652833599   0.00106826642880403   0.0469220667659058   0
1.23681506151607   0.0159389033716338   -0.0478014668199154   0
1.2516406432464   -0.0454195380414026   0.0148255817303251   0
1.28586333132968   -0.075917999693566   0.0342226880832799   0
1.32786986775672   0.149327946453156   0.0420065364270452   0
1.3238298018028   -0.0840405595430908   -0.00404006595391682   0
1.27491514923161   0.0642944749063   -0.0489146525711968   0
1.30986849002152   -0.0365177111858053   0.0349533407899105   0
1.35794224502858   0.0716919888705618   0.0480737550070589   0
1.30095631385435   -0.0478450042370597   -0.0569859311742253   0
1.27733777219859   -0.0465243882024244   -0.0236185416557637   0
1.29278295761943   0.0536291767769733   0.0154451854208462   0
1.31480060352949   0.0942633218106838   0.0220176459100523   0
1.2975257531161   -0.0702189925568669   -0.0172748504133866   0
1.25269468358186   -0.0248332419187247   -0.044831069534242   0
1.31316435919547   0.0323431484540714   0.0604696756136129   0
1.31411286387899   -0.0841860244044939   0.000948504683523588   0
1.26362605618731   0.0961660422223682   -0.0504868076916816   0
1.27861914063903   -0.0470247900066196   0.0149930844517212   0
1.36577430293698   0.0368060702716373   0.0871551622979487   0
1.33266612365523   -0.0822369112058402   -0.0331081792817545   0
1.20524467316651   0.0713982552803852   -0.127421450488717   0
1.30926743039782   -0.047178864953097   0.104022757231305   0
1.28283695377725   -0.104422049424683   -0.0264304766205636   0
1.36337138091992   0.0721109214642239   0.0805344271426718   0
1.41528595032462   0.105468220300378   0.0519145694046914   0
1.14332856251878   -0.0565173429916799   -0.27195738780584   0
1.25855264513051   0.0519459948859522   0.115224082611733   0
1.30968767931633   -0.00402762718630761   0.0511350341858239   0
1.35569110767497   -0.0395711072741317   0.0460034283586424   0
1.2970311631608   0.0444251052293966   -0.0586599445141776   0
1.28557165739137   -0.0126945361433257   -0.0114595057694247   0
1.33259436950681   0.0513691689738138   0.0470227121154365   0
1.34848940478003   0.0521857358897799   0.015895035273221   0
1.2764730014262   -0.0735515520868386   -0.0720164033538344   0
1.23716751444297   -0.107518081037003   -0.0393054869832241   0
1.26439115842774   -0.0125626968679685   0.0272236439847717   0
1.33140462794486   0.329635886274644   0.0670134695171205   0
1.33869575009746   -0.169922701745778   0.0072911221525962   0
1.3025660171236   0.00124684600460329   -0.0361297329738552   0
1.31572377543541   -0.0347542443411161   0.0131577583118019   0
1.40145049933292   -0.0218844278535332   0.0857267238975166   0
1.37951184964555   -0.0695062608101394   -0.0219386496873681   0
1.32878922438107   0.0767388598748193   -0.0507226252644832   0
1.32530984067736   -0.104379243145177   -0.00347938370371148   0
1.36527074780435   0.215074819586299   0.0399609071269902   0
1.34668205943654   -0.100417605499181   -0.018588688367807   0
1.32075592556204   -0.0811360625038626   -0.0259261338744998   0
1.30213737839417   -0.0725821810998984   -0.0186185471678706   0
1.38091110242378   0.153796112900905   0.0787737240296038   0
1.401247207242   -0.0695985030877738   0.0203361048182218   0
1.33997742403165   0.105578180506901   -0.061269783210347   0
1.3109422835312   -0.0405934686626263   -0.0290351405004505   0
1.31720594674865   -0.0642142613147832   0.0062636632174462   0
1.39567314904762   0.069971238012318   0.0784672022989725   0
1.39582118786827   -0.146265660332759   0.000148038820654506   0
1.33178689233094   0.11004913187333   -0.0640342955373354   0
1.33149312013976   -0.0547178615038678   -0.000293772191183761   0
1.33506707243691   0.122960549289754   0.00357395229715052   0
1.36079932840114   0.202527569836057   0.0257322559642368   0
1.36577882174933   -0.121845438466875   0.00497949334819192   0
1.33416069459604   -0.0594575805165644   -0.0316181271532896   0
1.38851016815983   0.087885361928259   0.0543494735637893   0
1.39683385552649   -0.0371942683241511   0.00832368736665656   0
1.34370773700422   -0.0435844045777832   -0.0531261185222711   0
1.37270372875195   -0.133684908148453   0.0289959917477278   0
1.42089734091111   0.261541095036835   0.048193612159158   0
1.44894229429652   0.0948994758688529   0.0280449533854108   0
1.3947032590562   -0.151957238988608   -0.054239035240311   0
1.41877652370705   -0.0445496729899471   0.024073264650841   0
1.48193710157086   0.0765509545258045   0.0631605778638167   0
1.47425268228661   -0.0995048540382909   -0.00768441928425756   0
1.41316955507805   0.0365453993012647   -0.061083127208553   0
1.39718048856554   -0.091156917331406   -0.0159890665125089   0
1.39564397709946   0.201979979034089   -0.00153651146608258   0
1.38470199190837   0.0226739241569557   -0.0109419851910935   0
1.39233474116123   -0.0931531843562752   0.00763274925285939   0
1.40632558499446   -0.00207739994264089   0.0139908438332297   0
1.44728512074099   0.0918383966715169   0.0409595357465293   0
1.44580943353974   -0.0937479844408907   -0.00147568720124713   0
1.39455033783152   -0.0131279161576369   -0.0512590957082208   0
1.42667532694548   0.0496569425262149   0.032124989113965   0
1.46649927286284   0.0293160084200254   0.0398239459173617   0
1.40229318034577   -0.0683910515461683   -0.0642060925170758   0
1.36991695306066   -0.068157591763536   -0.0323762272851096   0
1.41061750734545   0.155094399076844   0.0407005542847945   0
1.39981518791107   -0.046488977036349   -0.0108023194343851   0
1.38275304455062   -0.0621533335454833   -0.0170621433604512   0
1.37014731304247   -0.108500457630493   -0.0126057315081474   0
1.39856775315008   0.17985502446874   0.0284204401076056   0
1.42161827528744   0.0748980160517916   0.0230505221373696   0
1.39094267961022   -0.120586680493634   -0.030675595677228   0
1.40525123158361   -0.0601833213335279   0.0143085519733923   0
1.4352756646102   0.133633884764474   0.0300244330265902   0
1.46558110594569   -0.0067859351285503   0.0303054413354935   0
1.41167832070598   -0.0707035248961245   -0.0539027852397147   0
1.42090928227579   -0.0732188837952314   0.00923096156981162   0
1.4353261273701   0.157020672811723   0.0144168450943105   0
1.45924521376566   -0.00885538422249699   0.0239190863955645   0
1.42770831365969   -0.0778493455987465   -0.0315369001059731   0
1.43105952266319   0.0287889971770863   0.00335120900349928   0
1.49375877674953   0.125904845649675   0.0626992540863383   0
1.45512322765084   -0.104338008123459   -0.0386355490986887   0
1.43081544724372   -0.066208899324678   -0.0243077804071192   0
1.44215232209717   0.0127638080384115   0.0113368748534455   0
1.4870853231977   0.204544974758824   0.0449330011005304   0
1.45264587911481   -0.0746941334940314   -0.0344394440828832   0
1.45039239648465   -0.0519815793340885   -0.00225348263015945   0
1.45774149787754   0.0369086784790543   0.00734910139288414   0
1.46786795444958   0.149103662552447   0.0101264565720431   0
1.44285487191271   -0.118246826232818   -0.0250130825368695   0
1.46504501130511   -0.0946558283264707   0.0221901393924011   0
1.48132422620986   0.107035353366803   0.0162792149047499   0
1.50671050165493   -0.0704381014026704   0.0253862754450664   0
1.47468009275164   -0.0362646318209888   -0.032030408903285   0
1.44967937671542   0.0187611576335807   -0.025000716036228   0
1.45737984282856   -0.00762141468009836   0.00770046611314368   0
1.48778506450235   0.155853116775051   0.0304052216737856   0
1.42698106275977   -0.0735536354728518   -0.0608040017425766   0
1.47486913340684   -0.0856668896757058   0.0478880706470728   0
1.49566683334099   0.0814228403833375   0.0207976999341433   0
1.50909111857808   0.23710155903625   0.0134242852370978   0
1.52204856254925   -0.0778452247943923   0.0129574439711704   0
1.53618626116594   -0.0580372450423713   0.0141376986166899   0
1.51384878385896   -0.0565155006826736   -0.0223374773069842   0
1.54218035758832   0.00733855305041065   0.0283315737293646   0
1.50951160439644   0.0159409696494905   -0.0326687531918881   0
1.44935137498926   -8.69943707031418e-05   -0.0601602294071786   0
1.45423832709472   0.0313184882859449   0.00488695210546286   0
1.48814833502855   -0.0393090823575365   0.0339100079338315   0
1.43654198329643   -0.0339037757075593   -0.0516063517321184   0
1.3806027499184   0.0134754279152641   -0.0559392333780326   0
1.32039076566721   -0.0360374890349191   -0.060211984251187   0
1.12758959102104   0.0286933771113306   -0.192801174646172   0
1.10451658307651   -0.0840507125181963   -0.0230730079445358   0
1.07491153854887   0.0323595842784005   -0.0296050445276352   0
1.04314009307883   0.0108891906760237   -0.0317714454700453   0
1.09236778108394   0.0726990511527545   0.0492276880051146   0
1.06786740474286   -0.0864063133258425   -0.0245003763410803   0
1.05825431927597   0.046910921508063   -0.0096130854668881   0
1.01622798401048   -0.027201966741892   -0.0420263352654937   0
1.0282974427059   0.0375628611968408   0.0120694586954253   0
1.01225483823195   -0.0972272641619987   -0.0160426044739488   0
0.952490238043939   0.0405376606733229   -0.059764600188015   0
0.916440833750466   -0.0424115283422678   -0.036049404293473   0
0.926500161174972   0.0464425120195089   0.0100593274245062   0
0.93838254346535   -0.0744540262697918   0.0118823822903779   0
0.904849048008147   0.0127741560172709   -0.0335334954572034   0
0.900810916523135   0.028790525638883   -0.0040381314850122   0
0.901261414327303   0.00957494126418845   0.000450497804167838   0
0.958338401172832   0.049066977476965   0.0570769868455295   0
0.943632052610153   -0.0812757411264803   -0.0147063485626794   0
0.900039011317287   0.0447014110009173   -0.0435930412928653   0
0.879095297936464   -0.0107734626780925   -0.0209437133808238   0
0.909397645599135   0.042137521352432   0.0303023476626714   0
0.965475144485476   -0.00627939564862912   0.0560774988863407   0
