1.15612489034457   0   0   0
1.07499962888377   -0.17404117156521   -0.0811252614607993   0
1.04027682293753   -0.0994811994497294   -0.0347228059462434   0
0.873924203829199   -0.0120349553234824   -0.16635261910833   0
0.909568237688218   -0.0275235471239923   0.0356440338590184   0
0.595605177614124   -0.138179693118117   -0.313963060074093   0
0.378015609458128   0.12398241361559   -0.217589568155996   0
0.353347763727181   0.0930101748875462   -0.0246678457309467   0
0.25038807293098   0.0954612886163042   -0.102959690796201   0
0.225744451291438   -0.0313908144692876   -0.0246436216395423   0
0.176135961094555   -0.04832994957859   -0.0496084901968835   0
0.162717649575115   -0.00175013354773762   -0.0134183115194395   0
0.189842074363799   -0.0484568133204606   0.0271244247886833   0
0.158192284689267   0.0448976096888962   -0.0316497896745318   0
0.137892514852294   -0.0572607596399128   -0.0202997698369731   0
0.0947846402074197   -0.12717827439892   -0.0431078746448739   0
0.0471522723720183   -0.101852958879557   -0.0476323678354014   0
0.112626622797698   0.0259955432625392   0.0654743504256799   0
0.0698370573288458   -0.0540371366302582   -0.0427895654688524   0
0.0595554154414609   -0.0172270227529339   -0.0102816418873849   0
0.0453697323497175   -0.0174981992275499   -0.0141856830917434   0
0.0547202879352119   0.000651453668596744   0.00935055558549445   0
0.0398093464567368   0.113995887768402   -0.0149109414784752   0
0.100349468150422   -0.0916052925815017   0.0605401216936849   0
0.115177880300223   -0.0410603330733789   0.0148284121498013   0
0.124830466842794   -0.0590803147628605   0.00965258654257144   0
0.12754068363437   0.0298237060415369   0.00271021679157575   0
0.118100947638757   0.0369869718552468   -0.00943973599561285   0
0.1329341077649   -0.0335312068272414   0.0148331601261425   0
0.117756165857345   0.00899659694548643   -0.015177941907555   0
0.122144767643727   0.0383128898890003   0.00438860178638195   0
0.131568791258499   0.00376366760169741   0.00942402361477232   0
0.165153761065832   -0.0401488201256335   0.0335849698073331   0
0.164046318961292   0.0248847367776013   -0.00110744210454006   0
0.150698898306698   -0.00713284572724115   -0.0133474206545942   0
0.145364691637412   -0.00676265993001572   -0.00533420666928552   0
0.147807985001657   0.0152186641795444   0.00244329336424431   0
0.161301140926653   0.0288867887760134   0.0134931559249963   0
0.144610372242934   -0.0367932916501836   -0.0166907686837189   0
0.167479708746679   0.021645126341328   0.022869336503745   0
0.161882695544459   0.0310836417131951   -0.00559701320222022   0
0.150147294395071   0.0444329899492699   -0.0117354011493884   0
0.185668181514604   0.0296430673508359   0.0355208871195336   0
0.193621433187186   0.0367511909141992   0.00795325167258201   0
0.204274838319756   0.0113261602849266   0.01065340513257   0
0.203435055144535   -0.0209982830449364   -0.000839783175221126   0
0.19983611873686   -0.017344137314272   -0.00359893640767475   0
0.211872045161697   0.0496155339152736   0.0120359264248364   0
0.252237401468161   0.123313683667201   0.040365356306464   0
0.251987305062299   -0.104293987061331   -0.000250096405861877   0
0.243947545408967   0.00371445528886916   -0.00803975965333173   0
0.243437891470289   0.0561461198451358   -0.000509653938678412   0
0.220660659109276   -0.047749028359212   -0.0227772323610128   0
0.240046119246641   -0.0335341820466825   0.019385460137365   0
0.231137635407396   0.00302606565197994   -0.00890848383924442   0
0.216842722261003   0.0373469094579053   -0.0142949131463933   0
0.223636849118862   0.00138642347144624   0.00679412685785863   0
0.230520743673042   0.012704449097636   0.0068838945541807   0
0.225116669508441   0.0650316373019509   -0.0054040741646017   0
0.23367325379592   0.0358130194015934   0.00855658428747944   0
0.235138299628649   0.0167131709244717   0.0014650458327293   0
0.249119825454218   0.0570318624148978   0.0139815258255685   0
0.228033412967711   -0.0878528195154324   -0.0210864124865072   0
0.235598438780741   -0.0762725387343319   0.00756502581303012   0
0.244927834003426   0.0431849965596471   0.00932939522268555   0
0.260438542585943   -0.069095938059491   0.0155107085825165   0
0.195573020605476   0.0495942735544765   -0.0648655219804668   0
0.208685672854535   0.0262984998831321   0.0131126522490588   0
0.220048851625133   0.050820829358467   0.0113631787705985   0
0.210062569463981   -0.0233926975492473   -0.00998628216115208   0
0.208201889879727   0.0171445464952852   -0.00186067958425434   0
0.212748774823147   0.00772591358401525   0.00454688494341968   0
0.207278846485049   -0.00479238039995405   -0.00546992833809773   0
0.205625803633086   0.0197886984844924   -0.00165304285196285   0
0.190995272733673   0.0970572593808472   -0.0146305308994135   0
0.222173123584402   0.069009491306557   0.0311778508507295   0
0.217827625989565   0.00392120788679529   -0.00434549759483666   0
0.213092945666322   0.0316325161669517   -0.00473468032324359   0
0.213575820621156   0.0486444964965883   0.000482874954833651   0
0.210148076726418   -0.067298429477708   -0.00342774389473741   0
0.209661197990502   0.000367449323792735   -0.000486878735916074   0
0.225572667254923   -0.0333448290746645   0.0159114692644205   0
0.229909915935024   0.0471454975827454   0.00433724868010188   0
0.238992349691366   0.0359742646057359   0.00908243375634124   0
0.242469185822653   0.0229557014275907   0.00347683613128688   0
0.263312235813302   -0.0167165894942337   0.0208430499906496   0
0.24256939255242   0.0992110857204496   -0.0207428432608822   0
0.243556922312834   0.0131140531648491   0.000987529760414357   0
0.247985024552391   -0.0236738991726291   0.00442810223955681   0
0.21114212482887   -0.153883977278789   -0.0368428997235214   0
0.190887018015797   -0.0524764006844641   -0.0202551068130732   0
0.190164584611357   0.0818804923822511   -0.000722433404439393   0
0.22079112506369   -0.0397338802636978   0.0306265404523329   0
0.22624235451723   0.0443074696299663   0.00545122945354004   0
0.198734985229727   0.0155974812827885   -0.0275073692875026   0
0.19519041995577   0.000530257639149379   -0.00354456527395705   0
0.19329703685807   0.0452458592553969   -0.0018933830977006   0
0.190452430000703   0.00438213188052894   -0.00284460685736723   0
0.187153629304003   -0.00279799160183714   -0.00329880069670002   0
0.202554762613719   0.0230739693867288   0.0154011333097163   0
0.197481624085002   0.0548545111905357   -0.00507313852871696   0
0.199984447523426   -0.00610252049844484   0.00250282343842428   0
0.190315566644586   0.0430264689641225   -0.0096688808788398   0
0.212384114344741   0.0393319472984517   0.0220685477001546   0
0.220433286992346   0.0694226785257034   0.00804917264760507   0
0.218547127279793   0.0909631027752219   -0.0018861597125531   0
0.218166755542383   -0.00588519987114333   -0.000380371737409707   0
0.221635968821224   0.0263973557381096   0.00346921327884062   0
0.214975482639041   0.0338647519069915   -0.00666048618218265   0
0.231537727715571   0.018909539263692   0.01656224507653   0
0.228461583841469   0.0153527680819936   -0.00307614387410235   0
0.23443715315639   0.0250310510784082   0.00597556931492077   0
0.226972279649733   0.00463222091718896   -0.00746487350665706   0
0.222982518902654   0.0182311265307247   -0.00398976074707846   0
0.222441100368098   0.0126586144925989   -0.000541418534556443   0
0.21217648305409   0.0127681915834004   -0.0102646173140077   0
0.210801197666338   0.00143654250870773   -0.00137528538775195   0
0.211697810053364   -0.0402735274122457   0.000896612387025597   0
0.215286440730187   -0.0317453873818785   0.00358863067682386   0
0.222958547961252   -0.0458010898369552   0.00767210723106476   0
0.22077815608094   0.069100742707584   -0.00218039188031199   0
0.23185342826778   0.0206810725648501   0.0110752721868396   0
0.211150628132881   -0.0618942688320241   -0.0207028001348993   0
0.201236644159811   0.0214784474805612   -0.00991398397306928   0
0.210538780225069   0.0293051868972876   0.00930213606525798   0
0.217490501305971   0.0431981930348126   0.00695172108090161   0
0.209512816337092   -0.0226463191007515   -0.00797768496887896   0
0.22455964835055   0.0355091004197727   0.0150468320134577   0
0.223571815190606   0.0152035108072801   -0.00098783315994358   0
0.206703353205723   0.0115111575737703   -0.0168684619848827   0
0.214774144712469   -0.0115499709003748   0.0080707915067455   0
0.196234345994171   -0.00655087251607567   -0.0185397987182979   0
0.204378955506609   0.0237188169903417   0.0081446095124382   0
0.211891698685767   -0.0204127938267411   0.00751274317915812   0
0.2190759812359   -0.0328998491748922   0.00718428255013295   0
0.220784129257228   -0.029841847221028   0.0017081480213281   0
0.233331919698634   0.00798690408312175   0.0125477904414062   0
0.242460275326702   -0.0532297540234488   0.00912835562806721   0
0.229746407588889   0.0263097975476709   -0.0127138677378125   0
0.224298597530725   0.0544009131895311   -0.0054478100581645   0
0.222578338233244   0.0681901101628617   -0.00172025929748043   0
0.232012286303059   -0.049518246513375   0.00943394806981449   0
0.194995519112626   -0.0636950041988866   -0.0370167671904327   0
0.163293722179031   -0.191151576831548   -0.0317017969335952   0
0.227019029425707   -0.0684613055363018   0.0637253072466762   0
0.18906194208801   0.0275638138867899   -0.0379570873376971   0
0.155010407574371   0.0547034937371605   -0.0340515345136393   0
0.164616534598594   0.00233879420444072   0.00960612702422309   0
0.164540189809359   0.0818191612775461   -7.63447892343783e-05   0
0.152806026918901   0.0482536836422067   -0.011734162890458   0
0.149273469616171   0.0386434817680033   -0.00353255730273008   0
0.167813579718687   -0.00407985232988461   0.0185401101025154   0
0.173535501757018   0.0409030215324175   0.00572192203833136   0
0.164877394661912   -0.0326240120287737   -0.00865810709510564   0
0.169859567725585   -0.0183236120875228   0.00498217306367232   0
0.178185991929956   0.0183035744582893   0.00832642420437174   0
0.192469929661266   -0.00911546909630889   0.0142839377313091   0
0.200862010480678   -0.00874416896688479   0.00839208081941251   0
0.211506159157771   0.0625910750238512   0.0106441486770933   0
0.242266469526991   0.0569197758676225   0.0307603103692198   0
0.232850320626154   -0.0258165219292956   -0.00941614890083756   0
0.230834377257136   0.00509820067186673   -0.00201594336901706   0
0.231643681080157   0.0153166832814975   0.000809303823020774   0
0.224567957064823   0.0202079197652598   -0.00707572401533463   0
0.251480551206868   -0.00681543909184978   0.0269125941420451   0
0.256080822690665   0.0510848913426856   0.00460027148379688   0
0.275175299806637   -0.0341122504181899   0.0190944771159722   0
0.277570375981498   0.0302310761098346   0.00239507617486096   0
0.271134392927659   0.00435442511841044   -0.00643598305383902   0
0.251257704531622   -0.0667897600935292   -0.0198766883960364   0
0.259408069947718   0.00092697492176419   0.00815036541609543   0
0.269684023415367   0.0376720856467636   0.0102759534676489   0
0.268837135521676   -0.0022655847504589   -0.00084688789369064   0
0.271502765913627   -0.03488153167323   0.0026656303919515   0
0.266539016042211   -0.0228888470116588   -0.00496374987141657   0
0.275382171765893   0.0554903848349402   0.00884315572368244   0
0.271845980831518   0.00547645125070928   -0.00353619093437546   0
0.296812178615956   0.0291847441190833   0.0249661977844378   0
0.294638878516142   -0.0340789106430739   -0.00217330009981348   0
0.277668387484063   -0.0502599050053163   -0.0169704910320788   0
0.299143168022019   -0.0082290668012559   0.0214747805379558   0
0.315046328268558   0.0269608976170401   0.0159031602465388   0
0.310670796970443   0.0176866271211154   -0.00437553129811535   0
0.365699095325993   0.067297416539593   0.0550282983555507   0
0.42596643604925   0.0617286270768542   0.0602673407232568   0
0.455273110750569   0.0135260119824288   0.0293066747013189   0
0.465759088367313   -0.045894348165902   0.0104859776167434   0
0.490226216818317   0.0407148270737479   0.024467128451005   0
0.540422905233716   0.0204015238855921   0.0501966884153985   0
0.536357152257943   -0.000373457577378167   -0.00406575297577316   0
0.549208662765119   0.0148354700074009   0.0128515105071759   0
0.561259660215083   -0.0189894640638555   0.0120509974499639   0
0.555781687304692   0.00101506975587973   -0.00547797291039098   0
0.55092682651442   0.0134868680912892   -0.00485486079027142   0
0.55894220716032   -0.000616315216675156   0.00801538064589979   0
0.537629843884015   -0.0161914080777552   -0.0213123632763054   0
0.544751856515194   0.0133215856177342   0.00712201263117895   0
0.527393568683294   -0.0519623095225032   -0.0173582878318999   0
0.52043088788258   0.0149450113367318   -0.00696268080071416   0
0.499909146574655   -0.0301789629013156   -0.0205217413079244   0
0.508198951201446   0.045256620906283   0.00828980462679124   0
0.520640981795517   -0.016690695212302   0.0124420305940708   0
0.515940039940689   -0.00789850611118603   -0.00470094185482783   0
0.521897259312118   -0.147649528137286   0.00595721937142857   0
0.398825978372285   0.064804801357921   -0.123071280939833   0
0.468454424710557   -0.0902884883317407   0.0696284463382728   0
0.518887486929007   -0.0623826647952437   0.0504330622184492   0
0.519629648928205   0.0571621229331161   0.000742161999198632   0
0.550724248480719   0.0143051470589588   0.0310945995525135   0
0.55662047431065   0.0429944909330078   0.00589622582993088   0
0.556296936528301   0.0479109898775656   -0.000323537782348726   0
0.572239441693075   0.0585010818239124   0.0159425051647744   0
0.600932394253514   -0.0108593370615369   0.0286929525604382   0
0.61416048421276   -0.0115820525078125   0.013228089959247   0
0.60846980341663   0.0289859287411212   -0.00569068079613033   0
0.6545607155677   0.340399912497147   0.0460909121510703   1
0.706245262047293   0.0124038104861968   0.0516845464795928   0
0.686199257491037   -0.0907962192451566   -0.0200460045562566   0
0.708000453653986   -0.0208565266970555   0.0218011961629494   0
0.700698488021952   -0.00385636375379961   -0.00730196563203378   0
0.696353432666396   -0.00633231536096579   -0.00434505535555652   0
0.722934465671855   -0.00851525757429727   0.0265810330054589   0
0.743784898925758   -0.00285904906740919   0.0208504332539033   0
0.744589126281737   0.0235452538403935   0.000804227355978626   0
0.76672980473995   -0.168493899405592   0.0221406784582139   0
0.7635585775692   0.085165183169674   -0.00317122717075047   0
0.750766026663186   -0.00842484543119304   -0.0127925509060135   0
0.721476301629167   -0.0854311920852127   -0.0292897250340199   0
0.840079225124928   -0.0587147816606033   0.118602923495762   0
0.862434499121527   -0.00576046715228662   0.0223552739965992   0
0.857738317358505   0.0122447656062998   -0.00469618176302211   0
0.90331063088674   0.00916259214700155   0.0455723135282345   0
0.795983631270926   -0.270828717816771   -0.107326999615814   0
0.844240494280066   -0.0934450369856157   0.0482568630091395   0
0.959415805572459   0.274494524302797   0.115175311292393   0
1.15676303788849   -0.138426551979313   0.197347232316028   0
1.1428759682704   0.0956836175455844   -0.0138870696180884   0
1.1447491198184   0.00586570282657095   0.00187315154800105   0
1.18754585466204   -0.0668318038379749   0.0427967348436429   0
1.26908574585211   -0.0977693634733336   0.0815398911900655   0
1.37246391021768   0.0499539677023557   0.103378164365571   0
1.34696011561219   0.236718272511637   -0.0255037946054901   0
1.36691863501454   -0.0273610673910096   0.0199585194023468   0
1.36328152202691   0.0530415266218518   -0.00363711298762825   0
1.42980814721766   -0.23550659525573   0.0665266251907537   0
1.55203440962177   -0.0654285641935803   0.122226262404111   0
1.53901329318495   -0.0670099952679168   -0.0130211164368164   0
1.57062656175012   0.00488664337615297   0.031613268565164   0
1.5825859601693   0.0589356927817664   0.0119593984191857   0
1.61244149290757   0.084938120395595   0.0298555327382677   0
1.61502892254288   -0.0271812821884625   0.00258742963530278   0
1.6493268051011   -0.041404683120096   0.0342978825582241   0
1.65159850385922   0.0825394849331937   0.00227169875811661   0
1.62726407062591   -0.0379886620279111   -0.0243344332333075   0
1.64110734010606   0.0163720886158487   0.0138432694801556   0
1.6645613536755   0.0299686535464228   0.0234540135694323   0
1.65390594523238   -0.00134806383858943   -0.0106554084431196   0
1.66342255290861   0.0500163532752822   0.0095166076762343   0
1.69309681501827   0.0422781578696616   0.0296742621096562   0
1.68505314175844   0.00366332775109823   -0.00804367325982369   0
