0.0599553634230708   0   0   0
0.0455458335364499   -0.0356561049726455   -0.014409529886621   0
0.0320998074564708   0.0281139071364259   -0.013446026079979   0
0.0528363572705859   -0.0373105751679233   0.0207365498141151   0
0.0723404168190231   -0.0165060313041182   0.0195040595484372   0
0.0653340937153987   0.0691938987834321   -0.00700632310362441   0
0.0491105076887065   -0.0409833382573133   -0.0162235860266922   0
0.0771759818693614   0.000314521568817644   0.0280654741806549   0
0.0568932278395461   0.0446287952204507   -0.0202827540298154   0
0.0451224730912436   -0.0472741789263937   -0.0117707547483025   0
0.0485605804732254   0.0434092655441977   0.00343810738198183   0
0.0481181778661142   -0.0861531262205417   -0.000442402607111217   0
0.0484113016649744   0.0884272231443308   0.000293123798860179   0
0.0725240496459623   -0.0113206477772478   0.0241127479809879   0
0.0729861631711964   -0.0267995004938667   0.000462113525234092   0
0.0780822200686078   0.0561609033880227   0.00509605689741145   0
0.0953666017757396   -0.106512901895921   0.0172843817071318   0
0.07335816564797   0.117726540964784   -0.0220084361277696   0
0.0358930886449258   -0.0877238821225874   -0.0374650770030442   0
0.0546252774277852   0.0674677479516451   0.0187321887828594   0
0.0340154417737371   -0.110493565599188   -0.0206098356540481   0
0.0449900523656341   0.0513720913420331   0.010974610591897   0
0.102188347335913   -0.0769853155816262   0.057198294970279   0
0.0387714554265442   0.121559829066254   -0.063416891909369   0
0.076053360184577   -0.0867255711693514   0.0372819047580328   0
0.0406585794259035   0.0752436338207067   -0.0353947807586735   0
0.0632445945065663   -0.00719853681070401   0.0225860150806629   0
0.0602300542657277   -0.00506707996083747   -0.00301454024083866   0
0.0724245348592761   0.0174626623785722   0.0121944805935484   0
0.0622231344467635   -0.0450557137243448   -0.0102014004125126   0
0.0620602329710621   0.0437140799592643   -0.000162901475701381   0
0.0662950014049702   -0.0344642917195272   0.00423476843390812   0
0.0570385399583694   -0.0109291313968935   -0.00925646144660081   0
0.0774282809112084   0.0518123876267582   0.020389740952839   0
0.0715164649717112   -0.048115130346852   -0.00591181593949718   0
0.067737555581173   0.0486201840390501   -0.00377890939053824   0
0.0624632786086553   -0.0205303950652484   -0.00527427697251765   0
0.11182148788861   0.0828906177836685   0.0493582092799544   0
0.110179636152751   -0.102936047600219   -0.00164185173585922   0
0.0322267410720682   0.0225781534762731   -0.0779528950806824   0
0.119239961792387   0.0359109938920594   0.0870132207203192   0
0.092431289463647   0.00769262599622955   -0.0268086723287404   0
0.101765828955991   -0.0284292857821877   0.00933453949234393   0
0.0945549543616568   0.0561462365351778   -0.00721087459433413   0
0.112950300376703   -0.0585091680679591   0.018395346015046   0
0.0979798993665155   0.0700793624442593   -0.0149704010101874   0
0.115854399565935   -0.0685937283932459   0.0178745001994191   0
0.128867505362717   0.00905958161019704   0.0130131057967828   0
0.115585363084702   0.0642892276473034   -0.0132821422780149   0
0.126509575638202   -0.056162927879762   0.0109242125534998   0
0.1018785850087   0.0357103701364643   -0.0246309906295019   0
0.121054376874444   -0.0287707941871731   0.0191757918657439   0
0.103692574083345   -0.000359352201167368   -0.0173618027910993   0
0.12100734069196   0.00816230802376605   0.0173147666086146   0
0.139348542971592   -0.00526714564898625   0.0183412022796323   0
0.148480487622078   0.0838466007199238   0.00913194465048581   0
0.15380206924294   -0.0724223201343968   0.00532158162086183   0
0.151150894689181   0.0516252573413019   -0.0026511745537583   0
0.132283723711158   -0.0908785441080892   -0.0188671709780233   0
0.13597889141091   0.052954615141956   0.0036951676997517   0
0.155267766979853   -0.0254875991470592   0.0192888755689434   0
0.146319819629263   0.047011446406796   -0.00894794735059043   0
0.142340891355837   -0.0774583964779576   -0.00397892827342566   0
0.147505169296918   0.0415929437271037   0.00516427794108107   0
0.15640026367485   -0.0578422538463606   0.00889509437793146   0
0.160936156857587   0.0485625552726539   0.00453589318273781   0
0.160388360916739   -0.0296064061177323   -0.000547795940848583   0
0.174583378469401   0.0465025651372394   0.0141950175526618   0
0.152551810493362   -0.0337172031443165   -0.0220315679760391   0
0.155560012598647   0.0298109818594247   0.00300820210528546   0
0.161828378214924   -0.046135524074198   0.006268365616277   0
0.142228724770139   0.0588689145879805   -0.0195996534447849   0
0.164978008503982   -0.059409346159442   0.0227492837338429   0
0.139603817628898   0.092754584116411   -0.0253741908750845   0
0.0983670255200517   -0.0483463492002506   -0.0412367921088459   0
0.139505885265363   -0.0133506360651756   0.0411388597453109   0
0.0961595044114725   0.0215364139278576   -0.0433463808538901   0
0.148075941267049   -0.0526147318305795   0.0519164368555763   0
0.112441110427648   0.0756154943832694   -0.035634830839401   0
0.149063937663709   -0.0841410942826377   0.0366228272360607   0
0.110757230512233   0.0800924280679018   -0.0383067071514752   0
0.132655095329778   -0.0543991699262764   0.0218978648175447   0
0.138555768143021   -0.00543245656692196   0.00590067281324261   0
0.158491917482193   0.00451961322001582   0.0199361493391722   0
0.159808609814842   0.0286606856835804   0.00131669233264942   0
0.167290574074088   -0.0461885492893022   0.00748196425924605   0
0.176900508008965   0.0336895175658053   0.00960993393487708   0
0.162846928402104   -0.00478811763888431   -0.0140535796068613   0
0.201391626816584   0.0247192715240142   0.0385446984144798   0
0.191118129387492   -0.00899672025348811   -0.0102734974290917   0
0.186723219886789   -0.0014004624009083   -0.00439490950070368   0
0.170619415284288   -0.00910534395901108   -0.0161038046025001   0
0.197167930835044   0.000821365741721369   0.026548515550755   0
0.180837834671571   0.00925092111756196   -0.0163300961634724   0
0.204395371078879   -0.00672039200546309   0.0235575364073075   0
0.217327253821748   0.0319457174519189   0.0129318827428694   0
0.218934114324515   -0.0292296115806581   0.00160686050276743   0
0.158937616669882   0.0630835955739885   -0.059996497654633   0
0.219792889059792   -0.0195523751778617   0.0608552723899094   0
0.196392572743224   0.0320211656938642   -0.023400316316568   0
0.233666517902352   -0.0129079487489819   0.0372739451591277   0
0.244119893013786   0.00447335307056901   0.0104533751114348   0
0.232899154397275   -0.0156929124426561   -0.0112207386165116   0
0.255924976257814   -0.00504923231840576   0.0230258218605389   0
0.239759993113405   0.039782620101007   -0.0161649831444086   0
0.244605043325971   -0.0104567357679274   0.0048450502125657   0
0.24613116245285   0.0198695786624986   0.00152611912687886   0
0.251061751925179   -0.0419747763128483   0.00493058947232922   0
0.250338203849932   0.0300939060607231   -0.000723548075246994   0
0.254923072819802   -0.030268410985232   0.00458486896987015   0
0.270363748138947   0.0313417478273632   0.0154406753191451   0
0.2554368385492   -0.0197610126056649   -0.0149269095897472   0
0.266151245741782   0.00960796115430723   0.0107144071925823   0
0.252086440983564   0.0180273736968689   -0.014064804758218   0
0.251855661050754   -0.044029304475898   -0.000230779932809788   0
0.255441589742274   0.053220924107745   0.00358592869151958   0
0.2511062095743   -0.0324644568047868   -0.00433538016797352   0
0.264334550920746   -0.00142182742826197   0.0132283413464456   0
0.284052846083915   0.062304254406251   0.0197182951631693   0
0.276286533364368   -0.0392651068328886   -0.00776631271954742   0
0.281017452318664   0.068950088818196   0.00473091895429589   0
0.286476894761903   -0.0431775638274166   0.00545944244323926   0
0.296783240212044   0.014777470640746   0.0103063454501413   0
0.312764709036701   -0.0404036931863488   0.0159814688246571   0
0.312684896748212   0.0685558534886265   -7.98122884894115e-05   0
0.312732588075759   -0.0370033894770749   4.76913275472834e-05   0
0.368343455379066   0.0403156855511329   0.0556108673033067   0
0.335851681745737   -0.0524839601675261   -0.0324917736333287   0
0.357900890503977   0.0398932330749041   0.0220492087582401   0
0.347681189302585   -0.0461507898807962   -0.0102197012013923   0
0.351775222740801   0.0434482482236937   0.00409403343821568   0
0.351716555994753   -0.0373823361638392   -5.86667460480972e-05   0
0.323021539077308   0.0858771019217595   -0.0286950169174451   0
0.365363163188973   -0.0773021654831352   0.042341624111666   0
0.364286298940462   0.0527247042669479   -0.001076864248511   0
0.391079413317807   -0.0312044239618307   0.0267931143773443   0
0.376120813994998   -0.0111757209971258   -0.0149585993228087   0
0.393995467690823   -0.00418566089464895   0.0178746536958244   0
0.395419022387963   0.0434331195129929   0.00142355469714062   0
0.402759691596071   -0.00824562820609265   0.00734066920810816   0
0.40836109508084   0.02607895054089   0.00560140348476829   0
0.365836705337235   -0.0762315031404428   -0.0425243897436042   0
0.37257439618702   0.016011829919149   0.00673769084978448   0
0.380682805296027   -0.0142033594425733   0.00810840910900668   0
0.41375669194075   0.0423608251476532   0.0330738866447232   0
0.39741387112304   -0.0109775587997646   -0.0163428208177101   0
0.416742889834368   -0.0121025710441496   0.0193290187113281   0
0.403412782589372   -0.00217676869267408   -0.0133301072449957   0
0.426063812279921   0.00146747816129134   0.0226510296905492   0
0.415426720295228   0.00987312733336659   -0.0106370919846929   0
0.419492262707252   -0.0200282820317038   0.00406554241202345   0
0.402139788246575   -0.0146202960723554   -0.0173524744606771   0
0.407115786132766   0.00192630695067303   0.00497599788619119   0
0.409078139825388   0.0139254846746024   0.00196235369262238   0
0.41693853750523   0.00191831548601645   0.00786039767984159   0
0.405392048250209   0.00657180099391214   -0.0115464892550207   0
0.423538402860354   0.00549048723339945   0.0181463546101452   0
0.402211210748159   -0.0254973529033311   -0.0213271921121955   0
0.429202005620023   0.00252889930379924   0.0269907948718637   0
0.458282772265661   0.0599805239141617   0.0290807666456386   0
0.449556150400314   -0.0394093303877316   -0.00872662186534712   0
0.472346541144846   0.0163831540454533   0.022790390744532   0
0.439705225346481   -0.0169276648134987   -0.0326413157983649   0
0.457434681722156   0.0126814000242585   0.0177294563756745   0
0.475678399586843   0.0199305812202335   0.0182437178646868   0
0.474891915371014   0.00574089754045126   -0.000786484215828998   0
0.504603401547691   0.0301328207210206   0.029711486176677   0
0.474240535153576   -0.0431603364367663   -0.0303628663941149   0
0.478368936072881   0.0228350613863404   0.00412840091930511   0
0.495373985565956   -0.0150883271751754   0.0170050494930751   0
0.503844653286358   0.0305427261506235   0.00847066772040178   0
0.518030943015473   0.0230061062501702   0.0141862897291151   0
0.557694104037778   0.0308220955180519   0.0396631610223053   0
0.527212001391044   -0.016334912199004   -0.0304821026467343   0
0.484837751400662   -0.068377329176149   -0.0423742499903819   0
0.465380240006492   -0.00312972695318564   -0.0194575113941699   0
0.476718753612127   -0.0219089135169049   0.0113385136056353   0
0.499276170541415   0.0103949187806352   0.0225574169292877   0
0.539066098899059   0.0234772320645985   0.039789928357644   0
0.550080956200767   0.0210749842450906   0.0110148573017078   0
0.58024062291109   0.00815516558355456   0.0301596667103236   0
0.596929403818617   0.0530930913984157   0.0166887809075272   0
0.639372664978141   0.0164852787561283   0.0424432611595233   0
0.630262689186223   0.00532675248368142   -0.00910997579191752   0
0.619176139318207   -0.00679083967166139   -0.0110865498680162   0
0.628237442649871   0.00127531767480682   0.00906130333166399   0
0.606165595077162   -0.0324845259595948   -0.0220718475727091   0
0.604997090461805   -0.0135377800799895   -0.00116850461535656   0
0.611442235211757   0.0170663722118826   0.00644514474995184   0
0.657068511399116   0.0173753485863381   0.0456262761873585   0
0.633448578571892   -0.0209244434994021   -0.0236199328272241   0
0.650582852266719   0.00290739254548189   0.0171342736948276   0
0.654134575020691   0.0120124232376457   0.00355172275397164   0
0.653613680229002   -0.00727483275727303   -0.000520894791688931   0
0.678783879209355   0.0235373187759463   0.0251701989803528   0
0.670886830737495   -0.00950037354252853   -0.00789704847186001   0
0.701005003453791   0.0413790172446143   0.0301181727162965   0
0.697838250622055   -0.00666144020952042   -0.00316675283173629   0
0.722257000393385   0.00878942461474996   0.02441874977133   0
0.724346555407872   0.00582559148700512   0.00208955501448749   0
0.731654031405042   -0.0167876779318854   0.00730747599716941   0
0.744580437145813   0.0310100392439854   0.0129264057407712   0
0.74053716755643   -0.00305950144436795   -0.00404326958938295   0
0.78733658331523   0.0468838094410905   0.0467994157587998   0
0.772564690341527   -0.043958090111759   -0.0147718929737026   0
0.757275597729123   0.0162827474909094   -0.0152890926124044   0
0.743995216253606   -0.0412864798230812   -0.0132803814755168   0
0.761949532672112   0.037693435241831   0.0179543164185061   0
0.76737015331667   -0.0272170666754782   0.00542062064455828   0
0.750493153493921   0.029774637332994   -0.0168769998227493   0
0.786972809248992   -0.00185148549017178   0.0364796557550706   0
0.792956291571137   0.00984779592789065   0.00598348232214518   0
0.795417459322619   -0.0136040947642068   0.00246116775148186   0
0.782130070472616   -0.000116142677783038   -0.0132873888500024   0
0.783020772686459   -0.00323577245405238   0.00089070221384302   0
0.788528756440436   0.00980129787321882   0.00550798375397632   0
0.815758101213987   -0.0150689956905554   0.0272293447735517   0
0.800105454227753   0.013426155120385   -0.0156526469862339   0
0.817633577143362   0.00515496481362465   0.0175281229156085   0
0.821375230515871   0.0244090393061657   0.00374165337250887   0
0.788206845092866   -0.0449255226724387   -0.0331683854230045   0
0.816781609791901   0.0206650850905892   0.0285747646990351   0
0.828107450731787   0.00665867330934422   0.0113258409398861   0
0.839580731648244   0.00765517963753104   0.0114732809164561   0
0.831561768629517   0.00837099987935752   -0.00801896301872684   0
0.851618357308601   0.00845958329882301   0.0200565886790841   0
0.836364998099663   -0.0148632263047734   -0.0152533592089374   0
0.8269166129786   -0.0186207448093871   -0.00944838512106327   0
0.860162702833743   0.0166175030545599   0.0332460898551429   0
0.829207976774373   -0.027056348086311   -0.0309547260593696   0
0.829899443197488   0.00286757445182184   0.00069146642311424   0
0.839350769261278   -0.0103867938238564   0.00945132606379084   0
0.861342602410475   0.0322619004601039   0.0219918331491968   0
0.891913689322151   0.0118123147478597   0.0305710869116756   0
0.88998524947622   -0.0116889879610166   -0.00192843984593061   0
0.867629961569015   -0.0284759583294721   -0.0223552879072056   0
0.881693326588248   0.00242007782393061   0.0140633650192328   0
0.852476742395944   -0.0188936357253188   -0.0292165841923039   0
0.868678013506155   0.00722038719622153   0.0162012711102116   0
0.878675022406464   0.0316810860719091   0.00999700890030886   0
0.883259290137386   -0.0208292353820529   0.00458426773092235   0
0.833981547674917   -0.0356428857621056   -0.0492777424624694   0
0.856316899390056   -0.00939871354834931   0.0223353517151393   0
0.857024759717594   0.00847047029769665   0.000707860327537779   0
0.883101967893431   0.0253567806788628   0.0260772081758366   0
0.879316001875321   0.0113754487618416   -0.00378596601810943   0
0.903614967066172   0.00258950166556671   0.0242989651908511   0
0.880758201260283   -0.0166452416599947   -0.0228567658058889   0
0.892044997732177   0.00585708928478001   0.0112867964718937   0
0.877051880050434   -0.00277916048039373   -0.0149931176817436   0
0.90614058086425   -0.0127109694974693   0.0290887008138162   0
0.895074190631145   0.00498539952297705   -0.0110663902331045   0
0.910889412458505   0.0323668668242572   0.0158152218273596   0
0.899145581032905   -0.0214343232741987   -0.0117438314256001   0
0.926091577573325   0.0437431703362217   0.0269459965404203   0
0.917656509346498   -0.0212606662169195   -0.00843506822682671   0
0.929350429381861   0.00269524329731208   0.011693920035363   0
0.930880416374198   0.0010150907049874   0.00152998699233653   0
0.934895640148675   0.0265472552625822   0.00401522377447672   0
0.946332698930588   -0.00119566042243424   0.0114370587819131   0
