0.245083810629935   0.256901612379253   0   0   0
0.219478026386629   0.215921370524232   -0.025605784243306   -0.0409802418550216   0
0.180759074856479   0.1986282435192   -0.0387189515301509   -0.0172931270050319   0
0.250832080636668   0.205950644486731   0.0700730057801897   0.00732240096753162   0
0.273136554413722   0.192751658929956   0.0223044737770536   -0.0131989855567755   0
0.179518392061788   0.151226377825894   -0.0936181623519333   -0.041525281104062   0
0.194781611593086   0.137824320133458   0.015263219531298   -0.0134020576924355   0
0.159495401764095   0.126119745311638   -0.0352862098289917   -0.0117045748218201   0
0.186255123841789   0.103378620750484   0.0267597220776938   -0.0227411245611538   0
0.146542029450701   0.0782687785583913   -0.039713094391088   -0.0251098421920931   0
0.178830386305711   0.087293247472757   0.0322883568550109   0.00902446891436567   0
0.230759256595613   0.101271510366218   0.0519288702899016   0.013978262893461   0
0.209572971425062   0.0863770499723161   -0.0211862851705508   -0.0148944603939019   0
0.138854831755074   0.0751228470622287   -0.070718139669988   -0.0112542029100875   0
0.168799616108727   0.0959513655807592   0.0299447843536527   0.0208285185185305   0
0.119957401106101   0.0819415420228043   -0.048842215002626   -0.0140098235579549   0
0.150103938139832   0.107037555224381   0.0301465370337306   0.0250960132015771   0
0.160436603632151   0.0922107291556818   0.0103326654923196   -0.0148268260686996   0
0.122289981345719   0.0515110162469398   -0.0381466222864318   -0.0406997129087419   0
0.13577108259524   0.0643052245362303   0.013481101249521   0.0127942082892905   0
0.0773171456308366   0.0217559216011411   -0.0584539369644038   -0.0425493029350892   0
0.0919404668548621   0.0361327150065505   0.0146233212240255   0.0143767934054094   0
0.105720262159276   0.0942988051062287   0.0137797953044141   0.0581660900996782   0
0.12902586300126   0.0567874617013298   0.0233056008419841   -0.0375113434048989   0
0.196579355416159   0.103416837973006   0.0675534924148985   0.0466293762716763   0
0.138803514653628   0.0736777261889915   -0.0577758407625306   -0.0297391117840146   0
0.140909988598751   0.0843170110235918   0.00210647394512226   0.0106392848346003   0
0.169281847129868   0.0782723981478944   0.0283718585311175   -0.00604461287569741   0
0.0634987175464395   0.080630623767524   -0.105783129583429   0.00235822561962959   0
0.060905674223261   0.112794248561939   -0.00259304332317847   0.0321636247944151   0
0.141356494297149   0.125656057865309   0.0804508200738883   0.0128618093033703   0
0.114436416398788   0.14359555941798   -0.0269200778983608   0.0179395015526701   0
0.0637649558084219   0.136840129066404   -0.0506714605903665   -0.00675543035157597   0
0.241711129106212   0.820870706683824   0.17794617329779   0.68403057761742   1
0.183188789395776   0.767101733478463   -0.0585223397104362   -0.0537689732053608   0
0.123200084453421   0.451100645254673   -0.0599887049423554   -0.31600108822379   0
0.144148047533395   0.403486977871409   0.0209479630799746   -0.0476136673832642   0
0.101900277303627   0.421164060100565   -0.0422477702297682   0.0176770822291562   0
0.146680222807697   0.4407954030892   0.0447799455040698   0.0196313429886344   0
0.173643645926958   0.389622137332098   0.0269634231192615   -0.0511732657571013   0
0.125522970408905   0.335004850350696   -0.0481206755180532   -0.0546172869814018   0
0.150991880751715   0.343185431725143   0.0254689103428093   0.00818058137444611   0
0.148165370214254   0.279519276877041   -0.00282651053746072   -0.0636661548481012   0
0.128246347894833   0.366073243277562   -0.019919022319421   0.0865539664005204   0
0.28529722672675   1.03617032718637   0.157050878831917   0.670097083908804   1
0.232036758628046   1.37899764315834   -0.0532604680987038   0.342827315971972   0
0.167264630100479   1.06085248069206   -0.064772128527567   -0.318145162466277   0
0.178986259281496   0.933362272211687   0.0117216291810169   -0.127490208480374   0
0.105684314843292   0.833293023470401   -0.0733019444382036   -0.100069248741286   0
0.174021297327224   0.715067759153958   0.0683369824839316   -0.118225264316443   0
0.260691535100701   0.602319358650889   0.0866702377734773   -0.112748400503069   0
0.137006608261135   0.431220938644689   -0.123684926839566   -0.1710984200062   0
0.141646002149286   0.41533130673507   0.00463939388815163   -0.0158896319096197   0
0.175564027568292   0.364926776680743   0.0339180254190058   -0.050404530054327   0
0.185759394919671   0.466315601195322   0.0101953673513795   0.10138882451458   0
0.114412873536242   0.407340932303408   -0.0713465213834299   -0.058974668891914   0
0.081109483369394   0.392706805904513   -0.0333033901668476   -0.0146341263988953   0
0.150087918802847   0.371142521745124   0.068978435433453   -0.021564284159389   0
0.224430661767705   0.387078823312533   0.074342742964858   0.0159363015674087   0
0.0812530374910311   0.308159526589476   -0.143177624276674   -0.0789192967230569   0
0.167650742346821   0.308340106799768   0.0863977048557895   0.000180580210292269   0
0.182957126446006   0.234841583319438   0.0153063840991859   -0.0734985234803301   0
0.140507833083426   0.24375335237188   -0.0424492933625801   0.00891176905244195   0
0.236901793444794   0.215988011530586   0.096393960361368   -0.0277653408412941   0
0.174455807917765   0.180080288121826   -0.0624459855270297   -0.0359077234087597   0
0.245446163582648   0.1567610335031   0.0709903556648833   -0.0233192546187262   0
0.177034274115749   0.142942241391628   -0.0684118894668994   -0.013818792111472   0
0.191826059777628   0.141056487562749   0.0147917856618792   -0.00188575382887904   0
0.214270744814149   0.128710536596698   0.0224446850365209   -0.0123459509660509   0
0.184241940628322   0.112568063239491   -0.030028804185827   -0.0161424733572074   0
0.282428598690448   0.0827250685726673   0.0981866580621261   -0.0298429946668235   0
0.178356559386668   0.0803497476172763   -0.10407203930378   -0.00237532095539096   0
0.26448525567948   0.0691544820145086   0.0861286962928123   -0.0111952656027677   0
0.175151207498692   0.0708115906559442   -0.0893340481807878   0.00165710864143552   0
0.255468381504659   0.0420933198010088   0.0803171740059666   -0.0287182708549354   0
0.196320832468284   0.0617877173234697   -0.0591475490363751   0.0196943975224609   0
0.218439108057349   0.060051633807083   0.0221182755890647   -0.00173608351638668   0
0.252565483593087   0.0794351562226386   0.0341263755357387   0.0193835224155555   0
0.266562323147308   0.0826324162418267   0.013996839554221   0.00319726001918808   0
0.257455212180993   0.101484595629152   -0.0091071109663155   0.0188521793873253   0
0.20974773170363   0.105056167062113   -0.0477074804773624   0.00357157143296051   0
0.239296077634415   0.116661034086333   0.0295483459307849   0.0116048670242203   0
0.294234292343517   0.156573304886513   0.0549382147091013   0.0399122708001804   0
0.200604304819961   0.141709412211125   -0.0936299875235552   -0.0148638926753883   0
0.304749766563996   0.178689361201192   0.104145461744035   0.036979948990067   0
0.407518051280247   0.196611626363092   0.102768284716251   0.0179222651619   0
0.233353557715005   0.161167896954302   -0.174164493565242   -0.0354437294087898   0
0.228755269664766   0.172538931070099   -0.00459828805023821   0.0113710341157974   0
0.345993449948478   0.202620698803306   0.117238180283712   0.0300817677332065   0
0.358347195605393   0.237337085445074   0.0123537456569153   0.0347163866417684   0
0.312354788482152   0.224799401695156   -0.0459924071232412   -0.0125376837499185   0
0.385607357498583   0.251079827291541   0.0732525690164308   0.0262804255963851   0
0.269363186083399   0.210271565056952   -0.116244171415184   -0.0408082622345888   0
0.33874878100746   0.237577126984191   0.0693855949240605   0.0273055619272391   0
0.327338721201755   0.256523477726874   -0.0114100598057053   0.0189463507426828   0
0.295891554370786   0.250196538869765   -0.0314471668309682   -0.00632693885710855   0
0.311018632439987   0.19986571854185   0.015127078069201   -0.0503308203279154   0
0.32583654353717   0.146584288193764   0.0148179110971824   -0.0532814303480859   0
0.231078394328851   0.211580089344307   -0.0947581492083187   0.064995801150543   0
0.267666758923517   0.252835947969212   0.0365883645946656   0.0412558586249047   0
0.334871484567199   0.279049606416135   0.0672047256436826   0.0262136584469234   0
0.390653506376482   0.293559274410212   0.0557820218092827   0.0145096679940765   0
0.235908225055529   0.25257565543993   -0.154745281320953   -0.0409836189702822   0
0.333329980944184   0.284726294866509   0.0974217558886551   0.032150639426579   0
0.28945957439209   0.278750468153782   -0.0438704065520937   -0.00597582671272678   0
0.357862082101764   0.312940640862864   0.0684025077096743   0.0341901727090822   0
0.280011452101088   0.28645152052058   -0.0778506300006763   -0.0264891203422836   0
0.383671929563384   0.315699428543278   0.103660477462295   0.0292479080226979   0
0.21880678942414   0.274763938730254   -0.164865140139244   -0.0409354898130248   0
0.18050329197721   0.188237760702389   -0.0383034974469299   -0.0865261780278641   0
0.25443248702084   0.245366225305664   0.07392919504363   0.0571284646032749   0
0.352926818191591   0.301251850394583   0.0984943311707503   0.0558856250889184   0
0.257451949609515   0.28633253498904   -0.095474868582076   -0.0149193154055423   0
0.35364251256058   0.336189360156966   0.0961905629510655   0.0498568251679253   0
0.287701073075858   0.32155153011065   -0.0659414394847224   -0.014637830046316   0
0.324504413826931   0.292414529587707   0.0368033407510732   -0.0291370005229425   0
0.420802667638039   0.147014843779463   0.0962982538111082   -0.145399685808244   0
0.140031919503019   0.170082905127176   -0.28077074813502   0.0230680613477129   0
0.123971620402655   0.204896971103162   -0.016060299100364   0.0348140659759858   0
0.159997441080068   0.150492583450149   0.0360258206774134   -0.0544043876530132   0
0.221850460127019   0.113398594314756   0.0618530190469504   -0.0370939891353933   0
0.198245516948707   0.109874994278054   -0.0236049431783121   -0.00352360003670103   0
0.270313608524247   0.104973522834761   0.0720680915755405   -0.00490147144329389   0
0.188895119734338   0.118349206886823   -0.081418488789909   0.0133756840520623   0
0.23757916701142   0.167156261220602   0.0486840472770813   0.0488070543337787   0
0.183299553093727   0.171263129263131   -0.0542796139176927   0.00410686804252966   0
0.143124855048241   0.145134278214185   -0.0401746980454859   -0.0261288510489461   0
0.184886617582344   0.133416713436033   0.0417617625341032   -0.0117175647781524   0
0.20395497084744   0.158605013117493   0.0190683532650955   0.0251882996814598   0
0.159632245924542   0.171703176515906   -0.0443227249228973   0.0130981633984138   0
0.231142756983125   0.182079027326735   0.0715105110585826   0.0103758508108289   0
0.150084885376276   0.194008128067074   -0.0810578716068487   0.0119291007403383   0
0.187602580008911   0.183188661134498   0.0375176946326351   -0.0108194669325754   0
0.230336561723948   0.191603701648742   0.0427339817150364   0.00841504051424349   0
0.127509193916556   0.19571569599166   -0.102827367807391   0.00411199434291865   0
0.259217004181458   0.233634343069464   0.131707810264901   0.0379186470778037   0
0.156488766865644   0.235497876643379   -0.102728237315814   0.00186353357391469   0
0.239322816618976   0.243091417471905   0.0828340497533316   0.00759354082852631   0
0.203462534706417   0.252784199419312   -0.0358602819125588   0.00969278194740703   0
0.218054681165436   0.259928780140349   0.014592146459019   0.00714458072103719   0
0.220863237952268   0.275517131290529   0.00280855678683153   0.0155883511501796   0
0.193606021545018   0.246930480651012   -0.0272572164072496   -0.0285866506395164   0
0.25049566242544   0.287787496757   0.0568896408804219   0.0408570161059871   0
0.175121871508073   0.262041999877672   -0.0753737909173671   -0.0257454968793273   0
0.283323106065513   0.280401448789945   0.10820123455744   0.0183594489122725   0
0.180446957335501   0.256515570592703   -0.102876148730012   -0.0238858781972418   0
0.289634033393885   0.272674074986585   0.109187076058384   0.0161585043938824   0
0.221098715451809   0.267021329557589   -0.0685353179420759   -0.00565274542899652   0
0.196574012625169   0.261656194808264   -0.0245247028266403   -0.00536513474932526   0
0.292250447627732   0.286642740661245   0.0956764350025637   0.0249865458529818   0
0.150272395323725   0.261449386697808   -0.141978052304007   -0.0251933539634374   0
0.162408478728575   0.239466810184543   0.0121360834048496   -0.021982576513265   0
0.24969315166582   0.272633334851243   0.0872846729372446   0.0331665246666999   0
0.193211256830445   0.259591404538098   -0.0564818948353751   -0.0130419303131449   0
0.176500505440749   0.253381698408745   -0.0167107513896952   -0.00620970612935351   0
0.263787958348159   0.313079359306071   0.0872874529074095   0.0596976608973266   0
0.249548161984495   0.293894757081936   -0.0142397963636634   -0.0191846022241355   0
0.141106791044903   0.26587392917932   -0.108441370939592   -0.0280208279026158   0
0.177432967151457   0.274872603052305   0.0363261761065536   0.00899867387298503   0
0.312953540113481   0.34476906340803   0.135520572962024   0.0698964603557248   0
0.159085382582939   0.302847933973471   -0.153868157530542   -0.0419211294345585   0
0.226995980217624   0.278319639265719   0.0679105976346853   -0.0245282947077521   0
0.284423310641744   0.285104119588353   0.0574273304241199   0.00678448032263407   0
0.248187677251088   0.292329382301027   -0.0362356333906564   0.00722526271267382   0
0.225170137489966   0.274167201669437   -0.0230175397611219   -0.0181621806315896   0
0.291321029222059   0.28007696889873   0.0661508917320939   0.00590976722929226   0
0.238225157170933   0.259324787209495   -0.0530958720511268   -0.0207521816892344   0
0.264845710397224   0.301751606652724   0.0266205532262908   0.0424268194432282   0
0.361169013474301   0.299155185667071   0.0963233030770778   -0.00259642098565205   0
0.266606356574632   0.284814934396552   -0.094562656899669   -0.014340251270519   0
0.282415375646741   0.265248425835574   0.0158090190721091   -0.0195665085609785   0
0.225831495601566   0.244752817908477   -0.0565838800451756   -0.0204956079270972   0
0.260638110133572   0.248810009805494   0.0348066145320062   0.00405719189701717   0
0.253138488518222   0.257904678987998   -0.00749962161534995   0.00909466918250437   0
0.263851112502657   0.260417974891947   0.0107126239844354   0.00251329590394828   0
0.273347855189756   0.266348229118052   0.00949674268709888   0.00593025422610566   0
0.313294859436538   0.285311614647038   0.0399470042467815   0.0189633855289859   0
0.250285577952966   0.291107015881188   -0.0630092814835723   0.00579540123414946   0
0.246827707175592   0.309382728309937   -0.00345787077737311   0.018275712428749   0
0.303541093465465   0.337656317327619   0.0567133862898722   0.0282735890176828   0
0.235524639529201   0.2857857940753   -0.0680164539362638   -0.0518705232523191   0
0.219562022235723   0.240840278576902   -0.0159626172934781   -0.0449455154983979   0
0.332363486711462   0.279792634803152   0.112801464475739   0.0389523562262495   0
0.241952198858619   0.18622654107818   -0.0904112878528423   -0.0935660937249715   0
0.175493833939144   0.218244083305487   -0.066458364919475   0.0320175422273069   0
