0.346521720445126   0   0   0
0.359501776898947   0.0034512459820846   0.0129800564538207   0
0.362758952464543   0.0386972333363929   0.00325717556559624   0
0.335339548692441   0.0135516228023746   -0.0274194037721019   0
0.37648879769689   0.032123357007106   0.0411492490044493   0
0.35946443433311   0.0026595161332866   -0.0170243633637807   0
0.306948457686796   0.00105966956602113   -0.0525159766463141   0
0.264928213503908   0.0526358352705805   -0.0420202441828871   0
0.271559414843695   -0.0114577321370918   0.00663120133978651   0
0.276991635111342   0.0377934535881893   0.00543222026764745   0
0.298643568255709   -0.00191556855750191   0.021651933144367   0
0.309595786333568   -0.00607680157765211   0.0109522180778582   0
0.309228092841321   0.0146799858087944   -0.000367693492246524   0
0.304110016116656   -0.00374032735928181   -0.00511807672466547   0
0.204657235748116   -0.0690036899932887   -0.0994527803685394   0
0.166795183880268   0.0574392007601513   -0.0378620518678479   0
0.246191334954137   -0.0852335220175345   0.0793961510738686   0
0.279829756859416   -0.0243866590832474   0.0336384219052794   0
0.197787732433188   -0.0613011830621298   -0.0820420244262279   0
0.155495822844029   0.0247579462642559   -0.0422919095891595   0
0.0483372522178563   -0.00349903318973485   -0.107158570626173   0
0.205689600373232   -0.0149844918159363   0.157352348155376   0
0.144513366560848   0.311572840860012   -0.0611762338123844   0
0.184506924255568   -0.0021118663451708   0.0399935576947203   0
0.189928628614145   -0.0492963204757203   0.00542170435857722   0
0.217148913071767   0.0764090057630929   0.027220284457622   0
0.207324792471258   -0.0235995349787811   -0.00982412060050991   0
0.33844062996115   -0.0499323872977464   0.131115837489892   0
0.336777410507296   -0.0538506967481269   -0.00166321945385356   0
0.409265043303847   0.0466297900504233   0.072487632796551   0
0.364403839877203   0.0298741223705073   -0.0448612034266447   0
0.485790265889033   -0.034415928302025   0.12138642601183   0
0.473266133593193   -0.129773903364266   -0.0125241322958399   0
0.569793837210662   0.0678652329494447   0.0965277036174689   0
0.472266039455782   -0.0440092095988937   -0.0975277977548801   0
0.553847418236512   0.022440847390536   0.0815813787807305   0
0.678197102696738   -0.158738964720875   0.124349684460226   1
0.753029008912671   -0.0701476824771377   0.0748319062159331   0
0.706512877791516   -0.0363395400724383   -0.0465161311211549   0
0.647881764038779   0.116832084353702   -0.0586311137527374   0
0.561367741663778   0.0471112380829529   -0.0865140223750008   0
0.522565454760655   -0.122352866388047   -0.0388022869031232   0
0.492470199810242   0.0155931873878557   -0.0300952549504125   0
0.277637799366819   0.94481461497578   -0.214832400443423   1
0.205704964238858   -0.265860060009105   -0.0719328351279606   0
0.244813946621715   -0.122625700898974   0.0391089823828568   0
0.37315552422616   0.0268268848679082   0.128341577604444   0
0.480502234014578   -0.10109892591041   0.107346709788418   0
0.68734139450858   0.0612651793027111   0.206839160494003   0
0.652289267873158   -0.122562832833059   -0.0350521266354228   0
0.717437659474501   0.0698542893111119   0.0651483916013434   0
0.777235527747703   0.0133518094577542   0.0597978682732019   0
0.78914007336784   -0.0522618340294424   0.0119045456201371   0
0.868967910575672   0.000807915617661248   0.0798278372078325   0
1.03298241792879   0.0497597190026539   0.164014507353113   0
1.09517670621731   0.0443440670944913   0.0621942882885262   0
1.10477675215052   -0.0518416591804813   0.00960004593320751   0
1.14501737974899   0.0173781499147875   0.0402406275984739   0
1.12916096508658   -0.0222975500426751   -0.0158564146624163   0
1.1644389589708   0.0870017786314364   0.0352779938842231   0
1.15910286863602   -0.0591529668104002   -0.00533609033478033   0
1.20092704583178   -0.0805318516303688   0.0418241771957619   0
1.18552356740482   -0.0656113824059549   -0.0154034784269619   0
1.31413185215078   -0.00114191402881625   0.128608284745964   0
1.26839957061409   -0.0318568707816554   -0.045732281536697   0
1.21659405523874   -0.0715518269176197   -0.0518055153753436   0
1.28444723852325   -0.0213072033759961   0.0678531832845055   0
1.30414133120226   0.0451095704365581   0.0196940926790103   0
1.28229008626169   0.0301225314006828   -0.0218512449405741   0
1.37934684600004   -0.0940939688802122   0.097056759738352   0
1.38498956588344   -0.0390175084468506   0.00564271988340304   0
1.36053625418665   0.00211145246746447   -0.0244533116967867   0
1.38557003862138   -0.0353093367257105   0.0250337844347257   0
1.42472116546546   0.0194164801130298   0.0391511268440778   0
1.47847524586354   -0.0103260323119148   0.0537540803980814   0
1.48307359963397   0.00128375124049421   0.00459835377042794   0
1.5073641062119   0.0291035848696832   0.0242905065779335   0
1.53094212582775   -0.010204563143701   0.023578019615853   0
1.56459993396076   -0.0126090443062504   0.0336578081330023   0
1.56400446519671   -0.0186947718304601   -0.000595468764044371   0
1.61736644342902   0.0283660023537922   0.0533619782323131   0
1.61654094257623   -0.0233066208463755   -0.000825500852792649   0
1.61165565395496   0.0511929855179837   -0.00488528862126825   0
1.64290298400583   0.0178687821458611   0.0312473300508638   0
1.65142335275786   -0.0390198740474707   0.00852036875202966   0
1.67209347059614   0.0839417424350821   0.0206701178382851   0
1.65519640414333   -0.0512405829864028   -0.0168970664528145   0
1.64495032470444   0.042769765333407   -0.010246079438885   0
1.71788787522505   0.0168767899147994   0.072937550520612   0
1.76154675473495   0.0745437397507596   0.0436588795099002   0
1.74506790792859   -0.0442558662094171   -0.016478846806369   0
1.75982548131882   0.00460213687184008   0.0147575733902299   0
1.78915557148903   0.0816248531394106   0.0293300901702185   0
1.67342348454329   -0.0751654955223473   -0.115732086945746   0
1.58878667085618   -0.0337180930668143   -0.0846368136871123   0
1.67235157915463   0.0873117927902655   0.0835649082984589   0
1.70812224259924   -0.0657843037659656   0.0357706634446033   0
1.79450629288002   0.104258019815451   0.0863840502807844   0
1.82846857049663   0.0379950928333916   0.0339622776166102   0
1.82403965327929   -0.0116816187601146   -0.00442891721733774   0
1.86826066415938   0.0654153567126569   0.0442210108800858   0
1.89710165452204   -0.000900097564435431   0.0288409903626561   0
1.83611496301437   -0.0366589974019562   -0.0609866915076698   0
1.7523629902849   0.110171550833743   -0.0837519727294631   0
1.70959225884098   -0.0557933190372651   -0.042770731443925   0
1.70763411526745   0.0212898373017631   -0.00195814357352808   0
1.75413905419019   0.155208956943101   0.0465049389227381   0
1.73827948882825   -0.0864954850796443   -0.0158595653619393   0
1.70323623094603   -0.00769430560265028   -0.035043257882216   0
1.57692322511125   -0.0167894853396611   -0.126313005834789   0
1.51859131483169   0.0256805896483671   -0.0583319102795521   0
1.35538133478405   -0.470288740708213   -0.16320998004764   1
1.38673571691662   0.0555244605920513   0.0313543821325666   0
1.31794357597378   0.217510095661279   -0.0687921409428363   0
1.32383716591783   -0.119364050672188   0.00589358994404998   0
1.45665298184222   0.0213868997617117   0.13281581592439   0
1.4023852998409   0.0452505676604358   -0.054267682001327   0
1.45045072501306   0.00506553261157361   0.0480654251721617   0
1.55269241909939   0.0176423445253957   0.102241694086328   0
1.50622712025984   0.0382627450292322   -0.046465298839546   0
1.53170243772537   -0.00106073727248779   0.0254753174655298   0
1.56906126089361   -0.0523959004225724   0.0373588231682391   0
1.61103042907777   0.10155287371294   0.0419691681841612   0
1.61889493883589   -0.0547748046488193   0.00786450975812092   0
1.62964688972312   0.0780154706671173   0.0107519508872294   0
1.6377903113833   -0.0106613432378475   0.00814342166017767   0
1.64287975549795   0.1329428858246   0.00508944411465118   0
1.67087760375349   -0.0666392485180968   0.0279978482555394   0
1.66383221871685   -0.00851810889632665   -0.0070453850366341   0
1.64542371778047   -0.039419970825376   -0.018408500936385   0
1.43570033089472   -0.175008091638322   -0.209723386885749   0
1.51258442051254   0.081288434811753   0.0768840896178173   0
1.46387826992111   -0.082326955254021   -0.0487061505914279   0
1.12366726605622   -0.0802179269865966   -0.340211003864894   0
1.15405851715327   0.0297368891909006   0.0303912510970525   0
1.35338026738801   0.131839780158418   0.199321750234745   0
1.36193849609858   0.12975566420747   0.00855822871056255   0
1.34868735079901   -0.0143356587381206   -0.0132511452995663   0
1.39178336580123   0.0585779512963408   0.0430960150022204   0
1.45530096516365   -0.0343451821406461   0.0635175993624197   0
1.48490065932876   0.0411047073530222   0.0295996941651153   0
1.5042959215443   -0.27178913255051   0.0193952622155311   0
1.52536722781211   -0.0301602084964707   0.0210713062678169   0
1.43814813659446   0.194034652590827   -0.0872190912176511   1
1.27324446693284   -0.0912718150301067   -0.164903669661618   0
1.2866057501683   -0.083927164660457   0.0133612832354517   0
1.66799792294003   0.798297256182049   0.381392172771733   1
1.72672978702778   -0.100450535506329   0.0587318640877508   0
1.61037591711408   -0.156396623716948   -0.116353869913704   0
1.57243520607218   0.0301887343456504   -0.0379407110418988   0
1.69841626391353   -0.110150133944568   0.125981057841355   0
2.3065148517244   0.248325352539727   0.608098587810873   1
4.26054953412702   1.25584152569254   1.95403468240262   1
4.16891860498619   -0.0530608560938122   -0.0916309291408357   1
4.17825291849955   0.0268403492220952   0.009334313513361   0
4.21952264112897   -0.242352682896098   0.041269722629421   0
4.04651892850509   -0.0968267240717955   -0.173003712623879   0
3.99406246088804   -0.21468553514719   -0.0524564676170542   0
4.02568813409894   0.0884511968381476   0.0316256732109026   0
4.05465637070517   0.0652477482066898   0.0289682366062278   0
4.96699819080237   0.177866377798271   0.9123418200972   1
5.49482644448394   0.347196538709183   0.52782825368157   1
5.4768565782025   -0.270217713193084   -0.0179698662814376   1
5.44885060045006   -0.0182401744117802   -0.0280059777524393   0
5.35996554547228   -0.0768919334719484   -0.0888850549777773   0
5.3584032412884   0.0157911610241079   -0.0015623041838877   0
5.30356407024088   0.0924629336560128   -0.0548391710475178   0
5.20261325306812   -0.103366769653899   -0.100950817172762   0
5.1549512470391   0.0721135586813957   -0.0476620060290136   0
4.98219215481248   -0.334111234064125   -0.172759092226625   0
4.60054860462304   0.381948244582975   -0.381643550189438   1
4.4747387757192   -0.294299575097145   -0.125809828903836   0
4.44405975882033   -0.166677395001199   -0.0306790168988691   0
4.48099303246535   0.0706461434756036   0.0369332736450136   0
4.48006435596803   -0.0237557090754443   -0.00092867649731776   0
4.45805780887978   -0.0857429794268976   -0.0220065470882504   0
4.47522036196029   0.0828627938013462   0.017162553080512   0
4.49099601740705   0.0938395746316114   0.0157756554467596   0
4.44129108042585   -0.0847048414070954   -0.0497049369811995   0
4.45182581693009   0.157857240133519   0.0105347365042361   0
4.43347756803305   -0.104776265785693   -0.0183482488970377   0
4.36472216520639   0.187881597240946   -0.0687554028266559   0
4.29563334045854   -0.0483211745152636   -0.0690888247478547   0
4.35517765363047   -0.204798844741468   0.0595443131719335   0
4.26549500086195   0.0280199499865066   -0.0896826527685279   0
3.99857384073791   -0.0354319568493771   -0.26692116012404   0
4.10574695958071   0.0501632539733672   0.107173118842805   0
4.11851638480609   -0.0444380167424911   0.0127694252253807   0
4.14154867686367   -0.0556553985601469   0.0230322920575832   0
3.94284116244676   -0.0133732944408076   -0.198707514416917   0
5.0088778918791   0.419341798201386   1.06603672943235   1
4.74599358975054   -0.147157674662557   -0.262884302128563   1
4.59066170720009   0.0426043197117745   -0.155331882550451   1
4.58991652067892   -0.227033167202955   -0.000745186521172947   0
4.69705304113015   0.0972048137370118   0.107136520451234   0
4.67880551375565   -0.188158798054892   -0.0182475273745011   0
4.6626985269151   0.0394024669615591   -0.0161069868405477   0
4.69347409320138   0.0205233531648159   0.030775566286275   0
4.54901105984248   -0.0313438084813762   -0.144463033358893   0
4.56320757015723   0.0672345018138389   0.0141965103147443   0
4.47798982189927   -0.0376401825977823   -0.0852177482579544   0
4.42468964916592   -0.121187448221111   -0.0533001727333531   0
4.41472860814631   0.094663629889628   -0.00996104101960782   0
4.39166611926072   0.0102768570716054   -0.0230624888855946   0
4.26354997120563   -0.242857360608455   -0.128116148055093   0
4.18349519819292   0.0199802492272934   -0.0800547730127024   0
4.19514223190603   -0.0044053421982726   0.011647033713106   0
4.2552325315523   0.186856681553154   0.0600902996462702   0
4.00931980314322   0.28821938191661   -0.245912728409085   1
3.50869112240747   -0.258083384040018   -0.500628680735745   1
3.59181770536928   0.149102780209208   0.08312658296181   0
3.69995665012801   -0.00456352020686079   0.10813894475873   0
3.69478833736132   0.00730616662581629   -0.00516831276668794   0
3.69044394208695   0.0144211595355741   -0.00434439527437469   0
3.71952975289501   -0.0170757445202983   0.0290858108080645   0
3.49617761502176   -0.276425442450809   -0.223352137873252   0
3.31871594662247   -0.0790713336872808   -0.177461668399296   0
3.37334261667771   -0.0303652791748152   0.0546266700552409   0
2.92906673428112   -0.133408437500995   -0.444275882396589   0
2.93466015441524   0.200669755408857   0.00559342013412589   0
3.23540968813294   0.00067615729003645   0.300749533717699   0
3.22505591559863   -0.0781189270939586   -0.010353772534315   0
3.31823351955336   0.0336595667166633   0.0931776039547354   0
3.42354611514699   -0.00657863727490127   0.105312595593631   0
3.49795785924882   0.000264956106760472   0.0744117441018219   0
3.41520590968422   -0.234133111650708   -0.0827519495645994   0
3.41676838135986   0.0901351133573658   0.00156247167564638   0
3.38790821441996   0.0658371097499337   -0.0288601669399031   0
4.26371923207911   0.176293345375182   0.875811017659148   1
6.05797672622141   0.754247626928082   1.7942574941423   1
6.0457758645447   0.078610189377589   -0.012200861676706   1
6.01563159420227   -0.130111396293719   -0.0301442703424364   1
6.25847283048239   -0.0265127960074989   0.242841236280123   1
7.97704557296277   0.248456278453054   1.71857274248039   1
7.56442274996083   0.110326914911013   -0.412622823001945   1
5.58135208196455   0.0622550086789859   -1.98307066799628   1
4.95151163121435   -0.136804284265041   -0.629840450750198   1
5.02663768510316   -0.0687096413895372   0.0751260538888108   1
5.09050232736559   0.0381212652051857   0.0638646422624305   0
5.12639103384657   -0.176550223536998   0.0358887064809776   0
5.27944046345408   0.0238125327729928   0.153049429607512   0
3.93507591845053   -0.345705421426372   -1.34436454500356   1
3.40105635610967   0.324110664890863   -0.534019562340854   1
3.72635781034947   -0.378959923509678   0.325301454239797   1
3.08529509578083   0.216414166818252   -0.641062714568637   1
2.55817851515981   0.917745579686874   -0.527116580621022   1
2.63378037434906   0.0724783349359428   0.0756018591892453   0
2.67528815035287   -0.0347099159224475   0.0415077760038187   0
2.55014248377934   -0.525703942651545   -0.125145666573537   1
2.59780367561234   0.376151405394897   0.0476611918330057   1
2.63087229747649   0.0295708775893195   0.0330686218641518   0
2.63657348424883   -0.59326404477672   0.005701186772332   1
2.51525527851598   -0.0799757320814702   -0.121318205732847   0
