0.095354496294092   0   0   0
0.12611372801663   -0.00138668724176236   0.0307592317225379   0
0.0800303250875723   -0.0583166957511718   -0.0460834029290576   0
0.100783431477413   0.0930232268842623   0.0207531063898412   0
0.0752440156156802   -0.110972078925222   -0.0255394158617333   0
0.0805921996779155   0.124739562560682   0.00534818406223528   1
0.0738536083566165   -0.137819952680404   -0.00673859132129895   0
0.0656679004827701   0.0616102719340854   -0.00818570787384643   1
0.0878242865891321   0.0140911675445116   0.0221563861063619   0
0.0587572180341701   -0.0283511054111338   -0.029067068554962   1
0.0610123536934325   0.123635832209126   0.00225513565926239   0
0.0396483349465018   -0.115592584590433   -0.0213640187469306   1
0.048453789381972   0.15901298747417   0.00880545443547012   1
0.101566465167901   -0.208957537926698   0.0531126757859293   1
0.0543807781898623   0.20728965962293   -0.047185686978039   1
0.037848675513517   -0.21110369727271   -0.0165321026763453   0
0.0596286280569577   0.103198172410532   0.0217799525434407   0
0.0705943463902209   0.00407509623885743   0.0109657183332633   0
0.0436283737390302   -0.132660302939853   -0.0269659726511907   0
0.0745077293379016   0.177738527027875   0.0308793555988714   0
0.0614142950579098   -0.187044883676935   -0.0130934342799918   0
0.0536941078547963   0.165353304927292   -0.00772018720311345   1
0.0739194275061874   -0.0954926173539128   0.0202253196513911   0
0.0454797570299414   0.0268856679037236   -0.0284396704762461   0
0.0558136609730315   0.0567876327165913   0.0103339039430901   0
0.069639796414981   -0.10426619044358   0.0138261354419495   1
0.054099270541755   0.146063781425755   -0.015540525873226   1
0.0555937126370645   -0.156073081588855   0.00149444209530945   0
0.0513626292830936   0.0784429686689594   -0.0042310833539709   0
0.0575408001981474   0.0159622334568629   0.00617817091505389   0
0.131281633679696   -0.14658383909662   0.073740833481549   1
0.0465862604338447   0.224217675678935   -0.0846953732458518   0
0.0810715734355298   -0.188535664966119   0.0344853130016851   0
0.0709257437049482   0.19177684245678   -0.0101458297305816   0
0.0580864422410256   -0.137179494134319   -0.0128393014639227   0
0.0599248929975056   0.13183319083251   0.00183845075648006   0
0.0739260367100963   -0.059832454172537   0.0140011437125907   0
0.0569956389960671   -0.0819180237363892   -0.0169303977140292   1
0.0469446404059611   0.139656490897552   -0.0100509985901059   0
0.0521596655981899   -0.147899463588353   0.00521502519222879   0
0.0658951105227277   0.159500182789888   0.0137354449245378   0
0.0774181034756891   -0.111380568532758   0.0115229929529614   0
0.0670573510742111   0.107668811450775   -0.010360752401478   0
0.0583476033084693   -0.0967638932842492   -0.00870974776574176   0
0.0723530765903738   0.0588669894068377   0.0140054732819045   0
0.0348495761534714   0.0444565262670389   -0.0375035004369025   0
0.0427008008888505   -0.141828260229489   0.00785122473537913   0
0.0441853148178374   0.121251056335128   0.00148451392898693   0
0.0635010214086553   -0.101389271265259   0.0193157065908179   0
0.0467594875856761   0.0205757430225542   -0.0167415338229792   1
0.0419714165222298   0.118761169442459   -0.00478807106344638   0
0.174783900942716   -0.264801266509559   0.132812484420486   0
0.0430227585098283   0.254697969484625   -0.131761142432888   0
0.151122465326511   -0.240476465363246   0.108099706816683   0
0.0437320130084072   0.301509483047719   -0.107390452318104   1
0.128490492315978   -0.229927972325917   0.0847584793075711   0
0.0802010940796945   0.182504989225947   -0.0482893982362839   0
0.144769787316259   -0.18582934884049   0.064568693236565   0
0.0804186403845526   0.174246106828316   -0.0643511469317068   1
0.050148317625046   -0.0273320416542943   -0.0302703227595066   0
0.0671020355496203   -0.103637626249444   0.0169537179245743   0
0.0487088579834818   0.137294533803017   -0.0183931775661384   0
0.171824515495185   -0.220556719513651   0.123115657511703   1
0.0844704892251874   0.294022631069109   -0.0873540262699974   1
0.174564903501534   -0.238917297021918   0.0900944142763469   0
0.121634607846996   0.207862968107547   -0.0529302956545383   0
0.208953641650277   -0.285600276310156   0.0873190338032813   0
0.0731282959407239   0.262288429073809   -0.135825345709553   1
0.0232196199509251   -0.0770648377089274   -0.0499086759897988   0
0.0517156645296181   -0.0299272345801447   0.028496044578693   0
0.0785446053038654   0.0515756405105002   0.0268289407742473   0
0.185262462727943   -0.269407736304878   0.106717857424078   1
0.0279213567163762   0.286138249088613   -0.157341106011567   1
0.170639337292438   -0.279663605881453   0.142717980576062   1
0.0255027760108895   0.309568619860215   -0.145136561281549   1
0.021134690591256   -0.154491929631218   -0.00436808541963348   0
0.0412991566055228   0.078743370548698   0.0201644660142668   0
0.0186922742888934   -0.0403477300872419   -0.0226068823166294   0
0.0596932564115286   -0.0363483533315832   0.0410009821226352   1
0.026988965661405   0.071913982179806   -0.0327042907501236   0
0.223956966541401   -0.151751270667836   0.196968000879996   1
0.0697792746039476   0.204825705008021   -0.154177691937453   0
0.210696223600976   -0.205248800429725   0.140916948997028   1
0.0639262234775505   0.218905878254841   -0.146770000123426   1
0.204500258556363   -0.238059501959632   0.140574035078812   1
0.117914295437417   0.3051963945164   -0.0865859631189456   1
0.228739792613993   -0.31648849899173   0.110825497176576   0
0.0865739723367023   0.254832822817894   -0.142165820277291   1
0.132942732700698   -0.163138735891723   0.0463687603639956   0
0.230371007545367   -0.015185740977893   0.0974282748446687   1
0.0552025649369053   0.0980934971701083   -0.175168442608461   0
0.251850312242629   -0.172358934402428   0.196647747305724   1
0.0597943881689787   0.214187740955366   -0.192055924073651   1
0.160038817567436   -0.175960401368971   0.100244429398457   1
0.0830668134546935   0.258400134543494   -0.0769720041127424   1
0.248003585627728   -0.27669126896369   0.164936772173035   1
0.109745317232276   0.292846302183971   -0.138258268395452   1
0.138082238138367   -0.236529315249985   0.0283369209060907   0
0.105562477195119   0.117221835876084   -0.0325197609432478   0
0.122801939065513   -0.0119644662269098   0.0172394618703942   0
0.110541355762504   -0.0795825463554946   -0.012260583303009   0
0.0570018510927496   0.106943563305027   -0.0535395046697545   0
0.145341634667101   -0.146916294543466   0.0883397835743512   1
0.0735873630716749   0.161280187727033   -0.0717542715954259   1
0.150335718830576   -0.194240095466859   0.0767483557589014   0
0.0867413739869994   0.161306265623627   -0.0635943448435769   0
0.0532655609644177   -0.0589643307638787   -0.0334758130225817   0
0.211105316643384   -0.00979798902058202   0.157839755678966   0
0.0725934749653335   0.0762150141349754   -0.13851184167805   0
0.246891087107377   -0.149456009892296   0.174297612142044   1
0.145001857410989   0.1334480892058   -0.101889229696388   1
0.261014685663838   -0.170893672901087   0.116012828252848   0
0.267668805929572   0.0783323905206439   0.00665412026573442   1
0.151999349540714   0.112842926585542   -0.115669456388859   0
0.308960943718688   -0.195621846420483   0.156961594177975   1
0.186485661766455   0.280374104570798   -0.122475281952234   1
0.287400299855724   -0.258542551212609   0.100914638089269   0
0.167333989118776   0.255618380996457   -0.120066310736948   1
0.232340921819645   -0.269862918023367   0.0650069327008697   0
0.20933164523627   0.18655663617216   -0.023009276583375   0
0.203644606014855   -0.0632797711156371   -0.00568703922141525   0
0.313666909670753   -0.104762390910112   0.110022303655897   1
0.194893778694608   0.212013156980372   -0.118773130976144   0
0.278316180718645   -0.227601013061639   0.083422402024037   1
0.170983429643255   0.243832849793546   -0.10733275107539   1
0.308725158894566   -0.245802998969432   0.137741729251311   1
0.27673078388001   0.24133096603661   -0.0319943750145557   1
0.32004958462525   -0.21922743909121   0.0433188007452396   0
0.249214053252505   0.17083325149509   -0.0708355313727447   0
0.218726677190626   -0.0613506005749741   -0.0304873760618788   0
0.295884081491422   -0.103863753471471   0.0771574043007956   1
0.303217282815611   0.136595938393599   0.00733320132418935   0
0.335377428719737   -0.207991633120727   0.0321601459041259   0
0.364866941520224   0.122159587564708   0.0294895128004866   0
0.339292597906618   0.0606773113856424   -0.0255743436136057   0
0.380019254333705   -0.146301180371467   0.0407266564270866   0
0.344980427064529   0.235536560538053   -0.0350388272691754   1
0.374561822138214   -0.244178421152694   0.0295813950736848   0
0.361533113171996   0.244224904253211   -0.0130287089662185   0
0.362176398396976   -0.289156396330738   0.000643285224980306   0
0.227199743867835   0.339901684061152   -0.134976654529141   1
0.299212131285632   -0.302875091878792   0.0720123874177961   0
0.346452576952204   0.0991265323100717   0.047240445666572   1
0.238312217294063   0.081331502821578   -0.108140359658141   0
0.286035274834495   -0.16604030749912   0.0477230575404323   1
0.272352520000408   0.184781381717546   -0.0136827548340871   0
0.312918565534505   -0.175083973111822   0.0405660455340975   0
0.146441234236306   0.280911065303389   -0.1664773312982   1
0.236436423118674   -0.242000906563393   0.0899951888823682   0
0.317084311771822   0.0185514966286678   0.0806478886531483   0
0.272415957875984   0.0386431561470893   -0.0446683538958378   0
0.328425979424679   -0.0247085883980998   0.0560100215486953   0
0.27042425131817   0.114701578983876   -0.0580017281065093   0
0.342838970011728   -0.10525035698942   0.0724147186935578   0
0.241721247557092   0.180237637403942   -0.101117722454636   0
0.303662343206105   -0.233843193284428   0.0619410956490134   1
0.256175681838199   0.240152510763613   -0.0474866613679066   0
0.28877808356038   -0.214926037117506   0.0326024017221817   0
0.355676189152511   0.0496946224449299   0.0668981055921302   0
0.33691277477489   0.0479994922092686   -0.0187634143776202   0
0.402566556030635   -0.06711939560254   0.065653781255745   0
0.363437193288087   0.147072845232006   -0.0391293627425482   0
0.403150053175405   -0.115005839606279   0.0397128598873182   0
0.305905752029857   0.194655972216877   -0.0972443011455482   1
0.330690469527011   -0.274922516507938   0.0247847174971539   1
0.33513796751331   0.150457595108442   0.00444749798629901   1
0.318520629108842   -0.119859972456439   -0.016617338404468   0
0.345697835101484   0.0147844559044294   0.0271772059926415   1
0.337664226440261   0.147239662570055   -0.00803360866122238   0
0.386914259986877   -0.177906213777422   0.0492500335466156   0
0.322769461105465   0.283001554062265   -0.0641447988814113   1
0.386362611570016   -0.305584225386046   0.0635931504645507   0
0.26595191215952   0.327663196474571   -0.120410699410496   0
0.336382053314754   -0.312267849701116   0.070430141155234   0
0.34204155606863   0.223369037672711   0.00565950275387572   1
0.375711425369305   -0.244115939419809   0.0336698693006755   0
0.427019504789573   0.0552265577413238   0.0513080794202682   0
0.383895895168107   0.0266698289828654   -0.0431236096214659   0
0.423353951251066   -0.083280835075993   0.0394580560829585   0
0.368562844281691   0.191730625208803   -0.054791106969375   0
0.416451140547319   -0.209195596823862   0.0478882962656276   1
0.335295129310825   0.2668044557675   -0.081156011236494   1
0.377306990110258   -0.249308946062929   0.0420118607994338   0
0.365841548411677   0.205390773985619   -0.0114654416985814   0
0.394940709456866   -0.199133344046448   0.029099161045189   0
