0.23186249361475   0.11748940142898   0   0   0
0.161846077773297   0.173558156610032   -0.0700164158414533   0.0560687551810523   0
0.12746006394683   0.202027291634849   -0.0343860138264667   0.0284691350248171   0
0.157836943185048   0.145160194022294   0.0303768792382178   -0.0568670976125555   0
0.115833177094043   0.270755886508955   -0.0420037660910045   0.125595692486661   0
0.156438478373609   0.270286601491824   0.0406053012795653   -0.000469285017130894   0
0.129534642672337   0.271424734697876   -0.0269038357012717   0.00113813320605238   0
0.112220054037884   0.222897079769683   -0.0173145886344529   -0.0485276549281931   0
0.104054471343331   0.217362074689618   -0.00816558269455343   -0.00553500508006535   0
0.119562341179361   0.215482908866283   0.0155078698360308   -0.00187916582333444   0
0.0895641649547642   0.229528511264184   -0.0299981762245971   0.0140456023979005   0
0.0848024483591129   0.231450906333776   -0.00476171659565136   0.00192239506959238   0
0.089348935969224   0.219244807401888   0.00454648761011114   -0.0122060989318884   0
0.0733901294442243   0.211332329961089   -0.0159588065249997   -0.00791247744079907   0
0.145616420944892   0.2069652844574   0.0722262915006678   -0.00436704550368877   0
0.136769588359328   0.126767297255937   -0.00884683258556418   -0.0801979872014634   0
0.201354241480655   0.0890299026167332   0.0645846531213273   -0.0377373946392034   0
0.0508372685095846   0.20383344969269   -0.150516972971071   0.114803547075957   0
0.078528862878371   0.216896807104237   0.0276915943687865   0.0130633574115466   0
0.0340595830282477   0.28303773121183   -0.0444692798501233   0.0661409241075929   0
0.0481599995091362   0.189690821871994   0.0141004164808885   -0.0933469093398359   0
0.028782321479165   0.194304383568668   -0.0193776780299713   0.00461356169667396   0
0.0349925214616223   0.178530861349908   0.00621019998245739   -0.01577352221876   0
0.0910158876732238   0.160488890730986   0.0560233662116015   -0.0180419706189214   0
0.247429223306888   0.0849801055571244   0.156413335633664   -0.075508785173862   0
0.13731284392384   0.809369534533522   -0.110116379383048   0.724389428976398   1
0.517872803940504   3.3994179442905   0.380559960016664   2.59004840975698   1
0.14301200302447   2.26005274944244   -0.374860800916035   -1.13936519484807   1
0.108003794147845   1.69076068541899   -0.035008208876625   -0.569292064023444   1
0.149878328379956   1.64852152922801   0.0418745342321116   -0.0422391561909836   1
0.125194217467022   1.02516926576805   -0.0246841109129342   -0.623352263459959   1
0.10497232717669   0.760644683952534   -0.0202218902903323   -0.264524581815516   0
0.14238490817266   0.787401607052748   0.0374125809959705   0.026756923100214   0
0.0457429232022015   0.865008296054726   -0.0966419849704588   0.0776066890019779   0
0.0674164759532861   0.87365657998352   0.0216735527510846   0.0086482839287938   0
0.0563252812677398   0.824012666320275   -0.0110911946855463   -0.0496439136632442   0
0.0403582489031672   0.827163930090946   -0.0159670323645726   0.00315126377067076   0
0.0586157437912375   0.682457740589115   0.0182574948880703   -0.144706189501831   0
0.0488751616579424   0.733666859064964   -0.00974058213329514   0.0512091184758489   0
0.0646976745910547   0.768209812262412   0.0158225129331123   0.0345429531974478   0
0.110037042425585   0.932078165560834   0.0453393678345304   0.163868353298422   0
0.0891609173310257   0.80082985176144   -0.0208761250945593   -0.131248313799394   0
0.0895253330431672   0.699701782893434   0.000364415712141478   -0.101128068868006   0
0.0662299714957662   0.719148279108871   -0.023295361547401   0.0194464962154367   0
0.0901197016911951   0.703433609581601   0.023889730195429   -0.0157146695272697   0
0.0621735715353397   0.717785257570118   -0.0279461301558555   0.0143516479885167   0
0.048511143114468   0.698845155173877   -0.0136624284208716   -0.0189401023962407   0
0.0557385833366798   0.691793882619671   0.00722744022221177   -0.00705127255420546   0
0.0704574661535596   0.622209555023265   0.0147188828168798   -0.069584327596406   0
0.0504703801246196   0.651828639319799   -0.01998708602894   0.029619084296533   0
0.0991256763682851   0.641083081161483   0.0486552962436655   -0.0107455581583159   0
0.0515001327214795   0.623602242803055   -0.0476255436468056   -0.017480838358428   0
0.078341164615079   0.608330389403242   0.0268410318935995   -0.0152718533998127   0
0.0733586361958836   0.61353232475824   -0.00498252841919539   0.00520193535499769   0
0.131064280957132   0.587508616912552   0.0577056447612483   -0.0260237078456875   0
0.0537592359600655   0.588387706068456   -0.0773050449970664   0.000879089155904067   0
0.0758304249643242   0.601471177396931   0.0220711890042587   0.0130834713284744   0
0.0619110314432323   0.593100378570525   -0.0139193935210919   -0.00837079882640557   0
0.0323651186535752   0.593302342763367   -0.0295459127896571   0.00020196419284213   0
0.118639840408229   0.592750029673133   0.0862747217546536   -0.000552313090234069   0
0.0743515044524319   0.545799841830547   -0.0442883359557969   -0.0469501878425862   0
0.0636846739531577   0.567323540190252   -0.0106668304992742   0.0215236983597047   0
0.0918729151194132   0.497278176142137   0.0281882411662555   -0.0700453640481148   0
0.0573825986202263   0.466507794431401   -0.0344903164991868   -0.0307703817107361   0
0.0657678281482672   0.519867491809451   0.00838522952804083   0.0533596973780507   0
0.0358259459582074   0.66068638673447   -0.0299418821900597   0.140818894925019   0
0.0402122990552642   0.460631591073875   0.00438635309705673   -0.200054795660595   0
0.0669635543561339   0.53303616441992   0.0267512553008697   0.0724045733460445   0
0.061061200725256   0.532741718661585   -0.00590235363087795   -0.000294445758334483   0
0.0934511618700378   0.46199841708955   0.0323899611447818   -0.0707433015720354   0
0.0776431598208426   0.447907530850677   -0.0158080020491952   -0.0140908862388733   0
0.0872820097967502   0.419453233141968   0.00963884997590767   -0.028454297708709   0
0.119511274148885   0.424437949724692   0.032229264352135   0.00498471658272398   0
0.1469032606842   0.30295898928114   0.0273919865353147   -0.121478960443552   0
0.160350320463571   0.438243735705943   0.0134470597793713   0.135284746424802   0
0.219902745904297   0.387880753477792   0.0595524254407262   -0.0503629822281501   0
0.243586432626306   0.887909337217207   0.0236836867220088   0.500028583739415   1
0.216463165916259   0.564913266134944   -0.0271232667100469   -0.322996071082263   0
0.18298233842762   0.531861876926002   -0.0334808274886395   -0.0330513892089417   0
0.194459235023693   0.533300604127025   0.0114768965960735   0.00143872720102289   0
0.206707424749596   0.461650991392307   0.0122481897259029   -0.0716496127347181   0
0.19864090021345   0.464084481562625   -0.00806652453614579   0.00243349017031752   0
0.201731364407248   0.511597160543577   0.00309046419379785   0.047512678980952   0
0.19171634289254   0.44121442808741   -0.0100150215147082   -0.0703827324561669   0
0.189809813076168   0.627806345194519   -0.00190652981637168   0.18659191710711   0
0.140124066099475   0.653612359906084   -0.0496857469766936   0.0258060147115643   0
0.196368070743846   0.437544646663915   0.0562440046443708   -0.216067713242169   0
0.19514063870988   0.369725491940291   -0.0012274320339655   -0.067819154723624   0
0.22080124062036   0.386605657219718   0.0256606019104795   0.0168801652794272   0
0.258457270539948   0.403426053539372   0.0376560299195885   0.0168203963196544   0
0.231700150234263   0.420191797399084   -0.0267571203056853   0.0167657438597112   0
0.27766482103277   0.386269777121149   0.0459646707985067   -0.0339220202779341   0
0.241835091625316   0.387654991759106   -0.0358297294074538   0.00138521463795643   0
0.237655300470934   0.425202102661193   -0.00417979115438163   0.0375471109020875   0
0.284925913627315   0.455196006362712   0.0472706131563805   0.029993903701519   0
0.231835980738781   0.45110754274182   -0.0530899328885338   -0.00408846362089282   0
0.305323882156719   0.4555509769275   0.073487901417938   0.00444343418568088   0
0.286143502367537   0.43105026749109   -0.0191803797891822   -0.0245007094364107   0
0.304100946225854   0.375936392166667   0.0179574438583177   -0.0551138753244227   0
0.277609170952924   0.394265424924048   -0.0264917752729301   0.0183290327573808   0
0.267104743490938   0.3824243192846   -0.010504427461986   -0.0118411056394473   0
0.376942376009915   0.209804604544324   0.109837632518976   -0.172619714740277   0
0.326632780638763   0.231171140211943   -0.0503095953711522   0.0213665356676199   0
0.364811811681036   0.218132639188866   0.0381790310422739   -0.0130385010230774   0
0.479012330494738   0.297463933856695   0.114200518813701   0.0793312946678286   0
0.429115152762717   0.422939026443824   -0.0498971777320208   0.12547509258713   0
0.46909726352521   0.323089497358894   0.0399821107624926   -0.0998495290849308   0
0.460315909187256   0.404218444082528   -0.00878135433795374   0.0811289467236346   0
0.479428486119056   0.385671634889384   0.0191125769318003   -0.0185468091931447   0
0.544446148365474   0.378059815415828   0.065017662246418   -0.00761181947355549   0
0.509422361033367   0.32694580675167   -0.0350237873321073   -0.0511140086641586   0
0.564387118293818   0.382812682356202   0.054964757260451   0.055866875604532   0
0.550543100311865   0.395796289275493   -0.0138440179819532   0.0129836069192918   0
0.574072947160028   0.37982157726293   0.0235298468481631   -0.0159747120125632   0
0.585041526879075   0.385840492315153   0.0109685797190476   0.00601891505222329   0
0.575882503587181   0.404005791746542   -0.009159023291894   0.0181652994313882   0
0.58540794896513   0.415011596403341   0.00952544537794842   0.0110058046567998   0
0.58417848127948   0.455838493655922   -0.00122946768564958   0.0408268972525805   0
0.592710619940701   0.439356046100426   0.00853213866122071   -0.0164824475554957   0
0.601484810601473   0.459318735928277   0.00877419066077223   0.0199626898278504   0
0.657980968996703   0.507827333859308   0.0564961583952297   0.0485085979310309   0
0.650456427664063   0.544959229471868   -0.00752454133264013   0.0371318956125608   0
0.608972773005493   0.497173587389254   -0.0414836546585695   -0.0477856420826146   0
0.636200730926498   0.543868630668289   0.0272279579210046   0.0466950432790354   0
0.669205094737099   0.596886891567749   0.0330043638106015   0.05301826089946   0
0.696347277158754   0.617755623512747   0.0271421824216542   0.0208687319449975   0
0.709495044572547   0.59510206400268   0.0131477674137932   -0.0226535595100666   0
0.661943950328693   0.551559350455971   -0.0475510942438534   -0.0435427135467091   0
0.731340666990425   0.608599877355026   0.069396716661732   0.0570405268990548   0
0.694064442272317   0.583958867618989   -0.0372762247181083   -0.0246410097360363   0
0.639490419599489   0.546962184500924   -0.0545740226728282   -0.0369966831180657   0
0.610920065362082   0.477611123131461   -0.0285703542374073   -0.0693510613694622   0
0.592801458915116   0.551820914752298   -0.0181186064469654   0.0742097916208361   0
0.589730113235716   0.537720042231318   -0.00307134567940048   -0.01410087252098   0
0.565484891120222   0.437968666977448   -0.0242452221154932   -0.0997513752538698   0
0.546724351946372   0.475884774138029   -0.01876053917385   0.0379161071605808   0
0.609960283466063   0.493935269654145   0.0632359315196905   0.018050495516116   0
0.569131254587762   0.499187215910774   -0.040829028878301   0.00525194625662967   0
0.571531702739227   0.505148901949715   0.0024004481514649   0.00596168603894048   0
0.640567378095045   0.539937939426088   0.0690356753558178   0.0347890374763734   0
0.654684962971817   0.551232450525411   0.0141175848767726   0.0112945110993232   0
0.639869766187472   0.575988988404891   -0.0148151967843454   0.02475653787948   0
0.687613989415748   0.573683051265418   0.0477442232282759   -0.00230593713947347   0
0.683026612394598   0.619633541583136   -0.00458737702115009   0.0459504903177181   0
0.684209422053109   0.645051709950662   0.0011828096585117   0.0254181683675258   0
0.681404783609449   0.679202526933034   -0.00280463844366041   0.0341508169823724   0
0.748585528043316   0.721376168091614   0.0671807444338667   0.0421736411585795   0
0.739642932284518   0.748267818662054   -0.00894259575879774   0.0268916505704402   0
0.760293203423536   0.769619691347382   0.0206502711390182   0.0213518726853283   0
0.747772089685413   0.747149945300288   -0.0125211137381228   -0.0224697460470937   0
0.755552872009206   0.743064897679191   0.00778078232379298   -0.00408504762109752   0
0.748557336257551   0.761628454701376   -0.00699553575165557   0.0185635570221852   0
0.76087414293128   0.743025297584026   0.0123168066737293   -0.0186031571173501   0
0.796480900960368   0.760751553854877   0.0356067580290882   0.0177262562708511   0
0.810627950899727   0.823999764335701   0.0141470499393588   0.0632482104808234   0
0.731046691896626   0.612882077079767   -0.0795812590031012   -0.211117687255933   0
0.774320938513101   0.688287019407712   0.0432742466164755   0.0754049423279447   0
0.771466882992059   0.758721293181649   -0.00285405552104212   0.0704342737739371   0
0.786568733003315   0.739600950342859   0.0151018500112555   -0.0191203428387904   0
0.816370038232792   0.763366766849365   0.029801305229477   0.023765816506506   0
0.789781477510868   0.75362822203296   -0.0265885607219233   -0.00973854481640513   0
0.815508123192528   0.720045202974027   0.0257266456816599   -0.0335830190589329   0
0.801414246141838   0.767240048982331   -0.0140938770506908   0.0471948460083044   0
0.815589778397473   0.809683769894648   0.0141755322556359   0.0424437209123172   0
0.805426122476227   0.778651174049388   -0.0101636559212467   -0.0310325958452605   0
0.805659455743281   0.788671462479029   0.000233333267054214   0.0100202884296408   0
0.797958308154762   0.796877259762907   -0.00770114758851914   0.00820579728387871   0
0.824682639299894   0.81970583773613   0.0267243311451326   0.0228285779732222   0
0.835829017031355   0.809643785896032   0.0111463777314601   -0.0100620518400972   0
0.843663468090929   0.851571793986668   0.0078344510595747   0.0419280080906359   0
0.878282014245789   0.871450609506035   0.0346185461548595   0.0198788155193667   0
0.955720585197368   0.895495769582972   0.0774385709515795   0.0240451600769371   0
0.845826540347369   0.849874665012436   -0.109894044849999   -0.045621104570536   0
0.778898656423697   0.72841870503902   -0.0669278839236727   -0.121455959973416   0
0.745478196885335   0.711678385506051   -0.0334204595383618   -0.0167403195329683   0
0.781317317543903   0.755347007845732   0.0358391206585681   0.0436686223396803   0
0.747435110613791   0.74372841139256   -0.033882206930112   -0.0116185964531721   0
0.798101109583241   0.772886588421128   0.0506659989694497   0.0291581770285683   0
0.782215234675214   0.735846511598207   -0.0158858749080267   -0.037040076822921   0
0.813574521586584   0.819211898290363   0.0313592869113705   0.0833653866921561   0
0.793873362603255   0.811591649278903   -0.0197011589833289   -0.00762024901145986   0
0.857911843402345   0.84632550272664   0.0640384807990897   0.0347338534477368   0
0.833976496552397   0.825705647307199   -0.0239353468499482   -0.0206198554194413   0
0.89046212597617   0.879118022492572   0.0564856294237729   0.053412375185373   0
0.916023188093598   0.935942317207236   0.0255610621174286   0.0568242947146642   0
