0.0272017   0   0   0
0.0140355   -0.0270106375783495   -0.0131662   0
0.0071473   -0.0259496107040103   -0.0068882   0
0.0179593168066745   0.039926816622459   0.0108120168066745   0
0.0252303722245135   -0.00495149187207385   0.00727105541783899   0
0.0262154232793164   -0.0263577293340749   0.000985051054802961   0
0.0541360124316651   0.083877707628688   0.0279205891523487   0
0.067040930696963   0.0135315187943324   0.0129049182652979   0
0.0655201644600729   -0.0580908617533881   -0.00152076623689014   0
0.0563587895727454   0.00622261975125024   -0.00916137488732747   0
0.0614313945324579   -0.000940817703343769   0.00507260495971248   0
0.0713804843076874   -0.0315860454992137   0.00994908977522945   0
0.0976820493746036   0.111733779185823   0.0263015650669162   0
0.0804551720059065   -0.0119194152215679   -0.0172268773686971   0
0.0725444436933147   -0.0735989344084528   -0.00791072831259183   0
0.0600397170729926   0.00196155596389622   -0.012504726620322   0
0.076416236290562   -0.0266614666001534   0.0163765192175694   0
0.0874508026195872   0.0229601512162153   0.0110345663290252   0
0.10533813217431   0.111046565245305   0.0178873295547232   0
0.084868828998181   -0.00623319187017701   -0.0204693031761294   0
0.0494511571371439   -0.0902469763468111   -0.0354176718610371   0
0.0627116838794415   0.00359650515352652   0.0132605267422976   0
0.0753733916008329   -0.0303896857533248   0.0126617077213914   0
0.0966813677034645   0.0113329562225535   0.0213079761026316   0
0.111742805687394   0.120075102763778   0.0150614379839292   0
0.110410865556792   0.0341440927060188   -0.00133194013060169   0
0.110156951063755   -0.112807276651701   -0.000253914493037063   0
0.0989102910400126   -0.0388111332311361   -0.0112466600237423   0
0.088552119725137   0.00157536737009738   -0.0103581713148756   0
0.0969856971146519   0.0301684694321442   0.00843357738951492   0
0.117710661954897   0.0889439682614881   0.0207249648402449   0
0.108571615005949   -0.0472327462376735   -0.00913904694894786   0
0.0978117555779979   -0.0529236132553419   -0.0107598594279511   0
0.0780374108532608   -0.023990586735987   -0.0197743447247371   0
0.0885865003832553   -0.0101529050307363   0.0105490895299946   0
0.116973916962982   0.0540377641136832   0.0283874165797262   0
0.135347637488894   0.090726682363568   0.0183737205259122   0
0.131028611578016   -0.00179421552830605   -0.0043190259108781   0
0.104660843422278   -0.0695628132716961   -0.0263677681557381   0
0.0937249966908508   -0.0310955469076043   -0.0109358467314267   0
0.0977081153070332   -0.0201010953504189   0.00398311861618238   0
0.108888359443331   -0.00501153079488872   0.0111802441362976   0
0.121778101104468   0.115377836672178   0.0128897416611371   0
0.163228802971665   0.0830406683029061   0.0414507018671967   0
0.143155613598839   -0.0150909760064781   -0.020073189372826   0
0.122455272884643   -0.0732621493153672   -0.0207003407141952   0
0.119050024583156   -0.0444202403479216   -0.00340524830148767   0
0.110338096939588   -0.0115219192858774   -0.00871192764356743   0
0.103040417092032   -0.0424996775064667   -0.00729767984755597   0
0.117159230436626   0.0987828132894429   0.0141188133445939   0
0.126988050352277   -0.00468368290529542   0.00982881991565096   0
0.1081340367051   -0.0669706857536522   -0.0188540136471768   0
0.102204083641213   -0.0276353987343308   -0.00592995306388776   0
0.112014609913172   -0.00408616607384039   0.0098105262719589   0
0.118597590974153   -0.000260385532004873   0.0065829810609814   0
0.139354302755252   0.0804762681871732   0.0207567117810992   0
0.153234418532726   0.0672165553830558   0.0138801157774733   0
0.146897076573098   -0.0386913951640737   -0.0063373419596279   0
0.127266082339561   -0.0490275501879402   -0.0196309942335363   0
0.107616937367405   -0.0220802406708534   -0.0196491449721562   0
0.11266010873792   -0.0106996490888093   0.00504317137051506   0
0.118191840960586   -0.00745355436174758   0.00553173222266601   0
0.159519395068351   0.100603762507001   0.0413275541077643   0
0.174693072099246   0.030492597050273   0.0151736770308958   0
0.148284236240952   -0.0921558182663742   -0.0264088358582942   0
0.118019556299327   -0.0361632960483915   -0.0302646799416252   0
0.115059179858769   -0.00443654799002001   -0.00296037644055816   0
0.109804026619303   -0.0243800600357773   -0.00525515323946625   0
0.138944476713047   0.0361923304992601   0.0291404500937446   0
0.165044673169115   0.106474376822722   0.0261001964560679   0
0.155300661596305   -0.0113953725306582   -0.00974401157281019   0
0.136154545978091   -0.0610684118418947   -0.0191461156182142   0
0.12500607803823   -0.0321570454469699   -0.0111484679398608   0
0.13076507552573   -0.0251810110228624   0.00575899748750069   0
0.134316121865545   -0.00397960184713225   0.00355104633981473   0
0.160600189207547   0.0548660263878467   0.0262840673420021   0
0.174096602801433   0.0820094328319098   0.0134964135938859   0
0.181530743150437   -0.0343490143648577   0.007434140349004   0
0.155890783170462   -0.0718718969678418   -0.0256399599799752   0
0.145703233899423   -0.0229516225533683   -0.0101875492710389   0
0.134047995871815   -0.0143082565411271   -0.0116552380276086   0
0.139974344829687   0.00603144137919889   0.00592634895787206   0
0.166087263217262   0.11889527383075   0.0261129183875752   0
0.175981413891496   0.0432811727867937   0.00989415067423419   0
0.163902945895582   -0.0430969175152276   -0.0120784679959142   0
0.1417141702389   -0.0650353096705032   -0.0221887756566815   0
0.121859293072995   -0.0234587458034936   -0.0198548771659056   0
0.121102767486957   -0.0249765541296662   -0.000756525586037532   0
0.133176814064048   0.0192700849574263   0.0120740465770908   0
0.171681355919185   0.111219727671368   0.0385045418551374   0
0.158516491930651   -0.0140322751489874   -0.0131648639885348   0
0.127039674931692   -0.092079958294932   -0.0314768169989584   0
0.109907809704315   -0.0161603310072112   -0.0171318652273767   0
0.106569767858901   -0.0156636898283854   -0.00333804184541461   0
0.14277283322905   0.0699610048233899   0.0362030653701488   0
0.164865821436707   0.0451026668628503   0.0220929882076569   0
0.140542436456929   -0.0915300348262464   -0.0243233849797772   0
0.139079086959543   -0.0243506283944258   -0.00146334949738669   0
0.123914430274484   -0.0276207808841529   -0.0151646566850584   0
0.13716324573387   0.0229457288716953   0.0132488154593858   0
0.172415285220018   0.156470452423146   0.0352520394861476   0
0.176166862705504   0.0135097273640898   0.00375157748548674   0
0.156164161993077   -0.0678703115642352   -0.0200027007124273   0
0.138450612357801   -0.0568418511696863   -0.0177135496352763   0
0.0703278155861889   0.0102725420917305   -0.0681227967716118   0
0.0947529647640379   -0.0639758955049616   0.0244251491778489   0
0.103274960122444   0.0201734385719687   0.00852199535840664   0
0.130153351402298   0.0338631180324858   0.0268783912798533   0
0.154734579484322   0.110502421688826   0.0245812280820244   0
0.145756212059941   -0.0386169463264451   -0.0089783674243811   0
0.126321447565566   -0.0847863479586864   -0.0194347644943752   0
0.117157187696968   -0.00983300708297888   -0.00916425986859823   0
0.113493106957471   -0.0113544426782579   -0.00366408073949638   0
0.130720188845383   0.0609295091814044   0.0172270818879114   0
0.150826135062064   0.0536790241668411   0.0201059462166814   0
0.127061693584219   -0.0811164092967626   -0.0237644414778449   0
0.108738700320447   -0.0250446763247019   -0.0183229932637721   0
0.109100230276808   -0.0104209757894317   0.000361529956360754   0
0.10847932123262   -0.00702852012310271   -0.00062090904418767   0
0.136886821591096   0.0597630990209476   0.0284075003584757   0
0.15154737453516   0.0760107489575354   0.014660552944064   0
0.14013870772507   -0.0948014401156874   -0.0114086668100901   0
0.11923930761172   -0.0199337084411881   -0.0208994001133492   0
0.106875813348765   0.00183896553022206   -0.0123634942629557   0
0.112591953344688   -0.0108290926942107   0.00571613999592373   0
0.142902281444384   0.0690224945871561   0.0303103280996958   0
0.16170928183144   0.047586354699977   0.0188070003870555   0
0.135378536014992   -0.0878876861627748   -0.0263307458164476   0
0.120152213696877   -0.0105447553523995   -0.015226322318115   0
0.116012597352884   -0.0196366519544125   -0.00413961634399253   0
0.134912803263812   0.0185384070196243   0.0189002059109273   0
0.158406023746226   0.0891599741843998   0.0234932204824145   0
0.151670624145919   -0.0414905524886533   -0.0067353996003077   0
0.134244320181237   -0.0563368792196667   -0.0174263039646815   0
0.127541786336136   0.00994345561952613   -0.00670253384510133   0
0.131176955628418   -0.00616368454769495   0.00363516929228247   0
0.169136088926935   0.0704643547914167   0.0379591332985166   0
0.171917421951645   0.0323759695565287   0.00278133302471034   0
0.154643970769151   -0.0659222449948894   -0.0172734511824942   0
0.147058422330209   -0.0147676916897314   -0.00758554843894227   0
0.145645176072708   -0.0185998300149162   -0.00141324625750103   0
0.144556431874372   -0.00694458793290191   -0.00108874419833546   0
0.169426989940357   0.0846396012865999   0.0248705580659853   0
0.17048081299812   -0.00104675089171236   0.00105382305776261   0
0.145308509863497   -0.0905833306557629   -0.0251723031346231   0
0.137195500088378   7.25178418206768e-05   -0.00811300977511945   0
0.129810299001081   -0.00251391122473887   -0.00738520108729676   0
0.151627629818909   0.0443429866584015   0.0218173308178279   0
0.17849188234973   0.0664123416093612   0.0268642525308217   0
0.165490739633673   -0.0623447984527549   -0.0130011427160578   0
0.149656294414903   -0.0327970878132378   -0.01583444521877   0
0.142990057621151   -0.0206370589948067   -0.00666623679375186   0
0.136982457187955   -0.00244659839816674   -0.0060076004331954   0
0.139313967951889   0.0128903186075137   0.00233151076393384   0
0.181693921177897   0.109501679047484   0.0423799532260083   0
0.19618207806079   0.0406777120306051   0.0144881568828928   0
0.173958136729789   -0.121212389935763   -0.0222239413310012   0
0.154000610496355   -0.0342028866772477   -0.0199575262334342   0
0.149331658784231   -0.00490598101367153   -0.00466895171212384   0
0.173296743037052   0.0547488308935288   0.0239650842528209   0
0.195473523204551   0.0808565260179603   0.0221767801674987   0
0.1919000996111   -0.0590353223299963   -0.00357342359345092   0
0.161506282220693   -0.0452456035191513   -0.0303938173904072   0
0.159264219161116   -0.00624008354057529   -0.0022420630595765   0
0.16645934408888   0.0124482321690236   0.00719512492776353   0
0.201442092370239   0.0841391500846036   0.0349827482813597   0
0.208085000658985   -0.0151031895869228   0.00664290828874625   0
0.180415860387883   -0.0834018865180821   -0.0276691402711027   0
0.167653475169768   -0.00774433853387681   -0.0127623852181148   0
0.168226870187999   -0.0106234673314229   0.000573395018231448   0
0.17410221312996   0.0438735208018181   0.00587534294196054   0
0.180549456964013   0.00882738106704156   0.0064472438340531   0
0.167978180840556   -0.0550801907065878   -0.0125712761234572   0
0.162610737891513   0.0164427913748558   -0.0053674429490424   0
0.177272353044687   -0.0132277474818549   0.0146616151531731   0
0.194355089746834   0.0689102270807502   0.0170827367021477   0
0.177433726726742   -0.0601690421003199   -0.0169213630200927   0
0.170374129247584   -0.0217573409245738   -0.00705959747915746   0
0.171850775646227   0.0019427882399163   0.00147664639864337   0
0.167993184296893   0.00374935695489122   -0.00385759134933403   0
0.189389452999632   0.0722160048829289   0.021396268702739   0
0.202118745955193   0.0913066345484092   0.0127292929555609   0
0.192744148933891   -0.0274758614896269   -0.00937459702130225   0
0.181826282741962   -0.0995207210937825   -0.0109178661919288   0
0.178977461900263   -0.000111251752398123   -0.00284882084169955   0
0.184145297427222   -0.0216095564407196   0.00516783552695912   0
0.179225889126711   -0.00187873593748526   -0.00491940830051113   0
0.189382036160541   0.0725474930614796   0.0101561470338304   0
0.207440276442402   0.11306576793942   0.0180582402818605   0
0.210984524674797   -0.0119428315286025   0.00354424823239535   0
0.194750391440967   -0.10113890785897   -0.0162341332338296   0
0.191512764559572   -0.0268220466546943   -0.00323762688139548   0
0.184202172985561   -0.0166568588687074   -0.00731059157401096   0
0.192205474059664   0.0293127677913845   0.00800330107410266   0
0.226081946371775   0.101519100594028   0.0338764723121111   0
0.21935454567036   -0.0500750247986807   -0.00672740070141478   0
0.210242099808506   -0.0905111402955732   -0.00911244586185342   0
0.212519483334093   -0.00158468756631444   0.00227738352558693   0
0.20584819711501   0.00137429733391546   -0.00667128621908344   0
0.223870650230775   0.077749071917409   0.0180224531157651   0
0.253795904053336   0.0866464735053476   0.0299252538225607   0
0.248184661146192   -0.025135449334363   -0.00561124290714407   0
0.236605698584296   -0.0708415710914834   -0.0115789625618961   0
0.238212309523506   -0.0128601128191659   0.00160661093921022   0
0.242859193839918   -0.000637776331060325   0.00464688431641253   0
0.240066991912929   -0.0149089276954794   -0.0027922019269889   0
0.247050726409497   0.00450225701730153   0.00698373449656731   0
0.246186321554554   0.00902792835874208   -0.000864404854942269   0
0.257173536463751   0.0232181793265232   0.010987214909197   0
0.252791681685731   0.0586137053645135   -0.00438185477802033   0
0.256068544585722   0.00637438557154996   0.00327686289999107   0
0.249956718436518   -0.0706872269892091   -0.00611182614920466   0
0.260354841969302   -0.00513722403253983   0.0103981235327841   0
0.245680915227562   0.00452037222574317   -0.0146739267417397   0
0.234700173510593   -0.0363642451474368   -0.0109807417169689   0
0.242785834787704   0.00590991127402632   0.00808566127711136   0
0.248409483705152   0.0856413584349256   0.00562364891744718   0
0.244702524422083   -0.012078858817883   -0.00370695928306888   0
0.241226109907883   -0.0887247686072863   -0.00347641451419983   0
0.233752777016681   -0.00457195316699383   -0.00747333289120228   0
0.231271476609746   0.00549455903041568   -0.00248130040693414   0
0.239809079072134   0.060203599245918   0.00853760246238755   0
0.236678980327917   0.0365032957568188   -0.00313009874421707   0
0.23938323925979   -0.046549208340206   0.00270425893187334   0
0.240088123326775   -0.0240491347488919   0.000704884066984268   0
0.240764687017739   -0.00104970558966064   0.000676563690964804   0
0.243149961002464   -0.0115381250240049   0.00238527398472513   0
0.241882709569122   -0.0053215107441518   -0.00126725143334297   0
0.234772767086288   0.0283505763239355   -0.00710994248283342   0
0.244330037417956   0.0772719531863614   0.00955727033166834   0
0.229008332554871   -0.0857593023860668   -0.0153217048630852   0
0.216054888391289   -0.0360844460613052   -0.0129534441635819   0
0.214022367067674   -0.0100851071245756   -0.00203252132361581   0
0.218385535484839   -0.0035765666044396   0.00436316841716572   0
0.213945910393842   0.000903192737158359   -0.00443962509099696   0
0.223931608825558   0.0835949477141331   0.00998569843171521   0
0.218032247172528   0.0437280123155998   -0.00589936165302915   0
0.225428429086706   -0.00620651503560771   0.00739618191417754   0
0.218593181920777   -0.0564495303293752   -0.0068352471659287   0
0.222532701281182   -0.0318780713625916   0.00393951936040526   0
0.221979771683706   -0.0148645682375411   -0.000552929597476964   0
0.219934746861995   -0.00817740304735462   -0.0020450248217101   0
0.220637672461691   -0.00349675979834377   0.000702925599695703   0
0.229627506852533   0.0607543929738639   0.00898983439084169   0
0.231971085908832   0.0430992522360132   0.0023435790562987   0
0.232014501317208   -0.0669833183365245   4.34154083760463e-05   0
0.225223886923218   -0.0250245912142767   -0.00679061439398954   0
0.234605213525297   -0.000288176176257482   0.00938132660207855   0
0.230094460762314   -0.00638785478526646   -0.00451075276298271   0
0.235172193676251   0.032674333885589   0.00507773291393687   0
0.24686991191541   0.0689012443156581   0.0116977182391597   0
0.24273073239695   -0.054676944893086   -0.00413917951845993   0
0.24938104082107   -0.0165834700496614   0.00665030842411918   0
0.251963674098569   -0.000140385575959107   0.00258263327749952   0
0.236511108517655   -0.0277706064463944   -0.0154525655809141   0
0.266739655432971   0.0291752158807131   0.0302285469153157   0
0.262478800736369   -0.000826502162770276   -0.00426085469660176   0
0.245565589148928   0.00230140077418176   -0.0169132115874412   0
0.267854195083393   0.0930910947027518   0.0222886059344655   0
0.285912001001514   0.0205773965351176   0.0180578059181211   0
0.273568300874827   -0.0846861541322277   -0.0123437001266872   0
0.283062025750652   -0.00501795427370363   0.00949372487582428   0
0.291874244175591   0.000540111866849463   0.00881221842493946   0
0.283061356464266   -0.0490923676697057   -0.00881288771132543   0
0.285816960313572   0.0916444966229152   0.00275560384930651   0
0.304864844894115   -0.0343405619927193   0.0190478845805425   0
0.30149069761935   -0.0258517997480384   -0.00337414727476426   0
0.293620423641395   -0.0172894472349133   -0.00787027397795492   0
0.28411722861539   0.00711181707630501   -0.00950319502600494   0
0.286761093158573   0.0525395834653578   0.00264386454318299   0
0.299514549358207   0.0571959611895384   0.0127534561996339   0
0.303659093325295   -0.0335029221513323   0.00414454396708736   0
0.29396949041654   -0.0286974681957413   -0.00968960290875504   0
0.277077653352851   -0.0137086126130613   -0.0168918370636889   0
0.288673869720226   -0.0166055178489863   0.0115962163673752   0
0.299644698037943   0.025749686107813   0.010970828317717   0
0.324313737018261   0.126546817140421   0.0246690389803185   0
0.340586696637949   -0.0441019943378269   0.0162729596196872   0
0.333847175858206   -0.0636753405058212   -0.00673952077974249   0
0.311746424677173   -0.019826413953383   -0.0221007511810336   0
0.31641503461988   -0.00313017332030371   0.00466860994270774   0
0.323525360148165   0.0110034746404731   0.00711032552828489   0
0.327488037730006   0.0612907021279838   0.00396267758184116   0
0.349419579272184   0.0253876168125999   0.0219315415421776   0
0.357244051234237   -0.0410383360905672   0.00782447196205294   0
0.358918802410796   -0.014583549722539   0.00167475117655908   0
0.378452331664769   0.00602198827957331   0.0195335292539727   0
0.370925334835058   -0.0132155153714151   -0.00752699682971048   0
0.367703850511862   0.011855148551509   -0.00322148432319586   0
0.37138625555377   0.0568516175362032   0.00368240504190753   0
0.36178882340773   -0.0715433162776855   -0.00959743214603942   0
0.368574635619775   -0.0340921915498713   0.00678581221204466   0
0.384780292464089   0.00743318474584007   0.0162056568443141   0
0.373575950010838   0.0197985068633624   -0.0112043424532514   0
0.377555059233418   0.0614888112173512   0.00397910922258038   0
0.36569158727198   -0.0382725143452512   -0.0118634719614385   0
0.357444329668621   -0.0361698488604767   -0.00824725760335848   0
0.370602820656765   -0.0129827714579002   0.0131584909881433   0
0.3679913949123   -0.00697320047759101   -0.00261142574446499   0
0.364695660839967   0.022710050570676   -0.00329573407233286   0
0.384109965880541   0.0885312001142693   0.0194143050405738   0
0.381857154038981   -0.0125227308243575   -0.00225281184155957   0
0.394865327651403   -0.0655003445933061   0.0130081736124222   0
0.404788047075565   -0.021700579707133   0.00992271942416195   0
0.397238973970644   -0.0111485758462615   -0.00754907310492109   0
0.376151080281913   0.0126255338087   -0.0210878936887313   0
0.383688608105909   0.0643007708063495   0.00753752782399647   0
0.378495199449742   -0.0132452764000885   -0.00519340865616719   0
0.371141636636541   -0.0523646905346551   -0.00735356281320143   0
0.387130846968761   -0.00239876837312381   0.01598921033222   0
0.375584974689151   -0.00011303386062414   -0.0115458722796098   0
0.369279172545989   -0.00998443909900359   -0.00630580214316229   0
0.387756893639881   -0.00119210247009069   0.0184777210938925   0
0.39908582821838   0.079720080334349   0.0113289345784987   0
0.400641099550146   -0.0253594585152719   0.00155527133176636   0
0.409744137086487   -0.0549724327391955   0.00910303753634117   0
0.418019812574117   0.0106689012412727   0.00827567548762997   0
0.417434241301849   0.00153408524201148   -0.000585571272268492   0
0.420136954464256   -0.0024494233289766   0.00270271316240694   0
0.422884199759816   0.0198701656620228   0.00274724529556036   0
0.433097751400882   0.0740095681110538   0.0102135516410657   0
0.449616085572458   -0.0863928784925887   0.0165183341715764   0
0.455708646922845   -0.0155427457820314   0.0060925613503866   0
0.459000089528858   0.00812451383078594   0.00329144260601361   0
0.467466744287495   0.00663064704522667   0.00846665475863634   0
0.476648974136366   0.0333604486912205   0.00918222984887113   0
0.486160185586243   0.0754936127271066   0.00951121144987688   0
0.48147132793397   -0.0319954243393648   -0.00468885765227323   0
0.493539536354991   -0.0479424763856477   0.0120682084210219   0
0.47898556844309   -0.00707860928154655   -0.0145539679119014   0
0.47345001916385   -0.0216737655167171   -0.00553554927923988   0
0.479493530626066   0.00107314753487511   0.00604351146221582   0
0.4853169637796   0.0725702759718514   0.00582343315353456   0
0.490317202232901   0.0118933066830428   0.005000238453301   0
0.494951667485574   -0.0634863434253345   0.0046344652526723   0
0.499017200466577   -0.0157657271243183   0.00406553298100337   0
0.496172643114773   0.00382042529886395   -0.002844557351804   0
0.489429850305434   -0.00264509360215456   -0.0067427928093387   0
0.479794877609432   0.0073954600673701   -0.00963497269600228   0
0.509236151105752   0.0572667664045267   0.0294412734963195   0
0.484238204340849   0.00746150227192816   -0.0249979467649024   0
0.475703719941835   -0.0526838715115288   -0.00853448439901405   0
0.489882044383135   0.0077646281377452   0.0141783244413   0
0.493991612266342   0.00095025994738171   0.00410956788320677   0
0.485855834143216   -0.0179747517391152   -0.00813577812312621   0
0.488023822353479   -0.0120179643639738   0.00216798821026326   0
0.504767957192461   0.0632590858966475   0.0167441348389817   0
0.50763012036669   -0.0263924012674981   0.00286216317422905   0
0.495490430979499   -0.0445292603386545   -0.0121396893871905   0
0.498551720844488   0.0122178451734878   0.00306128986498838   0
0.49868378092259   -0.00733670385790328   0.000132060078102625   0
0.495551462946332   0.0425764526131923   -0.00313231797625818   0
0.492567197004378   -0.0117340548132303   -0.00298426594195383   0
0.505774366511639   -0.0369161966831205   0.0132071695072608   0
0.524575823532214   0.00582864519598633   0.0188014570205745   0
0.53755677636553   -0.00712951375955437   0.0129809528333161   0
0.510931280544165   0.0441964323895781   -0.0266254958213649   0
0.504564048041971   -0.00204774135637767   -0.00636723250219418   0
0.509978895670448   -0.0506684489985337   0.00541484762847766   0
0.537752284546054   0.00664716391674516   0.0277733888756055   0
0.531052281774121   -0.0026014534963581   -0.00670000277193328   0
0.521300794252704   0.0563545041067734   -0.00975148752141664   0
0.510489130770186   -0.04791244727379   -0.0108116634825179   0
0.519099917207901   -0.000286927447454843   0.0086107864377154   0
0.538807892084229   0.0200871736071878   0.0197079748763275   0
0.539929730057069   -0.00233243282500487   0.0011218379728406   0
0.531043838378952   0.0559159662499219   -0.00888589167811782   0
0.537045260206251   -0.0239800231782222   0.00600142182729957   0
0.568631574282725   -0.0180342805129143   0.0315863140764737   0
0.611403155248646   0.0331456508976787   0.042771580965921   0
0.610446326081581   -0.0122495147520822   -0.000956829167064965   0
0.605064194461629   0.0022242534797326   -0.00538213161995194   0
0.585913653038995   0.0235774202215505   -0.0191505414226341   0
0.584500467992328   0.0408898867363247   -0.00141318504666743   0
0.582456003638258   0.0296643941315961   -0.00204446435406991   0
