0.0253175329353   0   0   0
0.00359667012931782   -0.037317710279913   -0.0217208628059822   0
0.0283737028370942   0.0154326398228703   0.0247770327077763   0
0.0395554414935227   -0.000192166438181672   0.0111817386564286   0
0.0420906809440641   0.0765120610052326   0.00253523945054136   0
0.0307935747673557   0.0712608623220898   -0.0112971061767084   0
0.0296516123284215   -0.104772461347858   -0.00114196243893416   0
0.0262567025251572   0.0128139774761886   -0.00339490980326434   0
0.0506800804080114   0.0800564446351261   0.0244233778828542   0
0.0577609063932494   -0.0355010875895893   0.00708082598523805   0
0.0593980850421409   -0.0535215348478665   0.00163717864889143   0
0.0484251900414702   0.00705351853529108   -0.0109728950006707   0
0.0524070331535223   -0.0112799625280038   0.00398184311205218   0
0.0543045764887961   -0.044320992495452   0.00189754333527371   0
0.0520958834005202   0.0775217546173819   -0.00220869308827581   0
0.0357404806109963   0.112610398157991   -0.016355402789524   0
0.0340466622272287   -0.0112884580456009   -0.00169381838376759   0
0.0488981072419731   -0.0292535209150983   0.0148514450147444   0
0.0489443005685034   -0.100311552429269   4.61933265302819e-05   0
0.0365571327727914   -0.00690878061440947   -0.012387167795712   0
0.0405937120670493   0.00970509113301087   0.00403657929425784   0
0.0476352146036155   -0.00981375184881986   0.00704150253656621   0
0.0283227707072419   0.0328661262818959   -0.0193124438963736   0
0.0321782505259084   0.0731289171241607   0.00385547981866651   0
0.0402028852878711   -0.0738199549803052   0.00802463476196272   0
0.0334687566462085   -0.0253631357930312   -0.00673412864166264   0
0.044124766618023   0.022026080454447   0.0106560099718145   0
0.0198845400043501   0.0883160396079655   -0.0242402266136729   0
0.0437670337502009   0.0161303566038391   0.0238824937458508   0
0.0354508100102931   -0.0604388771332312   -0.00831622373990776   0
0.033173973041089   -0.0689000801302744   -0.00227683696920413   0
0.0552136908187181   -0.000682766379451707   0.0220397177776291   0
0.064267698713759   0.0135451453728102   0.00905400789504086   0
0.0464817517434799   0.0203851524958189   -0.0177859469702791   0
0.0535174239943871   -0.00927127177871474   0.00703567225090716   0
0.0601922203938765   -0.018444886444591   0.00667479639948937   0
0.039585273257046   0.0731477076023122   -0.0206069471368305   0
0.032386568096574   0.0365033921735059   -0.00719870516047198   0
0.0352176681192126   -0.109233369508054   0.00283110002263855   0
0.0622117563320832   -0.0462306373467285   0.0269940882128707   0
0.0755967477129473   0.0231000624758355   0.013384991380864   0
0.0436593542616013   0.052291259391755   -0.031937393451346   0
0.0385105574304307   0.0283839308105846   -0.00514879683117057   0
0.0415898447174908   -0.032164592453243   0.00307928728706015   0
0.04404595995063   -0.0436033986462166   0.00245611523313914   0
0.0514944684609182   -0.0242217118315741   0.00744850851028823   0
0.055222572940601   0.00430156047374331   0.00372810447968282   0
0.0376129541693417   0.0930965251834901   -0.0176096187712593   0
0.0302260812550254   0.0220152185767815   -0.00738687291431627   0
0.0594003542181989   -0.0705996429096606   0.0291742729631735   0
0.0738401473422487   -0.026424252967159   0.0144397931240498   0
0.0702725404727373   0.0205377781399164   -0.00356760686951144   0
0.0568599004460768   0.0476261551162406   -0.0134126400266605   0
0.0433000161068677   -0.00630388905104617   -0.0135598843392091   0
0.0634173258630084   -0.0429130598391149   0.0201173097561408   0
0.0869003852615885   0.00306628245175164   0.02348305939858   0
0.0998160748985478   0.0177339505184765   0.0129156896369593   0
0.0915446053909923   0.0150452048364063   -0.00827146950755549   0
0.0617368099516204   0.0752906609680507   -0.0298077954393718   0
0.0653214709709028   0.0266295468943355   0.00358466101928238   0
0.0737535767198785   0.00105605590168592   0.00843210574897567   0
0.0435213409109255   -0.0319264672855014   -0.030232235808953   0
0.055289556342247   0.00222292155596263   0.0117682154313214   0
0.0457403073871667   -0.0338274577823028   -0.00954924895508023   0
0.0553410155698285   -0.000726107063693637   0.00960070818266175   0
0.0818599290104444   -0.00956091618165372   0.0265189134406159   0
0.0734250690143367   0.0101651791937736   -0.00843485999610777   0
0.0281145672035979   0.0924663114556594   -0.0453105018107387   0
0.0133141786747296   0.0418989361138402   -0.0148003885288683   0
0.0197176221134865   -0.0527214133720308   0.00640344343875683   0
0.0648422619382392   -0.0873688869310345   0.0451246398247528   0
0.0889441379332653   -0.00111276533335189   0.0241018759950261   0
0.098339682883364   -0.000859748829839413   0.00939554495009874   0
0.0599585721941617   0.0440630618465354   -0.0383811106892023   0
0.0590222334732641   -0.0195697300505734   -0.000936338720897559   0
0.086971794611371   -0.0172200186483311   0.0279495611381069   0
0.0961342525048305   -0.00890935043402868   0.00916245789345949   0
0.0580356726954207   0.076285910024927   -0.0380985798094098   0
0.0445633645855901   0.0195341086086958   -0.0134723081098306   0
0.080841382282962   -0.0536209756806184   0.0362780176973719   0
0.101677095176962   -0.030401306276417   0.020835712894   0
0.109103118832289   -0.00465971226452455   0.0074260236553266   0
0.108375151900101   0.0504293751432696   -0.000727966932187477   0
0.0655137702446747   0.0763540033834539   -0.0428613816554265   0
0.0481697763782955   0.00679213400566164   -0.0173439938663792   0
0.0361065214648268   0.00181919353771975   -0.0120632549134687   0
0.0506615160725822   0.0494782924529346   0.0145549946077553   0
0.0493940811776826   0.0170260963895769   -0.00126743489489953   0
0.0440565001918755   -0.013763202571766   -0.00533758098580714   0
0.0944401871990415   -0.0504701147765118   0.050383687007166   0
0.110428715674638   -0.00977447802148107   0.0159885284755963   0
0.140700508124074   -0.0441428602671692   0.0302717924494358   0
0.164138631668706   -0.0145268181128536   0.023438123544632   0
0.152571329587713   -0.0208421533307947   -0.0115673020809927   0
0.171475106902934   0.00339691612227827   0.0189037773152207   0
0.163419551899803   0.0355003171417   -0.00805555500313029   0
0.185549805710691   -0.00911977947860756   0.0221302538108872   0
0.157263087358143   0.0587980273598476   -0.0282867183525473   0
0.143461571873908   0.0199707905905656   -0.0138015154842352   0
0.118937051693322   -0.0456413408526967   -0.0245245201805859   0
0.108320009179329   0.00892330264394686   -0.0106170425139928   0
0.110617444203932   0.0101397818575605   0.00229743502460258   0
0.121226015902569   0.0117985528315469   0.0106085716986374   0
0.136051778546423   -0.0162725293828858   0.0148257626438536   0
0.162085300658002   -0.0197484490408021   0.0260335221115791   0
0.182746107274881   -0.0199371390831311   0.0206608066168795   0
0.178838097974522   -0.00163424556073014   -0.00390800930035901   0
0.20022084041187   0.00656001602614067   0.0213827424373477   0
0.185292588734925   0.0198125942708049   -0.0149282516769454   0
0.142434588979196   0.0746802510167748   -0.0428579997557288   0
0.123776545529292   0.0243632365536078   -0.0186580434499036   0
0.139291552680601   -0.0953821748154018   0.0155150071513081   0
0.178732692229381   -0.0059643837472998   0.0394411395487801   0
0.196405257441654   0.00673560252996053   0.0176725652122737   0
0.21083914724154   -0.00359764431055914   0.0144338897998861   0
0.202791633457226   -0.000573257508446168   -0.00804751378431423   0
0.174827387484084   0.0685359108343644   -0.0279642459731424   0
0.177481238479656   -0.0338775766768575   0.00265385099557205   0
0.209167399023635   -0.0440469633942596   0.031686160543979   0
0.207770912550993   -0.0182579634735804   -0.00139648647264162   0
0.215112914159221   -0.00829185930667009   0.00734200160822798   0
0.230653033947686   0.0223608687354786   0.015540119788465   0
0.22638895917706   0.000945180954224273   -0.00426407477062629   0
0.234365916238417   -0.0257337923954996   0.00797695706135665   0
0.216094354065076   0.0100174709007482   -0.0182715621733404   0
0.183388230075324   0.0568653042158466   -0.0327061239897521   0
0.16877668030984   0.00575912812089868   -0.0146115497654839   0
0.157115110187794   0.000631947378285147   -0.0116615701220467   0
0.192132379489384   -0.0303382109699055   0.03501726930159   0
0.201957550346657   -0.0145024354796942   0.00982517085727347   0
0.235264991058891   -0.0223107104559213   0.0333074407122338   0
0.230553694521992   -0.00882067427705413   -0.00471129653689883   0
0.23964659668925   -0.00646874925836713   0.00909290216725792   0
0.220221979767716   0.0730893691598745   -0.0194246169215335   0
0.199877065652413   0.0611825815013236   -0.0203449141153034   0
0.227724083143134   -0.0781089436961412   0.0278470174907207   0
0.239115597912098   -0.0252524116618927   0.0113915147689639   0
0.260206777537   0.00939871714288021   0.0210911796249026   0
0.287951675760948   0.0424392132951604   0.0277448982239478   0
0.256041293440243   0.0760388830641859   -0.0319103823207054   0
0.236544684870433   0.0141112251495026   -0.0194966085698096   0
0.2390768934277   0.00492424934988683   0.00253220855726718   0
0.232560869871438   0.0348546025255032   -0.00651602355626216   0
0.206256259855574   0.0483634060225735   -0.0263046100158643   0
0.209103180802708   -0.0384978969187794   0.00284692094713418   0
0.231456639826318   -0.061665298344747   0.0223534590236102   0
0.249984201786607   -0.0641714415500405   0.0185275619602885   0
0.254969126618331   -0.0354589433394818   0.00498492483172405   0
0.276241955988808   0.000334193668575677   0.0212728293704772   0
0.279294694582425   0.100503247517023   0.00305273859361693   0
0.225204459093115   0.0659673327183531   -0.0540902354893099   0
0.280310893974548   -0.127311153433406   0.0551064348814325   0
0.259012370648465   -0.00423602891131231   -0.0212985233260821   0
0.267277800184041   0.0199197464968344   0.00826542953557541   0
0.271401180580686   -0.00480130205918139   0.00412338039664495   0
0.281416193622813   0.0254080500647572   0.0100150130421272   0
0.246584888692839   0.0493220641347199   -0.0348313049299735   0
0.244251598942407   -0.040881687580249   -0.00233328975043232   0
0.245731206014539   -0.0363422471904574   0.00147960707213227   0
0.243588013113184   -0.044621951156589   -0.00214319290135501   0
0.255162473213152   0.00579992859575978   0.0115744600999676   0
0.254207797706133   0.0507548319092709   -0.000954675507018443   0
0.221392913161132   0.0696892321799553   -0.0328148845450016   0
0.269356600792073   -0.0389533783680141   0.0479636876309408   0
0.25061306157104   -0.0344038803757512   -0.0187435392210324   0
0.262166207247788   0.00225798035280039   0.0115531456767475   0
0.262086012175016   -0.0070130443831195   -8.01950727720158e-05   0
0.256732922513967   0.01749257410798   -0.00535308966104892   0
0.264126141890863   -0.00458914541391453   0.00739321937689652   0
0.256756407460578   0.0233078654880731   -0.00736973443028505   0
0.232803647630492   0.0784497299197409   -0.0239527598300858   0
0.248147098835227   -0.0737804661022248   0.0153434512047347   0
0.258185250849506   -0.0397780711686256   0.0100381520142792   0
0.262241183146874   0.0210441658115852   0.00405593229736806   0
0.236776858904877   0.0870843818772545   -0.0254643242419975   0
0.22785032138501   0.0296169596186608   -0.00892653751986655   0
0.203904262291179   -0.0421176020716083   -0.0239460590938312   0
0.226808603305458   -0.0499479026605819   0.0229043410142786   0
0.255559809678385   -0.0126121630249969   0.0287512063729276   0
0.256239725819598   -0.0197587394994927   0.000679916141212211   0
0.257960920968298   -0.0219313245336746   0.00172119514870051   0
0.242188444802472   0.0737706969903216   -0.0157724761658261   0
0.218684593755344   0.0872606312871425   -0.0235038510471276   0
0.220166648598675   0.0405727128828864   0.0014820548433308   0
0.212143782358412   -0.0179331465879618   -0.00802286624026324   0
0.2257477520923   -0.0191311588271354   0.0136039697338884   0
0.210449320966094   -0.0558875336356288   -0.0152984311262064   0
0.230334245584764   -0.0196655528684364   0.0198849246186704   0
0.264040336187111   -0.0261644802088338   0.0337060906023466   0
0.281205943474338   -0.0295689575407468   0.0171656072872271   0
0.273882140290764   0.0459521599312777   -0.00732380318357345   0
0.275244839283705   0.129608861932906   0.00136269899294028   0
0.269093330315473   -0.0335945923997459   -0.0061515089682313   0
0.277065836962124   -0.0730691259958319   0.00797250664665095   0
0.302776058291227   -0.0330299257355228   0.0257102213291026   0
0.330306113910866   0.000877843032995651   0.0275300556196391   0
0.332926650479501   0.0314004549974585   0.00262053656863515   0
0.332094153095658   -0.00261735290876997   -0.000832497383842945   0
0.323834742121055   -0.0256696419605034   -0.00825941097460364   0
0.342459292252105   0.0034760625729644   0.0186245501310501   0
0.352726434498908   0.0515918355965833   0.0102671422468033   0
0.348071224944694   0.030078085360269   -0.00465520955421372   0
0.352976317927921   -0.0551969567173821   0.00490509298322633   0
0.335093654940977   -0.0401099288655363   -0.0178826629869438   0
0.353327112651846   0.0120159231360967   0.0182334577108688   0
0.371160113581555   0.0397513447390213   0.017833000929709   0
0.366979786595764   -0.0050111173542523   -0.00418032698579063   0
0.364555687658103   -0.0371219381556375   -0.00242409893766082   0
0.374500542961542   0.00257897798011741   0.00994485530343914   0
0.367180509045633   0.0444672348532117   -0.00732003391590957   0
0.328320739463048   0.0260116791846547   -0.038859769582585   0
0.327368191165013   -0.0112718574517436   -0.000952548298034761   0
0.328659737748363   -0.0569272697691899   0.00129154658334957   0
0.336159926134521   -0.00213410128632835   0.00750018838615807   0
0.344359654174624   -0.0283700956962304   0.00819972804010299   0
0.349536511631364   0.0340670973296001   0.00517685745674007   0
0.351742779179639   0.0790389627789761   0.00220626754827546   0
0.343279476154361   0.0208148591843947   -0.0084633030252782   0
0.352910856292549   -0.047145403290641   0.00963138013818782   0
0.37402556262392   -0.0622107083246375   0.0211147063313714   0
0.349292009856023   -0.0538405623573248   -0.0247335527678973   0
0.370360381144464   0.0163667847363698   0.0210683712884409   0
0.368475552852225   0.099781696225816   -0.00188482829223918   0
0.389119633766969   0.019112922072157   0.0206440809147444   0
0.407800281363896   -0.0627203292804576   0.0186806475969268   0
0.428833960286872   -0.00655329335745075   0.0210336789229762   0
0.43438381181225   0.0220224283472507   0.00554985152537785   0
0.434221330897608   0.111351844218838   -0.000162480914641772   0
0.446298982486785   0.0155048125016227   0.0120776515891774   0
0.458231487690239   -0.0991220081862803   0.011932505203454   0
0.467369346279901   -0.0407939530023261   0.00913785858966204   0
0.449748549729858   0.0413710857013785   -0.0176207965500436   0
0.461254013314367   0.0438168662801407   0.0115054635845089   0
0.436844837594094   -0.0783439728044137   -0.0244091757202732   0
0.454168063550268   -0.0403736557368959   0.0173232259561741   0
0.473519274619587   0.0136382260143183   0.0193512110693194   0
0.484706429435901   0.113809529032598   0.0111871548163138   0
0.511781707546804   0.0547747685187293   0.0270752781109032   0
0.507023663967741   -0.0910630699063705   -0.00475804357906329   0
0.518204201652749   -0.0260175660894764   0.0111805376850078   0
0.51985010680877   0.0451445266897881   0.00164590515602181   0
0.532974884434999   0.069418772652257   0.0131247776262281   0
0.519509638012013   -0.0425941487795056   -0.0134652464229857   0
0.52528560886299   -0.0620575706851663   0.00577597085097747   0
0.526617561333471   0.0325180188935514   0.00133195247048112   0
0.550484756440708   0.131924170999743   0.0238671951072362   0
0.55030396250467   0.0277780645769495   -0.000180793936037982   0
0.577058395568992   -0.0762368202247568   0.0267544330643222   0
0.616301826525707   -0.0272929963225481   0.0392434309567151   0
0.594701938990029   0.0499396864786195   -0.0215998875356781   0
0.578471895661829   0.0641430836266986   -0.0162300433281999   0
0.564013954448106   -0.0903376246084955   -0.0144579412137232   0
0.556862957593931   -0.0702059614551945   -0.00715099685417497   0
0.547558624915634   0.0263406374808758   -0.00930433267829678   0
0.562481166174924   0.120907573323557   0.01492254125929   0
0.564949896432292   0.0573521185646136   0.00246873025736771   0
0.581509221854007   -0.0120273580118961   0.016559325421715   0
0.577742583062085   -0.070217132181693   -0.00376663879192185   0
0.592361596850344   -0.0648812080105724   0.0146190137882595   0
0.62832796742104   -0.0515597483521726   0.0359663705706953   0
0.609855961506947   -0.0278085958557013   -0.0184720059140929   0
0.615198867102899   0.125305453666751   0.00534290559595196   0
0.629401016100644   0.0725743120912609   0.0142021489977449   0
0.615889986250053   0.0467609812557308   -0.0135110298505909   0
0.615148341522189   -0.0684716655435565   -0.000741644727863311   0
0.644530310086725   -0.0524827358818915   0.0293819685645358   0
0.652781515223348   -0.0391294612426004   0.00825120513662281   0
0.649111583506721   0.00517603324483973   -0.00366993171662733   0
0.632887735510069   0.091964249055231   -0.016223847996652   0
0.622693370721949   -0.0172671800498543   -0.0101943647881197   0
0.642928522060308   -0.0709740585039567   0.0202351513383595   0
0.656489732022436   -0.0232766277026553   0.013561209962128   0
0.663170331140959   0.071086174769155   0.00668059911852315   0
0.646782133132085   0.0730338165044828   -0.0163881980088746   0
0.621960236079609   0.0401970647411708   -0.0248218970524762   0
0.613790310998707   -0.0225222470246715   -0.00816992508090131   0
0.634087268856378   -0.0710081271649116   0.0202969578576702   0
0.664636185960539   -0.0394753710717715   0.0305489171041616   0
0.678849492114012   -0.0144916997736446   0.014213306153473   0
0.658684042524138   0.0619316413924409   -0.0201654495898745   0
0.643666387405727   0.0459219188430684   -0.0150176551184102   0
0.627583791957713   0.0165928237502715   -0.016082595448014   0
0.634560063013953   -0.0196728010477445   0.00697627105623999   0
0.662406999279467   -0.01938079438926   0.0278469362655136   0
0.694451287543201   -0.0211730007270242   0.0320442882637342   0
0.680108031807631   0.0544476198267242   -0.0143432557355698   0
0.674173288368985   0.015751130889768   -0.00593474343864675   0
0.694078210525386   -0.0383548386383682   0.0199049221564017   0
0.711770082668027   -0.0436418917212781   0.0176918721426407   0
0.71686760954255   0.0387021401502085   0.00509752687452292   0
0.689855893579096   0.0685446710271832   -0.0270117159634543   0
0.700726149771835   -0.049837523653474   0.0108702561927393   0
0.713663677311465   -0.0807456209927134   0.01293752753963   0
0.715455907796036   0.0252116403963087   0.001792230484571   0
0.708273546647409   0.0834294388451955   -0.00718236114862647   0
0.70928097719361   -0.0491191334527256   0.00100743054620078   0
0.725780856488376   -0.0518665931761154   0.0164998792947655   0
0.722197156521853   0.0423004731560455   -0.00358369996652252   0
0.694833683040409   0.0993664940804164   -0.027363473481444   0
0.677811312377752   0.0665971041661481   -0.0170223706626573   0
0.666368065671105   0.0725323840119296   -0.0114432467066469   0
0.672853914196834   0.0397487650879094   0.00648584852572864   0
0.694073714226358   0.0224523613398044   0.0212198000295247   0
0.692784295061944   -0.147787158224346   -0.00128941916441405   0
0.679596866209411   -0.0627010963023666   -0.013187428852533   0
0.687362782593662   -0.0411184141319285   0.00776591638425117   0
0.716162029517685   -0.0123693824888168   0.0287992469240228   0
0.729939164005124   0.0603124482301941   0.0137771344874392   0
0.708645515635286   0.111228919949508   -0.0212936483698386   0
0.710461310615856   -0.0556042572886939   0.00181579498057027   0
0.741780643813419   -0.0955414813615908   0.0313193331975625   0
0.726304222388422   -0.0529103715068218   -0.0154764214249968   0
0.740676802739393   0.079486513337835   0.0143725803509714   0
0.723324003908518   0.114159324265341   -0.0173527988308749   0
0.720257095874799   0.0142516097459521   -0.00306690803371901   0
0.73621074750322   -0.0622097285109989   0.0159536516284207   0
0.758546931432229   -0.011489738934002   0.0223361839290085   0
0.782857846372827   -0.0555366572674054   0.024310914940598   0
0.778134536934327   0.0283314116173273   -0.00472330943849919   0
0.770110073453789   0.110472194548177   -0.00802446348053854   0
0.792907767812404   -0.00267645862245047   0.0227976943586157   0
0.794156648964957   -0.0559860894520011   0.00124888115255251   0
0.800822158382403   -0.0358813922974663   0.00666550941744581   0
0.813981061724411   0.0410090571638818   0.0131589033420086   0
0.784070446402777   0.0925546190245233   -0.0299106153216345   0
0.781268916983935   -0.0323392078373169   -0.00280152941884226   0
0.824140187582944   -0.0444214099629264   0.0428712705990092   0
0.862807355139749   6.51509154525609e-05   0.0386671675568057   0
0.872102401980696   0.0119470217492095   0.00929504684094673   0
0.828950945345079   0.0820048553147296   -0.0431514566356174   0
0.827212685751071   -0.0163003308559608   -0.00173825959400797   0
0.837154824636698   -0.0714759762617087   0.00994213888562678   0
0.844838373426687   -0.0740006110968534   0.00768354878998923   0
0.849004186344361   0.0783319651498651   0.00416581291767371   0
0.824809374018931   0.0819449963382066   -0.0241948123254301   0
0.830653788257479   -0.0489223576217761   0.00584441423854809   0
0.845552619470397   -0.0715727882358025   0.0148988312129184   0
0.882029165572772   0.00955493505283134   0.0364765461023749   0
0.855920626595276   0.103975611543073   -0.026108538977496   0
0.846916337721442   0.00408989576567109   -0.00900428887383342   0
0.87735664736326   -0.0912916529378799   0.0304403096418177   0
0.910592777074912   -0.0203873140706213   0.0332361297116516   0
0.874983131072394   0.0917609832187654   -0.0356096460025178   0
0.867213050802685   0.075180476762708   -0.00777008026970916   0
0.853050731171951   0.0168414006920463   -0.0141623196307339   0
0.868553939706251   -0.0900015367607548   0.0155032085343002   0
0.894349991147202   -0.0740027390952221   0.0257960514409505   0
0.904324489092964   -0.0644602102875008   0.00997449794576233   0
0.892249048506217   0.0489235629396719   -0.0120754405867467   0
0.89336284541249   0.131588676169757   0.00111379690627256   0
0.865914882538261   0.0332955578174037   -0.0274479628742292   0
0.853390195620532   0.00134919008388057   -0.0125246869177285   0
0.849704413934193   -0.0179821577159366   -0.00368578168633937   0
0.860412369404927   -0.0490142609577542   0.010707955470734   0
0.895578042067803   -0.0458221570169498   0.0351656726628766   0
0.905603494197792   -0.0138428874576565   0.0100254521299886   0
0.868067711593543   0.0743081728037046   -0.0375357826042493   0
0.850236503961251   0.0947189920494105   -0.0178312076322917   0
0.864199228935232   -0.080380038946739   0.0139627249739814   0
0.874730067157578   -0.11992433409417   0.0105308382223451   0
0.868364025554663   -0.0559752428503361   -0.00636604160291432   0
0.874373665077608   0.0702318109939675   0.00600963952294531   0
0.874120596528305   0.100795937555403   -0.000253068549303404   0
0.850714321084346   0.0272834292333975   -0.0234062754439588   0
0.86910819181935   -0.0566888145123188   0.0183938707350036   0
0.920759577524448   -0.0678797946345727   0.051651385705098   0
0.913617834083951   -0.0172738898642791   -0.00714174344049667   0
0.907888506879699   0.0803671118577427   -0.00572932720425179   0
0.892595377646697   0.0280340867779453   -0.0152931292330023   0
0.914079975352813   -0.0602731279580803   0.0214845977061162   0
0.937371784423875   -0.0391168251450137   0.0232918090710618   0
0.961009239513466   0.0544333165294169   0.0236374550895907   0
0.917947383091209   0.0572310541287993   -0.0430618564222564   0
0.915511922571874   -0.0647195861418494   -0.00243546051933508   0
0.941513171285192   0.00725072084181255   0.026001248713318   0
