0.119055512292092   0   0   0
0.102030979104596   -0.0213375250311252   -0.0170245331874961   0
0.0803731393382366   -0.0210097172540136   -0.0216578397663593   0
0.0883845600225673   0.00632297275726479   0.00801142068433063   0
0.0609895925742968   -0.0352167535491767   -0.0273949674482704   0
0.0644438891020708   -0.00513443132371032   0.00345429652777398   0
0.0591550496617746   0.00559622601477565   -0.00528883944029618   0
0.044334365377577   -0.0115046069662885   -0.0148206842841976   0
0.0462372698820173   -0.010897297899106   0.00190290450444024   0
0.0133326073651265   0.00362506467610417   -0.0329046625168908   0
0.0586534505054051   0.00485674370016265   0.0453208431402786   0
0.0629563296554048   -0.00146712267268088   0.00430287914999972   0
0.0516457817701262   -0.011773113063498   -0.0113105478852786   0
0.0606249272884051   0.00500425509549841   0.00897914551827887   0
0.0509081107324484   -0.0203965586855226   -0.00971681655595669   0
0.0494360024229306   -0.00199436526794736   -0.00147210830951779   0
0.0411317464805775   -0.0237051209246658   -0.00830425594235309   0
0.0559109520552324   0.0228860795655007   0.0147792055746549   0
0.0565445075118044   -0.0112410116869855   0.000633555456571927   0
0.0467036303310835   0.00158443150145537   -0.00984087718072089   0
0.036201936609973   -0.00287727183778311   -0.0105016937211105   0
0.0445933298724921   0.0124979577589443   0.00839139326251918   0
0.0392707335301586   -0.000412784778189144   -0.00532259634233351   0
0.0439390426354797   0.0112432906353862   0.00466830910532104   0
0.0490338191519384   -0.0012663471489844   0.00509477651645872   0
0.0529362075744476   0.0228944447312309   0.00390238842250918   0
0.0497740267591442   -0.0182312622125606   -0.0031621808153034   0
0.0370130259921423   0.00635785295648424   -0.0127610007670019   0
0.0566922238279857   0.0156307349858728   0.0196791978358434   0
0.0427494443858561   -0.0165332211800945   -0.0139427794421296   0
0.0446452763255152   0.0119703225008001   0.00189583193965918   0
0.0443450321590336   0.0035447121465787   -0.000300244166481618   0
0.112539838970887   0.00529833775464149   0.0681948068118532   0
0.0698474088355742   -0.0228672725402186   -0.0426924301353126   0
0.0445069976282913   -0.00278213564785644   -0.0253404112072829   0
0.0523443930861033   0.0200970826277013   0.00783739545781206   0
0.0558515828506518   0.00946835674264758   0.00350718976454852   0
0.0722219780791312   0.0170924430174291   0.0163703952284793   0
0.0599903666248651   0.000499842456320315   -0.0122316114542661   0
0.0702125423610314   0.00423471660494826   0.0102221757361663   0
0.0825959695103974   0.0161784223032998   0.012383427149366   0
0.0793710819633834   -0.00798725892477475   -0.00322488754701405   0
0.0814673802728052   0.0170246467509726   0.00209629830942182   0
0.0829160798494176   0.00960347289503152   0.00144869957661242   0
0.0860127657556133   0.0118670037839307   0.00309668590619565   0
0.0877460390103736   0.0137520234709771   0.00173327325476029   0
0.0829435052333364   -0.026426212249746   -0.0048025337770372   0
0.0886634438562478   0.0138523477089915   0.00571993862291141   0
0.0691408245150613   -0.000400245507246211   -0.0195226193411865   0
0.0899452334313776   0.0026059373171847   0.0208044089163163   0
0.102316142507442   0.03494108761903   0.0123709090760642   0
0.0941047835668018   -0.0388345318177355   -0.00821135894063996   0
0.108407628718391   0.0229557880430544   0.0143028451515896   0
0.128478668710111   0.0243828464327055   0.0200710399917198   0
0.108971274115471   -0.00982873399230283   -0.0195073945946406   0
0.125973350912306   0.0293710875657633   0.0170020767968355   0
0.109889489545475   0.000697638075064622   -0.0160838613668313   0
0.122553212981523   0.00187271949632833   0.0126637234360485   0
0.123033355226721   0.00963605087347666   0.000480142245198059   0
0.11180744218212   -0.0356097282715071   -0.0112259130446014   0
0.130249992956017   0.0312191382848744   0.0184425507738971   0
0.121423209370182   -0.0181352077071502   -0.0088267835858353   0
0.119616051214269   0.0219383164442371   -0.00180715815591286   0
0.108147456704927   0.0183103701748081   -0.0114685945093417   0
0.130620913168966   -0.0191450572344926   0.022473456464039   0
0.157635435852205   0.0351285339692636   0.0270145226832387   0
0.112074182025088   -0.0938221983033289   -0.0455612538271172   0
0.21467810610401   0.0694564216861464   0.102603924078922   0
0.254222859202811   0.0436239127829233   0.0395447530988007   0
0.293110507940349   0.0105086164064823   0.0388876487375385   0
0.296953511511774   0.0409131791858324   0.00384300357142447   0
0.277030646277578   -0.0400052944359076   -0.0199228652341953   0
0.245802909927064   -0.0322078890123206   -0.031227736350514   0
0.229274103219204   -0.0737375450326684   -0.0165288067078606   0
0.234702082260548   0.0757832268110719   0.00542797904134468   0
0.25721516934083   0.0329882144631286   0.022513087080282   0
0.245893637134126   -0.0233458604145806   -0.0113215322067045   0
0.263867109200885   0.0310918807720191   0.0179734720667589   0
0.271243182857541   0.0165029599111616   0.00737607365665577   0
0.275851812564042   -0.0051271233803058   0.00460862970650183   0
0.272388492059954   0.0229935639197931   -0.00346332050408887   0
0.282001448993172   0.00295913519601249   0.00961295693321873   0
0.295492593677154   0.0113805907584808   0.0134911446839817   0
0.277728714040051   -0.0224125984943518   -0.0177638796371026   0
0.307337503420444   0.00699192559420042   0.0296087893803924   0
0.281831682776858   0.0108643519588637   -0.0255058206435856   0
0.271289667169269   -0.0223182005569076   -0.0105420156075895   0
0.294301423224332   0.017335165640199   0.0230117560550638   0
0.28277364267934   0.0200051574327156   -0.0115277805449926   0
0.320776611423495   -0.014445780327196   0.0380029687441554   0
0.277771388701976   0.000236857554318626   -0.0430052227215192   0
0.280658623619749   -0.0142488272446156   0.00288723491777304   0
0.286303885878943   0.0231887302491842   0.0056452622591936   0
0.276944987247043   -0.0267599058122642   -0.00935889863189926   0
0.28922725050951   0.0482284478848336   0.0122822632624667   0
0.297660918342167   0.00282621178265258   0.00843366783265681   0
0.296922243978693   -0.0115060514684954   -0.000738674363473801   0
0.288078075151515   -0.00057772402278039   -0.00884416882717798   0
0.294724138272351   -0.00871670669180952   0.00664606312083615   0
0.290078351827024   0.0139652512710006   -0.00464578644532759   0
0.312102496136369   0.00101396446458479   0.0220241443093458   0
0.298754452685872   0.0206901332125561   -0.0133480434504973   0
0.311634270986905   -0.0140696114444891   0.0128798183010334   0
0.299441129869566   0.0209107059359188   -0.0121931411173392   0
0.310708271133341   -0.016592684891672   0.0112671412637751   0
0.298570380409398   -0.0120144644788581   -0.0121378907239437   0
0.28667221190592   -0.000680453990877627   -0.0118981685034781   0
0.294335233098703   -0.00412000609590418   0.00766302119278378   0
0.296164442185219   0.0277727902514275   0.0018292090865159   0
0.284055369147528   -0.0182515997374821   -0.012109073037691   0
0.302729460160276   0.0338400615412504   0.0186740910127476   0
0.283110669131405   -0.0228428062732116   -0.0196187910288705   0
0.308866357461363   0.0174964835433873   0.0257556883299578   0
0.278694838918371   -0.00157246679920836   -0.0301715185429918   0
0.294538522562995   -0.0126476511004905   0.0158436836446239   0
0.297232786079844   -0.00132571034099849   0.00269426351684887   0
0.263856997239891   9.47210242766006e-05   -0.0333757888399527   0
0.286487389396655   -0.0180730461988169   0.0226303921567635   0
0.268700745913892   0.0149792910442255   -0.0177866434827627   0
0.282765099934702   0.00289929944871542   0.0140643540208099   0
0.275418248096665   0.0190793934040014   -0.0073468518380374   0
0.263113774635963   -0.0384516049661206   -0.0123044734607014   0
0.249911410190216   -0.0399279085488091   -0.0132023644457472   0
0.212812788114107   -0.015094040674564   -0.0370986220761088   0
0.194381651843506   -0.0539654603962167   -0.0184311362706014   0
0.184393314627311   0.0504793578311827   -0.00998833721619533   0
0.226261054009993   0.0205688211563673   0.0418677393826825   0
0.214904537515824   0.00725551969802213   -0.0113565164941696   0
0.194340860134095   -0.0497092658581557   -0.0205636773817282   0
0.235242118597521   0.0709203785484978   0.0409012584634254   0
0.222764454269369   0.00484628486340583   -0.0124776643281513   0
0.247070043633126   0.0208377824468253   0.024305589363757   0
0.246821597905051   0.0259936954898994   -0.000248445728075808   0
0.246046010612776   -0.0235671281334347   -0.000775587292274255   0
0.259403375438091   0.0214433179945571   0.0133573648253142   0
0.24524973961186   -0.00818484134447894   -0.0141536358262308   0
0.254104149674326   -0.0264916842391726   0.00885441006246668   0
0.228938213943113   0.019678199502618   -0.0251659357312136   0
0.234638662353804   -0.0152054596262428   0.00570044841069137   0
0.259493795423754   0.0243231347664362   0.0248551330699496   0
0.237647022787631   -0.0124689536275848   -0.0218467726361224   0
0.253220509007925   -0.0353934741284326   0.0155734862202933   0
0.224919865997971   0.0359661996223172   -0.0283006430099542   0
0.230340135755262   -0.0294102447812473   0.0054202697572914   0
0.224267299790278   0.0534548506287197   -0.00607283596498376   0
0.217839165308743   -0.026631779224957   -0.00642813448153487   0
0.260742687940602   0.0320197379589695   0.0429035226318584   0
0.238139856876967   -0.0177058269351126   -0.0226028310636343   0
0.251035586460685   0.00233605013489901   0.0128957295837175   0
0.220402743470697   0.00514542104007065   -0.0306328429899876   0
0.244564990872386   -0.0105293280757133   0.0241622474016882   0
0.232465798203714   0.0301782518309244   -0.0120991926686712   0
0.210177021520337   -0.0220180055197302   -0.0222887766833778   0
0.230450622401872   0.0208324040347339   0.0202736008815351   0
0.209301435312446   -0.019711328717919   -0.0211491870894256   0
0.252605456040462   0.0166132192431808   0.0433040207280165   0
0.228538955006581   0.0132838744893222   -0.0240665010338816   0
0.254132324863269   -0.0179953629906195   0.0255933698566879   0
0.221238448986473   0.00564090088058883   -0.0328938758767963   0
0.244077252072658   -0.0329974332079804   0.0228388030861858   0
0.239559094524524   0.0555576662393771   -0.00451815754813398   0
0.238610909002439   -0.00621253792625726   -0.000948185522085837   0
0.234903677404873   0.0415179733200126   -0.00370723159756581   0
0.261394754785746   -0.0294716060773439   0.0264910773808728   0
0.247427822378749   0.00950605766180523   -0.0139669324069961   0
0.243774168670719   -0.0184925939601666   -0.00365365370803075   0
0.263389863069144   0.0064506614574466   0.0196156943984254   0
0.223892781625519   0.00411082160715615   -0.0394970814436248   0
0.258087881665107   -0.00475034017249149   0.0341951000395881   0
0.251038863085659   0.0391124579349285   -0.00704901857944895   0
0.251117253388756   -0.0247469054625639   7.83903030970867e-05   0
0.259762435963439   0.0171402731817358   0.00864518257468383   0
0.221644029335357   -0.0240528583288357   -0.0381184066280827   0
0.248538023391472   -0.0350310766205055   0.0268939940561155   0
0.214811049097015   0.0166046349703897   -0.0337269742944577   0
0.241504492670447   -0.048538377269478   0.0266934435734325   0
0.23855084951098   0.0528761982090697   -0.00295364315946753   0
0.227429216983351   -0.00450691008565585   -0.0111216325276288   0
0.249585401049365   0.012666292895874   0.0221561840660146   0
0.226804253877104   -0.0161637227659606   -0.0227811471722609   0
0.232944147853965   0.015171104288288   0.00613989397686088   0
0.20171200616305   0.00806086876991385   -0.0312321416909148   0
0.216651505323417   -0.0162498097941924   0.0149394991603664   0
0.22671862208427   -0.0103443685261667   0.0100671167608531   0
0.1944583808086   -0.034423365263804   -0.0322602412756699   0
