0.040526430669811   0   0   0
0.0459709948725569   0.0192211219102986   0.00544456420274591   0
0.0347395927341387   0.0239569368827684   -0.0112314021384182   0
0.0392745204451273   -0.0329153746391924   0.0045349277109886   0
0.0322060829771136   0.0139157148875025   -0.00706843746801375   0
0.054819407442116   0.00503365495739908   0.0226133244650024   0
0.0306221266897766   6.12038280337901e-05   -0.0241972807523395   0
0.0384721066873131   -0.0251651033502634   0.00784997999753653   0
0.0406799358076525   0.0144647147007578   0.00220782912033939   0
0.0523493343019577   -0.0273504413793781   0.0116693984943052   0
0.0519266630569739   -0.0211668260503845   -0.000422671244983783   0
0.0403950820685204   -0.00697738892977834   -0.0115315809884535   0
0.0422632750380543   0.0138458767159707   0.0018681929695339   0
0.0363551185915752   0.00469683409654113   -0.00590815644647907   0
0.0429078210746304   -0.00155576922608412   0.00655270248305519   0
0.056645439807808   0.025282286289018   0.0137376187331776   0
0.0427242528645616   -0.00978250980796996   -0.0139211869432464   0
0.0622264038474826   -0.0161363726462126   0.019502150982921   0
0.0517165163343636   -0.00333467130442915   -0.010509887513119   0
0.0604144107634304   -0.0196234800097645   0.00869789442906682   0
0.0427146968993402   -0.00987021420329535   -0.0176997138640903   0
0.0250325330251455   0.0197713260421828   -0.0176821638741947   0
0.0283273781756272   0.0068943579281778   0.00329484515048169   0
0.0345223871097437   -0.00617855109395091   0.00619500893411654   0
0.0477324651746325   0.00970184828268288   0.0132100780648887   0
0.0435214129252199   0.000223721989074277   -0.00421105224941253   0
0.0301324473743007   -0.00720471428699274   -0.0133889655509193   0
0.0283872409336435   -0.0106481865922158   -0.00174520644065718   0
0.0386074036151423   0.00785674933667783   0.0102201626814988   0
0.054294245184409   -0.0104673447672988   0.0156868415692668   0
0.0451244642336615   -0.0153886781207758   -0.00916978095074751   0
0.0489554827031981   0.0185457487246071   0.00383101846953653   0
0.0412966709198514   0.0158919417245135   -0.00765881178334668   0
0.0383142259581833   0.0065931488338891   -0.00298244496166812   0
0.026126055360862   -0.0232567500871349   -0.0121881705973213   0
0.029755119635703   0.0197824849196891   0.00362906427484105   0
0.0312429197632456   -0.0133955221443144   0.00148780012754253   0
0.0503797687825679   0.00269905068251043   0.0191368490193223   0
0.0410635929605837   0.00146622927615757   -0.00931617582198416   0
0.0277669893584941   -0.00125336746285908   -0.0132966036020896   0
0.0544953787373067   0.0127374400811403   0.0267283893788126   0
0.0635433504973424   0.0152697738290634   0.00904797176003567   0
0.0664557748302207   -0.0063812144907468   0.00291242433287837   0
0.060895894670659   -0.00803616520375172   -0.00555988015956171   0
0.0463252696579847   -0.00517956990125897   -0.0145706250126743   0
0.0509323895976077   0.00712239349141024   0.004607119939623   0
0.0574443573977003   -0.00344213328784489   0.00651196780009257   0
0.0567092433454146   -0.0206328320674635   -0.000735114052285685   0
0.0358356875419912   0.0186264104465448   -0.0208735558034234   0
0.0348290954728188   0.00907784309316625   -0.00100659206917246   0
0.0799046743689768   -0.0036435323980382   0.0450755788961581   0
0.0887206127011205   -0.0577686437670598   0.00881593833214366   0
0.0671173404923961   0.0408080817213424   -0.0216032722087244   0
0.0545840514174699   0.00792618601606655   -0.0125332890749261   0
0.0641431801407016   0.00531244802738244   0.0095591287232317   0
0.0639645176380038   -0.00183391815514591   -0.000178662502697824   0
0.0639116817699433   -0.0149139699620082   -5.28358680605273e-05   0
0.0605955779578221   0.0134408583015618   -0.00331610381212113   0
0.0527278275147004   -0.0178095501541503   -0.00786775044312171   0
0.0522161893273772   0.0111312066810901   -0.000511638187323235   0
0.0570057004339478   -0.00939079101489249   0.00478951110657063   0
0.075922617197924   0.00669822462772347   0.0189169167639761   0
0.0623620656426044   0.02772138607584   -0.0135605515553196   0
0.0618643364776104   -0.0164336211103617   -0.000497729164993972   0
0.0707200569661465   -0.00333494113229821   0.00885572048853604   0
0.0657673035983307   0.00360571463031935   -0.00495275336781578   0
0.0811297061708903   0.0329331386293989   0.0153624025725596   0
0.0980305193771052   0.0272065696325701   0.0169008132062149   0
0.0567763920025965   -0.00652174788100252   -0.0412541273745087   0
0.0727090019445194   0.0089326081650469   0.0159326099419229   0
0.0929042672597061   -0.0728859906113208   0.0201952653151867   0
0.08720847399369   0.00308671014687037   -0.00569579326601613   0
0.0779581900302694   0.0362082599779854   -0.00925028396342054   0
0.088942029628304   -0.0281578570176076   0.0109838395980345   0
0.101391662378832   -0.0156357056193936   0.0124496327505279   0
0.0889689140076465   0.00752370645948802   -0.0124227483711853   0
0.102931969137873   0.0214097294394418   0.0139630551302263   0
0.0939310600376681   -0.0196521433697665   -0.00900090910020476   0
0.0938568922122206   -0.00295815317845752   -7.41678254474326e-05   0
0.0865606932354542   0.0394563104612443   -0.00729619897676648   0
0.0869641492535868   -0.0212537526796807   0.000403456018132631   0
0.0983161460168166   -0.00945981661106983   0.0113519967632298   0
0.0853866042081251   0.00823462555468167   -0.0129295418086915   0
0.0866570213594951   0.00406517171059476   0.00127041715137008   0
0.0760554452728503   0.0147779591763361   -0.0106015760866449   0
0.0835090151877832   -0.0112922845235968   0.00745356991493287   0
0.0941947223047958   -0.00241329144516264   0.0106857071170127   0
0.0895679706087505   -0.0262387057001859   -0.00462675169604532   0
0.0974203473906247   0.0293672996123453   0.00785237678187421   0
0.0984508354649289   -0.01167445632619   0.00103048807430416   0
0.105094328234924   0.020124562254842   0.0066434927699954   0
0.0995467332121075   -0.00806966219909014   -0.00554759502281681   0
0.0994031516341912   -0.000686857422483492   -0.000143581577916316   0
0.0652501952732942   0.0442595773582464   -0.0341529563608969   0
0.0913179755138877   -0.0136031021987062   0.0260677802405935   0
0.101369937965368   -0.0180687250730221   0.01005196245148   0
0.105025226848136   -0.0123414697800188   0.00365528888276864   0
0.103007179032883   -0.00454101231202474   -0.00201804781525289   0
0.101277963841968   0.0125792989932416   -0.00172921519091535   0
0.106137338724598   -0.00564093625302954   0.00485937488262965   0
0.103224724746848   -0.00141436678374256   -0.00291261397774993   0
0.0976278311007804   -0.00930629647971536   -0.00559689364606744   0
0.102998676873795   0.0064675211886224   0.00537084577301493   0
0.0857936266630133   0.00949049922830186   -0.017205050210782   0
0.0929577432837631   -0.0043731702582184   0.00716411662074981   0
0.0992697887430763   0.00369533411138892   0.00631204545931324   0
0.10341633122903   -0.00228543247146103   0.00414654248595393   0
0.0977667361542897   0.014171237662375   -0.00564959507474053   0
0.120369833854552   0.00858577990743209   0.0226030977002625   0
0.0985184496813161   -0.0235743664549623   -0.0218513841732361   0
0.105613140385655   0.00024507460965191   0.0070946907043386   0
0.098644743017507   -0.0153465113048463   -0.00696839736814764   0
0.131221884028961   -0.0168540829325764   0.0325771410114536   0
0.0919295335185733   0.0320673335456293   -0.0392923505103873   0
0.129013876707982   -0.00936482912108089   0.0370843431894091   0
0.125602355945549   0.00272941457620229   -0.00341152076243303   0
0.0868533282835062   0.024163067863019   -0.0387490276620432   0
0.0794315070300193   0.0246496787617849   -0.00742182125348695   0
0.0953144466542323   -0.0220935385429171   0.0158829396242131   0
0.104345590452604   -0.0133464048593684   0.00903114379837137   0
0.108397000318563   0.00396254004569649   0.00405140986595909   0
0.134620344863806   0.00301471694148543   0.026223344545243   0
0.149134950703901   0.0419789410033933   0.0145146058400953   0
0.126773630019545   -0.046041517936807   -0.022361320684356   0
0.136833191373776   0.0265214949696697   0.0100595613542313   0
0.134220102462941   -0.0165496620610859   -0.00261308891083492   0
0.119842890167888   0.023027286753734   -0.0143772122950533   0
0.13859170014669   -0.0326337062714868   0.0187488099788018   0
0.124223925047875   -0.0138478423082247   -0.0143677750988152   0
0.12147885479318   0.0263394827169739   -0.00274507025469475   0
0.13087346048956   -0.0208515810399209   0.00939460569638031   0
0.139009702878477   -0.00729466818268634   0.00813624238891691   0
0.136798485589662   -0.0119600639044759   -0.00221121728881504   0
0.126745234467385   0.0114769343668831   -0.0100532511222768   0
0.135462571178029   0.00645456523943623   0.00871733671064334   0
0.142715947896355   0.0108870148642189   0.00725337671832585   0
0.144629946705722   -0.0214540608422696   0.00191399880936749   0
0.131625092396976   0.0122045678678238   -0.013004854308746   0
0.121393892566245   0.0225530474037218   -0.0102311998307313   0
0.139601791248626   -0.00333720497936121   0.0182078986823813   0
0.133396143478063   -0.0271822803908577   -0.00620564777056307   0
0.151103025650423   0.0413699085524693   0.0177068821723602   0
0.174109456370239   -0.0693104624458536   0.0230064307198152   0
0.151221645371463   0.015930189341211   -0.0228878109987756   0
0.162543803415026   0.0384326015799936   0.0113221580435627   0
0.175090454586544   -0.0377890556778448   0.012546651171518   0
0.170611480294912   0.0111528745258044   -0.00447897429163199   0
0.160618573499424   -0.00312971589710828   -0.00999290679548723   0
0.152916926945654   0.00320169989264338   -0.00770164655377034   0
0.169941729564585   -0.00300758291224013   0.0170248026189308   0
0.16218456629739   -0.0132986647709118   -0.00775716326719483   0
0.169055361610102   -0.00498687060441211   0.0068707953127124   0
0.152394407298209   0.00838104391500828   -0.0166609543118932   0
0.163055860096441   0.0126399219352238   0.0106614527982313   0
0.158256525496139   0.00256158172990452   -0.00479933460030185   0
0.153758422949574   -0.0212043844019757   -0.00449810254656499   0
0.153788874593178   0.00486364833546672   3.04516436038516e-05   0
0.151542025973498   0.00906879085173805   -0.00224684861967939   0
0.173969239186299   0.0072474369477314   0.0224272132128005   0
0.177035726811789   0.0124188218058157   0.00306648762548983   0
0.182435243308441   -0.0825619834197746   0.0053995164966523   0
0.157683262247447   0.0935811476227083   -0.0247519810609942   0
0.172246634837159   -0.0165506695134721   0.0145633725897125   0
0.178943791348485   0.00605905512257381   0.0066971565113256   0
0.170712787458087   -0.0130696025925911   -0.00823100389039766   0
0.16813351850448   -0.037950526527862   -0.0025792689536073   0
0.168347714930557   0.0598811453419314   0.000214196426077035   0
0.169678678985487   -0.0167966068239638   0.00133096405493036   0
0.164212203664108   0.0198620137644658   -0.00546647532137906   0
0.172081641825915   -0.0181111296695385   0.00786943816180691   0
0.179983880850981   -0.0362346753500249   0.00790223902506595   0
0.175420513169783   0.0252475895205481   -0.00456336768119797   0
0.166047688872784   0.00240237992607767   -0.00937282429699887   0
0.183905997917115   0.0170736966845073   0.0178583090443311   0
0.18833603429685   -0.00471977468229805   0.00443003637973469   0
0.181031496541355   0.00922281020397317   -0.00730453775549525   0
0.171877989007331   0.000789932678985042   -0.00915350753402361   0
0.169288991753079   -0.00230872719352718   -0.00258899725425216   0
0.178379416963788   -0.000498010446195074   0.00909042521070896   0
0.161386936063464   -0.00132977388807902   -0.0169924809003242   0
0.170463797337252   -0.00756708621529383   0.00907686127378801   0
0.175080822885293   -0.000984718838182158   0.00461702554804103   0
0.171698320993675   -0.0333399438103606   -0.00338250189161815   0
0.187951914885121   0.0630399576497232   0.0162535938914466   0
0.178061459305398   -0.00615947965739477   -0.00989045557972276   0
0.192032662134394   -0.0170429910479585   0.0139712028289961   0
0.222715393012425   0.0551472086746716   0.0306827308780304   0
0.214380914244371   -0.0424578189697365   -0.00833447876805421   0
0.234721134592206   -0.0236746953315784   0.0203402203478353   0
0.214572137503346   -0.00387910774392189   -0.0201489970888598   0
0.213352552119983   0.049214310445889   -0.00121958538336334   0
0.211976798682993   -0.0523205752317796   -0.0013757534369902   0
0.215456736660658   0.0442146963109394   0.00347993797766505   0
0.203640082316136   -0.0324731094337092   -0.0118166543445221   0
0.212092216255595   0.0391512054597059   0.00845213393945921   0
0.220573885181638   -0.011087958324686   0.00848166892604335   0
0.220463304411692   0.00265275725381833   -0.000110580769945856   0
0.222295698587765   -0.0205932876708683   0.00183239417607281   0
0.212135445632319   0.0315826682342632   -0.0101602529554463   0
0.20002030035692   -0.020727549451495   -0.0121151452753988   0
0.206203570430194   -0.00023304187439982   0.00618327007327402   0
0.198729611081294   -0.026304778622126   -0.00747395934889974   0
0.184535763382297   0.0155953536709466   -0.0141938476989975   0
0.182213901121637   0.0290161261021334   -0.00232186226066006   0
0.190754994088805   -0.0298892993078186   0.00854109296716846   0
0.18557260654941   -0.0206808308683518   -0.00518238753939523   0
0.179701442716919   0.0522460982486432   -0.00587116383249101   0
0.197562817053949   -0.0467504841691158   0.01786137433703   0
0.18114738269857   0.00751278496346416   -0.0164154343553791   0
0.19063948934544   0.031012221248202   0.00949210664686986   0
0.211771574591096   -0.0360489973807276   0.0211320852456562   0
0.209769679851003   0.0336724270634402   -0.00200189474009335   0
0.227493446592583   -0.0440800868078352   0.0177237667415806   0
0.196656656938584   0.149871085130065   -0.030836789653999   0
0.234645932609586   0.0544213244633847   0.0379892756710021   0
0.220445115740863   -0.134068697197295   -0.0142008168687232   0
0.233289518589027   0.00682325359475544   0.012844402848164   0
0.245338741148336   -0.0404537424679018   0.0120492225593085   0
0.253746943636884   -0.0195710514219635   0.00840820248854851   0
0.241481453460803   -0.0319264318294418   -0.0122654901760808   0
0.238589114001587   -0.000110871169149804   -0.00289233945921583   0
0.235130327802907   0.0259590189157821   -0.00345878619868045   0
0.232932431590777   -0.0014683358844573   -0.00219789621212979   0
0.218204066337665   0.032047858401854   -0.0147283652531122   0
0.230783174204062   0.0212551791881916   0.0125791078663972   0
0.235355267884235   -0.000533158263009481   0.00457209368017281   0
0.231757858167204   -0.0242111216237474   -0.00359740971703063   0
0.233097421531942   0.011699576444015   0.00133956336473798   0
0.238061833589768   -0.0153171893209138   0.00496441205782591   0
0.245891673658361   -0.00706196054825955   0.00782984006859297   0
0.245415992723661   -0.0106154800398048   -0.000475680934700268   0
0.229801748616698   -0.00814541368529803   -0.0156142441069629   0
0.232302474325549   0.00757668269147697   0.00250072570885126   0
0.228566446131584   0.0180500811046259   -0.0037360281939649   0
0.229131574569159   0.00339408870570129   0.000565128437574641   0
0.221792928116052   0.00135804139877133   -0.00733864645310728   0
0.217047747252286   0.0222439259327319   -0.00474518086376602   0
0.207347528141264   -0.00443378207727882   -0.00970021911102215   0
0.202352081317544   -0.00534328473722764   -0.00499544682371925   0
0.199617349788394   0.00227336201234629   -0.00273473152915021   0
0.19790632183319   -0.00502111472104425   -0.00171102795520436   0
0.205514658568586   -0.0060241448825066   0.00760833673539626   0
0.215258575366285   -0.0339148654028743   0.00974391679769873   0
0.203222053125276   0.0398150481190361   -0.0120365222410088   0
0.210659105347294   -0.0315050920030623   0.00743705222201846   0
0.204089770707653   -0.0222475437586654   -0.00656933463964116   0
0.214877209333546   0.0583597756588307   0.0107874386258926   0
0.216992421926688   -0.0519911367071125   0.0021152125931426   0
0.218723138682222   0.0352264981709934   0.00173071675553349   0
0.21872880584004   -0.0196129001809611   5.66715781821769e-06   0
0.222906798475282   -0.00678646955312685   0.00417799263524185   0
0.21710437697516   0.00753616987520393   -0.00580242150012178   0
0.214067117059703   0.0218499234845251   -0.00303725991545742   0
0.230677024389302   -0.0129245200285147   0.0166099073295989   0
0.226565134279863   -0.0282589331828084   -0.00411189010943838   0
0.225321752332309   0.0569835481390877   -0.00124338194755408   0
0.214429432637529   -0.00748709646506598   -0.0108923196947805   0
0.212999447269565   -0.0168946265656205   -0.00142998536796424   0
0.20748955223095   -0.0389618125207549   -0.00550989503861485   0
0.209349079884705   0.0451365160832611   0.00185952765375508   0
