0.0254672333769022   0.0304348672481498   0   0   0
0.0648266378328268   0.0219453023584206   0.0393594044559246   -0.00848956488972919   0
0.0761394738435576   0.0135281404923968   0.0113128360107308   -0.00841716186602382   0
0.130875849898291   0.020671   0.0547363760547334   0.00714285950760324   0
0.120372600675237   0.0224386472638945   -0.0105032492230543   0.00176764726389455   0
0.0474534876244097   0.0164999759230055   -0.0729191130508271   -0.00593867134088908   0
0.127453344694237   0.0415844808482984   0.0799998570698278   0.025084504925293   0
0.135956353207822   0.024328499519545   0.0085030085135844   -0.0172559813287535   0
0.0535814771667196   0.0377442341797062   -0.0823748760411022   0.0134157346601612   0
0.118923445632565   0.0381903673652994   0.0653419684658456   0.000446133185593195   0
0.141096225421669   0.0151024146553755   0.022172779789104   -0.0230879527099239   0
0.0787743261915962   0.0387301561849743   -0.062321899230073   0.0236277415295988   0
0.103208281120218   0.045447404880642   0.0244339549286221   0.00671724869566771   0
0.161622338449857   0.0190119328201928   0.0584140573296383   -0.0264354720604491   0
0.116283681443656   0.0547020198334577   -0.0453386570062009   0.0356900870132649   0
0.129409141257486   0.0541199120765768   0.0131254598138304   -0.000582107756880931   0
0.127945927789111   0.0302133108278272   -0.00146321346837519   -0.0239066012487496   0
0.135656033046015   0.0630951155987728   0.00771010525690441   0.0328818047709456   0
0.0808021536550544   0.0400770207216679   -0.054853879390961   -0.0230180948771049   0
0.130437031090552   0.0260061134228382   0.0496348774354975   -0.0140709072988297   0
0.146648298511268   0.0573383857774242   0.0162112674207162   0.031332272354586   0
0.0887176385010331   0.0459609587669318   -0.057930660010235   -0.0113774270104925   0
0.13704294137846   0.0338446049520042   0.0483253028774268   -0.0121163538149276   0
0.157465092747567   0.0814654466088102   0.0204221513691075   0.047620841656806   0
0.0692001497704304   0.0487218427056462   -0.088264942977137   -0.032743603903164   0
0.106878009454658   0.0390657254125099   0.0376778596842278   -0.00965611729313621   0
0.170622993519543   0.0766568602392027   0.0637449840648848   0.0375911348266927   0
0.0857011116269795   0.0478412278687193   -0.0849218818925634   -0.0288156323704834   0
0.0751065190199226   0.0409698325780766   -0.0105945926070569   -0.00687139529064273   0
0.154824212726724   0.0685301315185082   0.0797176937068017   0.0275602989404316   0
0.149140592457084   0.0456057756243453   -0.00568362026964045   -0.0229243558941629   0
0.0844102509767031   0.0604853321279319   -0.0647303414803809   0.0148795565035866   0
0.17102840278635   0.0639059590596409   0.086618151809647   0.00342062693170906   0
0.15769960127169   0.0268507734807584   -0.0133288015146601   -0.0370551855788825   0
0.106503991311969   0.0600301678411363   -0.0511956099597208   0.0331793943603779   0
0.157872092548652   0.0668565317405676   0.0513681012366824   0.00682636389943127   0
0.157722159947295   0.0292071572645146   -0.0001499326013569   -0.037649374476053   0
0.125471657883245   0.0722416494439774   -0.0322505020640499   0.0430344921794628   0
0.100530635406626   0.0691146284300764   -0.0249410224766185   -0.00312702101390103   0
0.135586875458283   0.0497487745052328   0.035056240051657   -0.0193658539248436   0
0.14778119275784   0.095405169908462   0.0121943172995573   0.0456563954032292   0
0.124776994724548   0.0427636675949631   -0.023004198033292   -0.0526415023134988   0
0.0961934108681567   0.0560218553857735   -0.0285835838563918   0.0132581877908104   0
0.194527104711297   0.0913333235283404   0.0983336938431406   0.0353114681425668   0
0.142973627446358   0.0468320967382948   -0.0515534772649392   -0.0445012267900456   0
0.0866021349266864   0.0783108769589832   -0.0563714925196717   0.0314787802206884   0
0.133315983020079   0.0715876505918619   0.0467138480933927   -0.00672322636712132   0
0.144859265694156   0.0462159096221474   0.0115432826740766   -0.0253717409697144   0
0.160508966590437   0.0954268806205568   0.0156497008962812   0.0492109709984094   0
0.0920249170990118   0.0644401238727278   -0.0684840494914251   -0.030986756747829   0
0.104807141747736   0.0638552391486595   0.0127822246487241   -0.00058488472406823   0
0.171772229477585   0.100599632140145   0.0669650877298488   0.0367443929914855   0
0.163514239489715   0.0587599408332964   -0.0082579899878692   -0.0418396913068486   0
0.111444379270603   0.0894000769393545   -0.0520698602191125   0.030640136106058   0
0.154131359870145   0.08818899854826   0.0426869805995415   -0.00121107839109451   0
0.163660092453872   0.0697820819833788   0.00952873258372769   -0.0184069165648812   0
0.15149452518177   0.110324319088687   -0.012165567272102   0.0405422371053085   0
0.132939934481291   0.0847661186921697   -0.018554590700479   -0.0255582003965176   0
0.148315976462888   0.0599523925775694   0.015376041981597   -0.0248137261146003   0
0.141195257306363   0.0852762483551106   -0.00712071915652535   0.0253238557775412   0
0.175591420297519   0.0940630989443921   0.0343961629911562   0.00878685058928153   0
0.121454640392535   0.0884025401736426   -0.0541367799049841   -0.00566055877074946   0
0.16725624600905   0.0512129791910459   0.0458016056165154   -0.0371895609825967   0
0.113488198343398   0.0705382826941966   -0.0537680476656526   0.0193253035031507   0
0.175593662979562   0.102110527325798   0.0621054646361642   0.0315722446316012   0
0.135782723532857   0.0676056074009954   -0.0398109394467046   -0.0345049199248024   0
0.153306608568515   0.0736212720980492   0.017523885035658   0.00601566469705384   0
0.188496356725322   0.109925697936163   0.035189748156807   0.0363044258381135   0
0.120203549766802   0.112322937234164   -0.0682928069585206   0.00239723929800147   0
0.164490442455907   0.0905370231441812   0.044286892689105   -0.021785914089983   0
0.169043153702864   0.131357468641537   0.00455271124695686   0.0408204454973563   0
0.132670431512909   0.098714403178133   -0.0363727221899542   -0.0326430654634044   0
0.139559808768893   0.0928575542734812   0.00688937725598357   -0.00585684890465187   0
0.20168146939134   0.123624358020234   0.062121660622447   0.0307668037467529   0
0.149124862683357   0.0974402657378341   -0.0525566067079833   -0.0261840922823999   0
0.12221478578137   0.103132528500541   -0.026910076901987   0.00569226276270739   0
0.198945068007352   0.147761649304725   0.0767302822259825   0.0446291208041834   0
0.156020363496949   0.0958099615082638   -0.0429247045104035   -0.051951687796461   0
0.12859288211293   0.12354772119494   -0.0274274813840183   0.0277377596866757   0
0.192375727956335   0.13513169165305   0.0637828458434051   0.0115839704581105   0
0.163830059587305   0.0956925096500504   -0.0285456683690302   -0.0394391820029996   0
0.148355025800577   0.128510396079938   -0.0154750337867278   0.0328178864298874   0
0.180865168033898   0.151126926226351   0.0325101422333201   0.0226165301464134   0
0.135140825816775   0.112803360858553   -0.0457243422171222   -0.0383235653677979   0
0.154160300893356   0.147063055132331   0.0190194750765805   0.0342596942737776   0
0.176334819904436   0.149156694037546   0.0221745190110805   0.00209363890521475   0
0.152982428917997   0.107852644981486   -0.0233523909864393   -0.0413040490560594   0
0.117285073568038   0.142359700991011   -0.0356973553499593   0.0345070560095246   0
0.203849470334681   0.162369193649696   0.0865643967666433   0.0200094926586853   0
0.163069280979282   0.118035172379687   -0.040780189355399   -0.0443340212700088   0
0.131867580373077   0.130288860958535   -0.0312017006062046   0.0122536885788478   0
0.211179648997719   0.17548994507892   0.0793120686246422   0.0452010841203853   0
0.152847501910564   0.124389501400842   -0.058332147087155   -0.0511004436780787   0
0.153217394152655   0.152321595791076   0.000369892242090414   0.0279320943902345   0
0.209158951778833   0.170714426380762   0.0559415576261777   0.0183928305896855   0
0.157291425903003   0.126264821533207   -0.0518675258758292   -0.0444496048475551   0
0.142176151749195   0.147534035817163   -0.0151152741538088   0.0212692142839567   0
0.200445326043787   0.174983026893189   0.0582691742945922   0.0274489910760258   0
0.161067180949131   0.143635017548029   -0.0393781450946561   -0.0313480093451604   0
0.120979891106498   0.165872095653579   -0.0400872898426331   0.0222370781055501   0
0.220802580658289   0.173548303619922   0.099822689551791   0.00767620796634283   0
0.151158338508797   0.159411482001776   -0.0696442421494917   -0.0141368216181458   0
0.189290495969792   0.12508251346836   0.0381321574609956   -0.0343289685334157   0
0.187049059717631   0.159483436320053   -0.00224143625216114   0.0344009228516931   0
0.256978604558531   0.181674240610557   0.0699295448409   0.0221908042905035   0
0.149260767005346   0.173745925648028   -0.107717837553186   -0.00792831496252905   0
0.140141326378553   0.169686408481941   -0.00911944062679315   -0.00405951716608721   0
0.272812392446329   0.204809564023509   0.132671066067777   0.0351231555415688   0
0.151024685970109   0.169695531282235   -0.12178770647622   -0.0351140327412744   0
0.120794589917512   0.175785650345812   -0.0302300960525965   0.00609011906357682   0
0.222426119331386   0.201695522575465   0.101631529413874   0.0259098722296534   0
0.146670533385715   0.161892771702607   -0.0757555859456716   -0.039802750872858   0
0.142872880752122   0.206408775775044   -0.0037976526335928   0.0445160040724371   0
0.202309445637914   0.217810130431736   0.059436564885792   0.0114013546566921   0
0.13659925710358   0.182336808286677   -0.0657101885343336   -0.0354733221450591   0
0.1746021113409   0.212003545353397   0.0380028542373197   0.02966673706672   0
0.214505068559347   0.215529606375673   0.0399029572184468   0.0035260610222756   0
0.175342858166964   0.166166723130987   -0.0391622103923828   -0.0493628832446862   0
0.181507432650264   0.214221649790608   0.00616457448329988   0.0480549266596215   0
0.21755930856686   0.235264449975772   0.0360518759165958   0.0210428001851637   0
0.171350864295486   0.185466525116266   -0.0462084442713737   -0.049797924859506   0
0.194399653358333   0.215358530186112   0.023048789062847   0.029892005069846   0
0.225955735161513   0.238281066331806   0.0315560818031806   0.0229225361456939   0
0.146776222515672   0.189291996277055   -0.0791795126458417   -0.0489890700547512   0
0.161355665554235   0.219493753840656   0.0145794430385628   0.0302017575636013   0
0.199849245233926   0.212700851112948   0.0384935796796917   -0.00679290272770799   0
0.169350064495766   0.191613872592618   -0.0304991807381605   -0.0210869785203302   0
0.194829963487601   0.220413083350496   0.0254798989918355   0.0287992107578776   0
0.219143190027069   0.233494045442255   0.0243132265394677   0.0130809620917599   0
0.152868979948975   0.209619095603245   -0.0662742100780942   -0.02387494983901   0
0.229472829947687   0.235679114751228   0.0766038499987122   0.0260600191479826   0
0.217012705260683   0.236837067554342   -0.012460124687004   0.00115795280311412   0
0.163776189261565   0.198436026787684   -0.0532365159991177   -0.0384010407666579   0
0.237738080134189   0.240767198837824   0.0739618908726238   0.0423311720501403   0
0.179592107078847   0.230454002750007   -0.058145973055342   -0.0103131960878179   0
0.152692923538224   0.209660558177856   -0.0268991835406226   -0.0207934445721509   0
0.2210048872275   0.236300357686066   0.0683119636892757   0.0266397995082099   0
0.205772804562945   0.241941837856689   -0.0152320826645549   0.00564148017062369   0
0.146365510069449   0.216717329636678   -0.059407294493496   -0.0252245082200114   0
0.234588162096385   0.251521868708488   0.0882226520269363   0.0348045390718103   0
0.235879632934173   0.248749633614806   0.00129147083778719   -0.0027722350936826   0
0.146763910447289   0.216510778806397   -0.0891157224868832   -0.0322388548084088   0
0.212216790428585   0.247693701150816   0.0654528799812956   0.0311829223444197   0
0.243817417319108   0.269270954803842   0.0316006268905228   0.0215772536530251   0
0.163544523006458   0.227114420955171   -0.0802728943126494   -0.0421565338486709   0
0.220933963339727   0.264158278110322   0.0573894403332689   0.0370438571551509   0
0.232569831072325   0.265114854990724   0.0116358677325981   0.000956576880402182   0
0.164449072245513   0.229936647438599   -0.0681207588268123   -0.0351782075521249   0
0.222450779285126   0.257927843433241   0.0580017070396132   0.0279911959946422   0
0.248196546654562   0.268626106532593   0.0257457673694353   0.010698263099352   0
0.171796285931594   0.242583882575183   -0.0764002607229677   -0.0260422239574103   0
0.270855585587394   0.283575204212463   0.0990592996557998   0.0409913216372802   0
0.22142750013422   0.262980442753943   -0.0494280854531738   -0.0205947614585196   0
0.142324411653793   0.249712656830806   -0.0791030884804267   -0.013267785923137   0
0.290643262401591   0.297075289120772   0.148318850747798   0.0473626322899653   0
0.166790316429941   0.243894543713882   -0.123852945971649   -0.05318074540689   0
0.135153971359039   0.259964768041268   -0.0316363450709022   0.0160702243273859   0
0.271326989438961   0.291610853538586   0.136173018079922   0.0316460854973182   0
0.228474644158187   0.282107493311898   -0.0428523452807743   -0.00950336022668791   0
0.165001271846492   0.248490770735555   -0.0634733723116944   -0.0336167225763432   0
0.185300454027075   0.267795840212745   0.0202991821805825   0.0193050694771902   0
0.289311980426407   0.301823499239854   0.104011526399333   0.0340276590271089   0
0.180297026494754   0.256662370946371   -0.109014953931654   -0.0451611282934828   0
0.165478207732408   0.260134510513004   -0.0148188187623459   0.00347213956663278   0
0.283910311453036   0.297273771866393   0.118432103720628   0.0371392613533897   0
0.201347499290381   0.269564125718724   -0.0825628121626551   -0.0277096461476694   0
0.161622927970137   0.258967283824617   -0.0397245713202444   -0.0105968418941065   0
0.305659449048594   0.304335830629997   0.144036521078457   0.0453685468053791   0
0.172991546213825   0.260852152575458   -0.132667902834769   -0.0434836780545386   0
0.159643447087377   0.277238801728136   -0.0133480991264485   0.0163866491526777   0
0.308966594928966   0.363640417535304   0.14932314784159   0.086401615807168   0
0.146074371686754   0.267820396085306   -0.162892223242212   -0.095820021449998   0
0.162624428197181   0.296666698225888   0.0165500565104266   0.0288463021405822   0
0.287000086723489   0.344962454245806   0.124375658526308   0.0482957560199184   0
0.144438951765097   0.271785503179437   -0.142561134958392   -0.0731769510663688   0
0.195110061328882   0.288071654005631   0.0506711095637848   0.0162861508261936   0
0.263453973675616   0.336242424044082   0.0683439123467347   0.0481707700384506   0
0.147427119815922   0.285330828979713   -0.116026853859695   -0.0509115950643691   0
0.257376647196358   0.33498861139485   0.109949527380436   0.0496577824151377   0
0.223003266436526   0.313281316092262   -0.0343733807598322   -0.0217072953025879   0
0.161921025867829   0.269525024575252   -0.061082240568697   -0.0437562915170108   0
0.297166958935545   0.344920850334595   0.135245933067717   0.0753958257593432   0
0.159604977289933   0.286230708794933   -0.137561981645612   -0.0586901415396614   0
0.153164979281297   0.296681945450848   -0.00643999800863632   0.0104512366559146   0
0.315022533294699   0.353757404119744   0.161857554013403   0.0570754586688962   0
0.150048356325986   0.267580880567988   -0.164974176968713   -0.086176523551756   0
0.173557038411511   0.293520670848324   0.0235086820855247   0.0259397902803355   0
0.31389816860893   0.354741834317987   0.140341130197419   0.0612211634696631   0
0.152474242409358   0.276527296868682   -0.161423926199572   -0.0782145374493051   0
0.199954875724499   0.317430578505758   0.0474806333151417   0.040903281637076   0
0.303837235345983   0.353143791467852   0.103882359621483   0.0357132129620948   0
0.162113602829281   0.286856961737466   -0.141723632516701   -0.0662868297303865   0
0.205634853928079   0.329505277710009   0.0435212510987978   0.0426483159725428   0
0.318575507209829   0.369463397098129   0.11294065328175   0.0399581193881205   0
0.15813425813618   0.283550780465775   -0.160441249073649   -0.0859126166323545   0
0.169162388942253   0.300660868355445   0.0110281308060728   0.0171100878896698   0
0.332754370541831   0.37942451107269   0.163591981599578   0.0787636427172456   0
0.195686981102832   0.326624641991767   -0.137067389438999   -0.0527998690809231   0
0.173765032212266   0.314810965078251   -0.0219219488905652   -0.0118136769135157   0
0.306137951737383   0.370567663018173   0.132372919525116   0.0557566979399214   0
0.228037128672416   0.34659542719358   -0.0781008230649667   -0.0239722358245931   0
0.194128650170486   0.302907689668816   -0.03390847850193   -0.0436877375247632   0
0.300110443755452   0.368764521160554   0.105981793584966   0.0658568314917372   0
0.259124095354639   0.336118078704925   -0.0409863484008132   -0.0326464424556289   0
0.198564993812742   0.299603119111768   -0.0605591015418966   -0.0365149595931573   0
0.311521902560253   0.368947438304225   0.112956908747511   0.0693443191924575   0
0.300126694639264   0.375034051423001   -0.0113952079209894   0.00608661311877573   0
0.198981908661567   0.299741647761868   -0.101144785977697   -0.0752924036611324   0
0.256093521772809   0.364384866309305   0.057111613111242   0.0646432185474365   0
0.310230121566311   0.381404252435356   0.0541365997935024   0.0170193861260508   0
0.194110602197866   0.297963248513135   -0.116119519368445   -0.083441003922221   0
0.233985843134772   0.353565998457148   0.0398752409369059   0.0556027499440134   0
0.342625640414214   0.379965530443881   0.108639797279442   0.0263995319867332   0
0.207760339115632   0.304731606234897   -0.134865301298582   -0.0752339242089847   0
0.233425361357758   0.347260570700879   0.0256650222421262   0.0425289644659823   0
0.362447768185169   0.388116065065916   0.129022406827411   0.0408554943650368   0
0.216383684908544   0.30279690401695   -0.146064083276625   -0.0853191610489656   0
0.251813238284288   0.368434656353742   0.035429553375744   0.0656377523367921   0
0.340522912220837   0.391528590639333   0.0887096739365492   0.023093934285591   0
0.200434290601633   0.325667814811734   -0.140088621619204   -0.0658607758275989   0
0.263598231903375   0.381128298601009   0.063163941301742   0.0554604837892749   0
0.291676259234446   0.39702097925144   0.0280780273310712   0.015892680650431   0
0.186240523263897   0.327272063272669   -0.10543573597055   -0.069748915978771   0
0.252787365990174   0.39032230228524   0.0665468427262771   0.0630502390125704   0
0.326663482317644   0.423217193492053   0.0738761163274708   0.0328948912068137   0
0.202635897538911   0.333010199155371   -0.124027584778734   -0.090206994336682   0
0.289273138921072   0.411381469169735   0.0866372413821614   0.0783712700143642   0
0.316441038440355   0.421853569799107   0.0271678995192823   0.0104721006293714   0
0.193944403026357   0.363754533665561   -0.122496635413998   -0.0580990361335455   0
0.336488880789782   0.428075479831828   0.142544477763425   0.0643209461662669   0
0.252433857915093   0.397401367258909   -0.0840550228746883   -0.0306741125729197   0
0.20117041612098   0.389618871825403   -0.0512634417941131   -0.0077824954335054   0
0.359874530256435   0.433704981427756   0.158704114135455   0.0440861096023527   0
0.210621286228743   0.349530187642284   -0.149253244027693   -0.0841747937854722   0
0.228441094399686   0.416889591818385   0.0178198081709435   0.0673594041761017   0
0.356368058564457   0.430449570343902   0.12792696416477   0.0135599785255169   0
0.211817951561358   0.373175776149792   -0.144550107003098   -0.0572737941941098   0
0.247614108125143   0.407722360558628   0.0357961565637846   0.0345465844088358   0
0.384949581067131   0.434310683379134   0.137335472941988   0.0265883228205054   0
0.25180330672658   0.390095112059546   -0.133146274340552   -0.0442155713195873   0
0.209339547747911   0.375191405143428   -0.0424637589786685   -0.0149037069161182   0
0.377295886985546   0.439477999751979   0.167956339237635   0.0642865946085505   0
0.280123005297476   0.428407222113201   -0.0971728816880696   -0.0110707776387771   0
0.208970373363977   0.383845419460425   -0.0711526319334994   -0.044561802652776   0
0.350307535951541   0.463440191371282   0.141337162587564   0.0795947719108562   0
0.295383007324998   0.431705276689433   -0.0549245286265424   -0.0317349146818485   0
0.236643807537066   0.415422646896808   -0.0587391997879322   -0.0162826297926251   0
0.372788333949709   0.472168638504825   0.136144526412643   0.0567459916080169   0
0.305761363854951   0.441254246295715   -0.0670269700947579   -0.0309143922091095   0
0.231208172902152   0.401375220397635   -0.0745531909527999   -0.0398790258980805   0
0.354076190165464   0.469217334464532   0.122868017263313   0.0678421140668967   0
0.361781015408783   0.483271991188709   0.00770482524331867   0.0140546567241778   0
0.233396137034292   0.433107204620577   -0.128384878374491   -0.0501647865681328   0
0.343242314755058   0.499037024211882   0.109846177720766   0.0659298195913051   0
0.341879642048558   0.473903623869611   -0.00136267270649981   -0.0251334003422703   0
0.23623745025785   0.439519401403965   -0.105642191790708   -0.0343842224656459   0
0.339166361885196   0.476936789332979   0.102928911627347   0.0374173879290132   0
0.286559569073046   0.452465313883285   -0.0526067928121509   -0.0244714754496932   0
0.226481772450933   0.419450872545582   -0.0600777966221128   -0.0330144413377034   0
0.358859736353927   0.478016370785039   0.132377963902994   0.0585654982394571   0
0.282013076982274   0.444966722409103   -0.076846659371653   -0.0330496483759359   0
0.233541479027645   0.427916977586482   -0.0484715979546288   -0.0170497448226211   0
0.402119609333044   0.518772636002758   0.168578130305399   0.0908556584162757   0
0.266067581065206   0.442575709948592   -0.136052028267838   -0.0761969260541663   0
0.221598886533168   0.450367771390782   -0.0444686945320378   0.00779206144219069   0
0.379716361079227   0.491036203281133   0.158117474546059   0.0406684318903506   0
0.234720007511972   0.439633182259085   -0.144996353567255   -0.0514030210220478   0
0.243003243795543   0.453754350707792   0.0082832362835713   0.0141211684487071   0
0.378284156343152   0.490703110135345   0.135280912547609   0.0369487594275523   0
0.214537725883468   0.437391744802071   -0.163746430459684   -0.0533113653332735   0
0.291581364790619   0.47889773652472   0.0770436389071511   0.0415059917226489   0
0.336919349439135   0.475658861207799   0.0453379846485161   -0.00323887531692124   0
0.210752332232054   0.435439058955441   -0.126167017207081   -0.0402198022523577   0
0.373053306886563   0.51166545438035   0.162300974654509   0.0762263954249093   0
0.254074329292355   0.449547387718191   -0.118978977594208   -0.0621180666621589   0
0.245273958027937   0.472736949584809   -0.00880037126441835   0.0231895618666172   0
0.42633477605661   0.531163914189631   0.181060818028674   0.0584269646048226   0
0.233881284382847   0.4499297073955   -0.192453491673764   -0.0812342067941315   0
0.303074310888287   0.498798325038788   0.0691930265054403   0.0488686176432879   0
0.36740927773709   0.519445211629677   0.0643349668488029   0.0206468865908895   0
0.235542975751273   0.455506798994537   -0.131866301985817   -0.0639384126351398   0
0.347216888211446   0.525593454769463   0.111673912460173   0.070086655774926   0
0.338732977532289   0.512366917150444   -0.0084839106791576   -0.013226537619019   0
0.221477229349159   0.454155087462972   -0.11725574818313   -0.058211829687472   0
0.363553896284182   0.508596084757099   0.142076666935023   0.0544409972941264   0
0.307305987380477   0.495942886890718   -0.0562479089037052   -0.0126531978663803   0
0.228148055910762   0.477303727991674   -0.0791579314697156   -0.0186391588990443   0
0.369281317751115   0.528121392719041   0.141133261840353   0.0508176647273672   0
0.263591982270421   0.507179189800065   -0.105689335480694   -0.0209422029189766   0
0.194050251117488   0.497725193216347   -0.0695417311529335   -0.00945399658371771   0
0.369270747463159   0.52960577484106   0.175220496345671   0.0318805816247134   0
0.297621411998935   0.509114622556895   -0.0716493354642235   -0.0204911522841651   0
0.200796069925111   0.481113730025189   -0.0968253420738245   -0.0280008925317068   0
0.34296664925698   0.524322670041312   0.142170579331869   0.043208940016123   0
0.310273948208934   0.527093906757136   -0.0326927010480459   0.00277123671582402   0
0.200182371638988   0.483264262344372   -0.110091576569945   -0.0438296444127635   0
0.343205433982462   0.546756842372823   0.143023062343474   0.0634925800284511   0
0.329044085793515   0.52124650110984   -0.0141613481889469   -0.0255103412629835   0
0.205276663544715   0.477327341073712   -0.1237674222488   -0.0439191600361274   0
0.339036158219754   0.536465420523541   0.133759494675039   0.0591380794498291   0
0.333065342889725   0.541406844551535   -0.00597081533002908   0.00494142402799369   0
0.203900574969763   0.495101988631131   -0.129164767919962   -0.0463048559204043   0
0.366707458445066   0.568475425565829   0.162806883475303   0.0733734369346979   0
0.281429343363481   0.504862390692999   -0.0852781150815854   -0.0636130348728301   0
0.218638628243799   0.514295371285315   -0.0627907151196822   0.00943298059231645   0
0.406968835793307   0.566318249836168   0.188330207549509   0.0520228785508526   0
0.257435463828296   0.509081800962527   -0.149533371965011   -0.0572364488736405   0
0.220375594315513   0.527928409598546   -0.0370598695127831   0.0188466086360188   0
0.407079779432496   0.571136259449748   0.186704185116983   0.0432078498512022   0
0.271194738396489   0.521898971445863   -0.135885041036007   -0.0492372880038848   0
0.240996629280845   0.527417278949268   -0.0301981091156443   0.00551830750340476   0
0.411913248502594   0.580436173362972   0.17091661922175   0.0530188944137039   0
0.229660140907625   0.527648308264368   -0.182253107594969   -0.0527878650986036   0
0.256851667453493   0.533261220683869   0.027191526545868   0.00561291241950057   0
0.41718563897306   0.569526847609048   0.160333971519566   0.0362656269251792   0
0.21360613360187   0.489021977938875   -0.203579505371189   -0.0805048696701727   0
0.326034203043178   0.55373408753706   0.112428069441307   0.0647121095981842   0
0.364716761763714   0.55365484236684   0.0386825587205368   -7.92451702200658e-05   0
0.204934629373979   0.502402113204901   -0.159782132389736   -0.0512527291619388   0
0.365676959236988   0.567391039456476   0.16074232986301   0.0649889262515748   0
0.319778257074633   0.529261156566397   -0.0458987021623554   -0.0381298828900788   0
0.222593097627577   0.536074714011956   -0.0971851594470559   0.00681355744555878   0
0.414417874780999   0.589916118217031   0.191824777153422   0.0538414042050754   0
0.251641495416316   0.520889148060554   -0.162776379364683   -0.0690269701564767   0
0.224300344209901   0.514911506084541   -0.0273411512064156   -0.00597764197601358   0
0.386976301456562   0.572183328673162   0.162675957246661   0.0572718225886216   0
0.227590063832782   0.511939630242913   -0.15938623762378   -0.0602436984302498   0
0.181681519796841   0.512612649350609   -0.0459085440359413   0.000673019107696016   0
0.399898504075734   0.576599948748697   0.218216984278893   0.0639872993980883   0
0.247060567894778   0.527636988664792   -0.152837936180957   -0.0489629600839047   0
0.190843552181912   0.526920973222029   -0.056217015712866   -0.000716015442763451   0
0.380808858428018   0.591818351633337   0.189965306246106   0.0648973784113082   0
0.244052268308328   0.53223340888984   -0.13675659011969   -0.0595849427434965   0
0.225493663708229   0.530755802190848   -0.0185586046000985   -0.00147760669899288   0
0.398287998830859   0.596882139142645   0.172794335122629   0.0661263369517976   0
0.208795408901058   0.531951349308609   -0.189492589929801   -0.0649307898340359   0
0.286495455146569   0.582341191813914   0.0777000462455115   0.0503898425053049   0
0.368958543572432   0.583657490555463   0.0824630884258624   0.00131629874154859   0
0.203574602703309   0.529765770110952   -0.165383940869123   -0.0538917204445107   0
0.376923046873178   0.588400912586393   0.173348444169869   0.0586351424754408   0
0.269710516413969   0.535400923087083   -0.107212530459209   -0.0529999894993103   0
0.209387077746192   0.541880802437215   -0.060323438667777   0.00647987935013239   0
0.405316548955061   0.600309301760351   0.195929471208868   0.058428499323136   0
0.214496481431957   0.534593719425556   -0.190820067523103   -0.0657155823347949   0
0.240324278428279   0.564686947890599   0.0258277969963216   0.030093228465043   0
0.440069942722847   0.620052451879879   0.199745664294568   0.0553655039892804   0
0.247936622154211   0.555229980935828   -0.192133320568636   -0.0648224709440514   0
0.214608495340031   0.559052408575887   -0.03332812681418   0.00382242764005858   0
0.400312570205446   0.604228553033742   0.185704074865415   0.0451761444578557   0
0.298510505380045   0.574276942355559   -0.101802064825401   -0.0299516106781834   0
0.213709199014946   0.544272960180827   -0.0848013063650987   -0.030003982174732   0
0.373477508641899   0.60420167980671   0.159768309626953   0.059928719625883   0
0.390779456142784   0.623095927307746   0.0173019475008846   0.0188942475010362   0
0.225797869548608   0.552878472881021   -0.164981586594176   -0.070217454426725   0
0.291096880358773   0.618626733662553   0.0652990108101658   0.0657482607815324   0
0.442719009695134   0.652396877614386   0.151622129336361   0.0337701439518323   0
0.258669722431695   0.588170305388031   -0.184049287263439   -0.0642265722263546   0
0.228701070023897   0.576284013119399   -0.0299686524077974   -0.0118862922686319   0
0.426646024873419   0.649737281820314   0.197944954849521   0.0734532687009147   0
0.35490864702061   0.63510119221369   -0.0717373778528088   -0.0146360896066243   0
0.219845492555431   0.574297385268512   -0.135063154465179   -0.0608038069451774   0
0.374439817170143   0.639213994833694   0.154594324614712   0.0649166095651819   0
0.418054183603705   0.651574161436363   0.0436143664335618   0.0123601666026689   0
0.235664128655105   0.592095403948553   -0.182390054948599   -0.0594787574878102   0
0.343746033360387   0.638493941532142   0.108081904705281   0.0463985375835889   0
0.440587467913512   0.672963983406245   0.0968414345531254   0.0344700418741027   0
0.237876161698141   0.606896012699251   -0.202711306215371   -0.0660679707069931   0
0.289867140057924   0.627934060504166   0.051990978359783   0.0210380478049149   0
0.462038721856902   0.679318982169827   0.172171581798979   0.051384921665661   0
0.283491037206487   0.626449267783314   -0.178547684650415   -0.0528697143865136   0
0.283620674331421   0.653633254238185   0.00012963712493369   0.0271839864548714   0
0.468747884899761   0.715492157103242   0.18512721056834   0.0618589028650566   0
0.312106319904436   0.641239489014245   -0.156641564995326   -0.0742526680889969   0
0.274794093659234   0.626366679783695   -0.0373122262452015   -0.0148728092305499   0
0.442035098308946   0.691345264237233   0.167241004649712   0.0649785844535384   0
