0   0   0   0
0.0356040875969319   0.0528788697499294   0.0356040875969319   0
0.0929204994874867   0.0731515593551086   0.0573164118905548   0
0.115798078761577   0.0078864648028564   0.0228775792740907   0
0.09533016252743   -0.0741588594983683   -0.0204679162341475   0
0.100824084762818   0.000831938149237703   0.00549392223538844   0
0.0925372910601586   0.0397819867241953   -0.0082867937026599   0
0.0749750843398659   -0.019685611455554   -0.0175622067202927   0
0.0799507700399127   0.0111446853777424   0.00497568570004682   0
0.0946559402605563   0.0233444578770719   0.0147051702206436   0
0.116686522069817   0.00140755881373257   0.0220305818092612   0
0.133829566198364   0.0620079264978292   0.0171430441285469   0
0.138512468307559   0.0221634717018603   0.00468290210919448   0
0.139791887247408   -0.01211388476088   0.00127941893984937   0
0.141266418291158   -0.0281605536874764   0.00147453104375003   0
0.156682077955721   0.00123382892257884   0.0154156596645623   0
0.159605639084565   -0.0252294794199232   0.00292356112884465   0
0.139527993345968   -0.040840713524996   -0.0200776457385972   0
0.120700554249991   -0.0118907780220238   -0.0188274390959771   0
0.105438243698349   -0.0106957317992063   -0.0152623105516416   0
0.0761023585603134   0.010489502778045   -0.0293358851380359   0
0.0659454334654417   0.00888347036562233   -0.0101569250948717   0
0.114647407946669   0.0259646740963721   0.0487019744812276   0
0.142929655170822   0.0116505312742697   0.0282822472241525   0
0.149764734701932   0.022059718332617   0.00683507953111004   0
0.150501105088169   0.0319656012002112   0.000736370386236945   0
0.172766754216024   -0.002805881758836   0.0222656491278552   0
0.155614249722069   -0.0423213850420769   -0.0171525044939548   0
0.169575687959131   -0.0215319535137483   0.0139614382370616   0
0.2022201992101   0.0187747586708909   0.0326445112509691   0
0.191934294727223   0.0122948636447823   -0.0102859044828767   0
0.170561175954822   0.0121821978355295   -0.0213731187724017   0
0.171311617881895   -0.0275006771794171   0.000750441927073742   0
0.160663837786961   -0.0275442924018096   -0.010647780094934   0
0.124835739118935   -0.0267671432096316   -0.0358280986680258   0
0.128313031536366   0.0324555807101965   0.00347729241743075   0
0.167173795282193   0.0573913309914288   0.0388607637458266   0
0.199252524670329   0.0266773877836266   0.032078729388136   0
0.195097090291501   0.0274469031644916   -0.00415543437882804   0
0.180646069014254   -0.0227029237104647   -0.0144510212772471   0
0.201661958246474   -0.0128108239832469   0.02101588923222   0
0.205189985632346   -0.0447791118268282   0.00352802738587266   0
0.210235497011809   -0.0278695261485863   0.00504551137946305   0
0.195225567664823   -0.0153262810087875   -0.0150099293469861   0
0.185219022225958   -0.0652312212834981   -0.0100065454388651   0
0.188843089114349   0.0111650445094612   0.00362406688839087   0
0.194411934230746   0.0654683527660878   0.00556884511639716   0
0.204733961093324   0.0506287464155825   0.0103220268625772   0
0.190896358946746   0.00835751464096918   -0.0138376021465772   0
0.150712201370596   -0.0263222029121277   -0.0401841575761505   0
0.122941431229722   -0.0509580080675047   -0.0277707701408737   0
0.132741965039602   0.0312869202527465   0.00980053380988016   0
0.158687502531587   0.0338589767200368   0.0259455374919849   0
0.167781407443912   0.00225356793666123   0.00909390491232473   0
0.181032338045058   -0.0147243799971445   0.0132509306011456   0
0.163339068592575   0.00179802724275849   -0.0176932694524823   0
0.174774277919435   -0.00781586612332227   0.01143520932686   0
0.179563128733769   -0.0101879006195252   0.0047888508143335   0
0.169272422994156   -0.0130258010061461   -0.0102907057396127   0
0.17727059251343   -0.00454548766058699   0.00799816951927382   0
0.190229480004737   -0.00453695993025161   0.0129588874913068   0
0.186918903604083   -0.00745340175513683   -0.0033105764006536   0
0.193020094192813   0.000638904818319463   0.00610119058873018   0
0.211290397710385   0.0802858510754938   0.0182703035175713   0
0.222125461511653   0.0240758878264222   0.0108350638012688   0
0.177975735053132   -0.0727173389593996   -0.0441497264585217   0
0.160121695155696   -0.0388067446799155   -0.0178540398974357   0
0.179402472351003   0.0196379332792222   0.0192807771953074   0
0.197877033559361   0.0183049450364164   0.0184745612083578   0
0.194481183148968   0.0101909696920684   -0.00339585041039286   0
0.206228752917943   0.0194984692469093   0.0117475697689748   0
0.196416190734299   0.0136276459811871   -0.00981256218364407   0
0.205576909379805   0.0127620150870879   0.00916071864550588   0
0.227065134780909   0.0511091158974269   0.0214882254011044   0
0.227808896212132   -0.0444525962734508   0.000743761431222872   0
0.195520859850043   -0.0700586963532655   -0.0322880363620896   0
0.207292036962162   -0.0178772848121313   0.0117711771121198   0
0.194387407771394   0.0450174454748433   -0.0129046291907683   0
0.198542385885961   -0.0271118909407537   0.00415497811456733   0
0.254240948056666   0.0218600185234025   0.0556985621707049   0
0.262348116637494   0.0569634195182468   0.00810716858082744   0
0.254420519902405   0.0282912221331216   -0.00792759673508892   0
0.249105178117743   -0.0288711289784149   -0.00531534178466175   0
0.241262934317437   0.00468651938845122   -0.0078422438003059   0
0.243567919708348   -0.0443303520692345   0.00230498539091131   0
0.239835763600453   -0.00523858799958032   -0.00373215610789523   0
0.228818096048701   -0.00922123825411544   -0.0110176675517524   0
0.224302705519377   -0.00182111685332698   -0.00451539052932351   0
0.235758109116632   0.0115872950430856   0.0114554035972551   0
0.240636181382289   0.00500205034694887   0.00487807226565679   0
0.25367298224338   0.00853473885777312   0.0130368008610904   0
0.267904120167967   0.0447115652391212   0.0142311379245874   0
0.250173092467375   -0.00550226381231994   -0.0177310277005915   0
0.24003723186873   -0.0645744319358784   -0.0101358605986454   0
0.233971649571246   0.0233315639118948   -0.00606558229748397   0
0.24790385145984   0.00916250249308431   0.013932201888594   0
0.247299518296645   -0.00636088375360372   -0.00060433316319547   0
0.261511934002681   0.00204000646629157   0.0142124157060362   0
0.252210092660187   0.00201190036760135   -0.00930184134249407   0
0.262785765403893   -0.00142408692968057   0.0105756727437064   0
0.283477816736553   0.0497906749123936   0.0206920513326594   0
0.311121744557078   0.065216204309183   0.0276439278205259   0
0.320473065391056   0.0618872907763628   0.00935132083397749   0
0.357829431122567   0.136850050490419   0.0373563657315111   0
0.315307767529715   -0.0911754231534818   -0.0425216635928526   0
0.308951596527822   -0.0340121775867233   -0.00635617100189273   0
0.328631632310342   -0.0416576713512705   0.0196800357825205   0
0.336370080673731   -0.0759355536027824   0.00773844836338899   0
0.336640136073374   0.0368477817459811   0.000270055399643088   0
0.346750672367409   0.0120985275234982   0.0101105362940344   0
0.349830335890989   0.0163284467940674   0.00307966352358074   0
0.349392049373394   -0.0234961975693133   -0.000438286517595809   0
0.355654790022347   -0.0142541472774991   0.00626274064895371   0
0.364739602588096   -0.00262617977022539   0.009084812565749   0
0.376110355122456   0.044533300093468   0.0113707525343597   0
0.375555388391396   -0.0072090576094278   -0.000554966731059758   0
0.374546514340565   0.0036080073516051   -0.0010088740508315   0
0.353534828667007   -0.022375626524465   -0.0210116856735578   0
0.327887106992456   -0.0102258809163965   -0.0256477216745508   0
0.335941454919381   0.0296514925498069   0.00805434792692505   0
0.371548035619272   0.0185588503004905   0.035606580699891   0
0.39321747802523   0.0129689430392288   0.0216694424059581   0
0.391603750568802   0.0216514057503393   -0.0016137274564284   0
0.384795682289254   -0.00715591791537801   -0.006808068279548   0
0.380174353817512   -0.0218014236731091   -0.0046213284717424   0
0.39568705204754   0.0194525129796654   0.0155126982300282   0
0.426334482394665   0.0142530764830239   0.0306474303471252   0
0.399862847282928   -0.0646264233808702   -0.0264716351117373   0
0.395743852492544   -0.0232368642188921   -0.00411899479038408   0
0.366941984652152   -0.0113434751865073   -0.0288018678403918   0
0.379073290000443   0.0254101764161917   0.0121313053482913   0
0.402668413837692   -0.0544259397343315   0.0235951238372485   0
0.411097200260842   0.0566740569341963   0.00842878642314998   0
0.426214595967879   0.058852409841082   0.0151173957070376   0
0.446151524815001   0.016173272210034   0.0199369288471213   0
0.434821768872316   -0.00191019401360309   -0.0113297559426843   0
0.406673133918768   -0.03284594792556   -0.0281486349535479   0
0.417864148856073   -0.0286024718996653   0.0111910149373042   0
0.423467607220729   0.0138045049415556   0.00560345836465681   0
0.425477249862246   0.00548288983780232   0.00200964264151643   0
0.452248729831077   0.0477434896552053   0.0267714799688312   0
0.451419715528744   -0.0100815890002516   -0.000829014302332565   0
0.441102657343204   -0.00928638049808983   -0.0103170581855406   0
0.467256451637064   0.0600704392417999   0.0261537942938602   0
0.476957333912647   0.00750318270983485   0.00970088227558263   0
0.482973389168236   0.0264843121094737   0.00601605525558935   0
0.511494182444847   0.051765553058221   0.0285207932766112   0
0.535501287245316   0.0502928036363411   0.0240071048004684   0
0.529116780703289   -0.0668112070945548   -0.0063845065420266   0
0.516676031724145   -0.052423201307734   -0.0124407489791437   0
0.481656291801682   -0.0112658677382545   -0.0350197399224634   0
0.484640981669112   0.00692976523264305   0.00298468986742967   0
0.487629706952868   -0.0248329940140239   0.00298872528375649   0
0.493754945772255   0.00469037248893656   0.00612523881938698   0
0.496320344568468   0.0141639888307389   0.00256539879621259   0
0.521638562568231   0.0317322505387809   0.0253182179997632   0
0.521675894935773   -0.00815060771039866   3.7332367542442e-05   0
0.507533897941152   -0.0186559320590094   -0.014141996994621   0
0.503609793168682   -0.015499030918644   -0.0039241047724704   0
0.476399896118061   -0.0425331161242438   -0.0272098970506209   0
0.476279640234558   0.0362414241517604   -0.000120255883503007   0
0.484844337167228   0.0046700746497505   0.00856469693266992   0
0.488785246776785   0.0214349962837339   0.00394090960955745   0
0.486977830223689   -0.00295343221300437   -0.00180741655309585   0
0.511789487169768   0.027009512142916   0.024811656946079   0
0.512918777267034   0.0145979194288419   0.00112929009726537   0
0.529787624702944   0.00818562991010735   0.0168688474359102   0
0.516765086316231   -0.0363855529818073   -0.0130225383867134   0
0.487662265481858   -0.0458150894572446   -0.0291028208343725   0
0.460759334735795   0.0210423967124178   -0.0269029307460633   0
0.49402427481367   0.0369849316558835   0.0332649400778748   0
0.496101088822268   0.000512958927539386   0.00207681400859849   0
0.502872819900919   0.0162863593124448   0.00677173107865137   0
0.510271412352105   0.0136718283954418   0.00739859245118601   0
0.502845729299825   0.0146086394453367   -0.00742568305228086   0
0.499887644660738   -0.0193857617285249   -0.00295808463908698   0
0.497391988806185   0.00264989047576997   -0.00249565585455225   0
0.491805331750086   0.00851120945704531   -0.00558665705609901   0
0.501121935256333   -0.0118158810994535   0.0093166035062468   0
0.524718755375439   0.00228569769529291   0.0235968201191059   0
0.521590433279034   0.0051464756846219   -0.00312832209640546   0
0.510799727600899   -0.0152611458188344   -0.0107907056781347   0
0.493916962543829   0.00504124628065272   -0.0168827650570698   0
0.484539572942657   0.0106916114203136   -0.00937738960117224   0
0.496119152860339   -0.00551351426447594   0.0115795799176817   0
0.501213501075113   0.0288915920575293   0.00509434821477445   0
0.516343440280992   0.0110833603000137   0.0151299392058786   0
0.486890944357987   -0.0327597845943378   -0.0294524959230045   0
0.49723937842326   0.00368448654316977   0.0103484340652729   0
0.506647486752675   -0.0115726332351062   0.00940810832941502   0
0.507374187751857   0.00754341459984559   0.000726700999182373   0
0.532868647935186   0.0242163230890569   0.025494460183328   0
0.527486180265825   -0.0246864636179099   -0.00538246766936001   0
0.495654000785249   -0.00306993493820901   -0.0318321794805768   0
0.507105336385397   -0.00225452811054383   0.0114513356001484   0
0.504154438515402   0.0105777204668305   -0.00295089786999481   0
0.523023989602391   -0.00918728857738227   0.0188695510869892   0
0.507732998105703   -0.0160680255465537   -0.0152909914966883   0
0.487227916572363   -0.00570538925575437   -0.0205050815333401   0
0.508021230517547   -0.021357944697993   0.0207933139451837   0
0.521495672060481   9.99646683234601e-05   0.013474441542934   0
0.521676020152363   0.0203266719044405   0.000180348091882054   0
0.549557579908332   0.0480561420328079   0.0278815597559691   0
0.537982118213645   -0.0306006715230154   -0.0115754616946872   0
0.513635725137027   -0.0539126545710317   -0.0243463930766173   0
0.486611851464892   -0.10067840100626   -0.0270238736721354   0
0.480334046561078   -0.0529939410660076   -0.00627780490381369   0
0.468380004553983   0.0427773278503175   -0.0119540420070954   0
0.494936350650071   0.0852479135309488   0.0265563460960882   0
0.48699167948887   0.0361964146617413   -0.00794467116120129   0
0.468486518121763   -0.0700445545843191   -0.0185051613671072   0
0.472801735456684   0.00582097957327071   0.00431521733492168   0
0.422397212800037   0.0220807099787158   -0.0504045226566469   0
0.38264047830602   -0.0115840515515522   -0.039756734494017   0
0.411193598377413   0.0141950061362696   0.0285531200713923   0
0.444751897240941   0.0293633622731543   0.0335582988635282   0
0.438262653130657   -0.0217098766203137   -0.0064892441102839   0
0.442916908825075   0.012472972182038   0.00465425569441852   0
0.453329160365998   -0.022906161776939   0.0104122515409225   0
0.458282283308282   0.00747963761724108   0.00495312294228406   0
0.445941782067408   0.0128199197886721   -0.012340501240874   0
0.441735963373756   0.00578046298117707   -0.00420581869365227   0
0.435868505861045   -0.0070155500004499   -0.00586745751271045   0
0.432891394994818   -0.034735848752682   -0.00297711086622682   0
0.356165574907037   -0.126609447050901   -0.0767258200877817   0
0.319429376666521   -0.0337723236148487   -0.0367361982405153   0
0.331836063225838   0.0559610035393424   0.0124066865593167   0
0.34021976843101   -0.0143347677878595   0.00838370520517168   0
0.489243393161574   0.123111069080826   0.149023624730564   0
0.430551518538304   -0.0931037463561293   -0.0586918746232691   0
0.244814227278338   -0.0821419432819717   -0.185737291259966   0
0.208376422098927   -0.03946429944551   -0.0364378051794119   0
0.201883684738267   0.0200779823957803   -0.00649273736065947   0
0.241876529220468   0.0707632478696277   0.0399928444822011   0
0.266241584440241   0.0384739947457705   0.0243650552197728   0
0.322714324254924   0.0279354891620819   0.0564727398146835   0
0.253724338102398   -0.115442913840669   -0.0689899861525264   0
0.228322522665423   -0.017931842675597   -0.0254018154369753   0
0.261482637599688   0.0448338841128898   0.0331601149342657   0
0.271769669961642   0.0329653143746124   0.0102870323619539   0
0.24127580971909   0.0090810679185811   -0.0304938602425524   0
0.192006657391254   -0.139075415855839   -0.0492691523278357   0
0.189310655075302   0.0160632360702761   -0.00269600231595218   0
0.198193348106186   0.00728375532615871   0.00888269303088438   0
0.204364801800757   0.0516962542133621   0.00617145369457006   0
0.199516681626381   0.0306595800626525   -0.00484812017437594   0
0.219930675390116   0.0210222555428501   0.0204139937637353   0
0.227443303856016   0.0194338693104458   0.00751262846590009   0
0.221532856632284   -0.0171863194029119   -0.00591044722373213   0
0.219890420883272   -0.0386287241077818   -0.00164243574901182   0
0.220362403602707   -0.028049387211325   0.000471982719435382   0
0.235727623556961   0.0146014953978119   0.015365219954254   0
0.224358158095271   0.0169518935416278   -0.0113694654616906   0
0.238110613839367   0.0190935645269497   0.0137524557440959   0
0.24724046784305   0.0406764177666128   0.0091298540036828   0
0.243750821096484   -0.00063038531413051   -0.00348964674656579   0
0.24906208974318   0.0249629502270447   0.00531126864669657   0
0.256081611390436   -0.00124567489752259   0.00701952164725617   0
0.245864338820334   -0.0203726896337314   -0.0102172725701025   0
0.228400569139642   -0.0109917037476358   -0.0174637696806917   0
0.192437009189345   -0.0414732670476191   -0.0359635599502974   0
0.211072350053133   0.0250782581713712   0.0186353408637886   0
0.208400430103473   -0.00868599823175392   -0.00267191994966051   0
0.200688488534028   0.00721239306165589   -0.00771194156944541   0
0.214402157469328   0.0301388770937047   0.0137136689353005   0
0.223089756813043   0.0375597485290202   0.00868759934371463   0
0.246120151379281   0.0122283172053478   0.023030394566238   0
0.238874914471366   -0.0132300873913642   -0.00724523690791443   0
0.231319259951528   -0.0288909602375407   -0.00755565451983836   0
0.249552037051213   -0.0194367263226897   0.0182327770996852   0
0.250882804764496   -0.0274081971681801   0.00133076771328261   0
0.239572486382937   -0.0195649761407228   -0.0113103183815587   0
0.225987281312605   0.0169587079547248   -0.0135852050703318   0
0.24280679039648   0.00145616488536593   0.0168195090838746   0
0.236618741102116   0.0101267487817717   -0.00618804929436406   0
0.248922859932048   0.0123925301549064   0.0123041188299324   0
0.245033590706336   0.0254258706612457   -0.00388926922571242   0
0.267257611206814   0.0370724092877653   0.0222240205004783   0
0.25077047652148   -0.0043062568466225   -0.0164871346853342   0
0.229211889065931   -0.0327745794631257   -0.0215585874555491   0
0.215676881511841   -0.0414462856814775   -0.0135350075540901   0
0.225492376752347   0.0143858537750603   0.00981549524050671   0
0.233537911297267   0.00219290766516167   0.00804553454491946   0
0.234575376662812   0.00411341987278874   0.00103746536554505   0
0.247013411961016   -0.00400878672369775   0.012438035298204   0
0.251099393410279   0.0304353646259386   0.00408598144926312   0
0.234910678439833   -0.0264818248860504   -0.0161887149704461   0
0.234915309425019   0.0110904237007767   4.63098518638239e-06   0
0.229235058766482   0.0103984792040603   -0.00568025065853706   0
0.229653681577827   -0.00855435155155099   0.000418622811344999   0
0.244492379975205   -0.0133689059431001   0.0148386983973779   0
0.240497754787316   0.0042317348687419   -0.0039946251878889   0
0.231488661555923   -0.0264150009053562   -0.00900909323139343   0
0.217656431710299   0.00232486788078712   -0.0138322298456238   0
0.217477236396025   -0.00932678905485623   -0.000179195314273961   0
0.227866388884671   0.0116654548973011   0.0103891524886459   0
0.228124489983123   0.000969205890342995   0.000258101098452229   0
0.230083031281448   0.010474183819153   0.00195854129832548   0
0.24746038414716   0.0309216569659534   0.0173773528657115   0
0.232592453565007   -0.0244396814501132   -0.0148679305821529   0
0.218996725159584   -0.0412928049372973   -0.0135957284054228   0
0.205373787824913   -0.0257356854001844   -0.013622937334671   0
0.214358890074106   -0.0139026255911138   0.0089851022491923   0
0.224719165301321   0.0351084534175855   0.0103602752272155   0
0.229621188415948   0.0247526644599446   0.00490202311462729   0
0.232972231321331   -0.0311225018779769   0.00335104290538307   0
0.230163721518705   -0.0256680526627941   -0.00280850980262651   0
0.213338823748099   0.00734497910752749   -0.0168248977706059   0
0.223336142288866   0.0238202394243849   0.00999731854076666   0
0.218751272621921   -0.00718011421217821   -0.00458486966694477   0
0.213079010041   0.0194156269686154   -0.00567226258092118   0
0.225039553443256   -0.00585363658640572   0.011960543402256   0
0.214392711911022   -0.0243961248385388   -0.0106468415322338   0
0.2154988208633   0.0120474131143506   0.00110610895227756   0
0.214136375587405   -0.00200797011181914   -0.00136244527589505   0
0.226782804651962   0.002487600092235   0.0126464290645575   0
0.231298143842617   -0.00207137030772084   0.004515339190655   0
0.210782404849415   -0.0304999947284124   -0.0205157389932026   0
0.201470010973197   -0.00474103650178306   -0.00931239387621782   0
0.211586300851857   0.0224343192876703   0.0101162898786602   0
0.208972849906537   0.00481778078425577   -0.00261345094532003   0
0.210301980076514   0.00718957093930195   0.00132913016997713   0
0.213116871950117   -0.0151117701824059   0.00281489187360282   0
0.207642570465452   0.00685787888692108   -0.00547430148466529   0
0.212168698080113   -0.00750355890698645   0.00452612761466112   0
0.223172590112137   0.00706622819241762   0.0110038920320246   0
0.212990735789781   -0.00296414816453092   -0.0101818543223558   0
0.209074276663994   -0.0289086837073994   -0.00391645912578698   0
0.203889536050707   -0.00502054362203375   -0.00518474061328761   0
0.204581850526262   0.0144849565628932   0.000692314475555594   0
0.227853105361217   0.0229597826187284   0.0232712548349549   0
0.218499909172201   -0.0198967405879442   -0.0093531961890165   0
0.192526558191467   -0.0269827874639969   -0.0259733509807334   0
0.20438491770261   0.0135115427905283   0.0118583595111422   0
0.200540225599504   -0.0048799967111072   -0.00384469210310548   0
0.199135010418064   0.0118415622232934   -0.00140521518143999   0
0.193624560086815   0.000337618013493746   -0.00551045033124947   0
0.186695671507965   -0.0457187200209648   -0.00692888857884955   0
0.190007101653622   0.00513026419438378   0.0033114301456573   0
0.202435252853233   0.0312050357063366   0.0124281511996109   0
0.203168813518463   0.012176565958828   0.000733560665229754   0
0.199150692590868   -0.0224169405064473   -0.00401812092759479   0
0.192337757017856   -0.0330998266053941   -0.0068129355730118   0
0.190889645839874   0.00653667816254835   -0.00144811117798252   0
0.202793081995565   0.0521508122320125   0.0119034361556912   0
0.193563129019482   -0.0362510727536883   -0.00922995297608345   0
0.179722381407102   -0.0446402925879471   -0.0138407476123792   0
0.172021725252394   0.0150278417933807   -0.00770065615470883   0
0.201060285192029   0.047320550714973   0.0290385599396353   0
0.196370300081886   0.0162842017727905   -0.00468998511014279   0
0.204729943616585   -0.0270677473568046   0.00835964353469873   0
0.190984603205337   -0.0262184879594094   -0.0137453404112479   0
0.175600694530232   -0.019442078351794   -0.0153839086751045   0
0.175357940276453   0.00309073408734258   -0.00024275425377962   0
0.164564432326673   0.019991704621682   -0.0107935079497803   0
0.181486718881162   0.0109811484447372   0.0169222865544896   0
0.185890750701185   0.0139921131217605   0.00440403182002252   0
0.187827123598404   -0.0033390689397822   0.00193637289721893   0
0.193016149236923   0.0339926351192805   0.005189025638519   0
0.198818284880943   -0.0107972211634161   0.00580213564402082   0
0.193188226109926   -0.0512741623137044   -0.00563005877101719   0
0.163936724627217   -0.028442784145032   -0.0292515014827092   0
0.163956819736936   0.0250129222756511   2.00951097185376e-05   0
0.166818648808369   0.0219137947527704   0.00286182907143351   0
0.175829057403775   0.000432648760436388   0.00901040859540583   0
0.193724967897145   -0.00464302577360404   0.0178959104933704   0
0.196315640285612   0.0521812827753267   0.00259067238846714   0
0.201650946207797   0.0362254647811456   0.00533530592218492   0
0.190573191197634   -0.0467250794800056   -0.0110777550101633   0
0.187640239830107   -0.0442049041419799   -0.00293295136752728   0
0.177162085883944   -0.0163770428582923   -0.0104781539461627   0
0.163127103500614   0.0188880910638042   -0.0140349823833303   0
0.174997869537032   -0.00692311074601851   0.0118707660364179   0
0.181540959604162   -0.0137629299534958   0.0065430900671303   0
0.189718738255476   0.04661549145993   0.00817777865131439   0
