0.550890724925118   0.365939573008523   0   0   0
0.533057788244389   0.314063045518348   -0.0178329366807289   -0.0518765274901747   0
0.539999618216939   0.322114904704674   0.00694182997255   0.00805185918632562   0
0.447999906311609   0.191586710362593   -0.0919997119053306   -0.130528194342081   0
0.355725814365503   0.182938590308333   -0.092274091946106   -0.00864812005426008   0
0.32304036913519   0.0829490985359094   -0.0326854452303122   -0.0999894917724233   0
0.299316933683278   0.123998754033135   -0.0237234354519121   0.041049655497226   0
0.352177341965323   0.0834189059147865   0.0528604082820447   -0.0405798481183489   0
0.216735618564001   0.0656766027441563   -0.135441723401322   -0.0177423031706301   0
0.219354016537765   0.0578868496774095   0.00261839797376412   -0.00778975306674689   0
0.226705910899319   0.124459614253992   0.00735189436155426   0.0665727645765826   0
0.286026899475714   0.131176033205384   0.0593209885763946   0.00671641895139194   0
0.214536844427805   0.128517777066054   -0.0714900550479091   -0.00265825613932982   0
0.16721678221004   0.0957789032441905   -0.0473200622177644   -0.0327388738218637   0
0.185481164185208   0.107625784929356   0.0182643819751676   0.0118468816851656   0
0.183304885008693   0.0641670528827684   -0.00217627917651522   -0.0434587320465876   0
0.279471929326739   0.126039926628519   0.0961670443180468   0.0618728737457508   0
0.282684551886462   0.0941554377522748   0.00321262255972293   -0.0318844888762444   0
0.28088595416439   0.0886978651430236   -0.00179859772207197   -0.00545757260925123   0
0.255949142911732   0.0462465383810237   -0.0249368112526587   -0.0424513267619999   0
0.149262507587036   0.0857911217715592   -0.106686635324696   0.0395445833905355   0
0.367969266942227   0.16967844561847   0.218706759355191   0.0838873238469106   1
0.376734044108042   0.202243314406806   0.0087647771658147   0.0325648687883358   0
0.325669648046913   0.173054218557408   -0.0510643960611291   -0.029189095849398   0
0.306123623461585   0.202657038715838   -0.0195460245853282   0.02960282015843   0
0.322351622890284   0.181261274612567   0.0162279994286997   -0.0213957641032704   0
0.261636210758163   0.166797605153185   -0.060715412132121   -0.0144636694593818   0
0.35361198017744   0.178682698070497   0.0919757694192765   0.0118850929173119   0
0.361524879287719   0.175328373301009   0.00791289911027954   -0.00335432476948794   0
0.282418552127883   0.215580588099323   -0.0791063271598358   0.0402522147983137   0
0.348315193314905   0.211855895433553   0.065896641187022   -0.00372469266577022   0
0.351104381403878   0.239629061108983   0.00278918808897277   0.0277731656754297   0
0.382845072556772   0.247009931041527   0.0317406911528938   0.00738086993254464   0
0.27055898896359   0.219997508039728   -0.112286083593182   -0.0270124230017996   0
0.323220358835888   0.20848289827574   0.0526613698722977   -0.0115146097639877   0
0.323878377078495   0.219741515491195   0.000658018242607639   0.0112586172154554   0
0.297015673758137   0.215326048542228   -0.0268627033203584   -0.00441546694896716   0
0.357259787653187   0.259454961932298   0.0602441138950498   0.0441289133900695   0
0.337785400448273   0.251025312495319   -0.0194743872049139   -0.00842964943697877   0
0.251587876395108   0.217997604052109   -0.0861975240531651   -0.0330277084432101   0
0.298818328182861   0.208357603183229   0.0472304517877533   -0.00964000086887962   0
0.351887058935108   0.247170181629601   0.0530687307522468   0.0388125784463719   0
0.321054497063972   0.245266907575039   -0.0308325618711358   -0.00190327405456253   0
0.391437887473862   0.276672903559966   0.0703833904098902   0.0314059959849279   0
0.3526623970159   0.250971542835662   -0.0387754904579625   -0.0257013607243045   0
0.391917276460224   0.272786779825361   0.0392548794443248   0.0218152369896991   0
0.213106230863412   0.24146764425863   -0.178811045596812   -0.0313191355667306   0
0.366964827670173   0.216262324054029   0.153858596806761   -0.0252053202046011   0
0.405694502676583   0.238969355633081   0.0387296750064097   0.0227070315790518   0
0.382240134853733   0.18836027708281   -0.0234543678228499   -0.0506090785502713   0
0.274081243586642   0.222959255049415   -0.108158891267091   0.034598977966605   0
0.286311931361583   0.200646341872983   0.0122306877749417   -0.0223129131764317   0
0.342971385152114   0.167938599674673   0.0566594537905311   -0.0327077421983104   0
0.159389310966608   0.208622861857833   -0.183582074185507   0.0406842621831603   0
0.482465055320942   0.240577368927488   0.323075744354335   0.0319545070696545   0
0.42041984010867   0.270019582739493   -0.062045215212272   0.0294422138120055   0
0.374421588302544   0.258573161901822   -0.045998251806126   -0.0114464208376709   0
0.321234850271573   0.272478812317105   -0.0531867380309712   0.0139056504152825   0
0.306762518740475   0.25419118389659   -0.0144723315310986   -0.0182876284205148   0
0.158395376218626   0.25797731826682   -0.148367142521849   0.00378613437022973   0
0.260497713844345   0.196839847831937   0.102102337625719   -0.061137470434883   0
0.367771635351341   0.20289761732128   0.107273921506997   0.00605776948934306   0
0.33709429677651   0.19405322361894   -0.030677338574831   -0.00884439370233933   0
0.350755602656736   0.208781963897747   0.0136613058802256   0.0147287402788062   0
0.36165416156877   0.169004423529386   0.0108985589120341   -0.039777540368361   0
0.181687481151729   0.228944128789264   -0.179966680417041   0.0599397052598781   0
0.395923875719007   0.139997664508698   0.214236394567278   -0.0889464642805657   0
0.305453317628472   0.195715050657589   -0.0904705580905357   0.0557173861488905   0
0.349650507072076   0.168609128864661   0.0441971894436045   -0.0271059217929272   0
0.217915326936886   0.264321387636931   -0.13173518013519   0.0957122587722692   0
0.240464992238143   0.287342643111843   0.0225496653012565   0.0230212554749125   0
0.420840786822095   0.246256755134758   0.180375794583952   -0.0410858879770854   0
0.307666130992737   0.271472905076179   -0.113174655829358   0.0252161499414212   0
0.370827242233685   0.277948234381872   0.0631611112409479   0.00647532930569306   0
0.320924595052623   0.302177078477587   -0.049902647181062   0.0242288440957155   0
0.350709397672788   0.289606715613174   0.0297848026201655   -0.012570362864413   0
0.216137523403712   0.251467685384544   -0.134571874269077   -0.0381390302286303   0
0.444746419120874   0.306747843285882   0.228608895717162   0.0552801579013379   0
0.395624640336571   0.346575418948748   -0.0491217787843032   0.0398275756628658   0
0.531036952964669   0.163172167418727   0.135412312628098   -0.183403251530021   1
0.531609988963714   0.236219073074255   0.000573035999045013   0.0730469056555277   0
0.406315103334838   0.249743456797081   -0.125294885628876   0.0135243837228268   0
0.230777766279596   0.270938818436843   -0.175537337055242   0.0211953616397615   0
0.437847069276477   0.224964523238604   0.207069302996881   -0.0459742951982386   0
0.237318817996488   0.281647220749313   -0.200528251279989   0.0566826975107092   0
0.394544492771094   0.259808706749312   0.157225674774607   -0.0218385140000015   0
0.383300733932248   0.271285065690133   -0.0112437588388462   0.0114763589408215   0
0.34071499631657   0.271367905048663   -0.0425857376156785   8.28393585292075e-05   0
0.440803134700741   0.382840970767563   0.100088138384172   0.1114730657189   0
0.361727319601382   0.354731719508208   -0.0790758150993599   -0.028109251259355   0
0.406760599190728   0.317200761574389   0.0450332795893463   -0.0375309579338188   0
0.20753429020345   0.260297533561735   -0.199226308987277   -0.0569032280126543   0
0.449863412249763   0.202662816345278   0.242329122046312   -0.0576347172164566   0
0.391922143535945   0.209661201435196   -0.0579412687138176   0.00699838508991815   0
0.28324925865091   0.198619178493669   -0.108672884885035   -0.0110420229415273   0
0.261302822184913   0.193516596965867   -0.0219464364659973   -0.00510258152780166   0
0.383308215206771   0.161984824833841   0.122005393021858   -0.0315317721320269   0
0.249759923040827   0.199553364924799   -0.133548292165943   0.0375685400909584   0
0.362616971612692   0.203180503896929   0.112857048571865   0.00362713897213007   0
0.295051924195793   0.238325184884335   -0.0675650474168991   0.035144680987406   0
0.337000240904973   0.222573758527348   0.0419483167091802   -0.0157514263569875   0
0.436853029061548   0.205802095305053   0.0998527881565752   -0.0167716632222948   0
0.356351434267971   0.216255184794436   -0.0805015947935775   0.0104530894893832   0
0.426302226183491   0.210528600159842   0.0699507919155197   -0.00572658463459425   0
0.392760189950102   0.205422301775112   -0.0335420362333888   -0.00510629838473012   0
0.398987660931312   0.222256053206769   0.00622747098121063   0.0168337514316571   0
0.353040799513485   0.21011569720642   -0.0459468614178279   -0.0121403560003486   0
0.395195790212902   0.178235507227439   0.0421549906994174   -0.031880189978981   0
0.397897838252484   0.167764370663559   0.00270204803958224   -0.0104711365638802   0
0.260629899544239   0.301275619197356   -0.137267938708245   0.133511248533797   0
0.340292031513361   0.205070725473213   0.0796621319691218   -0.0962048937241423   0
0.379407594160502   0.253772677302882   0.0391155626471411   0.0487019518296684   0
0.403264094507421   0.221535411766945   0.0238565003469191   -0.0322372655359364   0
0.339869056511489   0.26133552563823   -0.0633950379959314   0.0398001138712847   0
0.323587678708507   0.210854291869297   -0.0162813778029823   -0.0504812337689335   0
0.418363440537782   0.207050824874963   0.0947757618292746   -0.00380346699433379   0
0.257596698782981   0.213258640590534   -0.1607667417548   0.00620781571557111   0
0.359661774336334   0.240237260753822   0.102065075553353   0.0269786201632884   0
0.232261383749344   0.243971419978529   -0.12740039058699   0.00373415922470716   0
0.361224336056376   0.253935130512617   0.128962952307033   0.0099637105340879   0
0.347064615152859   0.228878648118386   -0.0141597209035171   -0.0250564823942312   0
0.312958728495692   0.286995508205046   -0.0341058866571678   0.0581168600866597   0
0.29394918558887   0.26348704390776   -0.0190095429068214   -0.0235084642972854   0
0.500842775132885   0.243644591265638   0.206893589544015   -0.0198424526421219   0
0.374524398671221   0.185430211576761   -0.126318376461664   -0.058214379688877   0
0.341413397167071   0.240608261687276   -0.0331110015041507   0.0551780501105142   0
0.354238410050703   0.235062012113958   0.0128250128836323   -0.00554624957331773   0
0.367580849925305   0.234406603725388   0.0133424398746025   -0.000655408388569645   0
0.279730035542771   0.253789289571113   -0.0878508143825343   0.0193826858457243   0
0.362846645851936   0.231873915804667   0.0831166103091645   -0.0219153737664451   0
0.386846955553808   0.223901348274726   0.0240003097018724   -0.00797256752994177   0
0.365288353483231   0.223925950320084   -0.021558602070577   2.46020453578411e-05   0
0.30319537761366   0.294131190402603   -0.0620929758695709   0.0702052400825198   0
0.44836696770468   0.244915972362237   0.14517159009102   -0.0492152180403664   0
0.390062473541419   0.183831951984931   -0.0583044941632617   -0.0610840203773059   0
0.360722036857135   0.220697410559821   -0.029340436684284   0.0368654585748895   0
0.292390243236056   0.245358611595864   -0.0683317936210787   0.0246612010360434   0
0.345621272184685   0.200945641184631   0.0532310289486289   -0.0444129704112328   0
0.347679708628861   0.178165171286113   0.00205843644417664   -0.022780469898518   0
0.324244122006259   0.206529863102991   -0.0234355866226021   0.0283646918168775   0
0.387072593407025   0.222524216552762   0.0628284714007655   0.0159943534497712   0
0.384981724957445   0.194867089273689   -0.00209086844957962   -0.0276571272790724   0
0.424456251269975   0.266080479733258   0.0394745263125295   0.0712133904595685   0
0.391596094250185   0.23375444869072   -0.0328601570197894   -0.0323260310425377   0
0.422728396117412   0.316278798989056   0.0311323018672271   0.0825243502983364   0
0.384731969217532   0.253056876085309   -0.0379964268998804   -0.0632219229037471   0
0.371914130484444   0.258179750740356   -0.012817838733088   0.00512287465504691   0
0.405209798861034   0.267309651760837   0.0332956683765905   0.00912990102048084   0
0.379075074966688   0.251064574146399   -0.0261347238943466   -0.0162450776144384   0
0.445201718326648   0.290552680961233   0.0661266433599601   0.0394881068148342   0
0.489522090322796   0.253382298979802   0.0443203719961484   -0.0371703819814304   0
0.541902463963765   0.236424902825633   0.052380373640969   -0.0169573961541695   0
0.506774088112247   0.222906315196099   -0.0351283758515178   -0.0135185876295343   0
0.48974658719791   0.240091021798114   -0.0170275009143375   0.0171847066020155   0
0.471233266026498   0.224126133813954   -0.0185133211714122   -0.0159648879841597   0
0.513356331319679   0.214713515388776   0.0421230652931812   -0.00941261842517863   0
0.429261159677882   0.202367411079051   -0.0840951716417971   -0.0123461043097249   0
0.433855156628338   0.191963176176845   0.00459399695045654   -0.0104042349022058   0
0.447852341301237   0.213771337156809   0.013997184672899   0.0218081609799636   0
0.430212456826857   0.201286137780275   -0.0176398844743808   -0.0124851993765334   0
0.470149999666064   0.214098705057971   0.0399375428392074   0.0128125672776955   0
0.413517231420893   0.193740068672564   -0.0566327682451715   -0.0203586363854064   0
0.434636074863788   0.162247331240763   0.0211188434428951   -0.0314927374318011   0
0.462576691853362   0.162842136541038   0.0279406169895741   0.00059480530027442   0
0.458974516274052   0.201764452147795   -0.00360217557930986   0.0389223156067575   0
0.406190786351685   0.202746235687004   -0.0527837299223671   0.000981783539208192   0
0.44482771038347   0.205147132913185   0.038636924031785   0.00240089722618142   0
0.430820265426314   0.185995224429285   -0.0140074449571553   -0.0191519084839002   0
0.412526065567983   0.23692239237934   -0.0182941998583312   0.0509271679500554   0
0.392073431918053   0.21123805354623   -0.0204526336499304   -0.02568433883311   0
0.49163710460664   0.188044683430561   0.099563672688587   -0.0231933701156689   0
0.714012516721248   0.222522798995974   0.222375412114608   0.0344781155654124   0
0.714420026173679   0.203145409262282   0.000407509452431176   -0.0193773897336918   0
0.616537413932034   0.1543240010384   -0.097882612241645   -0.0488214082238821   0
0.58007232453376   0.191763680655384   -0.0364650893982736   0.037439679616984   0
0.49531155461689   0.168438400196481   -0.0847607699168706   -0.0233252804589024   0
0.463533570906143   0.223521465200213   -0.0317779837107469   0.0550830650037316   0
0.454547738528089   0.191023109742801   -0.00898583237805367   -0.0324983554574124   0
0.47859418564479   0.213585337697839   0.0240464471167012   0.0225622279550387   0
0.588795314849736   0.166012396544656   0.110201129204946   -0.0475729411531835   0
0.544166790542201   0.248517336921391   -0.0446285243075348   0.082504940376735   0
0.525562812693212   0.210375642997235   -0.0186039778489896   -0.0381416939241558   0
0.510156370730583   0.184382972902869   -0.0154064419626287   -0.0259926700943661   0
0.525361550517356   0.1672319662306   0.0152051797867727   -0.0171510066722688   0
0.537298181197368   0.155768162004467   0.0119366306800126   -0.0114638042261325   0
