0.0960910350817911   0   0   0
0.112461653903387   -0.0787737795159058   0.016370618821596   0
0.112124158638984   -0.0234142012479467   -0.000337495264403326   0
0.108279098994497   -0.00107727041365538   -0.00384505964448716   0
0.0932669406371304   0.0150594250476377   -0.0150121583573662   0
0.0732713731570011   0.00305010273432002   -0.0199955674801293   0
0.0627219803339507   -0.0034090346219158   -0.0105493928230504   0
0.0627124986255731   -0.0352532691033509   -9.48170837763995e-06   0
0.059461906211351   0.0162468327409274   -0.00325059241422209   0
0.0533725968927173   -0.0263070516513813   -0.00608930931863365   0
0.0745956672499482   -0.0361606676898979   0.0212230703572309   0
0.059341955918136   0.011320388637331   -0.0152537113318122   0
0.0473263273874859   -0.0192054608594581   -0.0120156285306501   0
0.0585465855940592   0.00327100752327446   0.0112202582065733   0
0.0582899789827763   0.0311044200952663   -0.000256606611282933   0
0.03677544270223   -0.0142366448304802   -0.0215145362805463   0
0.0502406051592298   -0.00209316955626289   0.0134651624569998   0
0.0378481517693071   0.0230614019497924   -0.0123924533899227   0
0.0558758679389636   -0.0730729741941684   0.0180277161696565   0
0.0637420275916526   -0.00578545882061331   0.007866159652689   0
0.0420483367013634   0.00642589508445276   -0.0216936908902892   0
0.042600994550421   0.0317783372846446   0.000552657849057586   0
0.046688284757588   0.00703535457967804   0.00408729020716701   0
0.026885220057043   -0.0164136735585182   -0.019803064700545   0
0.0490961087230763   0.0243886295933673   0.0222108886660333   0
0.0339332567965134   -0.0397366551942078   -0.0151628519265628   0
0.0521910992613503   0.0411740455197898   0.0182578424648369   0
0.0522796738252306   -1.93738551079181e-05   8.8574563880256e-05   0
0.0293656563266088   -0.00161371810601917   -0.0229140174986218   0
0.0583117183972847   0.0189746173032657   0.0289460620706758   0
0.0432247305487553   -0.047987949777935   -0.0150869878485293   0
0.0420346213623068   0.0205788228632799   -0.00119010918644849   0
0.0608302394315936   -0.0130184616712344   0.0187956180692867   0
0.0461513472502699   -0.0142404198644068   -0.0146788921813236   0
0.0490425194501669   0.0147142245092399   0.00289117219989697   0
0.0570808262147851   0.0244110446677737   0.0080383067646182   0
0.0603871762160024   -0.0306000656603124   0.00330635000121728   0
0.0723998773915571   0.0238305413357737   0.0120127011755547   0
0.0606531981211626   -0.0453637597841796   -0.0117466792703945   0
0.0551132631328884   0.0441717932758221   -0.00553993498827413   0
0.0583731223426555   0.0151243376403972   0.00325985920976704   0
0.0545905490616563   -0.0112110092064839   -0.00378257328099921   0
0.062185370221721   0.00169260351185312   0.00759482116006469   0
0.0605150912939491   0.00162765524190693   -0.00167027892777181   0
0.0679409577890474   0.0122559928555579   0.0074258664950983   0
0.0757000982642031   -0.0346026568298345   0.00775914047515561   0
0.0801454306375136   0.0328606438684509   0.00444533237331052   0
0.0820731752645162   -0.0274073838275461   0.00192774462700265   0
0.0782644853973322   0.00870098081892746   -0.00380868986718402   0
0.0925974033917258   0.0213460996688209   0.0143329179943936   0
0.0690035179401203   -0.0127169280387956   -0.0235938854516056   0
0.0940896767687747   0.0202834333394418   0.0250861588286544   0
0.0837648591797897   -0.0286204936742473   -0.010324817588985   0
0.0840535288737035   0.0136541838477084   0.000288669693913723   0
0.0954389169105559   -0.0126397755265085   0.0113853880368525   0
0.0810578860780369   -0.00783921677327101   -0.0143810308325191   0
0.0839803157443606   0.0187574322296432   0.00292242966632372   0
0.10206888185658   -0.0154765935326798   0.0180885661122195   0
0.0912450826521764   0.0178974588948687   -0.0108237992044037   0
0.103911587068334   -0.0117828693131478   0.0126665044161578   0
0.100606105347551   0.0244478018852216   -0.00330548172078336   0
0.104611941788462   0.0170398250446151   0.00400583644091088   0
0.100389427497135   -0.0195474983468239   -0.00422251429132686   0
0.101197742554874   -0.0186704304313492   0.000808315057738873   0
0.0918318327217746   0.00418199838817804   -0.00936590983309911   0
0.0950132065149367   0.0220326561598306   0.00318137379316204   0
0.0962298230179319   0.00190442614640221   0.00121661650299525   0
0.0884072288526368   -0.00138439955058604   -0.00782259416529509   0
0.093359746754905   -0.0044976627065143   0.00495251790226819   0
0.0979759339028723   -0.00863514848614953   0.0046161871479673   0
0.0952081571859917   0.0158032301565944   -0.00276777671688062   0
0.101247228405039   -0.0189607492040166   0.00603907121904712   0
0.093495762841639   0.0191840597348015   -0.00775146556339984   0
0.0874037424854314   -0.0333813343354518   -0.00609202035620762   0
0.0921487125868019   0.0443299779412661   0.00474497010137055   0
0.104225350726635   -0.0178764264014004   0.0120766381398327   0
0.0866186868479683   0.00545066330102127   -0.0176066638786663   0
0.0903994339713474   0.0407897103874429   0.0037807471233791   0
0.0974381879723756   -0.0181707626243058   0.00703875400102817   0
0.0806691133921466   0.0227074899527717   -0.016769074580229   0
0.0893050279861386   -0.0487535310050152   0.00863591459399202   0
0.0886968113893758   0.0270199047640602   -0.000608216596762828   0
0.106397052986455   0.0245148216070004   0.0177002415970792   0
0.103905473970203   -0.0237189770013854   -0.00249157901625208   0
0.10389989247569   -0.00913960957647161   -5.5814945125604e-06   0
0.104233881897682   0.0337500430417458   0.000333989421992115   0
0.104663528117356   0.00603492544175679   0.000429646219673271   0
0.115501999287848   -0.0174628842168205   0.0108384711704922   0
0.105764714519316   0.00975776998199643   -0.0097372847685314   0
0.103917627869493   0.0134777047108765   -0.00184708664982308   0
0.105681899191737   -0.00270311486885408   0.00176427132224383   0
0.105041877495311   -0.00164286775198133   -0.000640021696425797   0
0.107304601283321   0.0230525145678503   0.00226272378800965   0
0.11435281628141   -0.0230856373806134   0.00704821499808937   0
0.0996599625354259   0.0144044761869505   -0.0146928537459845   0
0.116624989271168   0.00567324917516901   0.0169650267357419   0
0.103272591526019   -0.0102646064692812   -0.0133523977451487   0
0.119308231210759   0.0286223385788903   0.0160356396847401   0
0.129863350054009   -0.0176399917665145   0.0105551188432494   0
0.11018540544691   -0.00329368231285476   -0.0196779446070984   0
0.138134326227227   0.0226093704348568   0.0279489207803168   0
0.137897505305571   -0.0124192937872617   -0.000236820921656028   0
0.124177469217447   0.0309303544701545   -0.0137200360881241   0
0.138628131899698   -0.0259541240981982   0.0144506626822508   0
0.128181776201806   0.0139294566459265   -0.0104463556978913   0
0.133281870219659   0.0385590423684341   0.00510009401785244   0
0.149704083680105   0.000998663103393471   0.0164222134604464   0
0.144562309337531   -0.0110232478218594   -0.00514177434257437   0
0.168558387158575   -0.0232777031631903   0.0239960778210438   0
0.162907243912755   0.0189666365548687   -0.00565114324581936   0
0.157439288260586   0.0194978278440203   -0.00546795565216912   0
0.156291632204031   -0.0181449103583254   -0.00114765605655565   0
0.149852272302591   0.00619929694019344   -0.00643935990143929   0
0.174075803267571   -0.0195568735195013   0.0242235309649794   0
0.191769714277307   -0.00963389986021462   0.0176939110097363   0
0.177979535032121   0.0401048602185066   -0.0137901792451861   0
0.196499186495771   -0.027268256305203   0.0185196514636505   0
0.184373666458228   0.0256281320075684   -0.0121255200375432   0
0.199827227619887   -0.00439437428036166   0.0154535611616584   0
0.194070085617284   0.0104197511855213   -0.00575714200260255   0
0.20051310651925   -0.00235309903277919   0.00644302090196566   0
0.212430378632624   0.0276659889398954   0.0119172721133742   0
0.212803831829927   0.00807691711691011   0.000373453197303308   0
0.231887957959766   -0.000530322228466662   0.0190841261298382   0
0.219503986376672   -0.0344489264124502   -0.012383971583094   0
0.222702348254907   0.0423051011736378   0.00319836187823569   0
0.218060659745173   -0.00377532461129726   -0.00464168850973448   0
0.210262997184478   -0.0190214560109589   -0.00779766256069431   0
0.209932816348469   0.0238003704462248   -0.000330180836009525   0
0.217822584805272   -0.0166679967714652   0.00788976845680328   0
0.216653549166636   0.000281846667827157   -0.00116903563863616   0
0.217041607672354   0.0239511162619965   0.000388058505717881   0
0.218649995560256   -0.0141738772223808   0.00160838788790213   0
0.22172635562896   0.0281195783085449   0.00307636006870385   0
0.22183126619122   0.0205378084111941   0.000104910562260307   0
0.235611512196454   -0.050556409477798   0.0137802460052342   0
0.22741968616305   0.0568340078450694   -0.00819182603340482   0
0.244638149718109   -0.0126071260314083   0.0172184635550595   0
0.236721285526355   -0.00363415346978385   -0.00791686419175436   0
0.238843326696603   -0.00726724431298909   0.00212204117024772   0
0.244782910821507   0.0109521118711961   0.00593958412490475   0
0.232036275218984   0.0192435798009432   -0.0127466356025235   0
0.253579614327532   -0.0111850414245031   0.0215433391085484   0
0.24314881806108   -0.0292519272115855   -0.0104307962664526   0
0.25276496721955   0.0486332425654383   0.00961614915847003   0
0.258379020304474   -0.0241635776385835   0.00561405308492474   0
0.25472554320582   0.0208364029416577   -0.00365347709865455   0
0.282758523189841   0.0147440497999848   0.0280329799840214   0
0.271351096435043   0.00670790879943839   -0.0114074267547982   0
0.270559347616655   -0.000994144194296998   -0.00079174881838795   0
0.283350248103385   -0.0192253507714982   0.0127909004867302   0
0.277283767544189   0.0197453320575174   -0.00606648055919601   0
0.274573199359479   -0.00737391279392435   -0.00271056818471066   0
0.284566230285675   -0.00253069242680037   0.00999303092619674   0
0.270626795534921   0.0334671911004305   -0.0139394347507543   0
0.288334217577449   -0.0408507491153222   0.0177074220425284   0
0.267639263999605   0.0336591891470145   -0.020694953577845   0
0.286218494141277   -0.0226915330484359   0.0185792301416721   0
0.281190925431903   0.0283337962632165   -0.00502756870937365   0
0.280574701773877   -0.0540335202611254   -0.000616223658025994   0
0.277361214759292   0.0582492826738291   -0.00321348701458518   0
0.290189547427625   -0.0127664851780982   0.0128283326683335   0
0.296229130434956   -0.0012803377700672   0.00603958300733037   0
0.299901309409029   0.00678113566685057   0.00367217897407307   0
0.300504556511628   -0.01949737813096   0.000603247102598847   0
0.304207918822801   0.039251074730178   0.00370336231117357   0
0.29419670209275   -0.0170731328630594   -0.0100112167300517   0
0.295696490747692   -0.0203776935547004   0.00149978865494266   0
0.323276938425091   0.0459091608695393   0.0275804476773988   0
0.318023554889021   -0.016129223646777   -0.00525338353607019   0
0.3320181538926   0.013611378963421   0.013994599003579   0
0.328396183637234   -0.0700555114106076   -0.00362197025536559   0
0.322157429013751   0.0653828222863063   -0.00623875462348317   0
0.308026291700481   -0.00764181492323018   -0.0141311373132696   0
0.338592270514626   -0.00808197738182082   0.0305659788141452   0
0.336878257055127   -0.00188060703397175   -0.00171401345949979   0
0.343854588860611   0.00879200635912436   0.00697633180548457   0
0.342086372052439   -0.0197922903729612   -0.0017682168081718   0
0.331926518966171   0.00269155411073402   -0.0101598530862683   0
0.338330605926363   0.00760329164101398   0.00640408696019185   0
0.335973880389533   0.0125029085145758   -0.00235672553683036   0
0.342507335929466   0.0176471320687711   0.00653345553993323   0
0.35672360121318   -0.0467133764881418   0.0142162652837142   0
0.343559599119643   0.0529482707151361   -0.0131640020935368   0
0.346290370357378   -0.028028868539709   0.00273077123773463   0
0.334957948474506   0.00301117120962874   -0.0113324218828716   0
0.348831513165382   0.00612685442062855   0.0138735646908756   0
0.362697655830928   -0.00877057059272285   0.0138661426655456   0
0.361734511411339   0.0235172473046575   -0.000963144419588779   0
0.361322010496178   -0.0339333722734199   -0.00041250091516104   0
0.356999233260031   0.0389641776900942   -0.00432277723614677   0
0.358242090819183   -0.0232634396614442   0.00124285755915238   0
0.369227212546692   -0.0157807652938594   0.0109851217275086   0
0.367587428336784   0.0383306024183754   -0.0016397842099084   0
0.378707484181723   -0.0198886976777212   0.0111200558449395   0
0.375649377639575   0.0165686836798212   -0.00305810654214805   0
0.379204257487307   -0.00571693189730454   0.00355487984773228   0
0.389845063047488   0.00060183592874441   0.0106408055601809   0
0.380788242245608   0.0225551083055447   -0.00905682080187997   0
0.382901538051886   -0.00669679768698139   0.00211329580627789   0
0.383577624473848   -0.0270327142474513   0.00067608642196143   0
0.380170564701227   0.0421309963656856   -0.00340705977262035   0
0.394251294229011   -0.0294164688235367   0.0140807295277836   0
0.390819359054154   0.000704260975812721   -0.0034319351748564   0
0.39738891198579   0.00904569092725571   0.00656955293163575   0
0.384396814856731   0.0156280271537829   -0.012992097129059   0
0.38980258419423   -0.0308888124276472   0.0054057693374992   0
0.380159787561099   0.0162416905195848   -0.00964279663313117   0
0.391579348237685   -0.0177457654310799   0.0114195606765857   0
0.37472758956474   0.013089555575846   -0.0168517586729451   0
0.387591990841852   -0.0218104052632601   0.012864401277112   0
0.380792274438768   0.0275931358356741   -0.00679971640308358   0
0.392460636026723   0.024173092520877   0.011668361587955   0
0.393905862074621   -0.0378715582129565   0.00144522604789749   0
0.38644118226452   0.0376728226033166   -0.00746467981010052   0
0.388256771167291   -0.033184097090987   0.00181558890277073   0
0.387617308381605   0.0176274198241371   -0.000639462785686107   0
0.405099788045489   -0.024244174713154   0.0174824796638841   0
0.378384260596289   0.0091287255376592   -0.0267155274492002   0
0.384621281918006   0.0285063880492297   0.00623702132171716   0
0.389891144131923   -0.0506735038361933   0.00526986221391734   0
0.388587975100877   0.0540605485341618   -0.00130316903104577   0
0.39835803229507   -0.0258885054774947   0.00977005719419266   0
0.395702467979415   0.0156827901334444   -0.00265556431565495   0
0.40525084245224   -0.025541452330159   0.00954837447282475   0
0.388485844375957   0.0263789070194788   -0.0167649980762831   0
0.396941479617903   -0.0162272614321727   0.00845563524194615   0
0.390466255502956   -0.0195297784659086   -0.00647522411494644   0
0.405207169877644   0.0309073738253549   0.0147409143746878   0
0.398187119190212   -0.0046653836996477   -0.00702005068743233   0
0.406719140260205   -0.0388563131067574   0.00853202106999279   0
0.392211746754225   0.0198542066976882   -0.0145073935059801   0
0.398756271251626   0.0159522967707678   0.00654452449740106   0
0.380998021420716   -0.0278222717430724   -0.0177582498309101   0
0.379352300778907   0.00222276886086153   -0.00164572064180896   0
0.39273315480266   0.00384711844230401   0.0133808540237533   0
0.400384013909771   -0.00149093846808152   0.00765085910711144   0
0.410854302689834   -0.0121145947253401   0.010470288780063   0
0.418575079901444   0.00281595993914446   0.00772077721160935   0
0.409741141441764   0.0307921377635921   -0.00883393845967928   0
0.415008274534978   -0.0363842536084972   0.00526713309321397   0
0.397439361016873   0.0109023091005578   -0.0175689135181058   0
0.416021536114118   0.00239771809278749   0.018582175097245   0
0.404503576427329   0.0152245481419757   -0.0115179596867886   0
0.405202375517778   -0.0122587278414676   0.000698799090448621   0
0.398461009622648   -0.0214018850013313   -0.00674136589512953   0
0.38133365242298   0.00170748735532217   -0.0171273571996682   0
0.385140270407095   -0.0224295988391373   0.0038066179841148   0
0.383040639943727   0.00261913721936119   -0.00209963046336753   0
0.401417245008545   -0.00263848812623124   0.0183766050648176   0
0.375100018207144   0.0280929252614969   -0.0263172268014004   0
0.40134060911307   -0.0328327173112433   0.0262405909059257   0
0.383127498680596   0.0162614406247551   -0.0182131104324741   0
0.404265869771676   -0.0179514759307682   0.0211383710910805   0
0.380435805702158   0.0239232573967912   -0.0238300640695186   0
0.369791443706449   0.0252955541139232   -0.0106443619957086   0
0.362421263044127   -0.0268800104180341   -0.00737018066232259   0
0.363145522170521   0.00960414678208737   0.000724259126393956   0
0.358177484446608   -0.00609811009937455   -0.00496803772391263   0
0.34030711026439   0.0241106399255394   -0.0178703741822175   0
