0   0   0   0
0.0648781397499574   0.100126465260889   0.0648781397499574   0
0.0739849526380196   0.0377504364880987   0.0091068128880622   0
0.0642777813687397   0.0549750013907532   -0.00970717126927988   0
0.0724515212567169   0.00462933675362218   0.00817373988797719   0
0.0727105718435256   -0.0262382742408817   0.000259050586808723   0
0.102423136948836   -0.0203921427749059   0.0297125651053103   0
0.101343081730698   0.0353662216498708   -0.00108005521813762   0
0.107615436721876   -0.00516370671805921   0.00627235499117723   0
0.131857617464104   -0.0211660333947313   0.0242421807422285   0
0.123900426857023   -0.0299490391014309   -0.00795719060708108   0
0.166855858035978   0.0637146323699753   0.0429554311789552   0
0.153877520055473   -0.0500062971514894   -0.0129783379805051   0
0.152390755548696   0.0933398592318166   -0.00148676450677676   0
0.16243740603621   -0.0505300114409231   0.0100466504875136   0
0.157948322534627   0.047678379483598   -0.00448908350158303   0
0.179419744265542   -0.00570847982418862   0.0214714217309152   0
0.152697247585705   -0.0335813262379362   -0.0267224966798374   0
0.197298186182109   0.0514315710333321   0.0446009385964039   0
0.189643164114212   0.0166515266001116   -0.00765502206789648   0
0.198192220360689   -0.0713710003877796   0.00854905624647709   0
0.227570559081134   0.0393214413334075   0.029378338720445   0
0.194097248708605   -0.0879718250014715   -0.0334733103725294   0
0.214101173832023   -0.00364244678897435   0.0200039251234179   0
0.239930977617001   -0.00420483793223611   0.0258298037849786   0
0.225046375566237   0.0334005791102332   -0.0148846020507639   0
0.260559190697143   0.00624783697597764   0.0355128151309053   0
0.255395894690479   -0.0523446132345487   -0.00516329600666426   0
0.250613299118882   0.0284458610333023   -0.00478259557159699   0
0.286925119373505   -0.0272396724944603   0.0363118202546234   0
0.268731917375384   0.0362744250019479   -0.0181932019981213   0
0.29540779020576   0.0293700498493946   0.0266758728303759   0
0.271637466572636   -0.00473689439482838   -0.0237703236331234   0
0.317058976049015   0.0202316408058562   0.0454215094763791   0
0.301756512906101   -0.0262816870084643   -0.0153024631429141   0
0.31182861279355   -0.00427605273526738   0.0100720998874492   0
0.314725272030624   -0.026903464287897   0.00289665923707316   0
0.298127348532049   0.00423526600373983   -0.0165979234985743   0
0.295436704025583   0.0580817390091355   -0.00269064450646622   0
0.276247281791604   -0.0613473024338349   -0.0191894222339788   0
0.301270157842592   0.0501978727096638   0.0250228760509873   0
0.272967707731611   -0.0485559894315831   -0.0283024501109809   0
0.296854252949996   0.0630096160058828   0.023886545218385   0
0.306146554513929   -0.00598837186653145   0.00929230156393318   0
0.287549052451056   -0.0253040677593996   -0.018597502062873   0
0.304470581707823   0.0350352707613871   0.016921529256767   0
0.290623856006781   -0.0331261824414061   -0.0138467257010421   0
0.278499159008605   0.00574964664432648   -0.0121246969981761   0
0.279455815983046   -0.0326936638585068   0.000956656974441361   0
0.283850031561122   0.0339886188229172   0.00439421557807618   0
0.30627898092303   0.0363789286456691   0.0224289493619083   0
0.298255963714894   -0.0203360422764981   -0.00802301720813658   0
0.329128287533524   0.0635296471427561   0.0308723238186302   0
0.331361003278147   -0.0705287469223676   0.00223271574462286   0
0.3454305924104   0.0650544685345348   0.0140695891322533   0
0.343976798418513   -0.0636623029575107   -0.00145379399188761   0
0.320351136154143   0.0402317948309394   -0.02362566226437   0
0.338220126413627   -0.00887603314826563   0.0178689902594847   0
0.335646942134514   -0.023594662989427   -0.00257318427911302   0
0.35148381269057   0.0229867009032019   0.0158368705560561   0
0.338570695330384   -0.0385707838229251   -0.012913117360186   0
0.373878972387456   0.0687653560885556   0.0353082770570715   0
0.353248518037939   -0.0320805588500922   -0.020630454349517   0
0.3648061444144   0.0280109745206471   0.0115576263764611   0
0.355408836290687   -0.00644258864386993   -0.00939730812371342   0
0.322883069805851   -0.018054214175722   -0.0325257664848356   0
0.338764896907132   0.00886454224414515   0.0158818271012814   0
0.342064964497243   -0.0153934915894098   0.00330006759011048   0
0.345286139065486   0.040097596039761   0.00322117456824295   0
0.324644396227626   -0.0539049916920388   -0.0206417428378595   0
0.367986737905729   0.0925876638099144   0.0433423416781032   0
0.347754705538257   -0.0244534770228321   -0.0202320323674722   0
0.342836482537229   -0.0143555011286144   -0.0049182230010279   0
0.35943887444286   0.0244063199784685   0.0166023919056305   0
0.339912612982734   -0.0534263713259369   -0.0195262614601258   0
0.357621573865448   0.0666929015077553   0.0177089608827138   0
0.333608146294796   -0.0265644214309272   -0.0240134275706519   0
0.342944923021904   -0.0384563759478521   0.00933677672710853   0
0.370663369582496   0.0334721955839922   0.0277184465605915   0
0.321013223994744   -0.0720477082225389   -0.0496501455877515   0
0.359244523038974   0.0396145408234996   0.0382312990442296   0
0.334492476050658   -0.00663929222313564   -0.0247520469883161   0
0.362159550963384   0.00788869662377786   0.0276670749127261   0
0.363103095774809   -0.00691926486502964   0.000943544811424779   0
0.361631450205178   0.00331881596311087   -0.00147164556963103   0
0.372444990961753   0.0115653231137221   0.0108135407565748   0
0.36242119601163   -0.0225330503272258   -0.0100237949501231   0
0.375117141829389   0.0329082734591779   0.0126959458177596   0
0.348255934820212   -0.0193807862550699   -0.0268612070091767   0
0.360805328282787   0.0100959746373874   0.012549393462575   0
0.343368652649379   -0.000724746006805277   -0.0174366756334082   0
0.348457516072261   -0.00517307862082411   0.00508886342288178   0
0.351411549890581   0.0234720226892019   0.00295403381831966   0
0.345934180630145   -0.0189988135757121   -0.00547736926043535   0
0.353946237118365   -0.0179144055930345   0.0080120564882199   0
0.345375459126369   -0.066426922719401   -0.0085707779919964   0
0.342190536047171   0.0646411603921788   -0.0031849230791981   0
0.325881279891159   -0.0454178748084755   -0.0163092561560115   0
0.317553534456003   0.0440458679758963   -0.00832774543515591   0
0.314643214249887   -0.0290527245943746   -0.0029103202061167   0
0.323741483677177   0.015048547259442   0.00909826942729069   0
0.320548759597117   0.00300228182042894   -0.00319272408006066   0
0.321877776219872   0.0190025868202247   0.00132901662275547   0
0.33209893588884   0.0152405325727093   0.0102211596689682   0
0.30840777227155   0.00476266816256027   -0.0236911636172906   0
0.326927854299309   0.0316740625138529   0.0185200820277591   0
0.32450101650149   -0.0597139000202146   -0.00242683779781916   0
0.33453444324688   0.0382815749272798   0.0100334267453905   0
0.323785094359669   -0.0270013089496599   -0.0107493488872107   0
0.318893385066624   0.0332980113572449   -0.00489170929304555   0
0.323579461344891   -0.0081285683944986   0.00468607627826756   0
0.301085428728293   0.00436082003850113   -0.0224940326165983   0
0.31500886250747   0.0292457130008292   0.0139234337791768   0
0.287034593615473   -0.0560079896579551   -0.0279742688919963   0
0.322713864875295   0.0676299738970898   0.0356792712598213   0
0.28512365760403   -0.0549879779475595   -0.037590207271265   0
0.312621530014729   -0.0152026225053083   0.0274978724106991   0
0.296236210682455   0.0197937805766307   -0.0163853193322736   0
0.308002557133054   -0.00354202473796617   0.0117663464505985   0
0.325942326871258   0.0476341836514239   0.0179397697382043   0
0.315205108132387   -0.0719754125712303   -0.0107372187388707   0
0.355851849700827   0.0859417882103746   0.0406467415684397   0
0.326530611939371   -0.0537691919315358   -0.0293212377614562   0
0.354173225526013   0.0442773662961906   0.0276426135866421   0
0.342017652773216   -0.0171962623947153   -0.0121555727527971   0
0.333316793122549   0.0248711236802583   -0.00870085965066697   0
0.342083948068672   -0.00998896818228823   0.00876715494612335   0
0.305266581513748   -0.0462166087819981   -0.0368173665549238   0
0.350485152525396   0.0763686936040724   0.0452185710116474   0
0.307324207956256   -0.0565043484862366   -0.04316094456914   0
0.35306467595966   0.0258072993258352   0.0457404680034045   0
0.334341872892104   -0.0172475953288206   -0.0187228030675561   0
0.338053731638922   -0.00312123717007523   0.00371185874681734   0
0.342589385020172   0.0050472244046334   0.00453565338125089   0
0.336953902779371   -0.0403879884080481   -0.00563548224080118   0
0.348678322603818   0.0331249763373899   0.0117244198244472   0
0.331236504642261   -0.0194028550068737   -0.0174418179615576   0
0.342296806995774   0.0524518769537307   0.0110603023535136   0
0.339747568191753   -0.0274167246519268   -0.00254923880402119   0
0.354602162105186   0.0403454682529265   0.0148545939134326   0
0.317965720616661   -0.0372044612778839   -0.0366364414885249   0
0.368787571204155   0.0689048074611072   0.0508218505874945   0
0.323443065911236   -0.032779702291596   -0.0453445052929197   0
0.356644511991829   0.0342398935073374   0.0332014460805934   0
0.336114099224861   -0.0411594246899664   -0.0205304127669678   0
0.329944448569471   0.0402126758905807   -0.0061696506553901   0
0.343254233215353   -0.0165978431983385   0.0133097846458818   0
0.317593695278531   -0.0260719714831297   -0.0256605379368219   0
0.34491643870413   0.0449490657227979   0.027322743425599   0
0.317016522614   -0.051377416406909   -0.0278999160901306   0
0.338489899003371   0.0521049067180989   0.0214733763893717   0
0.304201058406381   -0.0680055272906221   -0.0342888405969902   0
0.330743548796707   0.0354045340577114   0.0265424903903263   0
0.315662476308889   0.0212593049661268   -0.0150810724878183   0
0.30771654593897   -0.037183753617001   -0.00794593036991953   0
0.325466077777351   0.0423560411036231   0.0177495318383811   0
0.300559679934851   -0.0446410088919941   -0.0249063978424998   0
0.31469768657634   0.0229110645967016   0.0141380066414886   0
0.33997351960116   0.0386218382540418   0.02527583302482   0
0.31560626587964   -0.0234786103640867   -0.0243672537215195   0
0.342049073575708   0.0525919540793921   0.0264428076960679   0
0.306983569711394   -0.058899363787231   -0.0350655038643143   0
0.332372694297757   0.0683887720655093   0.0253891245863631   0
0.325462176427999   -0.0543473290670581   -0.0069105178697576   0
0.345157056153427   0.0185661591521605   0.019694879725428   0
0.321010337271637   -0.0157445355641994   -0.0241467188817903   0
0.347008839180287   0.0179850603353421   0.0259985019086498   0
0.334992935923282   -0.017337489959173   -0.0120159032570047   0
0.33443316797157   -0.0116342732978905   -0.000559767951712309   0
0.371822446103311   0.0606019522773699   0.037389278131742   0
0.33995594990344   -0.0512546775377338   -0.0318664961998718   0
0.359580865446842   0.0404775550038372   0.0196249155434025   0
0.360843810362946   -0.00815858299831312   0.00126294491610424   0
0.368419789170248   0.0104499276285703   0.00757597880730165   0
0.367622032480712   0.0139482368992145   -0.000797756689535634   0
0.35292413301799   -0.0145224864333845   -0.0146978994627223   0
0.398500170722674   0.0568074819759358   0.0455760377046835   0
0.365756199939933   -0.0851560751955796   -0.0327439707827409   0
0.382168271899303   0.0337215125512762   0.0164120719593708   0
0.36564453000592   -0.0163238990749608   -0.0165237418933836   0
0.360746808978957   0.0219552303113962   -0.00489772102696295   0
0.388647777735188   0.0189583857621395   0.0279009687562309   0
0.365732150817029   -0.0522557660881885   -0.0229156269181589   0
0.398848478399379   0.0631362840406557   0.0331163275823502   0
0.366197314887411   -0.075628618853654   -0.0326511635119677   0
