0.0925394107138818   0   0   0
0.108723555949355   -0.0267053435690832   0.0161841452354731   0
0.0948000587867566   0.0873047196461602   -0.0139234971625983   0
0.0730119262831423   0.015403566563302   -0.0217881325036143   0
0.0957157301913327   -0.319402175791732   0.0227038039081905   0
0.0937571250551126   -0.0339220326767335   -0.00195860513622012   0
0.0499605199308664   0.211974442874846   -0.0437966051242462   0
0.0412968721179038   -0.0759445795095123   -0.0086636478129626   0
0.0694707070963383   -0.0351855934388389   0.0281738349784345   0
0.0438178560964591   0.015622277020152   -0.0256528509998791   0
0.0344180985607137   -0.0132943543125457   -0.00939975753574546   0
0.066735848868612   -0.216670215493125   0.0323177503078984   0
0.0843375523073847   0.0716792359271294   0.0176017034387726   0
0.0758402210807201   -0.00312982953540625   -0.00849733122666459   0
0.130831099949697   -0.0592250273082594   0.0549908788689774   0
0.151675301113394   0.101851007879154   0.0208442011636965   0
0.143136602797704   0.00875622773393536   -0.00853869831569024   0
0.116925429621661   0.00332290091073764   -0.0262111731760427   0
0.0668977460432898   0.00363927081157472   -0.0500276835783712   0
0.0554777229987407   -0.0286506556113356   -0.0114200230445491   0
0.025933791027586   -0.109731276021555   -0.0295439319711547   0
0.065052477296007   0.22543546803874   0.039118686268421   0
0.0272218751033521   -0.200223584824524   -0.0378306021926549   0
0.0743562272918215   0.108321456187801   0.0471343521884695   0
0.0582850955004794   -0.0811690658977996   -0.0160711317913422   0
0.030460237361887   0.206253863218282   -0.0278248581385923   0
0.0728106229711194   -0.283954076073066   0.0423503856092323   0
0.09321897910588   0.101091659560872   0.0204083561347606   0
0.0599570954112397   0.079572611521377   -0.0332618836946404   0
0.0184041345732039   -0.0886381139885878   -0.0415529608380358   0
0.0207517881558247   0.0930980061757836   0.00234765358262074   0
0.0256057961201019   -0.0479167225009031   0.00485400796427722   0
0.0215656691453853   0.0585078688479   -0.00404012697471656   0
0.0291446130767351   -0.0856139636583047   0.00757894393134979   0
0.0224611549629266   0.103103132367202   -0.00668345811380857   0
0.0379971234600068   -0.0955726748889927   0.0155359684970803   0
0.0359743070140844   0.0866659193320867   -0.00202281644592244   0
0.0408223776919424   -0.122810555437483   0.00484807067785807   0
0.0597620556232171   0.148840494549561   0.0189396779312747   0
0.0672977214668149   -0.150385133891983   0.00753566584359779   0
0.0506525733888467   0.151196249209954   -0.0166451480779682   0
0.064497348173549   -0.0841355383472819   0.0138447747847023   0
0.0784677901733253   0.0958919692000637   0.0139704419997763   0
0.0959101319134871   -0.246236816528954   0.0174423417401619   0
0.0882617667796764   0.188723459150325   -0.00764836513381069   0
0.0586952252571919   -0.0195183109663086   -0.0295665415224845   0
0.124149077537703   -0.128859384963024   0.0654538522805107   0
0.0858416022989442   0.167838539124948   -0.0383074752387585   0
0.0686165432715209   -0.134497196868009   -0.0172250590274233   0
0.133814529206146   0.0774363783384245   0.0651979859346251   0
0.116341227219916   0.0216995253173994   -0.0174733019862301   0
0.103306560401733   -0.0455208942125463   -0.013034666818183   0
0.0850403709960893   0.0393108078791927   -0.0182661894056436   0
0.0787940803733645   -0.0909267049097623   -0.00624629062272478   0
0.0484556914306062   0.0904272297905758   -0.0303383889427583   0
0.0582669495455762   -0.111720745775084   0.00981125811497   0
0.0489567325240615   0.112677829549149   -0.00931021702151473   0
0.0703364491612457   -0.0769897812630757   0.0213797166371842   0
0.0705985366887656   0.0452902768102588   0.000262087527519869   0
0.133541361602707   0.0169759567893178   0.0629428249139415   0
0.100627189687107   0.00971117639978261   -0.0329141719156002   0
0.0837976319282502   -0.0869081867161534   -0.0168295577588567   0
0.101830771331766   0.0346175795769351   0.0180331394035162   0
0.0710945249894463   -0.0134133315352117   -0.0307362463423201   0
0.12895632675755   -0.0671274253443499   0.0578618017681037   0
0.107883844005266   0.141497369904241   -0.0210724827522843   0
0.118909044998499   -0.0762911159102933   0.0110252009932331   0
0.10699961242348   0.00188297344469607   -0.0119094325750184   0
0.112557623143493   -0.00986607369867168   0.00555801072001232   0
0.0907385548940609   0.0478653796859691   -0.0218190682494317   0
0.0486477021879759   -0.0341347753387737   -0.0420908527060849   0
0.0493804333839072   0.0812190914647506   0.000732731195931285   0
0.059206933431838   -0.125338106087333   0.00982650004793079   0
0.0902248266568138   0.0720602936816405   0.0310178932249758   0
0.0702081148274364   -0.0501541235191506   -0.0200167118293774   0
0.0550659952624803   0.0766626557712999   -0.0151421195649562   0
0.0672687850891667   -0.0776773853261175   0.0122027898266865   0
0.0579500287385539   0.0818871662759352   -0.00931875635061281   0
0.0661591076422211   -0.0913388912609939   0.00820907890366718   0
0.0788699408346424   0.066542349125529   0.0127108331924213   0
0.0634364412968209   -0.0307245678547678   -0.0154334995378216   0
0.0572760166081101   -0.0241219761792234   -0.00616042468871079   0
0.0755406633000399   -0.00231725552419929   0.0182646466919299   0
0.0603551539894689   0.0246236998237438   -0.0151855093105711   0
0.104371412306005   -0.020367449331136   0.0440162583165357   0
0.200680180878387   0.300789705868363   0.0963087685723828   1
0.35236708097533   0.121565156571664   0.151686900096943   0
0.257296694530735   -0.287782053704193   -0.0950703864445951   0
0.288517095270366   0.221678640170853   0.0312204007396302   0
0.246996582503605   -0.222507095076685   -0.0415205127667608   0
0.314232909994473   0.0780032286825486   0.067236327490868   0
0.265855116695415   -0.150220475109071   -0.0483777932990581   0
0.351805636123219   0.0430180895124876   0.085950519427804   0
0.348785965627331   -0.0118586825763601   -0.00301967049588714   0
0.403385439659208   0.010012236171581   0.0545994740318765   0
0.39509572060931   0.0690216179216874   -0.00828971904989789   0
0.359438420089428   -0.00307458986098175   -0.0356573005198818   0
0.331205019105704   -0.110258037790739   -0.028233400983724   0
0.333034265167091   0.122999230388599   0.00182924606138679   0
0.342796475361533   -0.0801021376151717   0.00976221019444168   0
0.3519573449671   0.0265179810122892   0.00916086960556672   0
0.378940469785391   0.00113366958555111   0.026983124818291   0
0.362248586333822   -0.0415760981301554   -0.0166918834515685   0
0.311704969555303   -0.168380738907083   -0.0505436167785188   0
0.340997193820129   0.099718071815081   0.0292922242648256   0
0.281353333612326   0.164975073452177   -0.0596438602078033   0
0.306387912309465   -0.221374008078309   0.0250345786971395   0
0.31052381116582   0.204114076188685   0.00413589885635529   0
0.301466017558364   -0.229183207096229   -0.00905779360745612   0
0.352047996991811   0.229697327929479   0.0505819794334466   0
0.288727925248516   -0.0825816829240328   -0.0633200717432951   0
0.25972246036943   0.00388182544399412   -0.029005464879086   0
0.308280312846284   -0.0544216873421219   0.0485578524768538   0
0.279810544570054   0.0207084486852133   -0.0284697682762299   0
0.294693001762211   -0.0365772578225236   0.0148824571921573   0
0.249516722036424   0.0421414056395973   -0.0451762797257871   0
0.287973467626988   -0.0504250938437311   0.0384567455905643   0
0.284999735854224   0.0421961025815738   -0.00297373177276417   0
0.280654757315964   -0.012547682601766   -0.00434497853826032   0
0.215142161980868   0.0883712389400515   -0.0655125953350957   0
0.176183718645765   -0.0620476902725204   -0.0389584433351033   0
0.181131198980497   0.0726888760192069   0.00494748033473252   0
0.1932184789693   0.00016799804658657   0.0120872799888032   0
0.194250562015918   -0.203754651477393   0.00103208304661753   0
0.174606863532766   -0.00530828663208899   -0.0196436984831519   0
0.050648102510098   0.270973020951822   -0.123958761022668   0
0.106614664979835   -0.194876977870464   0.0559665624697371   0
0.101162168803795   0.159553086614624   -0.00545249617604014   0
0.115595097644072   -0.104912865410273   0.0144329288402768   0
0.139669739327816   0.0469867108024585   0.0240746416837439   0
0.186743435098774   -0.182439530963781   0.0470736957709582   0
0.169283280092401   0.227177777194189   -0.0174601550063733   0
0.181750589780811   -0.219817899631094   0.0124673096884099   0
0.228568572079059   0.0120822472885552   0.0468179822982484   0
0.169656200211252   0.157473199514869   -0.0589123718678071   0
0.192471148914746   -0.0270198750779905   0.0228149487034945   0
0.171279916050569   -0.0267061490192969   -0.0211912328641773   0
0.237660152990994   -0.135382546679357   0.0663802369404246   0
0.268000075439229   0.193035768525483   0.0303399224482353   0
0.366017830821713   0.0011058578574123   0.0980177553824844   0
0.347447757779385   0.192015837285327   -0.0185700730423278   0
0.302375675129469   -0.289762528852058   -0.045072082649916   0
0.324606512866977   0.270065360224205   0.0222308377375071   0
0.272283676267354   -0.264650574898191   -0.0523228365996229   0
0.28670150774657   0.14288686357687   0.0144178314792168   0
0.239177450387542   0.0707115104562494   -0.0475240573590286   0
0.254852663146793   -0.114681160143275   0.0156752127592508   0
0.278721265853886   0.181083344419251   0.0238686027070933   0
0.35083238246811   0.168304311264972   0.0721111166142239   0
0.262048527026017   -0.405335265776403   -0.088783855442093   0
0.322313017558677   0.0584936232406934   0.0602644905326603   0
0.403476201299683   0.251290289189715   0.0811631837410062   0
0.366866692703351   -0.143413353591933   -0.0366095085963322   0
0.384854226510747   0.0899270846894314   0.0179875338073955   0
0.342780631952565   -0.0906482987634376   -0.0420735945581813   0
0.374934608234143   -0.082878268768347   0.0321539762815773   0
0.43087194370986   0.161305521102581   0.0559373354757171   0
0.395604814228003   -0.117809073221022   -0.0352671294818568   0
0.396568210415478   0.0975439590262043   0.000963396187475485   0
0.275954863187737   -0.146818317358749   -0.120613347227742   0
0.375922831773786   0.150865305902652   0.0999679685860497   0
0.383403149149837   0.0229855663819468   0.00748031737605109   0
0.385946777798536   -0.0155074225883385   0.0025436286486985   0
0.374178613244691   0.0122218683797185   -0.0117681645538451   0
0.303368583711185   -0.0393896337665381   -0.0708100295335063   0
0.260125781875279   -0.165045051501408   -0.043242801835906   0
0.283173554378441   0.122012603707868   0.0230477725031621   0
0.221656520172366   0.253486087920081   -0.0615170342060744   0
0.183860537676223   -0.0631610833995078   -0.0377959824961428   0
0.241910473168118   -0.0242979463352001   0.058049935491894   0
0.259726371220444   0.0213252069877866   0.0178158980523267   0
0.242989614137873   -0.206020922378347   -0.016736757082571   0
0.296779172922415   0.177932646710795   0.0537895587845415   0
0.278633516628285   -0.04100585688195   -0.0181456562941293   0
0.307214446079534   0.0521701255053294   0.0285809294512487   0
0.278565589637221   -0.0909107045170558   -0.0286488564423133   0
0.316898784342118   0.0846913592242485   0.0383331947048977   0
0.286373501991473   -0.0317774205627667   -0.0305252823506458   0
0.282566458775294   0.118327282807316   -0.00380704321617853   0
0.248271925232083   -0.258312352615642   -0.0342945335432111   0
0.283082938119048   0.173920023746068   0.0348110128869645   0
0.225256032095025   -0.137214680697528   -0.0578269060240224   0
0.279791792099737   0.0821143899426637   0.054535760004712   0
0.30205813340692   0.0953884119831717   0.0222663413071826   0
0.224677551307897   -0.310149495708605   -0.0773805820990232   0
