0.0217599059298053   0.00541690520877235   0   0   0
0.0195007696646671   0.00705425   -0.00225913626513817   0.00163734479122765   0
0.226518569351411   0.0191751726900887   0.207017799686744   0.0121209226900887   0
0.12129600808483   0.0259605914273924   -0.105222561266581   0.00678541873730367   0
0.100442428490536   0.0251948126703197   -0.0208535795942936   -0.000765778757072746   0
0.0897236307083641   0.0205312720995924   -0.0107187977821723   -0.00466354057072729   0
0.0553211247996721   0.0249489685334885   -0.0344025059086919   0.00441769643389614   0
0.18829566691174   0.0341184390763631   0.132974542112068   0.00916947054287458   0
0.0913530723728682   0.0280513616385194   -0.0969425945388717   -0.00606707743784366   0
0.040320204154818   0.0426977108090703   -0.0510328682180503   0.0146463491705509   0
0.0338309975162424   0.0431195258916712   -0.00648920663857556   0.000421815082600849   0
0.124082267133822   0.0278317921234871   0.0902512696175796   -0.015287733768184   0
0.210806148896169   0.0299534027710125   0.0867238817623465   0.00212161064752538   0
0.0612978726198626   0.0250249883915038   -0.149508276276306   -0.00492841437950871   0
0.087304093582686   0.0341513164610092   0.0260062209628234   0.00912632806950543   0
0.0781914075423253   0.0351780914692654   -0.00911268604036077   0.00102677500825613   0
0.165488834148525   0.0475564123884466   0.0872974266062   0.0123783209191813   0
0.170301992783291   0.060002906359109   0.00481315863476542   0.0124464939706623   0
0.107983011391433   0.0507630260921766   -0.0623189813918575   -0.00923988026693238   0
0.116302098921651   0.0424618909668717   0.00831908753021821   -0.00830113512530489   0
0.0749984048248361   0.0459129785454233   -0.0413036940968153   0.00345108757855161   0
0.203810860154022   0.0557467499496832   0.128812455329186   0.00983377140425986   0
0.28191689398906   0.0567369476007478   0.0781060338350374   0.000990197651064617   0
0.169284555096043   0.0388545345953159   -0.112632338893017   -0.0178824130054319   0
0.144569932049164   0.0401291919000994   -0.0247146230468784   0.00127465730478346   0
0.148857845587661   0.0462246359139258   0.00428791353849689   0.00609544401382645   0
0.120762672143713   0.0554784299412844   -0.0280951734439479   0.00925379402735858   0
0.0732300937047912   0.0510389339859288   -0.0475325784389221   -0.00443949595535557   0
0.0740075058141916   0.0542880420080012   0.000777412109400383   0.00324910802207235   0
0.135594817993093   0.0554784299412844   0.0615873121789014   0.00119038793328322   0
0.316470006679638   0.0579210177977088   0.180875188686545   0.00244258785642442   0
0.342350423409465   0.0630804234483449   0.0258804167298272   0.00515940565063608   0
0.153453982746177   0.0650394798922162   -0.188896440663288   0.00195905644387134   0
0.102475928530071   0.0694261168701844   -0.0509780542161067   0.00438663697796815   0
0.188511431820882   0.0677209910206023   0.086035503290811   -0.00170512584958206   0
0.182185735124065   0.0647274487812744   -0.0063256966968164   -0.00299354223932792   0
0.0832084268513713   0.0518952686412259   -0.0989773082726941   -0.0128321801400485   0
0.0635815012030229   0.0572801388998185   -0.0196269256483484   0.00538487025859264   0
0.162091434955213   0.0674597937219274   0.09850993375219   0.0101796548221089   0
0.32799243244447   0.0693676939474169   0.165900997489257   0.00190790022548946   0
0.166242584133699   0.0749219647907908   -0.161749848310771   0.00555427084337394   0
0.056006095041148   0.0616554263095512   -0.110236489092551   -0.0132665384812396   0
0.0836739423358909   0.0675509421093629   0.0276678472947429   0.00589551579981169   0
0.187870690125655   0.0828405481431648   0.104196747789764   0.0152896060338019   0
0.128986324781738   0.0841300482176998   -0.0588843653439173   0.00128950007453506   0
0.183728990526264   0.0637143733750086   0.054742665744526   -0.0204156748426913   0
0.184465993948045   0.0756702441521765   0.000737003421780541   0.0119558707771679   0
0.11218412801377   0.0904425241455174   -0.0722818659342742   0.0147722799933409   0
0.233720708832679   0.105275583358631   0.121536580818909   0.0148330592131133   0
0.156246537391329   0.0770156996506719   -0.0774741714413501   -0.0282598837079588   0
0.0824104137457154   0.0879288171024295   -0.0738361236456137   0.0109131174517576   0
0.0668854175045652   0.0876472039551748   -0.0155249962411502   -0.00028161314725475   0
0.141449424970341   0.0905580015716999   0.0745640074657753   0.00291079761652517   0
0.295737005438971   0.0779255345395526   0.154287580468631   -0.0126324670321474   0
0.182684014340172   0.0828484210276967   -0.1130529910988   0.00492288648814415   0
0.136634243238692   0.0744625867804262   -0.0460497711014797   -0.00838583424727053   0
0.144937382193311   0.0805186808980531   0.00830313895461951   0.00605609411762691   0
0.111416756383993   0.0770549401186582   -0.0335206258093185   -0.00346374077939489   0
0.215096345569352   0.0909278509969305   0.103679589185359   0.0138729108782723   0
0.144122754732381   0.0899741049005768   -0.070973590836971   -0.000953746096353736   0
0.0844690407102508   0.0758340082234382   -0.0596537140221301   -0.0141400966771385   0
0.0612955923000994   0.0883750507754875   -0.0231734484101514   0.0125410425520493   0
0.210544398996055   0.096412457075629   0.149248806695956   0.00803740630014145   0
0.255233859458909   0.10116928420924   0.0446894604628539   0.00475682713361113   0
0.0779913749474261   0.0983325591122798   -0.177242484511483   -0.00283672509696033   0
0.0751451123928895   0.0994875297520247   -0.00284626255453653   0.00115497063974491   0
0.107238706358525   0.108372628593305   0.0320935939656357   0.00888509884128064   0
0.234062101856943   0.123217872584134   0.126823395498418   0.0148452439908291   0
0.178150397380865   0.12755637013654   -0.0559117044760784   0.00433849755240555   0
0.107655164223784   0.11429990357765   -0.0704952331570802   -0.0132564665588904   0
0.0882847073848014   0.119648188609659   -0.0193704568389831   0.00534828503200924   0
0.134065875343616   0.127800090511509   0.0457811679588147   0.00815190190185056   0
0.244617600579844   0.126465512101086   0.110551725236228   -0.00133457841042314   0
0.0996274852190398   0.120568793231385   -0.144990115360804   -0.00589671886970115   0
0.0778340154295023   0.127922682331565   -0.0217934697895375   0.00735388910017991   0
0.100879955183872   0.126707316577309   0.0230459397543696   -0.00121536575425565   0
0.24570033299548   0.133335507556511   0.144820377811609   0.00662819097920198   0
0.189121418239024   0.13201020754222   -0.0565789147564561   -0.00132530001429135   0
0.0875125082288241   0.123104106532073   -0.1016089100102   -0.00890610101014691   0
0.0959615942419675   0.12697376047622   0.0084490860131434   0.00386965394414696   0
0.0975169493088765   0.126487074233457   0.00155535506690908   -0.000486686242763296   0
0.170445243443782   0.138448062818237   0.0729282941349051   0.0119609885847802   0
0.146670011179484   0.131583182070706   -0.0237752322642975   -0.00686488074753122   0
0.103494554547425   0.129956895190059   -0.0431754566320588   -0.00162628688064667   0
0.0928942567505117   0.123568924836344   -0.0106002977969136   -0.00638797035371523   0
0.14514495274039   0.135902918801437   0.0522506959898781   0.0123339939650932   0
0.232980161404893   0.143881955780042   0.0878352086645032   0.00797903697860505   0
0.127095629317141   0.142384515209002   -0.105884532087752   -0.00149744057104023   0
0.0975783524546813   0.140117881719724   -0.0295172768624593   -0.00226663348927814   0
0.118913610008779   0.143005568249535   0.0213352575540978   0.00288768652981153   0
0.2113121409543   0.155177473991467   0.0923985309455211   0.012171905741932   0
0.113157805730272   0.138756842878658   -0.098154335224028   -0.0164206311128096   0
0.121022523593049   0.140393312100328   0.0078647178627765   0.00163646922166993   0
0.0962981129211263   0.152015831889059   -0.0247244106719222   0.0116225197887309   0
0.0928774151240575   0.145816511930997   -0.00342069779706888   -0.00619931995806183   0
0.236461375782262   0.160804593797107   0.143583960658204   0.0149880818661101   0
0.253469908658306   0.152217009572157   0.0170085328760443   -0.00858758422495023   0
0.0816915704995834   0.149080780850727   -0.171778338158723   -0.00313622872142952   0
0.0775330110180174   0.148253262846396   -0.00415855948156602   -0.000827518004331312   0
0.175116394189522   0.151844962555801   0.0975833831715045   0.00359169970940498   0
0.223941647526672   0.14359609784827   0.0488252533371497   -0.00824886470753045   0
0.114540145193334   0.141569738180773   -0.109401502333338   -0.00202635966749765   0
0.137183481724295   0.162221383689574   0.0226433365309612   0.0206516455088014   0
0.0904944123925339   0.163973900021345   -0.0466890693317611   0.00175251633177081   0
0.159970108678028   0.17204364991136   0.0694756962854938   0.00806974989001488   0
0.271672262749457   0.157754612711649   0.111702154071429   -0.0142890371997103   0
0.145009434622993   0.152778330966805   -0.126662828126464   -0.00497628174484474   0
0.0969165751945579   0.1462592959737   -0.0480928594284348   -0.00651903499310424   0
0.177881404971009   0.153213252084219   0.0809648297764508   0.0069539561105188   0
0.361335035192603   0.142628332106563   0.183453630221595   -0.0105849199776563   0
0.238189056352302   0.138756362642079   -0.123145978840302   -0.00387196946448437   0
0.207012999428176   0.125774420911448   -0.0311760569241258   -0.0129819417306309   0
0.189412907895001   0.13694716999084   -0.0176000915331753   0.0111727490793923   0
0.134367606866983   0.13796886879406   -0.0550453010280181   0.00102169880321995   0
0.247392143211158   0.148454036703495   0.113024536344175   0.0104851679094347   0
0.33809902699122   0.133484996158978   0.0907068837800627   -0.0149690405445161   0
0.135143799083051   0.12844536250995   -0.20295522790817   -0.00503963364902835   0
0.0996492830057517   0.140437890013032   -0.035494516077299   0.011992527503082   0
0.103121680985959   0.143461974828722   0.00347239798020776   0.00302408481569003   0
0.245338952628889   0.14374092373977   0.142217271642929   0.000278948911048293   0
0.287157674597145   0.148066555769061   0.0418187219682568   0.00432563202929073   0
0.112589970742387   0.128430097254433   -0.174567703854758   -0.0196364585146285   0
0.137061973954303   0.135887327587564   0.0244720032119157   0.00745723033313164   0
0.115324018571588   0.132510637597147   -0.0217379553827148   -0.00337668999041699   0
0.188072288325739   0.140928514510558   0.0727482697541511   0.0084178769134105   0
0.303550809358582   0.14077799621399   0.115478521032842   -0.000150518296567648   0
0.163131127360783   0.144285830339685   -0.140419681997799   0.0035078341256953   0
0.137477787499508   0.140970625370509   -0.0256533398612745   -0.00331520496917606   0
0.127003548526842   0.140491890991829   -0.0104742389726661   -0.00047873437868029   0
0.118582436724837   0.142905072839359   -0.00842111180200524   0.00241318184752987   0
0.230910919442022   0.146903371266294   0.112328482717185   0.00399829842693467   0
0.261832234756991   0.147749575690601   0.0309213153149689   0.000846204424306912   0
0.136610472490723   0.141360320328903   -0.125221762266268   -0.00638925536169779   0
0.151259766253555   0.156742125573631   0.0146492937628319   0.0153818052447285   0
0.1157374661362   0.158982345522199   -0.0355223001173545   0.0022402199485681   0
0.172187629792329   0.171752399688447   0.0564501636561283   0.0127700541662475   0
0.285049549717659   0.162904609725373   0.11286191992533   -0.00884778996307406   0
0.172836626340657   0.156333907733103   -0.112212923377001   -0.00657070199226933   0
0.163330310530532   0.164212567869888   -0.00950631581012537   0.00787866013678434   0
0.154261919212261   0.173537648108818   -0.00906839131827142   0.00932508023893036   0
0.245852789072831   0.170323939163847   0.0915908698605706   -0.00321370894497072   0
0.344992185719851   0.170988961050882   0.0991393966470197   0.000665021887034434   0
0.247576385669979   0.167920560198305   -0.0974158000498722   -0.00306840085257712   0
0.146581605476983   0.154064377174154   -0.100994780192995   -0.0138561830241507   0
0.198268508116746   0.157805701698172   0.0516869026397622   0.0037413245240181   0
0.124227808397073   0.176700804631593   -0.0740406997196721   0.0188951029334212   0
0.224989324131724   0.180813244118628   0.100761515734651   0.00411243948703449   0
0.278808646805313   0.181342487141348   0.0538193226735893   0.000529243022720283   0
0.113719423093199   0.160859832567588   -0.165089223712114   -0.0204826545737599   0
0.0975038203347438   0.173665825237408   -0.0162156027584552   0.01280599266982   0
0.120308418605682   0.17362638363584   0.0228045982709381   -3.944160156788e-05   0
0.259835960168738   0.190353050158121   0.139527541563056   0.0167266665222804   0
0.258423539761841   0.182613724890334   -0.00141242040689665   -0.0077393252677869   0
0.128435007464242   0.162745209086328   -0.129988532297599   -0.0198685158040061   0
0.134276461421092   0.177819148055152   0.00584145395684957   0.0150739389688241   0
0.119881584568356   0.180939193843374   -0.0143948768527355   0.003120045788222   0
0.217704909214032   0.173738005802854   0.0978233246456758   -0.00720118804051992   0
0.218937842289564   0.172149777892864   0.00123293307553179   -0.00158822790998964   0
0.0916203207100914   0.157363889397068   -0.127317521579473   -0.0147858884957967   0
0.0733813878065821   0.173620424407787   -0.0182389329035093   0.0162565350107192   0
0.252543093422192   0.170668205749665   0.17916170561561   -0.00295221865812176   0
0.321827031859103   0.172725130971553   0.0692839384369108   0.00205692522188761   0
0.0999491719271851   0.158808219689316   -0.221877859931918   -0.0139169112822368   0
0.0560837248015857   0.169242364342561   -0.0438654471255993   0.0104341446532447   0
0.140051781065469   0.18231234540771   0.0839680562638831   0.013069981065149   0
0.28650059086152   0.187293981589299   0.146448809796051   0.00498163618158895   0
0.171428567837598   0.166946051011435   -0.115072023023922   -0.020347930577864   0
0.111920529707601   0.182893261910711   -0.0595080381299972   0.0159472108992767   0
0.0918585841776913   0.185929887693594   -0.0200619455299097   0.00303662578288286   0
0.241887808279479   0.176802777398865   0.150029224101788   -0.00912711029472937   0
0.312060028814345   0.168274798280825   0.0701722205348662   -0.00852797911803921   0
0.105202455614116   0.15144095470955   -0.206857573200229   -0.0168338435712754   0
0.052069205952655   0.159452530436561   -0.0531332496614608   0.00801157572701119   0
0.0936934494210241   0.170579142641942   0.0416242434683691   0.0111266122053807   0
0.306704099323762   0.160854185722077   0.213010649902738   -0.00972495691986486   0
0.246867905229821   0.16575449926364   -0.0598361940939407   0.00490031354156273   0
0.101985564048546   0.167592515713866   -0.144882341181276   0.00183801645022633   0
0.104041087255228   0.174662713387839   0.00205552320668255   0.00707019767397307   0
0.109421969398197   0.165423224468332   0.00538088214296902   -0.00923948891950777   0
0.270793827404467   0.180826511890465   0.161371858006269   0.0154032874221336   0
0.301463435663117   0.169831136556757   0.03066960825865   -0.0109953753337076   0
0.101321411403679   0.148512828870404   -0.200142024259437   -0.0213183076863531   0
0.095303535503254   0.157802295921202   -0.00601787590042512   0.00928946705079736   0
0.0633438440545101   0.166452026594219   -0.0319596914487439   0.00864973067301705   0
0.144035489600168   0.155952880056165   0.0806916455456575   -0.010499146538054   0
0.289935724418361   0.159344111005404   0.145900234818194   0.00339123094923924   0
0.121406547958831   0.158793534051618   -0.16852917645953   -0.00055057695378552   0
0.0705755186782216   0.154467931253351   -0.0508310292806097   -0.00432560279826733   0
0.0802478677339778   0.162206324396584   0.00967234905575624   0.00773839314323335   0
0.103668007216547   0.153604218904169   0.023420139482569   -0.00860210549241505   0
0.0979251381865249   0.166351623426434   -0.00574286903002189   0.0127474045222643   0
0.191948349556375   0.162395837397822   0.0940232113698503   -0.00395578602861121   0
0.312827945465326   0.194852401119001   0.120879595908951   0.0324565637211783   0
0.146270207262757   0.162980414649767   -0.166557738202569   -0.0318719864692338   0
0.139340089927114   0.164363693325876   -0.00693011733564378   0.00138327867610863   0
0.13043556598248   0.166461944039238   -0.00890452394463317   0.00209825071336264   0
0.141919896268635   0.1733106714781   0.0114843302861542   0.00684872743886197   0
0.278482210404561   0.173628654662393   0.136562314135926   0.000317983184292658   0
0.153992987168929   0.160078778909643   -0.124489223235631   -0.0135498757527495   0
0.0960669903797345   0.163676297227095   -0.0579259967891948   0.00359751831745206   0
0.0900018002332731   0.170288648512672   -0.00606519014646136   0.00661235128557697   0
0.216531503384635   0.162791607809839   0.126529703151361   -0.00749704070283325   0
0.355140879873621   0.179040023406081   0.138609376488987   0.0162484155962417   0
0.164126681235593   0.169845413228655   -0.191014198638028   -0.00919461017742612   0
0.106804709563717   0.157845458437399   -0.0573219716718758   -0.0119999547912563   0
0.0901679126158524   0.159924451090194   -0.0166367969478648   0.00207899265279593   0
0.185489072872016   0.194196954345846   0.0953211602561634   0.0342725032556513   0
0.298724200305248   0.179294764331958   0.113235127433232   -0.0149021900138873   0
0.13691913063849   0.176438126273922   -0.161805069666758   -0.00285663805803624   0
0.101900120476622   0.18052283738409   -0.0350190101618688   0.00408471111016753   0
0.087855750037693   0.187027790253855   -0.0140443704389286   0.00650495286976532   0
0.216549280665187   0.187310934957199   0.128693530627494   0.000283144703343896   0
0.316877602656751   0.187516104753992   0.100328321991564   0.000205169796792803   0
0.151531887512497   0.174513918942272   -0.165345715144255   -0.0130021858117194   0
0.0930537141232417   0.176641452766083   -0.0584781733892551   0.00212753382381109   0
0.0785508369507289   0.171569161854549   -0.0145028771725128   -0.00507229091153424   0
0.157546562630798   0.191944677502666   0.0789957256800692   0.0203755156481169   0
0.277883573369658   0.180405372151642   0.12033701073886   -0.0115393053510239   0
0.165648373218363   0.190938722874964   -0.112235200151295   0.0105333507233223   0
0.0887025550988245   0.191981685988169   -0.0769458181195382   0.0010429631132047   0
0.0825515359111507   0.196405486959892   -0.00615101918767387   0.00442380097172329   0
0.119243777481259   0.200772016901765   0.0366922415701083   0.00436652994187223   0
0.29164317598437   0.218616599325514   0.172399398503111   0.0178445824237497   0
0.248647959588572   0.199044974777913   -0.0429952163957979   -0.0195716245476015   0
0.112668795189465   0.190203941907995   -0.135979164399107   -0.00884103286991778   0
0.0888690710881148   0.201016115391926   -0.0237997241013502   0.0108121734839306   0
0.107202582034809   0.206735003002159   0.0183335109466945   0.00571888761023281   0
0.243348356764043   0.209555878707065   0.136145774729234   0.00282087570490613   0
0.201393369816412   0.192122326194146   -0.0419549869476313   -0.0174335525129183   0
0.11083444580585   0.188218302100121   -0.0905589240105613   -0.00390402409402518   0
0.105182488248442   0.184115273476164   -0.00565195755740865   -0.00410302862395764   0
0.203533807766007   0.208673477748976   0.0983513195175655   0.0245582042728127   0
0.307995724237919   0.200767038511312   0.104461916471911   -0.00790643923766463   0
0.154568159046972   0.183014853422174   -0.153427565190947   -0.0177521850891372   0
0.128998772204428   0.174809353415113   -0.0255693868425435   -0.00820550000706111   0
0.154704764615686   0.182164152247609   0.0257059924112579   0.00735479883249548   0
0.293555677390345   0.196556312722213   0.138850912774659   0.0143921604746045   0
0.23661585307331   0.180786355827148   -0.0569398243170356   -0.0157699568950657   0
0.151838665240972   0.1857151824421   -0.0847771878323374   0.00492882661495248   0
0.134049731333868   0.182522998327752   -0.0177889339071045   -0.00319218411434816   0
0.145133645363644   0.186452159489298   0.0110839140297764   0.00392916116154585   0
0.261942676418568   0.20642431896473   0.116809031054924   0.0199721594754321   0
0.29190112582133   0.199346974959767   0.0299584494027623   -0.00707734400496271   0
0.149656394389281   0.201042668760322   -0.142244731432049   0.00169569380055476   0
0.13164788104127   0.198420528993751   -0.0180085133480108   -0.00262213976657086   0
0.179158935078918   0.209415984838789   0.0475110540376483   0.0109954558450382   0
0.282402058845802   0.211846316816838   0.103243123766883   0.00243033197804854   0
0.143248264213882   0.199408485378983   -0.13915379463192   -0.012437831437855   0
0.140503163077193   0.199428076280799   -0.00274510113668813   1.9590901815747e-05   0
0.12863533176285   0.206189930236839   -0.0118678313143433   0.0067618539560404   0
0.292615492204661   0.217259357867647   0.163980160441811   0.0110694276308085   0
0.231381033872936   0.210793899582774   -0.0612344583317248   -0.00646545828487369   0
0.134149191530908   0.199968266136311   -0.0972318423420288   -0.0108256334464628   0
0.102121949585136   0.200510814117525   -0.0320272419457718   0.000542547981213615   0
0.176193898014574   0.21883156928124   0.074071948429438   0.0183207551637151   0
0.293769638485968   0.228712448994502   0.117575740471394   0.0098808797132619   0
0.149936003913057   0.202481102052296   -0.143833634572911   -0.0262313469422051   0
0.120615573173683   0.20503048508042   -0.0293204307393735   0.00254938302812391   0
0.112414722692453   0.205917715796529   -0.00820085048122966   0.000887230716108384   0
0.23985775245565   0.202328262830209   0.127443029763197   -0.0035894529663201   0
0.245613883100929   0.19717386621536   0.00575613064527869   -0.00515439661484912   0
0.119657506168439   0.180820373281027   -0.12595637693249   -0.0163534929343324   0
0.115812448471138   0.18525327716554   -0.00384505769730092   0.0044329038845132   0
0.159882357162415   0.190711459613365   0.0440699086912769   0.00545818244782431   0
0.264518037459376   0.209091376398478   0.104635680296961   0.0183799167851134   0
0.240233715896083   0.193607945442517   -0.0242843215632931   -0.0154834309559614   0
0.131176007308854   0.187840280909241   -0.109057708587229   -0.00576766453327582   0
0.124744092139798   0.187921266774918   -0.00643191516905599   8.09858656774243e-05   0
0.169905695079947   0.196131000898226   0.0451616029401493   0.00820973412330797   0
0.316752424744247   0.20568175841919   0.1468467296643   0.00955075752096371   0
0.219191053880655   0.188556748645229   -0.0975613708635924   -0.0171250097739611   0
0.157623414550526   0.18740247054194   -0.061567639330129   -0.00115427810328933   0
0.141145642135429   0.191374900869106   -0.0164777724150971   0.0039724303271661   0
0.250721341937399   0.201556193711977   0.10957569980197   0.0101812928428714   0
0.292188964565211   0.19797562753382   0.0414676226278121   -0.0035805661781565   0
0.168369212790373   0.170688376458599   -0.123819751774838   -0.0272872510752212   0
0.129807273130784   0.178900027837516   -0.0385619396595892   0.00821165137891722   0
0.150421784382152   0.173231348491733   0.0206145112513682   -0.00566867934578372   0
0.276692831470134   0.187010029549926   0.126271047087982   0.0137786810581932   0
0.227699535609013   0.188351196319573   -0.0489932958611215   0.0013411667696466   0
0.173155339057073   0.167435467024799   -0.0545441965519393   -0.0209157292947736   0
0.143718814305574   0.161488494809661   -0.0294365247514995   -0.0059469722151376   0
0.253198407462152   0.181583485610855   0.109479593156578   0.0200949908011938   0
0.301137817987861   0.181996623943475   0.0479394105257087   0.000413138332619495   0
0.156426978638405   0.17626541775371   -0.144710839349456   -0.00573120618976425   0
0.137993554825941   0.168136015013025   -0.0184334238124639   -0.00812940274068513   0
0.122061550108761   0.167352991810082   -0.01593200471718   -0.000783023202943628   0
0.225302200947993   0.194327563499726   0.103240650839232   0.0269745716896443   0
0.323327342757908   0.178795391278662   0.098025141809915   -0.0155321722210634   0
0.165269469434769   0.169787045187878   -0.15805787332314   -0.00900834609078413   0
0.146523782398568   0.171732192028089   -0.0187456870362009   0.00194514684021085   0
0.152229448004156   0.174381999191602   0.00570566560558794   0.00264980716351318   0
0.283580076455681   0.180458931980582   0.131350628451525   0.00607693278898014   0
0.245572920204244   0.190244147237333   -0.0380071562514372   0.00978521525675044   0
0.184440683662418   0.158560521128724   -0.0611322365418264   -0.031683626108609   0
0.17261531025613   0.14643840543598   -0.0118253734062876   -0.0121221156927438   0
0.182254933162864   0.150072775346105   0.00963962290673398   0.00363436991012486   0
0.27808715156578   0.176773935506065   0.0958322184029157   0.0267011601599602   0
0.2767400950682   0.185775853615425   -0.0013470564975801   0.0090019181093603   0
0.196816483550922   0.148438446223828   -0.0799236115172774   -0.0373374073915977   0
0.164607395472225   0.150873064371345   -0.0322090880786968   0.00243461814751714   0
0.197715949563545   0.152166220262588   0.0331085540913199   0.00129315589124321   0
0.303893525696459   0.166111946580679   0.106177576132914   0.0139457263180913   0
0.222815290660292   0.159134408484848   -0.0810782350361672   -0.00697753809583135   0
0.182884665865485   0.151474939472087   -0.0399306247948071   -0.00765946901276082   0
0.156038698914788   0.159227634467364   -0.0268459669506964   0.00775269499527678   0
0.258258789366964   0.164446400587159   0.102220090452176   0.00521876611979538   0
0.299625907612292   0.177267562415752   0.0413671182453282   0.0128211618285925   0
0.177785442196655   0.148502648968209   -0.121840465415638   -0.0287649134475433   0
0.164345638453383   0.137536805329101   -0.0134398037432718   -0.0109658436391077   0
0.239482560051875   0.166057052472885   0.0751369215984924   0.0285202471437841   0
0.272322967567923   0.16756620093883   0.0328404075160477   0.00150914846594541   0
0.199101646107334   0.145170352578255   -0.0732213214605891   -0.022395848360575   0
0.185240104480914   0.142016910230129   -0.0138615416264197   -0.00315344234812651   0
0.200350479898527   0.155741858022378   0.0151103754176126   0.0137249477922489   0
0.291674495618678   0.158972647543092   0.0913240157201508   0.00323078952071365   0
0.211226407807002   0.155639590734853   -0.0804480878116754   -0.00333305680823864   0
0.170828334333681   0.16195967998265   -0.0403980734733209   0.00632008924779745   0
0.141591473461823   0.146496989990042   -0.0292368608718587   -0.0154626899926082   0
0.162014220535421   0.151060098225417   0.0204227470735983   0.00456310823537445   0
0.262290406650874   0.15183247533615   0.100276186115453   0.000772377110733108   0
0.237562756218562   0.15674105001288   -0.024727650432312   0.00490857467672987   0
0.137748997713414   0.141381083519198   -0.0998137585051486   -0.0153599664936813   0
0.116519973324834   0.143559737817929   -0.0212290243885796   0.00217865429873079   0
0.202805879186798   0.145003996743055   0.0862859058619638   0.00144425892512634   0
0.272742377420085   0.155027381117821   0.0699364982332871   0.0100233843747653   0
0.150946854915132   0.146232031008095   -0.121795522504953   -0.00879535010972549   0
0.140701408907836   0.141205231611651   -0.0102454460072965   -0.00502679939644413   0
0.152923353147418   0.136365867471666   0.0122219442395825   -0.00483936413998487   0
0.277009460252967   0.150349230995905   0.124086107105549   0.0139833635242388   0
0.163281039465763   0.141353531463924   -0.113728420787204   -0.00899569953198118   0
0.131599864022726   0.136991777031105   -0.0316811754430367   -0.00436175443281878   0
0.126127756353667   0.138240947561034   -0.00547210766905909   0.00124917052992879   0
0.269029360030908   0.153096263371297   0.142901603677241   0.0148553158102634   0
0.280123308785613   0.151014225821621   0.011093948754705   -0.00208203754967598   0
0.155707610353729   0.13779410710249   -0.124415698431884   -0.0132201187191311   0
0.164128832815109   0.132475139823714   0.00842122246138008   -0.00531896727877634   0
0.142594212070231   0.129389715008033   -0.0215346207448781   -0.00308542481568072   0
0.26563713049715   0.153716873092595   0.123042918426919   0.0243271580845618   0
0.217603182998802   0.141854638741398   -0.0480339474983485   -0.0118622343511969   0
0.149872413514329   0.129882045779488   -0.0677307694844729   -0.01197259296191   0
0.124999604869975   0.137196178789252   -0.0248728086443534   0.00731413300976405   0
0.230365726828558   0.137180906890096   0.105366121958583   -1.5271899155872e-05   0
0.294596331092293   0.140026896458546   0.0642306042637347   0.00284598956845039   0
0.149179288792412   0.128996578187099   -0.145417042299881   -0.011030318271448   0
0.131894295279705   0.131953612648476   -0.0172849935127075   0.00295703446137766   0
0.139963779018609   0.133777253656353   0.00806948373890401   0.00182364100787638   0
0.256404020550088   0.141555472113845   0.116440241531479   0.00777821845749263   0
0.195937223431384   0.134133921600802   -0.0604667971187043   -0.00742155051304355   0
0.145695841330527   0.121062145764242   -0.0502413821008571   -0.01307177583656   0
0.109850441910854   0.132091673644254   -0.0358453994196722   0.0110295278800119   0
0.183227970240927   0.125881926603415   0.0733775283300725   -0.00620974704083876   0
0.302810397449774   0.133305512560192   0.119582427208847   0.00742358595677747   0
0.162306029606327   0.124099157272061   -0.140504367843446   -0.00920635528813175   0
0.137018121271823   0.117223947588433   -0.0252879083345044   -0.00687520968362741   0
0.123398898384224   0.121728595541863   -0.0136192228875992   0.00450464795342956   0
0.173598503885863   0.129748029598613   0.0501996055016392   0.00801943405675007   0
0.264509834501479   0.13835415581692   0.0909113306156163   0.00860612621830692   0
0.161258226956227   0.132713520513181   -0.103251607545252   -0.00564063530373876   0
0.159921691656417   0.124316142159483   -0.00133653529981059   -0.00839737835369787   0
0.163776485712216   0.129825738494578   0.00385479405579908   0.00550959633509475   0
0.268756589248413   0.147221170974354   0.104980103536197   0.0173954324797763   0
0.272749151364399   0.14654814102475   0.00399256211598664   -0.000673029949604137   0
0.187091861059587   0.138724842691747   -0.0856572903048118   -0.00782329833300277   0
0.177588812893155   0.138770146196228   -0.00950304816643255   4.53035044808425e-05   0
0.245094625642342   0.130399977813207   0.0675058127491875   -0.00837016838302054   0
0.279125839551787   0.144438673572177   0.0340312139094446   0.0140386957589699   0
0.20782324999167   0.130391674498   -0.0713025895601175   -0.0140469990741769   0
0.205299391957429   0.127910709829812   -0.00252385803424077   -0.00248096466818831   0
0.254560815369782   0.137756391277773   0.0492614234123529   0.00984568144796125   0
0.336337650843256   0.135897561319225   0.0817768354734743   -0.00185882995854844   0
0.2445605701521   0.121745857893274   -0.0917770806911565   -0.014151703425951   0
0.234184481977009   0.118184641139839   -0.0103760881750907   -0.00356121675343499   0
0.297361621181046   0.137631637562272   0.0631771392040373   0.0194469964224327   0
0.326362674491447   0.144256656106651   0.0290010533104005   0.00662501854437914   0
