0.121042556414511   0.138951930351831   0   0   0
0.11299930836328   0.136523064445545   -0.00804324805123084   -0.00242886590628541   0
0.12477602617879   0.123811771905068   0.0117767178155098   -0.0127112925404776   0
0.106479331885066   0.120045481334159   -0.0182966942937238   -0.0037662905709083   0
0.0963826806766133   0.104133918200327   -0.0100966512084526   -0.0159115631338319   0
0.0895452852585774   0.108261261297128   -0.00683739541803589   0.00412734309680038   0
0.0955461958869112   0.106003177593422   0.00600091062833377   -0.0022580837037062   0
0.0620677495636019   0.0859589464354932   -0.0334784463233093   -0.0200442311579284   0
0.0721607454937932   0.0835866905863756   0.0100929959301914   -0.00237225584911761   0
0.138245871079392   0.0716696733511637   0.0660851255855992   -0.011917017235212   0
0.104815572025057   0.0817308071682429   -0.033430299054335   0.0100611338170792   0
0.109815282765744   0.0655780894903359   0.00499971074068695   -0.016152717677907   0
0.0963848404044433   0.0858024435472848   -0.0134304423613011   0.0202243540569489   0
0.118111144147578   0.0599272802260373   0.021726303743135   -0.0258751633212475   0
0.083385241798654   0.0725218537999581   -0.0347259023489242   0.0125945735739209   0
0.087635490047697   0.0641937739601942   0.00425024824904294   -0.00832807983976398   0
0.067853455630793   0.0598685821417628   -0.0197820344169039   -0.00432519181843136   0
0.0749411606889698   0.0552589862983615   0.0070877050581768   -0.00460959584340132   0
0.0799243230367953   0.0465359443679829   0.00498316234782543   -0.00872304193037856   0
0.0479635279049874   0.0668076059580981   -0.0319607951318079   0.0202716615901152   0
0.0378502600057661   0.0583159438142992   -0.0101132678992212   -0.00849166214379889   0
0.0590789857056636   0.0469786854628245   0.0212287256998974   -0.0113372583514747   0
0.0521053773956201   0.0539081945526142   -0.00697360831004345   0.00692950908978964   0
0.0537307400582758   0.045609923542998   0.00162536266265564   -0.00829827100961616   0
0.126128868953028   0.0505330717757441   0.0723981288947518   0.00492314823274604   0
0.0756858563372312   0.0169637773931575   -0.0504430126157963   -0.0335692943825866   0
0.18735163349875   0.0592744719169433   0.111665777161519   0.0423106945237858   0
0.0955569932958337   0.0157792879945099   -0.0917946402029164   -0.0434951839224334   0
0.107558571585811   0.0414031972982851   0.0120015782899772   0.0256239093037752   0
0.0829287379118361   0.0366426018124055   -0.0246298336739748   -0.00476059548587968   0
0.111147224323912   0.0557111270813336   0.0282184864120759   0.0190685252689281   0
0.119198861495287   0.0621334817940376   0.00805163717137458   0.00642235471270401   0
0.0956232198790126   0.0501614449866887   -0.0235756416162739   -0.0119720368073489   0
0.142786033221608   0.0704924981161116   0.0471628133425952   0.0203310531294229   0
0.174750606940892   0.0879048213317677   0.0319645737192838   0.0174123232156561   0
0.260801107489987   0.115792678613255   0.0860505005490951   0.027887857281487   0
0.234842909107601   0.106447056291473   -0.0259581983823858   -0.00934562232178184   0
0.247523902992299   0.117070527545407   0.0126809938846978   0.0106234712539345   0
0.175343715164844   0.0871621617295171   -0.0721801878274546   -0.0299083658158903   0
0.163183692138572   0.119301005220032   -0.0121600230262726   0.0321388434905144   0
0.163995226334458   0.111597928436071   0.000811534195886088   -0.00770307678396023   0
0.21456390015958   0.117386036912786   0.0505686738251218   0.00578810847671486   0
0.186380835082929   0.118887907095886   -0.0281830650766504   0.0015018701830997   0
0.242313914170049   0.121023472491135   0.0559330790871202   0.00213556539524905   0
0.245713677258491   0.133741747624377   0.00339976308844198   0.0127182751332418   0
0.216134138066364   0.127422241745594   -0.0295795391921274   -0.00631950587878319   0
0.266965216428077   0.143133781033244   0.0508310783617133   0.0157115392876499   0
0.178079737374834   0.123642653928206   -0.0888854790532427   -0.019491127105038   0
0.410940614185018   0.207015420886126   0.232860876810184   0.0833727669579207   0
0.36557608365023   0.184152405477779   -0.0453645305347881   -0.0228630154083468   0
0.156566022460799   0.151745830469382   -0.209010061189431   -0.0324065750083972   0
0.138560207450514   0.141740007216285   -0.0180058150102847   -0.0100058232530974   0
0.230488242042149   0.13780002001815   0.0919280345916349   -0.00393998719813501   0
0.22916907576654   0.13962181825561   -0.00131916627560968   0.00182179823745982   0
0.270831839865692   0.130034794296575   0.0416627640991528   -0.00958702395903496   0
0.341020782103382   0.137573904461393   0.0701889422376897   0.00753911016481831   0
0.246759092909602   0.123742257078989   -0.0942616891937802   -0.0138316473824044   0
0.285561964149535   0.138902699777587   0.0388028712399326   0.0151604426985985   0
0.252797569318536   0.15331997256637   -0.0327643948309987   0.0144172727887831   0
0.185800705164897   0.134500744677316   -0.0669968641536391   -0.0188192278890544   0
0.202319831998274   0.132472175643614   0.0165191268333777   -0.00202856903370188   0
0.179794369737097   0.134661077652574   -0.0225254622611773   0.00218890200895983   0
0.179174780493266   0.134888028281803   -0.000619589243831292   0.000226950629229283   0
0.227122001002127   0.131074589745343   0.0479472205088607   -0.00381343853645993   0
0.171759803752682   0.125350992161022   -0.0553621972494441   -0.0057235975843215   0
0.317932990209588   0.145037888372632   0.146173186456905   0.0196868962116103   0
0.175010052797004   0.132012498921852   -0.142922937412584   -0.0130253894507797   0
0.214769735553709   0.12843216628085   0.0397596827567051   -0.00358033264100174   0
0.152048139188614   0.131460220651884   -0.0627215963650952   0.00302805437103351   0
0.214121876599753   0.131822014866837   0.0620737374111398   0.000361794214952638   0
0.152611956821541   0.135989367958471   -0.061509919778212   0.00416735309163477   0
0.197169429421019   0.142103390389234   0.0445574725994772   0.00611402243076245   0
0.186272995811417   0.140030015168285   -0.010896433609602   -0.0020733752209493   0
0.139683997855195   0.145787047678223   -0.046588997956222   0.00575703250993856   0
0.190070895552186   0.138627122442957   0.0503868976969914   -0.00715992523526635   0
0.173644567870616   0.148642842737785   -0.0164263276815702   0.0100157202948287   0
0.170423388065019   0.150452751470794   -0.00322117980559697   0.00180990873300854   0
0.188580641344651   0.150446528300963   0.0181572532796324   -6.22316983084348e-06   0
0.150249255175159   0.161918374907158   -0.0383313861694924   0.011471846606195   0
0.129693262710135   0.158296035039305   -0.0205559924650242   -0.00362233986785268   0
0.181391047383519   0.160390424048989   0.0516977846733842   0.00209438900968362   0
0.145624055578225   0.166668548427268   -0.0357669918052938   0.00627812437827902   0
0.143074923138368   0.169525906451639   -0.0025491324398568   0.00285735802437137   0
0.203131627965637   0.1705940846841   0.0600567048272688   0.00106817823246008   0
0.13212843489537   0.199820928537459   -0.0710031930702672   0.02922684385336   0
0.141499669647388   0.20711140905229   0.00937123475201837   0.00729048051483053   0
0.185887960885045   0.178106810796008   0.0443882912376567   -0.029004598256282   0
0.123823756208613   0.199046167272074   -0.0620642046764321   0.0209393564760661   0
0.19099338216865   0.181535153773704   0.0671696259600372   -0.0175110134983697   0
0.140105175057811   0.185321711150293   -0.0508882071108386   0.00378655737658823   0
0.186036962450315   0.184077514369961   0.0459317873925038   -0.0012441967803318   0
0.167538636448582   0.184862955413388   -0.0184983260017337   0.000785441043426705   0
0.139082827810985   0.198733051689886   -0.0284558086375969   0.0138700962764987   0
0.197441267413527   0.197547260793844   0.0583584396025426   -0.00118579089604229   0
0.139905149104277   0.218725959501547   -0.0575361183092502   0.0211786987077034   0
0.191613523969604   0.207921829373836   0.0517083748653268   -0.0108041301277115   0
0.178783368878092   0.212102952349708   -0.0128301550915117   0.00418112297587223   0
0.161539888647634   0.229111729421439   -0.0172434802304582   0.0170087770717306   0
0.216869425138354   0.204969566058919   0.0553295364907197   -0.02414216336252   0
0.173529411371675   0.21905556497684   -0.0433400137666787   0.0140859989179213   0
0.217742678363912   0.196607430898072   0.0442132669922369   -0.0224481340787682   0
0.199881536381153   0.20312952186703   -0.0178611419827594   0.00652209096895792   0
0.16618758167989   0.218774973083217   -0.0336939547012629   0.0156454512161879   0
0.252145849273788   0.173489496996207   0.0859582675938987   -0.0452854760870101   0
0.183032326070561   0.200259877380618   -0.0691135232032278   0.0267703803844103   0
0.226071326834165   0.188911959278264   0.0430390007636048   -0.0113479181023536   0
0.201006868012911   0.190091227005614   -0.0250644588212539   0.00117926772735027   0
0.227607991518839   0.195289371788354   0.0266011235059279   0.00519814478273975   0
0.22510200459756   0.195597306127283   -0.0025059869212791   0.000307934338928756   0
0.175830534506951   0.210421126730421   -0.0492714700906094   0.0148238206031384   0
0.224647554551324   0.214243201100665   0.048817020044373   0.00382207437024379   0
0.167889117684054   0.249504380026684   -0.0567584368672702   0.0352611789260191   0
0.363017842364532   0.193880780484561   0.195128724680478   -0.0556235995421231   0
0.158029365063269   0.249467115855978   -0.204988477301263   0.0555863353714172   0
0.144142326383613   0.243145104505005   -0.0138870386796562   -0.00632201135097271   0
0.132927002439046   0.248699728078862   -0.0112153239445668   0.00555462357385683   0
0.160262776349612   0.275507591842312   0.0273357739105654   0.0268078637634498   0
0.164943978083824   0.262712668464047   0.00468120173421213   -0.0127949233782655   0
0.191520258887696   0.28337075560562   0.0265762808038721   0.0206580871415735   0
0.181320168725931   0.286222653564493   -0.010200090161765   0.00285189795887342   0
0.215064663944644   0.271189622899273   0.0337444952187129   -0.0150330306652202   0
0.18899527809092   0.265078566591586   -0.0260693858537239   -0.00611105630768699   0
0.204736723101279   0.260205077946703   0.0157414450103588   -0.0048734886448828   0
0.182678592667176   0.265764845010114   -0.0220581304341026   0.00555976706341077   0
0.177860665199644   0.275701303116706   -0.00481792746753154   0.00993645810659222   0
0.191093505335926   0.255185579291817   0.0132328401362817   -0.0205157238248898   0
0.179391888140183   0.26758380816391   -0.0117016171957429   0.0123982288720931   0
0.181820633415023   0.273317138089162   0.00242874527483936   0.00573332992525227   0
0.191774694581454   0.267332154422172   0.00995406116643155   -0.00598498366698996   0
0.192162297362334   0.265390015050491   0.000387602780879737   -0.0019421393716807   0
0.377645762844441   0.253155011252987   0.185483465482108   -0.0122350037975042   0
0.196267929930644   0.333248189760275   -0.181377832913798   0.0800931785072875   0
0.225823065191977   0.330257463978484   0.0295551352613337   -0.0029907257817901   0
0.211102379324707   0.348667170407898   -0.0147206858672705   0.0184097064294133   0
0.188434520598321   0.318587883805238   -0.0226678587263862   -0.0300792866026595   0
0.197953196273816   0.370600195432018   0.00951867567549564   0.0520123116267799   0
0.206039294575088   0.352496692985197   0.00808609830127202   -0.0181035024468215   0
0.206282565229663   0.370638182484279   0.000243270654574329   0.0181414894990828   0
0.208606632891406   0.370537465466044   0.00232406766174384   -0.000100717018235053   0
0.228886763815298   0.355093587044669   0.0202801309238916   -0.0154438784213752   0
0.213204602481607   0.369868605516202   -0.0156821613336911   0.0147750184715331   0
0.241209288135014   0.332510654368398   0.0280046856534069   -0.0373579511478045   0
0.231324962566948   0.385635679742228   -0.00988432556806554   0.05312502537383   0
0.21486274883546   0.35662461992584   -0.0164622137314882   -0.0290110598163874   0
0.225870574797449   0.382314922952597   0.0110078259619889   0.0256903030267565   0
0.235131815014898   0.392965631212833   0.00926124021744854   0.0106507082602359   0
0.230085695002319   0.3862094178629   -0.0050461200125789   -0.00675621334993282   0
0.245273191639466   0.394110941683303   0.0151874966371469   0.00790152382040332   0
0.255646814947126   0.372322321255723   0.0103736233076603   -0.0217886204275799   0
0.253338615162569   0.396062278719837   -0.00230819978455649   0.0237399574641138   0
0.263473180466627   0.38433962658728   0.010134565304058   -0.0117226521325569   0
0.257716569986836   0.385920446373343   -0.00575661047979092   0.00158081978606239   0
0.272115082231901   0.40806750990308   0.0143985122450648   0.0221470635297369   0
0.279647842140665   0.379771114305709   0.00753275990876323   -0.0282963955973705   0
0.270672858101447   0.40351994903629   -0.00897498403921743   0.0237488347305808   0
0.271341599241639   0.346144199065216   0.000668741140191498   -0.0573757499710738   0
0.258535581780458   0.380104287312048   -0.0128060174611804   0.0339600882468319   0
0.363696208058814   0.355878886761704   0.105160626278356   -0.0242254005503438   0
0.24590699234121   0.402931488482223   -0.117789215717604   0.0470526017205189   0
0.291751871125105   0.427282219151172   0.045844878783895   0.0243507306689486   0
0.253992495771529   0.399384772392176   -0.0377593753535765   -0.0278974467589961   0
0.239920313350029   0.412414930223495   -0.0140721824214997   0.0130301578313191   0
0.261068093799376   0.427291949891991   0.0211477804493474   0.0148770196684965   0
0.263675599464076   0.413481871600195   0.00260750566469992   -0.0138100782917965   0
0.258942578511839   0.433386702809685   -0.00473302095223693   0.0199048312094899   0
0.257039595273355   0.41292814332702   -0.00190298323848465   -0.0204585594826647   0
0.265499811184415   0.428529662453779   0.00846021591106022   0.0156015191267592   0
0.268364276326042   0.424543333324468   0.00286446514162664   -0.00398632912931163   0
0.262186710867369   0.408632836333548   -0.0061775654586721   -0.0159104969909199   0
0.276207876294739   0.435556745376248   0.0140211654273698   0.0269239090427005   0
0.270309189862886   0.412373315114776   -0.00589868643185365   -0.0231834302614727   0
0.284169598762588   0.434799157816859   0.0138604088997019   0.0224258427020835   0
0.274090304071487   0.397240858206013   -0.0100792946911009   -0.0375582996108457   0
0.273115501946411   0.412764298419812   -0.000974802125075724   0.0155234402137991   0
0.28689169981073   0.399921127514539   0.013776197864319   -0.0128431709052737   0
0.273762000697019   0.405011273315324   -0.0131296991137114   0.0050901458007851   0
0.282947362476221   0.390597833874562   0.00918536177920243   -0.0144134394407618   0
0.285796475566037   0.423417588813927   0.00284911308981556   0.0328197549393652   0
0.290265345948927   0.434206169033214   0.00446887038289001   0.0107885802192867   0
0.284103598748291   0.404318016625836   -0.00616174720063545   -0.0298881524073777   0
0.285437178949979   0.403749918451075   0.00133358020168817   -0.000568098174760945   0
0.276120410401296   0.412000597584821   -0.00931676854868352   0.00825067913374616   0
0.275723141268193   0.387262335170231   -0.000397269133102562   -0.0247382624145909   0
0.280662076427173   0.41537661408925   0.0049389351589802   0.0281142789190198   0
0.287206229363588   0.378294965474694   0.00654415293641475   -0.0370816486145562   0
