0.0818471095412202   0   0   0
0.103431411405397   -0.0289598450601008   0.0215843018641769   0
0.110862672616271   0.0161197600601058   0.00743126121087402   0
0.0954695443895853   -0.0233670332420989   -0.0153931282266858   0
0.0650876649961611   0.0155033196277871   -0.0303818793934242   0
0.0447610008984942   -0.0146672346353233   -0.0203266640976669   0
0.0498974794780548   -0.0248860020275378   0.00513647857956059   0
0.0595670165169008   -0.0243361513590987   0.00966953703884596   0
0.0877115221965512   -0.0285512989029129   0.0281445056796505   0
0.0716843950911675   0.0348696496027589   -0.0160271271053837   0
0.0684396066289404   -0.000245421492568232   -0.00324478846222712   0
0.0633303451847138   0.022615710474375   -0.0051092614442266   0
0.0673116145594689   0.0126335674866065   0.00398126937475508   0
0.0485788502579006   0.0151148625181088   -0.0187327643015683   0
0.0562521617492608   -0.0104493676782992   0.00767331149136024   0
0.0652285828522665   0.00045570549278523   0.00897642110300574   0
0.0801896133748006   0.0117207807581133   0.0149610305225341   0
0.0839691503042189   -0.00663381699394749   0.00377953692941826   0
0.219044129670233   -0.0230654666158621   0.135074979366014   0
0.138004136048526   -0.0455215646694357   -0.0810399936217076   0
0.0715519926430599   -0.0787979905778756   -0.0664521434054658   0
0.0576577030100454   0.0432204579703993   -0.0138942896330145   0
0.0898204658684178   -0.0288644459158276   0.0321627628583723   0
0.0938061631024449   0.0137096562369267   0.00398569723402718   0
0.116885709985235   0.0172833513455584   0.0230795468827902   0
0.103621814050252   -0.0191037134201217   -0.0132638959349831   0
0.120410985951916   -0.0150327941213408   0.0167891719016639   0
0.125113049350388   0.00967773124959879   0.00470206339847157   0
0.123455449956735   0.00418586376902423   -0.00165759939365209   0
0.141070286169386   0.0215438829657314   0.0176148362126507   0
0.159888117176419   0.00937137806413198   0.0188178310070326   0
0.164563510256743   0.0117449048493968   0.00467539308032444   0
0.172295551031895   -0.00823303130502639   0.00773204077515147   0
0.172901467399072   -0.0173203544434875   0.000605916367177745   0
0.16441088680134   0.00119641984015795   -0.008490580597732   0
0.167213245787109   -0.00026322345813734   0.00280235898576817   0
0.158606281107685   -4.31671836240155e-05   -0.00860696467942354   0
0.166463150115592   0.000122570459725468   0.00785686900790691   0
0.18018835312822   0.00401193202832589   0.0137252030126278   0
0.171963365946798   0.0132082011876917   -0.00822498718142131   0
0.178376064436214   -0.0260147060206018   0.00641269848941597   0
0.179236367612024   -0.0125208424532991   0.000860303175809318   0
0.176862113170589   0.00404754862312365   -0.00237425444143471   0
0.173877517675295   0.000631820203726666   -0.00298459549529403   0
0.19927136688085   0.00106177288481679   0.0253938492055555   0
0.203748723402142   0.0127203110128546   0.00447735652129141   0
0.242524268549917   0.0119814109535597   0.0387755451477756   0
0.156401152850363   0.0313535201079897   -0.0861231156995549   0
0.147577434578631   -0.00294421295444883   -0.00882371827173201   0
0.158487416694859   -0.013107579023411   0.0109099821162288   0
0.1827367751494   0.0506075725366092   0.024249358454541   0
0.179450995865173   0.000566681517962159   -0.00328577928422691   0
0.190338745112503   0.00298873327337326   0.0108877492473299   0
0.195097870801433   -0.0258247217375543   0.00475912568892931   0
0.216629301070377   0.0395416574856096   0.0215314302689442   0
0.226020903257094   0.016826743927679   0.00939160218671684   0
0.236281076333696   0.0144015514579732   0.0102601730766026   0
0.241052609302311   -0.00633469629306016   0.00477153296861452   0
0.253498479979215   0.0179351531097498   0.0124458706769043   0
0.280828418558041   -0.00292680653274163   0.0273299385788255   0
0.280395575643808   0.0108292576064685   -0.000432842914232401   0
0.26005860944526   -0.0254204182345977   -0.0203369661985476   0
0.258598193987395   0.00593521625243684   -0.00146041545786518   0
0.2722821847763   0.0179537677302448   0.0136839907889043   0
0.254661643818111   -0.00519096351373349   -0.0176205409581884   0
0.255003126393217   -0.00208000377837539   0.0003414825751058   0
0.276555336195928   0.0155677099527158   0.0215522098027106   0
0.278966837055007   0.00211021000217046   0.00241150085907982   0
0.275457217385123   -0.0142803817913685   -0.00350961966988417   0
0.27942471520911   0.00176645106401585   0.00396749782398725   0
0.28886251177031   0.00469570378058684   0.00943779656119959   0
0.279002371355792   0.0155567302561237   -0.00986014041451849   0
0.27878337531758   0.00823487178088417   -0.000218996038211849   0
0.293656525540086   0.00606526425398424   0.014873150222506   0
0.284838631913247   -0.018029602850463   -0.0088178936268391   0
0.275945804152716   -0.00459819904506625   -0.00889282776053074   0
0.279994288383714   -0.00630424936958315   0.00404848423099829   0
0.2971271057063   0.0158797637963567   0.0171328173225854   0
0.303113357257685   0.0049461235474077   0.00598625155138538   0
0.291686047189872   -0.0116611841659314   -0.0114273100678125   0
0.30228461647471   0.0049793310415932   0.0105985692848375   0
0.286327951753274   -0.0126795994177203   -0.0159566647214364   0
0.290711133071061   0.0023749151125132   0.00438318131778714   0
0.280529097550504   -0.0264628282447342   -0.010182035520557   0
0.284718722635332   0.0124186375147863   0.00418962508482812   0
0.289170690268066   -0.00339581127298591   0.00445196763273459   0
0.295580189688471   0.00999672800032314   0.00640949942040459   0
0.300872222241453   -0.00122591206398467   0.00529203255298155   0
0.276705114367715   0.00028980193761452   -0.0241671078737379   0
0.27791803135547   -0.00212907941697879   0.00121291698775539   0
0.28299221265125   0.000351021147247166   0.00507418129577947   0
0.299876308362715   0.00544316732574832   0.0168840957114653   0
0.311974358359485   -0.00314599322750575   0.0120980499967704   0
0.346256034577843   0.139279539465893   0.034281676218358   0
0.187627615754751   0.102694291713518   -0.158628418823092   0
0.167603553089918   -0.0309650748152898   -0.0200240626648329   0
0.192602222645048   -0.201314154316101   0.0249986695551295   0
0.216103464670063   0.000919002074575376   0.023501242025015   0
0.268847193330156   0.0857917281903343   0.0527437286600938   0
0.321964273404803   0.0117151656603189   0.0531170800746462   0
0.349568117615183   -0.0189417253808679   0.0276038442103805   0
0.347326438516578   -0.0170711530259187   -0.00224167909860545   0
0.379486107917668   0.00336433980959383   0.0321596694010904   0
0.361918729632928   -0.0150669206582265   -0.01756737828474   0
0.360894880414872   -0.0484322636905032   -0.00102384921805565   0
0.367804747351004   0.000724071606268722   0.00690986693613194   0
0.400591950834652   0.00213491004258315   0.0327872034836479   0
0.424203264944927   0.0247811908157551   0.0236113141102749   0
0.433388358638188   0.0213610294690413   0.00918509369326054   0
0.420894325366582   -0.0208605977464444   -0.0124940332716059   0
0.421366527619681   -0.00443898423015709   0.000472202253098741   0
0.393661416445389   -0.0157514926354249   -0.0277051111742916   0
0.382216880959201   0.00071342347979883   -0.0114445354861875   0
0.358203533859997   -0.0382930207326502   -0.0240133470992045   0
0.3697770406449   0.0296442242663874   0.011573506784903   0
0.374559150174218   -0.0220093496523063   0.00478210952931812   0
0.362243942526552   -0.00566225007879173   -0.012315207647666   0
0.375202986441476   0.0110466763824416   0.012959043914924   0
0.373689988301464   -0.0102857675241823   -0.00151299814001171   0
0.354202824592411   -0.0241346778589815   -0.0194871637090531   0
0.367432048220314   0.0118422403271399   0.0132292236279023   0
0.354802632905979   -0.00735347026019867   -0.0126294153143346   0
0.345517415717696   0.00996485137522987   -0.00928521718828335   0
0.36178801517798   0.00733267103643639   0.0162705994602846   0
0.365092771873085   -0.018168135732875   0.00330475669510466   0
0.362836068835587   0.00119064803596677   -0.00225670303749848   0
0.350992568068058   -0.0217447296939506   -0.011843500767529   0
0.361588626931645   0.0276494909935351   0.0105960588635877   0
0.363174495894591   -0.00151382248059687   0.00158586896294532   0
0.365156167273524   -0.00402020739840592   0.00198167137893362   0
0.38583615387351   0.0179515719318012   0.0206799865999854   0
0.374604522055842   -0.025497267089416   -0.0112316318176672   0
0.342590407821787   -0.0537588317380341   -0.032014114234055   0
0.330232187411044   0.00114694857229705   -0.0123582204107434   0
0.339713562911476   0.00320767573864303   0.00948137550043182   0
0.328485581858259   0.00433425259224118   -0.0112279810532164   0
0.329236879047228   -0.0104206564582819   0.00075129718896888   0
0.322349698450786   -0.0120960243731434   -0.0068871805964425   0
0.326704015351361   0.000172193997209497   0.00435431690057558   0
0.336063334149327   0.0113818976202691   0.00935931879796609   0
0.346600522910034   -0.00142338974072828   0.0105371887607069   0
0.331502215196976   -0.0118242003941233   -0.0150983077130579   0
0.341768214535099   0.000945122756113928   0.0102659993381222   0
0.341800368852214   -0.00706467416353991   3.21543171148964e-05   0
0.346269529577109   0.00420132514192478   0.00446916072489567   0
0.350527608573134   -0.00530316649600532   0.00425807899602448   0
0.345627303041835   -0.0140559212151952   -0.00490030553129861   0
0.348665777367223   -0.0206502441658417   0.00303847432538806   0
0.362593631633696   0.0130907763982777   0.0139278542664729   0
0.364452059986001   -0.00180822844860497   0.00185842835230543   0
0.390464308164015   0.0440986104171884   0.026012248178013   0
0.340741936666977   -0.0194205131357222   -0.0497223714970371   0
0.353831128373422   -0.0515201635322996   0.0130891917064448   0
0.320621240325173   0.0106127658768598   -0.033209888048249   0
0.205397501097871   -0.00433313060476717   -0.115223739227302   0
0.23054755526843   0.00649593854825239   0.0251500541705593   0
0.232602849409809   -0.0185495377955096   0.00205529414137903   0
0.263370259260252   -0.00246999802310259   0.0307674098504428   0
0.316781360488149   0.0328206981287784   0.0534111012278966   0
0.316051361204536   0.0493431452077176   -0.000729999283613003   0
0.362830823104546   0.0401944543474386   0.0467794619000104   0
0.394940961417618   -0.00624059792730236   0.0321101383130719   0
0.400573668092677   0.00336957848429886   0.00563270667505927   0
0.408175688257792   -0.0068931363588878   0.00760202016511491   0
0.408377736953182   -0.00340339151238456   0.000202048695389923   0
0.411123864887302   -0.0173919963211535   0.00274612793411966   0
0.39963051756688   -0.00739765249695823   -0.0114933473204218   0
0.405451055251124   0.0101551383923777   0.00582053768424384   0
0.405381002483543   0.0159828337359905   -7.00527675807083e-05   0
0.414709971622907   0.0245087572716664   0.00932896913936399   0
0.408807795044936   -0.0282395170323129   -0.00590217657797121   0
0.401322339776656   -0.0202880576623649   -0.00748545526827965   0
0.398609396423441   -0.0117623534840709   -0.00271294335321531   0
0.400665580192896   -0.023861022228529   0.00205618376945499   0
0.4014749208622   0.000306753003711108   0.00080934066930427   0
0.392717415860186   0.00727936199654956   -0.00875750500201411   0
0.39701415196698   -0.0237964708084164   0.00429673610679338   0
0.403757313537489   0.0108986170539501   0.00674316157050914   0
0.401242381092592   -0.0111876804382962   -0.00251493244489714   0
0.388770267448284   -0.0338023409668509   -0.0124721136443079   0
0.386986606394924   -0.00987878952760671   -0.00178366105335936   0
0.382525685744516   0.01758539426523   -0.00446092065040787   0
0.383404750278462   -0.0184689589091786   0.000879064533945817   0
0.387282809977492   -0.00455893102865907   0.00387805969903016   0
0.39663143894931   -0.00174481921376119   0.00934862897181732   0
0.377071399522345   -0.00909986105507009   -0.0195600394269646   0
0.379185173500775   -0.00514887370536156   0.00211377397842949   0
0.358365539126326   0.0428210214974053   -0.0208196343744483   0
0.360376311949138   -0.0323082250275393   0.00201077282281181   0
0.334896799992311   0.0214650735517152   -0.0254795119568271   0
0.354932248682087   -0.00106035380129321   0.0200354486897755   0
0.341721059355686   0.0158446213697807   -0.0132111893264002   0
0.363577852868598   -0.0181378387348755   0.0218567935129118   0
0.358660943980258   -0.0170721162013077   -0.00491690888833979   0
0.345845554774906   0.0106440080765915   -0.0128153892053524   0
0.345399474789066   0.000345353986043434   -0.000446079985840175   0
0.340373293655892   -0.00157998861785963   -0.00502618113317399   0
0.342582262374309   -0.0166814238409475   0.00220896871841736   0
0.347028851297698   0.0326854575598209   0.00444658892338912   0
0.343304162044753   -0.0221357309681877   -0.00372468925294528   0
0.348791589086162   -0.0138600450576501   0.00548742704140892   0
0.357414648833117   0.0192287506351135   0.0086230597469546   0
0.350597591872078   -0.0043064457444467   -0.00681705696103874   0
0.369329466279432   -0.0126776402396748   0.0187318744073541   0
0.364933958072211   0.000542939674153923   -0.00439550820722129   0
0.364480317517284   0.0121000353117412   -0.00045364055492686   0
0.388097260025757   -0.0029047164328286   0.0236169425084732   0
0.385596117907066   0.00619754155925788   -0.00250114211869096   0
0.375232955032937   0.0312132462594699   -0.0103631628741293   0
0.370179128181209   -0.0015808992444285   -0.00505382685172773   0
0.369190479684945   0.0040345861072139   -0.000988648496263789   0
0.367797130475484   0.00310647265419796   -0.00139334920946155   0
0.380285637057528   -0.012474599135727   0.0124885065820443   0
0.377394899266339   -0.0123748264235551   -0.00289073779118926   0
0.381025362329727   -0.00142584483621021   0.00363046306338854   0
0.379852318690764   0.0201606375667707   -0.00117304363896298   0
0.372712761521188   0.00339140038398963   -0.00713955716957632   0
0.384739163104694   0.00454235920883754   0.0120264015835055   0
0.373484621460509   0.0115737346384743   -0.0112545416441841   0
0.378481841513236   0.00250132129153872   0.00499722005272618   0
0.392084258979495   -0.022190245863754   0.0136024174662598   0
0.329104595954573   0.150255639275526   -0.0629796630249228   0
0.321284712670086   -0.154738913120226   -0.00781988328448613   0
0.316098677630103   -0.00786284437581965   -0.00518603503998311   0
0.305190205898125   0.0583497590972305   -0.0109084717319782   0
0.310801015058011   -0.0114284484818594   0.00561080915988593   0
0.331980995088951   -0.00648584783487167   0.0211799800309397   0
0.314151951125964   0.0059249373555612   -0.0178290439629868   0
0.337270723311778   -0.0367741251830918   0.0231187721858142   0
0.353571042531413   0.00413754397090471   0.0163003192196344   0
0.348642393865835   0.00989165858115854   -0.00492864866557757   0
0.36341514097551   -0.010360729749239   0.0147727471096753   0
0.3523545174643   0.00490429841298802   -0.0110606235112098   0
0.359883335922907   0.0138931192052259   0.00752881845860653   0
0.351414084257447   -0.0124681664253902   -0.00846925166546009   0
0.335157744597973   0.0392486060114136   -0.016256339659474   0
0.340568031583265   0.016713591029087   0.00541028698529245   0
0.325114322072252   -0.0155612742021601   -0.0154537095110133   0
0.344555653356609   -0.0312800350016899   0.0194413312843574   0
0.325349571907279   -0.0227770574979296   -0.0192060814493299   0
0.309478388369043   0.0166699077671963   -0.0158711835382368   0
0.315094123725356   -0.0204434948508663   0.00561573535631338   0
0.322884839469895   0.0166484126213685   0.0077907157445391   0
0.320746924316898   -0.0105771934276929   -0.00213791515299699   0
0.314903074603123   0.00407245131818323   -0.00584384971377527   0
0.30267724040015   -0.0103378578836801   -0.0122258342029732   0
0.300436651162104   -0.0111368026125839   -0.00224058923804538   0
0.298095532228764   0.00828165164982647   -0.00234111893334049   0
0.29256550515141   -0.0313689498237323   -0.00553002707735339   0
0.292076574841684   0.0195611437461598   -0.000488930309726188   0
0.285229208182647   -0.00556832861334627   -0.00684736665903685   0
0.288729758336407   0.00412759244449769   0.00350055015375966   0
0.279606987987157   0.00228068510370991   -0.00912277034925035   0
0.281366406643544   0.0212100148249901   0.00175941865638707   0
0.280425245242828   0.00400880264360259   -0.000941161400716206   0
0.289749831401159   -0.000759559260770884   0.00932458615833132   0
0.271146070556997   0.0664720520855179   -0.0186037608441619   0
0.291602999602627   -0.0299921035801753   0.0204569290456305   0
0.25235813289293   0.020577728676464   -0.0392448667096977   0
0.251769682253389   -0.0114614710666471   -0.000588450639540661   0
