0.242849108583519   0.0500922529695461   0   0   0
0.247937510573955   0.0387879842067747   0.0050884019904355   -0.0113042687627714   0
0.237026537909788   0.0272476202055335   -0.0109109726641672   -0.0115403640012411   0
0.252519088837062   0.0191795041697355   0.0154925509272743   -0.00806811603579808   0
0.257852437312914   0.00885070286916525   0.0053333484758516   -0.0103288013005702   0
0.214643174043714   0.0315697003537807   -0.0432092632691998   0.0227189974846154   0
0.230940979692994   0.0249891333225344   0.0162978056492805   -0.00658056703124626   0
0.246127522301103   0.0221886936776932   0.0151865426081088   -0.00280043964484127   0
0.241769182037496   0.0192342808923813   -0.00435834026360685   -0.00295441278531184   0
0.243883218776651   0.019263087997827   0.00211403673915514   2.88071054456406e-05   0
0.240635197370002   0.021975284229163   -0.00324802140664901   0.00271219623133604   0
0.500741711132756   0.0573095922966426   0.260106513762753   0.0353343080674796   1
0.242595368884074   0.0356835695741752   -0.258146342248681   -0.0216260227224674   1
0.178763388014129   0.0479986366876446   -0.0638319808699453   0.0123150671134694   0
0.107827266866364   0.0534436902118482   -0.0709361211477653   0.00544505352420362   0
0.116476159000973   0.0445762213588938   0.00864889213460961   -0.00886746885295441   0
0.123198987238573   0.0481658258660495   0.00672282823759948   0.00358960450715567   0
0.126338599487013   0.0496026984991996   0.00313961224844077   0.00143687263315015   0
0.105895740354653   0.0528548155759009   -0.0204428591323609   0.00325211707670132   0
0.102850454786987   0.0516021501490975   -0.00304528556766588   -0.00125266542680347   0
0.07260477563191   0.0382455414804785   -0.0302456791550767   -0.013356608668619   0
0.101344327839598   0.0470175513461197   0.0287395522076884   0.00877200986564119   0
0.0935262842420782   0.0523313172380077   -0.00781804359752022   0.00531376589188801   0
0.0717710648077594   0.0678351926890644   -0.0217552194343188   0.0155038754510567   0
0.110566439973529   0.0538428179950214   0.0387953751657697   -0.013992374694043   0
0.100313091550854   0.0525602007917112   -0.0102533484226751   -0.0012826172033102   0
0.101700384336393   0.0343168844050928   0.00138729278553883   -0.0182433163866184   0
0.11001588448815   0.0315090724809935   0.00831550015175743   -0.0028078119240993   0
0.10983641568774   0.0416733111771191   -0.000179468800410282   0.0101642386961256   0
0.107617188145853   0.059633233079435   -0.00221922754188657   0.0179599219023159   0
0.0924507153366051   0.10209846867932   -0.0151664728092482   0.042465235599885   0
0.108766459412495   0.111664403088073   0.0163157440758902   0.00956593440875332   0
0.0818384230711345   0.121349078104105   -0.0269280363413608   0.00968467501603133   0
0.0887390675733073   0.120299000906346   0.00690064450217277   -0.00105007719775883   0
0.0960796265913851   0.140409307122934   0.00734055901807783   0.0201103062165885   0
0.109920220737542   0.10623735583773   0.0138405941461571   -0.0341719512852042   0
0.119947913037201   0.124907255701711   0.0100276922996591   0.0186698998639804   0
0.116444243732784   0.137965122573381   -0.00350366930441728   0.0130578668716707   0
0.0950707297246634   0.128607073767124   -0.0213735140081206   -0.00935804880625712   0
0.141719454743694   0.137358878553697   0.0466487250190308   0.00875180478657339   0
0.128401869352319   0.129940593919885   -0.0133175853913753   -0.00741828463381231   0
0.106851221321097   0.143474165814033   -0.0215506480312222   0.0135335718941474   0
0.112542735344224   0.1275835342703   0.00569151402312704   -0.0158906315437322   0
0.136850122117191   0.10730317823739   0.0243073867729669   -0.0202803560329107   0
0.155726299348087   0.114962956807062   0.0188761772308963   0.00765977856967283   0
0.117668460053066   0.120797426844542   -0.038057839295021   0.00583447003747967   0
0.123071563367051   0.111938977528006   0.00540310331398478   -0.00885844931653568   0
0.112525162191307   0.11856713874924   -0.0105464011757435   0.00662816122123386   0
0.124644031726232   0.118241865396229   0.012118869534925   -0.00032527335301101   0
0.114805393902072   0.131516812682489   -0.0098386378241599   0.0132749472862598   0
0.134313774871381   0.119376915252316   0.0195083809693086   -0.0121398974301727   0
0.14897444348186   0.119612677028952   0.0146606686104794   0.000235761776636131   0
0.115954516501079   0.13811279712895   -0.0330199269807818   0.0185001200999975   0
0.109444552778747   0.147778181847093   -0.00650996372233126   0.00966538471814304   0
0.120668143244023   0.155708960104019   0.0112235904652755   0.00793077825692604   0
0.11752736819588   0.165199719146349   -0.00314077504814254   0.00949075904232963   0
0.115428713754377   0.170932359220842   -0.00209865444150281   0.0057326400744937   0
0.11990539304032   0.174072643773253   0.0044766792859425   0.00314028455241103   0
0.1189145483778   0.158602564077043   -0.000990844662520154   -0.0154700796962105   0
0.128931304666516   0.168097463201211   0.0100167562887163   0.00949489912416812   0
0.10249169099849   0.176952501242742   -0.0264396136680259   0.00885503804153065   0
0.135556281335754   0.176974408677429   0.0330645903372638   2.1907434686913e-05   0
0.127646446223348   0.184665399372419   -0.00790983511240634   0.00769099069499035   0
0.130498949000097   0.153955623089155   0.00285250277674962   -0.0307097762832639   0
0.124254183123547   0.172623927029576   -0.00624476587655011   0.0186683039404213   0
0.122520400293992   0.156876416869562   -0.00173378282955536   -0.0157475101600147   0
0.124331341359048   0.160306910803591   0.00181094106505569   0.00343049393402967   0
0.138768129038403   0.170002906207852   0.0144367876793554   0.00969599540426028   0
0.141092568330334   0.16602814401932   0.00232443929193119   -0.00397476218853179   0
0.113064355991382   0.187154839449351   -0.0280282123389523   0.0211266954300316   0
0.131436119975637   0.170999606607793   0.018371763984255   -0.0161552328415583   0
0.141181569545532   0.170824077080928   0.00974544956989554   -0.000175529526864893   0
0.115617241928097   0.182501337825049   -0.0255643276174359   0.0116772607441204   0
0.153015572257532   0.198507995250915   0.0373983303294355   0.0160066574258663   0
0.151661038762927   0.191469979008421   -0.00135453349460513   -0.0070380162424937   0
0.151862346776415   0.198859055590788   0.000201308013487722   0.00738907658236662   0
0.256205281450715   0.187340504289576   0.1043429346743   -0.0115185513012122   1
0.285436453939997   0.329941922691706   0.0292311724892821   0.142601418402131   0
0.23697836462057   0.22834894132993   -0.0484580893194265   -0.101592981361776   0
0.227042183252914   0.217945014934387   -0.00993618136765595   -0.0104039263955438   0
0.259335021501551   0.225172551804166   0.0322928382486367   0.00722753686977978   0
0.236617649082333   0.193333432653279   -0.0227173724192183   -0.0318391191508873   0
0.245844531913193   0.196890983923846   0.00922688283086001   0.00355755127056642   0
0.259281576393333   0.202822708576974   0.0134370444801398   0.00593172465312816   0
0.263654585743469   0.207082367202642   0.00437300935013585   0.00425965862566866   0
0.265472314230392   0.200348074668812   0.00181772848692352   -0.00673429253383001   0
0.235336814182908   0.200126950749368   -0.0301355000474843   -0.000221123919444233   0
0.239894865542471   0.188549117229278   0.00455805135956283   -0.0115778335200901   0
0.266968892784939   0.204862575064359   0.0270740272424688   0.0163134578350808   0
0.30768446940086   0.233094074129551   0.040715576615921   0.028231499065192   0
0.322421060787365   0.250237875348182   0.0147365913865052   0.0171438012186317   0
0.318022898952638   0.246057661935043   -0.00439816183472713   -0.00418021341313921   0
0.322930375390873   0.234098502825333   0.00490747643823453   -0.0119591591097101   0
0.335968600919208   0.25120714998965   0.0130382255283351   0.0171086471643168   0
0.365520206346038   0.253953581938708   0.0295516054268298   0.00274643194905794   0
0.373448347592823   0.235945053505048   0.00792814124678543   -0.0180085284336598   0
0.394170891297112   0.314019604218033   0.0207225437042893   0.0780745507129847   0
0.400161173221004   0.301377049175116   0.00599028192389112   -0.0126425550429173   0
0.409837816382286   0.292565159159887   0.00967664316128203   -0.00881189001522859   0
0.408959800839202   0.30727514020703   -0.000878015543083255   0.0147099810471431   0
0.392446952441015   0.317807417681683   -0.0165128483981876   0.0105322774746534   0
0.411855816462461   0.303498408393685   0.0194088640214459   -0.0143090092879984   0
0.413519133286829   0.307133189189967   0.0016633168243681   0.00363478079628188   0
0.384802657644149   0.289102532792866   -0.0287164756426799   -0.0180306563971011   0
0.388539818958829   0.249122536431873   0.00373716131468066   -0.0399799963609925   0
0.407493838116161   0.265176890302492   0.0189540191573316   0.016054353870619   0
0.384573300529054   0.281539636641539   -0.0229205375871072   0.0163627463390471   0
0.361933209234648   0.290313285052975   -0.0226400912944057   0.00877364841143585   0
0.393198026323327   0.275648259916964   0.0312648170886792   -0.0146650251360114   0
0.397792453015652   0.295976449678433   0.00459442669232507   0.0203281897614693   0
0.39528656215891   0.301801235684183   -0.00250589085674219   0.00582478600575032   0
0.387147781825287   0.290523990745601   -0.00813878033362325   -0.0112772449385825   0
0.416302393842805   0.290228245790275   0.0291546120175181   -0.000295744955326416   0
0.424482699906651   0.29913001325636   0.00818030606384595   0.00890176746608534   0
0.397262769450763   0.269166441267759   -0.0272199304558881   -0.0299635719886007   0
0.415491275650175   0.267966599148569   0.0182285061994125   -0.00119984211918983   0
0.420147808775388   0.283232721747947   0.00465653312521253   0.0152661225993778   0
0.436225436760482   0.290056502073303   0.0160776279850944   0.00682378032535591   0
0.399478702930719   0.287210517604683   -0.0367467338297629   -0.00284598446861983   0
0.419401675899417   0.288041900434642   0.019922972968698   0.000831382829958482   0
0.417161163787858   0.290041385940869   -0.00224051211155951   0.00199948550622719   0
0.403394544659456   0.270717770629765   -0.0137666191284018   -0.0193236153111039   0
0.407360506885044   0.274173536999379   0.00396596222558787   0.00345576636961442   0
0.393111900240662   0.283279812190615   -0.0142486066443818   0.00910627519123552   0
0.397957240935769   0.279338664074184   0.00484534069510706   -0.00394114811643048   0
0.398679470766228   0.277559346498186   0.000722229830459109   -0.00177931757599847   0
0.381144340797079   0.25865674083329   -0.0175351299691494   -0.0189026056648954   0
0.396872142208092   0.269833727585619   0.0157278014110129   0.0111769867523284   0
0.40827101698994   0.275366421330743   0.0113988747818481   0.00553269374512361   0
0.443104360631353   0.321631289467458   0.0348333436414129   0.0462648681367158   0
0.409555261780434   0.263395406410685   -0.0335490988509187   -0.0582358830567732   0
0.404715247022508   0.275841641911623   -0.00484001475792589   0.0124462355009378   0
0.38977217987799   0.270476199323989   -0.0149430671445187   -0.00536544258763438   0
0.395424491046217   0.280857253387731   0.00565231116822756   0.0103810540637421   0
0.420581899064406   0.266029455005456   0.0251574080181891   -0.0148277983822747   0
0.416138647673164   0.281250648530808   -0.00444325139124202   0.0152211935253518   0
0.464147722500165   0.269943661430955   0.0480090748270004   -0.0113069870998529   0
0.606131797845328   0.370755681203269   0.141984075345164   0.100812019772314   0
0.543483862148233   0.375626106728965   -0.0626479356970949   0.00487042552569628   0
0.423323631412859   0.541971060731798   -0.120160230735375   0.166344954002833   0
0.380086360417656   0.414323530474073   -0.0432372709952032   -0.127647530257725   0
0.420582339593512   0.359452932500905   0.0404959791758566   -0.0548705979731682   0
0.391836243139354   0.34992203924803   -0.0287460964541587   -0.00953089325287448   0
0.411898152860935   0.337899230250677   0.0200619097215813   -0.0120228089973533   0
0.431215152639033   0.327984502086989   0.019316999778098   -0.00991472816368805   0
0.447718816349738   0.358461552414272   0.0165036637107048   0.0304770503272833   0
0.403317910134177   0.331284718606594   -0.0444009062155607   -0.0271768338076784   0
0.412315731825515   0.322746189146363   0.00899782169133806   -0.00853852946023059   0
0.409713627617889   0.320805823758703   -0.00260210420762619   -0.00194036538766018   0
0.431212127210506   0.314240560439371   0.0214984995926176   -0.00656526331933188   0
0.454220077382104   0.324033309607593   0.023007950171598   0.00979274916822159   0
0.444607076589892   0.33214062985767   -0.00961300079221239   0.00810732025007771   0
0.447116084736671   0.341056588366945   0.00250900814677907   0.00891595850927496   0
0.431201759303183   0.33328820295129   -0.0159143254334882   -0.00776838541565572   0
0.45847801905352   0.346669105784608   0.0272762597503373   0.0133809028333187   0
0.463452593445932   0.317682917791467   0.0049745743924115   -0.0289861879931413   0
0.480663701963899   0.335005766650367   0.0172111085179676   0.0173228488588998   0
0.431567317085632   0.314462502533291   -0.0490963848782676   -0.0205432641170759   0
0.451912224124342   0.29294907823161   0.0203449070387109   -0.0215134243016809   0
0.438919292801016   0.293063287435922   -0.0129929313233264   0.000114209204312266   0
0.456153529692624   0.298297496497205   0.0172342368916084   0.00523420906128269   0
0.448271983063642   0.288796903486689   -0.00788154662898266   -0.00950059301051587   0
0.448911720346075   0.259907053706705   0.000639737282433051   -0.0288898497799842   0
0.43680207584786   0.26850098581616   -0.0121096444982144   0.00859393210945553   0
0.395050406557303   0.28034713703416   -0.0417516692905579   0.0118461512179994   0
0.358235467079699   0.299798606012853   -0.0368149394776037   0.0194514689786934   0
0.387811956686691   0.275768943360198   0.0295764896069923   -0.0240296626526554   0
0.370529804430089   0.268848565526208   -0.0172821522566021   -0.00692037783398941   0
0.350046958048831   0.275182164869473   -0.0204828463812581   0.00633359934326488   0
0.331868258072763   0.283846288513255   -0.018178699976068   0.00866412364378166   0
0.351303702941429   0.27050913316933   0.0194354448686664   -0.0133371553439247   0
0.342284139589961   0.270434511272988   -0.00901956335146814   -7.46218963420531e-05   0
0.36368267324697   0.282584985883455   0.021398533657009   0.0121504746104668   0
0.378591810061721   0.283850648538875   0.0149091368147505   0.00126566265542005   0
0.406350308011874   0.279635019442308   0.0277584979501532   -0.00421562909656703   0
0.410710231210826   0.288635852801155   0.0043599231989519   0.00900083335884688   0
0.400293384653369   0.279229622902908   -0.0104168465574569   -0.00940622989824735   0
0.391068521596779   0.289818209794088   -0.00922486305659037   0.0105885868911804   0
0.363567392472152   0.274251362544473   -0.0275011291246263   -0.0155668472496149   0
0.376049541844223   0.290092127220996   0.0124821493720707   0.0158407646765228   0
0.390824998974848   0.279120335058447   0.0147754571306251   -0.0109717921625485   0
0.394053332261002   0.293604238342199   0.00322833328615435   0.014483903283751   0
0.40732164037035   0.292757313709666   0.0132683081093471   -0.000846924632532109   0
0.39328922264408   0.278696734921419   -0.0140324177262697   -0.0140605787882469   0
0.408103316431361   0.297397347250228   0.0148140937872812   0.0187006123288082   0
