0.004092535   0   0   0
0   0.0568969640780476   -0.004092535   0
0.0181579274332459   0.0267334950408034   0.0181579274332459   0
0   -0.00878930180639045   -0.0181579274332459   0
0.00376913   -0.0191827169051434   0.00376913   0
0.0241629   0.0434961412535219   0.02039377   0
0.02718335   0.00786877743015162   0.00302045   0
0.0289507283695074   -0.0196036149317371   0.00176737836950739   0
0.0453121762945955   0.00706098277591587   0.0163614479250881   0
0.0455645171967179   -0.0237138598747272   0.000252340902122394   0
0.0521797512179294   0.00734485840078174   0.00661523402121149   0
0.0747988689792332   0.066325787425531   0.0226191177613039   0
0.0906249087933472   -0.0663471310915535   0.015826039814114   0
0.096841946275852   0.0367416012717343   0.00621703748250478   0
0.100230654490455   0.0424925956757527   0.00338870821460317   0
0.0945650643548795   -0.0569606653705337   -0.00566559013557567   0
0.119990072341684   0.0721807241751674   0.0254250079868042   0
0.115796052401852   -0.0799734202301527   -0.00419401993983155   0
0.155057285458544   0.0177380324116913   0.0392612330566921   0
0.163125729949516   0.0793466266396641   0.00806844449097191   0
0.125584434189164   -0.103737959329994   -0.0375412957603521   0
0.127809344238401   0.0527194613948251   0.0022249100492365   0
0.15498812107527   0.0395810452828156   0.0271787768368692   0
0.113816452915604   -0.0691378189406926   -0.0411716681596654   0
0.124011884203944   -0.00378456594011967   0.0101954312883399   0
0.131039843254828   0.0740412070835146   0.00702795905088408   0
0.107841450136589   -0.106468695423021   -0.023198393118239   0
0.12063953183535   0.053154916693762   0.0127980816987609   0
0.120606738177485   0.0223787644856444   -3.2793657864974e-05   0
0.109216388102313   -0.0714132484714145   -0.0113903500751726   0
0.118563388015915   0.111164756458868   0.0093469999136026   0
0.105933709446297   -0.089969914185169   -0.0126296785696182   0
0.116377145641971   -0.00325030457945162   0.0104434361956738   0
0.128952097104332   0.0961571925205268   0.0125749514623608   0
0.115123335640792   -0.102140107012598   -0.0138287614635395   0
0.130037120872859   0.0136715235037053   0.0149137852320666   0
0.146787807707248   0.10810725831316   0.0167506868343891   0
0.135695779986529   -0.118468937218107   -0.0110920277207189   0
0.125215072906829   0.0163881402638288   -0.0104807070797001   0
0.140672926091839   0.0988436536703783   0.01545785318501   0
0.126466905645311   -0.0892450436884371   -0.014206020446528   0
0.116880838065356   0.00381643710960784   -0.00958606757995492   0
0.112586554593666   0.0856035267574832   -0.00429428347169029   0
0.114820008775736   -0.0698575079621183   0.00223345418206974   0
0.117179265262983   0.0281381350736738   0.0023592564872473   0
0.134025830958299   0.042365510176464   0.016846565695316   0
0.116494827963401   -0.050596104411318   -0.0175310029948974   0
0.137053211534435   0.022839158963048   0.0205583835710332   0
0.13420364411931   0.0321565334865765   -0.00284956741512432   0
0.123983379539971   -0.0731172188567751   -0.0102202645793393   0
0.120628549064846   0.0252111676847669   -0.00335483047512486   0
0.127857999660375   0.0185148013741758   0.00722945059552901   0
0.123222011841036   -0.0417980846837833   -0.00463598781933883   0
0.120850521493041   0.0694153720739181   -0.00237149034799519   0
0.120943207824592   -0.041000492659229   9.2686331551059e-05   0
0.10977691721702   -0.0221690346435688   -0.011166290607572   0
0.124982276815365   0.0557278248458871   0.0152053595983447   0
0.126474218536586   -0.0245397629646805   0.00149194172122059   0
0.12579776516597   -0.0386329216484252   -0.000676453370615671   0
0.146030727706372   0.063176438225345   0.0202329625404019   0
0.135274534802942   -0.0254182136330854   -0.0107561929034293   0
0.117433325760663   -0.0365632901305902   -0.0178412090422795   0
0.1353490371139   0.0540883424319533   0.0179157113532374   0
0.133587619175216   -0.0584808846520639   -0.00176141793868456   0
0.134039535241883   0.00802734326849808   0.000451916066667168   0
0.144891025643076   0.0806233245002761   0.010851490401193   0
0.12959978196414   -0.0956544608027378   -0.0152912436789365   0
0.122675889731071   0.0202164593763688   -0.00692389223306808   0
0.138055360278268   0.0485500283762119   0.015379470547197   0
0.11684653827568   -0.0836301392555802   -0.0212088220025882   0
0.125838071509828   0.0662001662600707   0.00899153323414743   0
0.134041461817426   -0.00246903643539026   0.00820339030759848   0
0.126141052580643   -0.0546854752044904   -0.00790040923678328   0
0.139227680064607   0.0614582461982827   0.0130866274839639   0
0.129613216170854   -0.0288743046096885   -0.00961446389375284   0
0.118383710148652   -0.0397987789128702   -0.0112295060222021   0
0.130758209784329   0.0771050842640993   0.0123744996356769   0
0.123409175721064   -0.0740987986208749   -0.00734903406326447   0
0.11986852706842   0.0239601921597088   -0.00354064865264436   0
0.143043662573495   0.0698201840342877   0.0231751355050755   0
0.130005091585493   -0.0976051576636807   -0.0130385709880021   0
0.10725395975203   -0.000865254382330927   -0.0227511318334636   0
0.136502015463042   0.0848047492395812   0.0292480557110121   0
0.122242186728447   -0.101830131200777   -0.0142598287345948   0
0.107718804835658   0.0292832068163678   -0.0145233818927893   0
0.11570727843027   0.0675493711762424   0.00798847359461223   0
0.108832269114783   -0.0771935706258946   -0.00687500931548708   0
0.114864703479093   0.0352273577753539   0.00603243436431039   0
0.133498288843238   0.0746016166262025   0.0186335853641444   0
0.116283304379057   -0.116892606473709   -0.0172149844641803   0
0.121995314058123   0.0490609535602485   0.00571200967906539   0
0.125078133911927   0.034268691033859   0.00308281985380449   0
0.110476581191909   -0.067553495930629   -0.0146015527200181   0
0.113068144728356   0.0129748682901886   0.002591563536447   0
0.12899992151766   0.0565737995372966   0.0159317767893041   0
0.126337458130002   -0.0864393479044748   -0.00266246338765827   0
0.113009964753114   0.0253587000804896   -0.0133274933768883   0
0.128722764286363   0.0667946961970102   0.0157127995332491   0
0.113804288626615   -0.0777500667059231   -0.0149184756597473   0
0.126111935646284   0.0242847636098127   0.0123076470196686   0
0.11426919159161   0.0311257760114775   -0.0118427440546744   0
0.103991716359958   -0.0412258844300134   -0.0102774752316515   0
0.117782078267122   0.0691704284121916   0.013790361907164   0
0.109085679830684   -0.0757865135049605   -0.00869639843643817   0
0.103169191577004   0.00993296870197785   -0.00591648825368027   0
0.111866857088293   0.0690309404090827   0.00869766551128894   0
0.111081728995321   -0.0779134936262722   -0.000785128092971418   0
0.110086505396166   -0.000885317601981211   -0.000995223599155645   0
0.114389120039888   0.0810990197005086   0.00430261464372278   0
0.118157037988867   -0.101131158461793   0.00376791794897835   0
0.120700015961308   -0.00587794336056591   0.00254297797244123   0
0.132258404541035   0.0862966600726952   0.0115583885797268   0
0.104900653301362   -0.0507402741968838   -0.027357751239673   0
0.111813382095   0.0139685126651384   0.0069127287936384   0
0.126961535878204   0.0657869705129974   0.0151481537832039   0
0.107414850228693   -0.0857060294221346   -0.0195466856495113   0
0.120521007595574   0.0266213551237457   0.0131061573668816   0
0.127577919078156   0.0468816502087959   0.00705691148258152   0
0.109908954500259   -0.0807288480688654   -0.0176689645778969   0
0.115107117775966   0.0201866186893434   0.00519816327570655   0
0.135381516160664   0.0707308090028732   0.020274398384698   0
0.130860395447744   -0.114711251855552   -0.00452112071291932   0
0.123329083430967   0.0385028870844266   -0.00753131201677687   0
0.128350966213007   0.00779228712434366   0.00502188278203983   0
0.125375894914304   -0.0472617896858628   -0.00297507129870353   0
0.135029811734196   0.0600922914481392   0.00965391681989269   0
0.123735452311868   -0.0385707929152101   -0.0112943594223286   0
0.123842559716965   0.00402323976055333   0.000107107405097076   0
0.127817163945702   0.0705548875306162   0.00397460422873727   0
0.121050979037181   -0.041796455637699   -0.00676618490852125   0
0.130526687184077   -0.0338909789593148   0.00947570814689654   0
0.125577272006373   0.0478147706502908   -0.00494941517770475   0
0.14432508845659   0.0014115283697349   0.0187478164502173   0
0.132940729500603   -0.0634848736812218   -0.0113843589559869   0
0.139679797989554   0.0495944670616389   0.00673906848895056   0
0.156691580840045   0.0152168923588457   0.0170117828504919   0
0.151716151207642   -0.0827748698099805   -0.00497542963240374   0
0.167321781900654   0.0732663356097746   0.0156056306930122   0
0.154229930165516   -0.00176181910254963   -0.0130918517351377   0
0.152853505788721   -0.0277229551309361   -0.00137642437679539   0
0.169669403756695   0.0510819489680557   0.0168158979679745   0
0.148491200743184   -0.0555414426078661   -0.0211782030135116   0
0.148150165750506   0.0013019144177504   -0.00034103499267743   0
0.153247598349542   0.0703321442057886   0.00509743259903553   0
0.143759505256731   -0.0605850855592906   -0.0094880930928111   0
0.148121286450699   -0.0197838730389771   0.00436178119396813   0
0.159323141105773   0.0804613082395447   0.011201854655074   0
0.157155330971662   -0.0702707839164774   -0.00216781013411124   0
0.170995197782101   0.013098880885665   0.0138398668104399   0
0.172588204274829   0.0616162196496737   0.00159300649272723   0
0.16450595387372   -0.0856361254245364   -0.00808225040110869   0
0.176618901771307   0.00141642452454542   0.0121129478975867   0
0.176196631227898   0.0684068748850385   -0.000422270543408432   0
0.15943372448607   -0.0631718805983434   -0.0167629067418286   0
0.155280884599683   0.0171892524438349   -0.00415283988638698   0
0.164543177035421   0.0749666586747598   0.00926229243573853   0
0.161960076713244   -0.0872312277847415   -0.00258310032217696   0
0.173128310199986   0.0292918055320697   0.0111682334867414   0
0.172036318482908   0.0473468839771896   -0.00109199171707794   0
0.165161542868974   -0.0707020533629253   -0.00687477561393365   0
0.166494608654913   0.0267281155316762   0.00133306578593839   0
0.177657860200872   0.0505777011416037   0.0111632515459592   0
0.161075175412453   -0.0995453616481146   -0.0165826847884188   0
0.182220653577339   0.0406597620818962   0.0211454781648858   0
0.1809248130481   0.0125992866370986   -0.00129584052923859   0
0.17664254644876   -0.0571605503968441   -0.00428226659933972   0
0.162508356031782   0.00352633400235744   -0.0141341904169782   0
0.16685675836654   0.0177319180822722   0.004348402334758   0
0.163799992763347   -0.0349697362976841   -0.00305676560319337   0
0.166416815953654   0.00359487667466651   0.00261682319030757   0
0.16424545574624   0.089066067513939   -0.00217136020741471   0
0.137871108045241   -0.0983106218400315   -0.0263743477009988   0
0.15086466056901   0.0509495365031799   0.0129935525237687   0
0.165409298158847   0.054995973301287   0.0145446375898378   0
0.146086632752838   -0.098548855426714   -0.0193226654060097   0
0.172918183636518   0.0639512472792835   0.02683155088368   0
0.164452577037128   0.00284920988373358   -0.00846560659938986   0
0.144181861751583   -0.0576979806624735   -0.0202707152855453   0
0.15217134396759   0.0649976688588854   0.00798948221600704   0
0.13959638567994   -0.0426463256743185   -0.0125749582876499   0
0.152941594038059   0.00253941337100164   0.0133452083581194   0
0.172852178959805   0.0890364470294472   0.019910584921746   0
0.161273193730863   -0.0969662350439078   -0.011578985228942   0
0.1704443222727   0.0337614826661465   0.00917112854183685   0
0.163566796284889   0.0346460369571346   -0.00687752598781058   0
0.168358573075445   -0.0623866656137473   0.00479177679055576   0
0.173665643973556   0.039078585107034   0.00530707089811114   0
0.176089192499852   0.00878301897945383   0.00242354852629592   0
0.194765752341114   -0.0736685649969179   0.0186765598412614   0
0.20190130432652   0.0944989711299458   0.0071355519854063   0
0.195228531922206   -0.0202919620521348   -0.00667277240431338   0
0.193079235633975   -0.0288423648976385   -0.00214929628823157   0
0.209336347353965   0.0656504549021237   0.0162571117199904   0
0.19131335864296   -0.0306814702439994   -0.0180229887110049   0
0.201481648008572   -0.0706254442723895   0.0101682893656113   0
0.216076123763131   0.0908606878008082   0.0145944757545594   0
0.216991031702925   0.0160742553864404   0.000914907939794235   0
0.201772410691477   -0.102698007107542   -0.0152186210114486   0
0.21338393065845   0.0489119376530387   0.0116115199669727   0
0.19792358395982   0.040853533112336   -0.0154603466986293   0
0.191315640817733   -0.10500169927602   -0.00660794314208674   0
0.209349231170071   0.0301463787848022   0.0180335903523379   0
0.220726039156009   0.0432819574813597   0.0113768079859376   0
0.224066147577005   -0.061126712311899   0.00334010842099561   0
0.240018301913104   0.103169076604338   0.0159521543360995   0
0.249171764759774   -0.0261532373094177   0.00915346284666957   0
0.246517547179709   -0.0704955150429425   -0.00265421758006482   0
0.272147848062409   0.0458420832303272   0.0256303008827001   0
0.286315286478909   0.0679675509128487   0.0141674384165005   0
0.247066432008175   -0.109414424883673   -0.0392488544707348   0
0.242277319661788   0.0534797611037729   -0.0047891123463871   0
0.255708380780725   0.00822691878530216   0.013431061118937   0
0.227012542462415   -0.0516009030435766   -0.0286958383183091   0
0.256523066263543   0.0829198171720118   0.0295105238011273   0
0.223956332945733   -0.076276106328436   -0.0325667333178099   0
0.220397099641193   -0.0194473901676762   -0.00355923330453983   0
0.221928166225583   0.122560603565538   0.00153106658438987   0
0.197141484681053   -0.109343698390187   -0.0247866815445296   0
0.200936966541749   0.00383928070407355   0.00379548186069573   0
0.221524596411437   0.0933279172159714   0.0205876298696878   0
0.212089025820527   -0.102592917499344   -0.0094355705909103   0
0.213129187863253   0.0405053983278525   0.00104016204272689   0
0.201023797767827   0.051018621446197   -0.012105390095427   0
0.191032604319917   -0.101408041114591   -0.00999119344790941   0
0.204140369761226   0.0602728593547983   0.0131077654413088   0
0.207539559913887   -0.0229856470974069   0.00339919015266141   0
0.205539242203283   -0.0332896763025255   -0.00200031771060385   0
0.215261303448274   0.0799177202525037   0.00972206124499081   0
0.208043330266197   -0.0790117816375091   -0.00721797318207701   0
0.203707962562832   -0.0171670888978042   -0.00433536770336557   0
0.22389604967596   0.0963668344319992   0.0201880871131285   0
0.216466515631171   -0.0528290674059332   -0.00742953404478908   0
0.216762134648213   -0.019673720373037   0.00029561901704192   0
0.227321097153344   0.10970961879207   0.0105589625051309   0
0.220368358121691   -0.102365016505065   -0.00695273903165256   0
0.216720545865522   -0.0153299141704647   -0.00364781225616889   0
0.244323786764613   0.106173293448016   0.0276032408990904   0
0.21888703886023   -0.090232283870261   -0.0254367479043824   0
0.222538894810548   -0.0109224664243752   0.00365185595031731   0
0.227873639579592   0.0967046404170962   0.00533474476904475   0
0.218268305045075   -0.102984139969831   -0.0096053345345172   0
0.223026237181862   0.019635845684406   0.00475793213678641   0
0.24145766389007   0.07408284839011   0.0184314267082083   0
0.222515941275002   -0.100259245458802   -0.0189417226150683   0
0.23258515459773   0.0477984230730124   0.0100692133227284   0
0.220859918073651   0.0172894566320682   -0.0117252365240787   0
0.214801596872556   -0.0588214573735223   -0.00605832120109548   0
0.24128538358446   0.103343680627631   0.0264837867119041   0
0.232829252954284   -0.0735413409937631   -0.00845613063017595   0
0.201722497213994   -0.0254312761576653   -0.0311067557402896   0
0.22717483915588   0.0934840873976446   0.0254523419418856   0
0.216516409658714   -0.0552304617206509   -0.0106584294971662   0
0.214516226385675   -0.0454607209009001   -0.00200018327303927   0
0.227142424916064   0.116146084254027   0.0126261985303899   0
0.213465720598179   -0.0845738248398795   -0.0136767043178851   0
0.2181144450111   -0.0147323299188953   0.00464872441292022   0
0.242243474010653   0.0978529555412108   0.0241290289995535   0
0.21797104496756   -0.102844287162007   -0.0242724290430933   0
0.218291844443969   -0.00649861450620604   0.000320799476409256   0
0.235352187517983   0.10507395918739   0.0170603430740143   0
0.21270109583051   -0.118973274490268   -0.022651091687473   0
0.215368381956359   0.0068226372945714   0.00266728612584824   0
0.222771670314585   0.105422115459982   0.00740328835822598   0
0.217602953432393   -0.105898834623206   -0.00516871688219211   0
0.234186825364921   0.0337469075668362   0.0165838719325285   0
0.235434496920587   0.0699435392318483   0.00124767155566619   0
0.224637423851192   -0.112247100558512   -0.0107970730693954   0
0.262664214664845   0.0837059865731514   0.0380267908136536   0
0.229453503217427   -0.0405368380647634   -0.0332107114474179   0
0.222248949707867   -0.04281171803645   -0.00720455350956048   0
0.242909504330831   0.103732469438765   0.020660554622964   0
0.230682212601015   -0.100711787430544   -0.0122272917298158   0
0.222144030618088   -0.0220204376316519   -0.00853818198292733   0
0.239552160080534   0.126008400861337   0.0174081294624465   0
0.227942599229499   -0.100261307360487   -0.0116095608510355   0
0.208936871814192   -0.0192428062461534   -0.0190057274153072   0
0.228696785347433   0.11531439817444   0.0197599135332416   0
0.200211910506094   -0.0951044579322047   -0.0284848748413398   0
0.213391690567487   0.0288544825654324   0.0131797800613932   0
0.219037448607538   0.0519172835726453   0.0056457580400516   0
0.213402154694488   -0.0980725311349541   -0.00563529391305079   0
0.22797931459729   0.0434217204059584   0.0145771599028021   0
0.218319900285682   0.00404042380802352   -0.00965941431160799   0
0.229618940795941   -0.0279108048550029   0.0112990405102596   0
0.232052919829723   0.122374775375962   0.00243397903378201   0
0.22165515252978   -0.130065971201001   -0.0103977672999434   0
0.22099540325819   0.00495784500201774   -0.000659749271589932   0
0.220737918116145   0.091656122107104   -0.000257485142044822   0
0.215368795595485   -0.122512261773337   -0.00536912252065971   0
0.215484964379188   0.0668567948585111   0.000116168783702741   0
0.214641752614677   -0.00291697204279143   -0.000843211764511659   0
0.217782727952655   -0.0495466142511992   0.00314097533797814   0
0.232725596917808   0.101802573894552   0.0149428689651533   0
0.227128324088498   -0.0549077057380935   -0.00559727282930944   0
0.236744569549124   -0.0286901928644168   0.00961624546062548   0
0.250513170677212   0.114193069816008   0.0137686011280882   0
0.234346191659903   -0.115540816148473   -0.0161669790173091   0
0.225383420829372   0.022814370497768   -0.00896277083053057   0
0.236606084881074   0.067908695975745   0.0112226640517016   0
0.223824741872966   -0.095446655139898   -0.0127813430081077   0
0.228226885606188   0.0295216216236016   0.00440214373322162   0
0.230339766726243   0.0525238174619958   0.00211288112005495   0
0.21736760911242   -0.096127194549626   -0.0129721576138225   0
0.235873936159763   0.0824578679911888   0.0185063270473427   0
0.215089805422642   -0.00517153026713324   -0.0207841307371211   0
0.215282581407554   -0.0636382529296269   0.000192775984911742   0
0.222184050706841   0.0967368368658015   0.00690146929928709   0
0.227791520446328   -0.0604776779902122   0.00560746973948745   0
0.221032452828199   -0.0472286426819361   -0.00675906761812931   0
0.232803837280445   0.109587584857781   0.0117713844522462   0
0.233407044117139   -0.0669922360151554   0.000603206836693709   0
0.231021464772215   -0.027971626215803   -0.00238557934492339   0
0.25105669179988   0.0990560143651317   0.0200352270276646   0
0.239499020318456   -0.105384471991778   -0.0115576714814245   0
0.229188719915488   -0.00216693514312416   -0.0103103004029676   0
0.258422390658201   0.136293953624352   0.0292336707427133   0
0.246739293536214   -0.136741992770878   -0.0116830971219872   0
0.23079201016608   -0.000312752547865072   -0.015947283370134   0
0.24033995777804   0.135936691791012   0.00954794761195984   0
0.224691704446893   -0.142029816032615   -0.0156482533311467   0
0.230677390440632   0.0332650186159802   0.00598568599373928   0
0.22843244880544   0.0639627980815841   -0.00224494163519243   0
0.222827738487604   -0.0940969114162467   -0.00560471031783616   0
0.239373930801267   0.0744610174847494   0.0165461923136636   0
0.234712780603763   0.020596810701539   -0.0046611501975049   0
0.227582241349144   -0.0902428048502399   -0.00713053925461862   0
0.226034027912834   0.0847314646529795   -0.00154821343630954   0
0.218683208439743   -0.0541190113684058   -0.00735081947309163   0
0.223220753974065   -0.0283098444824953   0.00453754553432209   0
0.223567220664166   0.0755117787213956   0.000346466690101382   0
0.219077122261773   -0.0640282656856045   -0.00449009840239289   0
0.209434194247859   0.0147024003136014   -0.0096429280139142   0
0.232450876734742   0.0851201574251165   0.0230166824868824   0
0.224227264108315   -0.0922090939297847   -0.00822361262642662   0
0.23686919561965   0.0331228560529296   0.0126419315113351   0
0.238110708821548   0.0704929737275028   0.00124151320189797   0
0.226892628523934   -0.11523679642986   -0.0112180802976137   0
0.232958967727688   0.0317533345518865   0.00606633920375382   0
0.23166336261211   0.0548829075910338   -0.00129560511557797   0
0.218022780595286   -0.113617411824475   -0.0136405820168246   0
0.230343257147892   0.0665588469897824   0.0123204765526067   0
0.233054847401315   0.0116378387413574   0.0027115902534223   0
0.227658912677497   -0.0591890640023524   -0.00539593472381797   0
0.237530836464447   0.0845345924414724   0.00987192378695073   0
0.241790571207295   0.0072618505880338   0.00425973474284774   0
0.229561851144196   -0.0846199875865687   -0.012228720063099   0
0.234892637293083   0.0789965308340432   0.00533078614888732   0
0.210628458988357   -0.014353369412769   -0.0242641783047263   0
0.212363824420498   -0.0759810731071801   0.00173536543214067   0
0.202009180955965   0.021883304077547   -0.0103546434645323   0
0.172673652760055   0.033394019232127   -0.0293355281959106   0
0.186684954227764   -0.0901974197469444   0.0140113014677096   0
0.188738614549487   -0.00647442505523335   0.00205366032172302   0
0.180776494433043   0.0369849464849256   -0.00796212011644451   0
0.183601535887503   0.0921217562895804   0.00282504145445991   0
0.172410765744196   -0.138814536340087   -0.0111907701433069   0
0.17666516018941   0.113225887843963   0.00425439444521436   0
0.175249941810975   0.00497492885604758   -0.00141521837843564   0
0.17258416666224   -0.0817359505658226   -0.00266577514873415   0
0.192934123708716   0.101687676996399   0.0203499570464752   0
0.178925032050437   -0.0882965013299762   -0.0140090916582784   0
0.18851639687372   -0.0236428276944088   0.00959136482328299   0
0.19230911413984   0.0810601915508085   0.00379271726611974   0
0.187703208853765   -0.075691606393483   -0.0046059052860753   0
0.192317429698923   0.00224000767548674   0.00461422084515783   0
0.197881864940929   0.117730483533864   0.00556443524200631   0
0.185758000159482   -0.134458023604503   -0.0121238647814471   0
0.183250186538786   0.0486195352816073   -0.00250781362069533   0
0.185385756910422   0.0787733479809971   0.00213557037163548   0
0.185175291125058   -0.125753779361827   -0.000210465785363767   0
0.193985839844691   0.0718184948936877   0.00881054871963266   0
0.198634823694764   0.0307643027351765   0.00464898385007331   0
0.200846307596132   -0.0917416474885357   0.0022114839013678   0
0.219643979298887   0.0715172738730764   0.0187976717027554   0
0.216415211995945   -0.0107042187447589   -0.0032287673029418   0
