0.166377707128239   0   0   0
0.140383050213478   0.115077763594897   -0.0259946569147604   0
0.18503176952429   -0.225733238068092   0.0446487193108116   0
0.152059403431595   0.160737597685772   -0.0329723660926953   0
0.139548120177737   -0.113160838186057   -0.0125112832538582   0
0.158904099819869   0.0470868569666225   0.0193559796421329   0
0.152804217052091   -0.0538240861982126   -0.00609988276777854   0
0.18007410962644   0.0771637997693203   0.0272698925743488   0
0.185475984997744   0.0162128105335068   0.00540187537130482   0
0.150984704416913   -0.0533103329858333   -0.0344912805808318   0
0.171000223946098   0.0862930157560975   0.0200155195291852   0
0.121458624581954   -0.0823326325061867   -0.049541599364144   0
0.142037241933691   -0.00868977053956074   0.0205786173517376   0
0.121994577365072   0.00159646356698714   -0.0200426645686196   0
0.133671991574354   -0.0494098808945329   0.0116774142092824   0
0.110364729371491   0.0679587935029657   -0.023307262202863   0
0.0330218300020608   -0.0285262396223365   -0.0773428993694305   0
0.0786534219068058   0.078191450051449   0.0456315919047451   0
0.0307030474022026   -0.0956123270760575   -0.0479503745046032   0
0.0507579587288782   0.0309232924380115   0.0200549113266756   0
0.0562452009864175   -0.0705136394258224   0.00548724225753931   0
0.0490163444984436   0.041938946704326   -0.00722885648797391   0
0.0333836157369525   -0.00736732360165354   -0.0156327287614911   0
0.0216947078344891   -0.0205933192773268   -0.0116889079024633   0
0.0296184914393441   0.0871058329606723   0.00792378360485497   0
0.0652496398236994   -0.0427013937165792   0.0356311483843553   0
0.0338769274501836   0.0442974231595393   -0.0313727123735159   0
0.0579191058945146   -0.0735658479301762   0.0240421784443311   0
0.0229558401361179   0.0635858314227984   -0.0349632657583968   0
0.0616747144748357   0.0905488346599375   0.0387188743387178   0
0.030881149810726   -0.154515096447153   -0.0307935646641097   0
0.035968846161951   0.0346875099490448   0.00508769635122508   0
0.053017828162818   -0.00236312578514858   0.017048982000867   0
0.0243069050219912   0.0392805323074437   -0.0287109231408269   0
0.0325300691445238   0.0146410679646188   0.00822316412253263   0
0.0475205734858335   -0.00649535782564142   0.0149905043413097   0
0.0308829077105298   -0.00879971630252305   -0.0166376657753037   0
0.0335541357584591   -0.0220518705391965   0.00267122804792926   0
0.0412650051505028   -0.00257920042402751   0.00771086939204378   0
0.0389895502397569   0.0024369742815491   -0.00227545491074596   0
0.0356559606365472   0.0150580527963435   -0.00333358960320972   0
0.0255267774685922   0.0260208966050977   -0.010129183167955   0
0.0684537735012651   -0.00161459604440162   0.0429269960326729   0
0.0308526133064693   0.0141698996995475   -0.0376011601947958   0
0.0881864548048516   -0.0357520453762232   0.0573338414983823   0
0.0315355715409762   0.0189268523580209   -0.0566508832638754   0
0.094776075287343   -0.0292957427307637   0.0632405037463668   0
0.0876492555305663   0.0234349608620089   -0.00712681975677672   0
0.118567958886434   0.00266950552164535   0.0309187033558673   0
0.0123302673868382   -0.0086893349395693   -0.106237691499595   0
0.0853584425845505   0.0148304938697477   0.0730281751977123   0
0.0704418226473804   0.0208091947254011   -0.01491661993717   0
0.103480473292416   -0.0336773098803849   0.0330386506450359   0
0.0953693783100739   -0.00135771868579224   -0.00811109498234247   0
0.113334653253903   0.00532647262241351   0.0179652749438294   0
0.119120444497156   0.0106171889273041   0.00578579124325257   0
0.12806273051009   0.0766066831620348   0.00894228601293436   0
0.185167891505803   -0.00139861264326868   0.0571051609957132   0
0.150431413819563   0.0229527385892512   -0.0347364776862409   0
0.176252741090919   -0.0271201702740602   0.0258213272713563   0
0.134243785442123   0.0160750588087073   -0.0420089556487964   0
0.179897586060681   -0.0383235300121656   0.0456538006185581   0
0.129347165890888   0.0104980497903146   -0.0505504201697922   0
0.17498689387887   -0.0360491383868643   0.0456397279879819   0
0.164927305651861   0.0446757835130706   -0.0100595882270089   0
0.18343180560767   0.0180944328403442   0.0185044999558085   0
0.229195666845062   -0.0122948931070497   0.0457638612373918   0
0.207359054004913   -0.00639908015768254   -0.0218366128401485   0
0.255185445593499   0.00170350639815109   0.0478263915885856   0
0.216021946389574   -0.0132220663210542   -0.0391634992039248   0
0.220127851762907   0.00701174921685682   0.0041059053733333   0
0.258466419707188   0.043639714378973   0.0383385679442812   0
0.222872305472556   -0.0223058498022077   -0.0355941142346321   0
0.287940953455739   0.00523718137116147   0.0650686479831825   0
0.284141237618724   0.0134150131188143   -0.00379971583701522   0
0.287837893624784   -0.012599424804083   0.00369665600606045   0
0.304104839310804   -0.0147197855697343   0.01626694568602   0
0.291513946883631   -0.00876703879959251   -0.012590892427173   0
0.345068385327459   -0.0121663288367762   0.0535544384438283   0
0.32096761503038   -0.000225849600293315   -0.0241007702970798   0
0.404700818030122   0.0401865197554033   0.0837332029997424   0
0.366309583376207   -0.0204700943864243   -0.0383912346539155   0
0.352727237545462   0.0223271413699035   -0.0135823458307449   0
0.411697799646173   0.0410516751409734   0.058970562100711   0
0.362379643593911   -0.0372807541579706   -0.0493181560522615   0
0.389534576398874   -0.0239943359784234   0.0271549328049627   0
0.351730574362323   0.00193138669935039   -0.0378040020365503   0
0.371678706513435   0.0216950447825183   0.0199481321511113   0
0.362104464712533   -0.00120640209770911   -0.00957424180090188   0
0.3402730642091   0.00227675648299452   -0.0218314005034333   0
0.381454249925859   -0.0218150418016854   0.0411811857167597   0
0.370760038272061   0.0270957901653895   -0.0106942116537985   0
0.401514238923416   -0.0123547761194071   0.030754200651355   0
0.387690518823326   0.0194673774755114   -0.0138237201000894   0
0.421712806332698   -0.0465905474355277   0.034022287509372   0
0.398103279694478   0.00521027446762617   -0.0236095266382201   0
0.405841992703441   0.0066049680064561   0.00773871300896289   0
0.288552330182066   -0.00684854269331653   -0.117289662521375   0
0.375703726563232   -0.0639785893640224   0.0871513963811662   0
0.34325221090985   0.0140041606871661   -0.0324515156533823   0
0.393878505271296   -0.0245697280309542   0.0506262943614457   0
0.340624795336452   0.0218395375772195   -0.0532537099348432   0
0.404704566244714   -0.0265349951039973   0.0640797709082621   0
0.375077830160955   -0.0100138283012474   -0.0296267360837597   0
0.435194005649779   0.016124896521745   0.0601161754888244   0
0.375997736893123   -0.020246670114296   -0.0591962687566563   0
0.388603738779621   -0.0222829463889102   0.0126060018864984   0
0.337555967847126   0.01837536876655   -0.0510477709324951   0
0.389866669609705   -0.020149301115383   0.0523107017625785   0
0.333453091004567   -0.00417701939309148   -0.0564135786051376   0
0.388338307336557   0.00346221861780388   0.0548852163319904   0
0.324939155662645   0.0161762784974628   -0.0633991516739126   0
0.349583274286814   -0.0474800900546775   0.0246441186241695   0
0.308868529180803   -0.00368158350074124   -0.0407147451060114   0
0.358057954415165   0.00900172333081772   0.0491894252343623   0
0.3485468623834   0.032712911629818   -0.00951109203176559   0
0.385464315843555   -0.0115846601822021   0.0369174534601555   0
0.335261598545166   0.0312773218237244   -0.0502027172983891   0
0.402801897647826   -0.0157525091756426   0.0675402991026604   0
0.341912224631908   0.00223720004965916   -0.0608896730159188   0
0.353681767684652   -0.0110379585456324   0.0117695430527444   0
0.357370899896746   0.030779818191539   0.0036891322120941   0
0.355528523367187   -0.0247700443469944   -0.00184237652955888   0
0.3581436740388   0.0304915822330938   0.00261515067161255   0
0.351002557513211   0.00802207821710818   -0.00714111652558863   0
0.3507242010979   -0.01347094878551   -0.000278356415311265   0
0.320733723391383   -0.0273707730008435   -0.029990477706517   0
0.366475187378027   0.0152706960669061   0.0457414639866442   0
0.267216398664383   0.0377034295174311   -0.0992587887136439   0
0.279640658020365   0.0283551441149717   0.0124242593559815   0
0.267584481828548   -0.0629155163596727   -0.0120561761918166   0
0.237065739030865   0.0787369789187038   -0.0305187427976833   0
0.283240777143939   -0.0430315830038686   0.0461750381130743   0
0.240808871793587   0.0347972659664769   -0.0424319053503524   0
0.307414325380666   -0.0238100947533162   0.0666054535870794   0
0.280677992961685   0.0549165029250364   -0.0267363324189805   0
0.301545159193859   0.0149665784339043   0.0208671662321739   0
0.296996558378948   -0.0477198359515546   -0.00454860081491126   0
0.253238439495765   0.0280702343025491   -0.0437581188831836   0
0.28770134228804   -0.07308113883055   0.0344629027922755   0
0.241483256773637   -0.0175884107734365   -0.0462180855144027   0
0.249327463739436   0.0810952414865681   0.00784420696579904   0
0.266036135484547   -0.0541891721309447   0.016708671745111   0
0.229045437804926   0.066524644977004   -0.0369906976796219   0
0.279535398997162   -0.0817535295620598   0.0504899611922364   0
0.225777050101976   0.021340721771147   -0.0537583488951863   0
0.222554325554577   0.048633927971967   -0.00322272454739891   0
0.247837182219623   -0.0416927202668653   0.0252828566650461   0
0.218048075283296   0.0216634303050219   -0.0297891069363266   0
0.277801636259171   -0.053590904406674   0.0597535609758744   0
0.227670483624909   0.00671285190183762   -0.0501311526342614   0
0.248392542985775   -0.0209305659629873   0.0207220593608657   0
0.210646300892491   -0.0322741682441742   -0.0377462420932835   0
0.243885724188481   0.0741259779105327   0.03323942329599   0
0.235954615786066   -0.0903252618964796   -0.0079311084024154   0
0.24136430774765   0.0944679571892353   0.00540969196158447   0
0.257527383344005   -0.0273674677145397   0.0161630755963544   0
0.204124990638236   0.0456416816133239   -0.0534023927057686   0
0.234470756241242   -0.115833039359202   0.0303457656030059   0
0.239056390684416   0.147590898932435   0.00458563444317359   0
0.266256646239437   -0.068968696468281   0.027200255555021   0
0.225707519738488   0.0256061715026633   -0.0405491265009486   0
0.269526117788703   -0.0421416067359905   0.0438185980502152   0
0.24794952761843   -0.0245036247386471   -0.0215765901702735   0
0.243427461708822   0.0452743029048084   -0.00452206590960788   0
0.241846912133321   -0.0658810555944705   -0.00158054957550058   0
0.221030259709502   0.0860573498033563   -0.0208166524238192   0
0.273751896034023   -0.0964535782768846   0.0527216363245207   0
0.241604976443471   0.0382389696485632   -0.0321469195905522   0
0.251561027971842   -0.00649441346496357   0.00995605152837159   0
0.244199951208963   0.025314963540028   -0.00736107676287903   0
0.262055328510627   -0.0196171803907324   0.0178553773016636   0
0.236782759440357   -0.0324657730863109   -0.0252725690702698   0
0.267191921385172   0.0237678211064025   0.0304091619448152   0
0.260175163674307   -0.0114126576873107   -0.00701675771086507   0
0.24980591935991   0.0279402556071546   -0.0103692443143968   0
0.270891180192804   -0.0310758139528358   0.0210852608328933   0
0.283543033787642   0.0130957141721154   0.0126518535948386   0
0.271374250773263   -0.0263114845483763   -0.0121687830143789   0
0.273367310637629   0.0236931859046545   0.00199305986436576   0
0.272832264674195   -0.0219376275708468   -0.000535045963434122   0
0.250760487288668   0.0400297913628243   -0.0220717773855274   0
0.298570542663288   -0.0117593805927556   0.04781005537462   0
0.281298545367728   0.0417345377314002   -0.0172719972955591   0
0.327966559086822   -0.0301526652996423   0.0466680137190936   0
0.28280025495038   -0.0102478602666859   -0.045166304136442   0
0.304634370420099   0.00343846494689992   0.0218341154697188   0
0.265845179964298   0.00676321432918581   -0.0387891904558009   0
0.321868465745714   -0.000855773338212407   0.0560232857814162   0
0.274437045095501   -0.011889209101737   -0.0474314206502134   0
0.317320486997767   -0.00875063469690771   0.0428834419022661   0
0.275909546089837   0.0215172685485418   -0.0414109409079297   0
0.300141484458996   -0.0469912021087142   0.0242319383691593   0
0.267986916067744   0.0321848064726438   -0.0321545683912526   0
0.30827293045733   -0.00835120455964697   0.0402860143895865   0
0.259509635131819   0.0191715077322564   -0.048763295325511   0
0.271328653080079   -0.00949177824393801   0.0118190179482599   0
0.261993603726312   0.030357638291486   -0.00933504935376689   0
0.241447349300526   -0.0252440492985707   -0.0205462544257868   0
0.240324784386671   0.0133402825785391   -0.00112256491385435   0
0.17650954598577   0.0291327900172502   -0.0638152384009017   0
0.221817318222676   -0.0466409070569037   0.0453077722369067   0
0.199790364470018   -0.00533897039611728   -0.0220269537526585   0
0.237770447255856   -0.0433654637118005   0.0379800827858388   0
0.207055053669308   0.030685013720772   -0.0307153935865484   0
0.215681892448694   0.0173281959538201   0.00862683877938603   0
0.208735359871058   0.0191158046074933   -0.00694653257763622   0
0.200756217743692   0.0145518277112297   -0.00797914212736625   0
0.237743204845585   0.0145298878975818   0.0369869871018939   0
0.222463231225409   -0.0311991032558886   -0.015279973620176   0
0.280811397060839   0.128684195971251   0.0583481658354292   0
0.242940458099351   -0.1306851858847   -0.0378709389614877   0
0.154979219279038   0.246697260255816   -0.0879612388203134   1
0.214346438753108   -0.248992820480313   0.0593672194740707   0
0.196917622336093   -0.0612344639110353   -0.0174288164170157   0
0.171371621742932   0.0725449779677906   -0.0255460005931608   0
0.208225543146128   0.0605254349473117   0.0368539214031962   0
0.206117839699921   -0.120900658417387   -0.00210770344620659   0
0.206247911773483   0.0461402706960239   0.000130072073561777   0
0.193734753711363   -0.0200278084406647   -0.0125131580621201   0
0.191429554929483   0.0261588863497576   -0.00230519878187993   0
0.177249538541183   -0.0142987743615649   -0.0141800163882996   0
0.169114709536671   0.0476432112738334   -0.00813482900451279   0
0.189919780329749   -0.0326400102658008   0.020805070793078   0
0.148927470212055   0.0558940647415225   -0.0409923101176938   0
0.167898136967031   -0.0527328121993832   0.0189706667549764   0
0.14293979100394   0.0262726928935593   -0.0249583459630914   0
0.159865265093766   0.000647055523717077   0.0169254740898259   0
0.158898770604118   0.0130441426815156   -0.000966494489648112   0
0.147211802720952   -0.0570524460741774   -0.0116869678831656   0
0.154258494811672   0.00699476555884135   0.00704669209071951   0
0.151704098036119   -0.0243573003504654   -0.00255439677555222   0
0.127289736371889   0.0536705574368648   -0.0244143616642303   0
0.14129039019906   0.00828625767741986   0.0140006538271705   0
0.140549751471712   0.012601715489747   -0.000740638727347559   0
0.185717111445849   -0.0176328528819166   0.0451673599741373   0
0.202466553525514   -0.00697118522992399   0.0167494420796652   0
0.193888995296922   0.0534508700466137   -0.00857755822859202   0
0.176100252722703   -0.0189122656935224   -0.0177887425742191   0
0.205228115959412   0.00883732781249305   0.029127863236709   0
0.202567120649552   -0.033499872048511   -0.00266099530986075   0
0.233280336891582   0.0123695253952898   0.0307132162420304   0
0.217458465650915   -0.00297975733602107   -0.0158218712406674   0
0.250601366371475   0.0161087901161281   0.0331429007205599   0
0.222894390253546   0.000615933609245167   -0.0277069761179286   0
0.230554138016432   0.0213256407456901   0.00765974776288619   0
0.199037173820621   0.00175264436635453   -0.0315169641958113   0
0.225553542232266   -0.0244838932358237   0.026516368411645   0
0.217489003323157   0.0269777899384124   -0.00806453890910927   0
0.219271110309817   0.0209507267559689   0.00178210698666062   0
0.226327436069956   0.010814966454449   0.00705632576013884   0
0.209276229941434   0.0109503238668095   -0.0170512061285219   0
0.235734303215506   0.030455536456059   0.0264580732740716   0
0.235366313616329   0.00141264578940026   -0.000367989599177027   0
0.26355679831395   -0.00830887865166952   0.0281904846976211   0
0.248131491625912   0.0070384472936178   -0.0154253066880379   0
0.251912632766943   0.0207808711624535   0.00378114114103068   0
0.264820797263451   0.0131441078727921   0.0129081644965087   0
0.270804923463829   -0.0355086282101422   0.00598412620037719   0
0.279028190411381   -0.00713778469000431   0.00822326694755265   0
