0.318712917437449   0.326943339266149   0   0   0
0.295527039242182   0.27851959021629   -0.023185878195267   -0.0484237490498588   0
0.250317958648596   0.256638429864859   -0.0452090805935861   -0.0218811603514312   0
0.267095227577301   0.285991846375906   0.0167772689287051   0.0293534165110476   0
0.195978040672444   0.184713046005148   -0.071117186904857   -0.101278800370758   0
0.24172838824805   0.193929253453553   0.0457503475756063   0.00921620744840507   0
0.250501540727018   0.148151109436447   0.00877315247896826   -0.0457781440171066   0
0.273679150133217   0.148434060750523   0.0231776094061989   0.000282951314076491   0
0.196359362613551   0.105881664620226   -0.0773197875196661   -0.0425523961302972   0
0.185875216495072   0.117854322676865   -0.0104841461184787   0.0119726580566386   0
0.274997817764869   0.0940626106243657   0.0891226012697965   -0.0237917120524988   0
0.287331382558745   0.100222077905382   0.0123335647938764   0.00615946728101656   0
0.275593432880013   0.111574463231299   -0.0117379496787325   0.0113523853259168   0
0.236168568474067   0.0707116703510283   -0.0394248644059459   -0.0408627928802707   0
0.208847577473758   0.0625900269563371   -0.0273209910003089   -0.00812164339469128   0
0.233727184194736   0.070826279227452   0.024879606720978   0.00823625227111495   0
0.236706399132448   0.067499626478351   0.00297921493771258   -0.00332665274910103   0
0.212711754005885   0.0676099796962697   -0.0239946451265638   0.000110353217918704   0
0.211109480689049   0.0769892939301465   -0.00160227331683557   0.00937931423387686   0
0.196228021861023   0.0581607953757942   -0.0148814588280264   -0.0188284985543524   0
0.13508087343488   0.0330874236073164   -0.0611471484261429   -0.0250733717684777   0
0.232554107209484   0.0373880924277036   0.0974732337746039   0.00430066882038717   0
0.339267164914608   0.0932226284451586   0.106713057705125   0.055834536017455   0
0.3070300098037   0.120302606920175   -0.0322371551109086   0.0270799784750159   0
0.284561035341418   0.0852073004610667   -0.0224689744622814   -0.0350953064591078   0
0.381501112543869   0.0675514568882493   0.0969400772024507   -0.0176558435728174   0
0.389198857419757   0.0642050089698086   0.00769774487588759   -0.00334644791844069   0
0.496144800183213   0.108972974027852   0.106945942763456   0.0447679650580438   0
0.473575669287443   0.0854194548926767   -0.0225691308957691   -0.0235535191351757   0
0.35988824333697   0.0711945110485745   -0.113687425950474   -0.0142249438441022   0
0.377259536876432   0.0294511949242302   0.0173712935394624   -0.0417433161243444   0
0.453771135062139   0.0803992024493062   0.0765115981857064   0.0509480075250761   0
0.563125299437452   0.139590523231316   0.109354164375314   0.0591913207820096   0
0.708298785745556   0.132064209983865   0.145173486308103   -0.00752631324745071   0
0.77547432909456   0.157865063134952   0.0671755433490046   0.0258008531510873   0
0.448342395005837   0.103026267409603   -0.327131934088723   -0.0548387957253495   0
0.511085307447218   0.0982560145976825   0.0627429124413812   -0.00477025281192035   0
0.748325087042557   0.188486683564145   0.237239779595338   0.0902306689664622   0
0.760584594842941   0.212471858452931   0.0122595078003841   0.0239851748887867   0
0.800160141661311   0.193185952691727   0.0395755468183707   -0.0192859057612049   0
0.804824436332412   0.151555386209981   0.00466429467110041   -0.0416305664817454   0
0.796110348041627   0.174329959074029   -0.00871408829078513   0.0227745728640475   0
0.798127743271381   0.172628243483714   0.00201739522975475   -0.00170171559031446   0
0.940895939612163   0.219901034143709   0.142768196340781   0.0472727906599945   0
0.960334899540868   0.203600479110125   0.0194389599287058   -0.0163005550335835   0
0.953820904331711   0.20120893428936   -0.00651399520915752   -0.00239154482076509   0
0.878444017959625   0.159005572423901   -0.0753768863720858   -0.0422033618654588   0
0.892761013932755   0.180747116995514   0.0143169959731295   0.0217415445716127   0
0.712190796605406   0.140661315252275   -0.180570217327349   -0.0400858017432385   0
0.74614929591634   0.269238196205892   0.0339584993109344   0.128576880953617   0
0.735917269094027   0.300314500523622   -0.0102320268223133   0.0310763043177297   0
0.785954747503474   0.339327034648184   0.0500374784094477   0.0390125341245625   0
0.761859708198194   0.371354149167691   -0.0240950393052799   0.032027114519507   0
0.926155847127361   0.427307661079532   0.164296138929167   0.0559535119118404   0
0.933546947299888   0.421951638722781   0.00739110017252664   -0.00535602235675114   0
0.988211055581094   0.400282588321626   0.0546641082812062   -0.021669050401155   0
0.985214424012824   0.435820137501094   -0.00299663156827024   0.0355375491794682   0
0.908746733545601   0.333733830514562   -0.0764676904672223   -0.102086306986532   0
1.03478780927576   0.363551682247796   0.12604107573016   0.029817851733234   0
1.20379368765956   0.450170383552161   0.169005878383798   0.0866187013043651   0
1.19449491898379   0.453439258980186   -0.00929876867576951   0.00326887542802451   0
1.15078511047012   0.458925878548402   -0.043709808513668   0.00548661956821611   0
1.20449470310729   0.482647510162375   0.0537095926371731   0.0237216316139736   0
1.09723025111524   0.451551354117668   -0.107264451992051   -0.0310961560447069   0
1.11903930647021   0.455926088300779   0.021809055354967   0.00437473418311085   0
1.09616130930012   0.464644134635583   -0.0228779971700872   0.008718046334804   0
1.20016146282905   0.468456557099215   0.104000153528929   0.00381242246363162   0
1.01524631680971   0.396349907028499   -0.184915146019338   -0.0721066500707156   0
0.725974053398419   0.107400933302714   -0.289272263411295   -0.288948973725785   0
1.07971744092287   0.164751852649674   0.353743387524455   0.0573509193469603   1
1.66759840258379   0.375233045830018   0.587880961660914   0.210481193180344   1
1.48862269262774   0.245949404628111   -0.178975709956052   -0.129283641201907   1
1.13206573576504   0.173396987313378   -0.356556956862692   -0.0725524173147339   0
1.22637527563265   0.161083803547284   0.0943095398676026   -0.0123131837660936   0
1.21867356568102   0.197069967002262   -0.007701709951627   0.0359861634549776   0
1.28962680604518   0.218610116212059   0.0709532403641597   0.0215401492097975   0
1.25673808896405   0.186668817431226   -0.0328887170811341   -0.0319412987808328   0
1.56078634233744   0.23584348739211   0.304048253373397   0.049174669960884   0
1.63701283212883   0.303651572984976   0.0762264897913931   0.0678080855928654   0
1.60602409978328   0.310137994987312   -0.0309887323455502   0.00648642200233635   0
1.61278878487024   0.284548022519047   0.00676468508695982   -0.0255899724682652   0
1.65350536931092   0.328144251443249   0.0407165844406749   0.0435962289242019   0
1.39581641717473   0.283920510112866   -0.257688952136193   -0.0442237413303828   0
1.39607900174065   0.312422776683295   0.000262584565920543   0.0285022665704291   0
1.44922086637571   0.332050434681239   0.0531418646350623   0.0196276579979443   0
1.5091791588231   0.437104662748523   0.0599582924473911   0.105054228067284   0
1.3877612973003   0.487607210487601   -0.121417861522801   0.0505025477390785   0
1.45932467069407   0.399226075767541   0.0715633733937724   -0.0883811347200608   0
2.10233268035413   0.543011870097929   0.643008009660063   0.143785794330388   0
2.18143146579104   0.532819654966153   0.0790987854369067   -0.0101922151317762   0
2.33242621284359   0.569540138357473   0.150994747052548   0.0367204833913206   0
2.10416664550949   0.530352185960895   -0.228259567334105   -0.0391879523965781   0
1.7943864156647   0.529665211753849   -0.309780229844785   -0.000686974207045998   0
1.66966226412348   0.507767292173787   -0.124724151541216   -0.0218979195800623   0
1.65559356934273   0.482313434099912   -0.0140686947807542   -0.0254538580738752   0
1.58546417802644   0.462302445368289   -0.0701293913162877   -0.0200109887316225   0
1.63722209200249   0.48252018399726   0.0517579139760447   0.0202177386289712   0
1.65398434107249   0.488411761759225   0.0167622490700032   0.00589157776196458   0
1.6176029962735   0.474435012821303   -0.0363813447989916   -0.0139767489379219   0
1.31888012281974   0.400789665548527   -0.298722873453763   -0.0736453472727762   0
1.23851981018492   0.402527159536782   -0.0803603126348151   0.00173749398825512   0
1.37695906266964   0.406210107763519   0.138439252484715   0.00368294822673731   0
1.22796337531954   0.402393352021688   -0.148995687350094   -0.00381675574183143   0
1.3596514551051   0.418556769926733   0.131688079785557   0.0161634179050449   0
1.218460790141   0.383434859035078   -0.141190664964094   -0.035121910891655   0
1.34444565209532   0.450020995023843   0.125984861954312   0.0665861359887655   0
0.802448282146389   0.729969765117707   -0.541997369948927   0.279948770093863   1
0.217694698110836   1.13686881863223   -0.584753584035552   0.406899053514527   1
0.185109897959996   1.15402525940141   -0.0325848001508405   0.0171564407691802   0
0.259448571233755   1.1231483329229   0.0743386732737596   -0.0308769264785089   0
0.287819631300316   0.990436721132905   0.028371060066561   -0.13271161179   0
0.238475521407209   1.05877347444933   -0.0493441098931077   0.068336753316422   0
0.386996267418692   0.987635523620176   0.148520746011484   -0.0711379508291508   0
0.348291486960075   0.992141657655549   -0.0387047804586175   0.00450613403537237   0
0.48170844761017   0.887655473467184   0.133416960650095   -0.104486184188365   0
0.480811802367631   0.912818794215068   -0.000896645242538907   0.0251633207478839   0
0.607992318410356   0.944910286190308   0.127180516042725   0.0320914919752404   0
0.563473043973711   0.95299100475621   -0.0445192744366451   0.00808071856590165   0
0.694292481293727   0.880325587709599   0.130819437320015   -0.0726654170466112   0
0.723019221463607   0.902165879162474   0.0287267401698801   0.0218402914528756   0
0.750456741384205   0.880142763495786   0.0274375199205985   -0.0220231156666877   0
0.697668518792413   0.875345510845003   -0.0527882225917921   -0.00479725265078312   0
0.510945421001108   0.791358754772764   -0.186723097791305   -0.083986756072239   0
0.712053714957769   0.940657620551309   0.201108293956661   0.149298865778544   0
1.00831312703991   1.04265959182863   0.29625941208214   0.102001971277324   0
0.892910572333534   0.969581336128383   -0.115402554706375   -0.0730782557002494   0
0.611676253732315   0.860230785301973   -0.281234318601219   -0.109350550826409   0
0.441137771107848   0.932910357906911   -0.170538482624468   0.0726795726049371   0
0.494577939459495   0.946720168076343   0.0534401683516472   0.0138098101694328   0
0.389459988422431   0.947121790260102   -0.105117951037064   0.000401622183758277   0
0.493700062933964   1.02436570395806   0.104240074511533   0.0772439136979624   0
0.476265338150909   0.993805835613904   -0.0174347247830547   -0.03055986834416   0
0.714116237756851   0.982846438170531   0.237850899605942   -0.0109593974433728   0
0.723766715369669   0.931385285424351   0.00965047761281801   -0.0514611527461801   0
0.515027670190292   0.838919018754641   -0.208739045179377   -0.0924662666697098   0
0.467619445196027   0.881007562858146   -0.0474082249942651   0.0420885441035048   0
0.237688900856645   1.77981544015845   -0.229930544339382   0.898807877300306   1
0.779827297209042   2.36745680761213   0.542138396352397   0.587641367453675   1
0.791848543387118   2.12519214485238   0.0120212461780754   -0.242264662759748   0
0.816806904446063   2.00401622588672   0.0249583610589454   -0.121175918965659   0
0.828200586125728   1.93800899866725   0.0113936816796653   -0.0660072272194658   0
0.845113662547826   1.89314870590248   0.0169130764220973   -0.0448602927647692   0
0.784621273967893   1.82429395160539   -0.0604923885799323   -0.0688547542970963   0
0.755370928366984   1.70987642178141   -0.0292503456009088   -0.114417529823977   0
0.637044261587058   1.67479759479198   -0.118326666779927   -0.0350788269894309   0
0.63758737708333   1.66241663392665   0.000543115496271729   -0.0123809608653336   0
0.66710819871592   1.69467401265147   0.0295208216325907   0.0322573787248288   0
0.792152223874932   1.66315286258367   0.125044025159011   -0.0315211500678063   0
0.609154511862959   1.56026938009443   -0.182997712011973   -0.10288348248924   0
0.522206061723722   1.49238261277261   -0.086948450139237   -0.0678867673218186   0
0.899900649760122   3.09846480482674   0.3776945880364   1.60608219205413   1
1.03757876044146   3.10700847280386   0.13767811068134   0.00854366797712602   1
0.852259419509107   2.70584254024971   -0.185319340932355   -0.401165932554155   1
0.668588255741903   2.33100662774605   -0.183671163767204   -0.374835912503662   0
0.554411760041551   2.34042338520453   -0.114176495700352   0.00941675745848691   0
0.967665941392483   2.56291720048171   0.413254181350932   0.222493815277175   0
0.853953598523014   2.60023932139428   -0.113712342869469   0.0373221209125738   0
0.753441294377213   2.46344480336987   -0.100512304145801   -0.136794518024416   0
0.689073081082145   2.40743626770264   -0.064368213295068   -0.05600853566723   0
0.661258233922732   2.30137236432417   -0.0278148471594131   -0.106063903378471   0
0.537117743295164   2.27309748324225   -0.124140490627567   -0.028274881081916   0
0.474705714533636   2.2230465273629   -0.0624120287615283   -0.0500509558793496   0
0.456317919099174   2.13428899124445   -0.0183877954344624   -0.0887575361184503   0
0.405223172910731   2.15150718884164   -0.0510947461884429   0.0172181975971886   0
0.334805017629903   2.09936938525596   -0.0704181552808273   -0.0521378035856759   0
0.377346659079221   2.05557472770543   0.0425416414493178   -0.0437946575505332   0
0.296996759082497   2.08572785594316   -0.0803498999967246   0.0301531282377305   0
0.288463423653676   2.01795252475845   -0.00853333542882079   -0.0677753311847105   0
0.363789014108453   2.01417365013546   0.0753255904547769   -0.00377887462299009   0
0.341568819126659   2.01949412533808   -0.022220194981794   0.00532047520261658   0
0.286079894847733   2.01264059320591   -0.0554889242789257   -0.00685353213216366   0
0.321891202060572   1.99201048326063   0.035811307212839   -0.0206301099452815   0
0.300935302762903   2.02953518465935   -0.0209558992976692   0.0375247013987163   0
0.203577413438244   2.01436388411943   -0.0973578893246591   -0.0151713005399157   0
0.322031884737226   1.9002089166468   0.118454471298982   -0.114154967472633   0
0.626172451464459   1.77547875542007   0.304140566727233   -0.124730161226729   1
0.376410075122346   1.87827499674901   -0.249762376342113   0.102796241328942   0
0.168893779899557   1.9145095003055   -0.207516295222789   0.0362345035564842   0
0.259353647911515   1.85001666931085   0.0904598680119579   -0.0644928309946486   0
0.365833088079742   1.77846357850393   0.106479440168227   -0.0715530908069186   0
0.328882820209889   1.75795515314072   -0.0369502678698529   -0.0205084253632122   0
0.38103855390409   1.61998887070753   0.0521557336942011   -0.137966282433189   0
0.51264946222137   1.58122738207228   0.13161090831728   -0.0387614886352456   0
0.384931356240304   1.631947527582   -0.127718105981066   0.0507201455097173   0
0.376047489579774   1.61950200760921   -0.00888386666053054   -0.0124455199727926   0
