0.230560739971965   0.0887375649352629   0   0   0
0.242902354380356   0.0781414139002008   0.0123416144083911   -0.0105961510350621   0
0.233619504414379   0.0505601726521481   -0.00928284996597706   -0.0275812412480527   0
0.224649064592333   0.0688529687229854   -0.00897043982204637   0.0182927960708373   0
0.203182238120764   0.0450445419198875   -0.0214668264715684   -0.0238084268030979   0
0.21291408441888   0.060355007756047   0.00973184629811599   0.0153104658361596   0
0.165285789954721   0.0534691912269346   -0.0476282944641594   -0.00688581652911245   0
0.165427471833973   0.0789785640383674   0.000141681879252481   0.0255093728114328   0
0.128822744366436   0.0390912142634309   -0.0366047274675377   -0.0398873497749365   0
0.150033243172105   0.0680958525241312   0.0212104988056695   0.0290046382607003   0
0.093823576746466   0.0649651022391616   -0.056209666425639   -0.00313075028496956   0
0.123401832506491   0.0647671579149651   0.0295782557600247   -0.000197944324196536   0
0.10185326278981   0.0591107992334838   -0.0215485697166813   -0.00565635868148133   0
0.0881510269403596   0.0464972200156633   -0.0137022358494499   -0.0126135792178205   0
0.106945717146878   0.0606301925596068   0.0187946902065182   0.0141329725439435   0
0.0862796952969237   0.0238567082738798   -0.0206660218499541   -0.036773484285727   0
0.111165293351612   0.0499632045946117   0.0248855980546885   0.0261064963207318   0
0.0759345788215751   0.0416343547886238   -0.0352307145300371   -0.00832884980598788   0
0.0955947335186934   0.0501751711615915   0.0196601546971183   0.00854081637296768   0
0.0875191330828294   0.07092074614004   -0.008075600435864   0.0207455749784486   0
0.0634236109162826   0.0412880297607854   -0.0240955221665468   -0.0296327163792546   0
0.121519670920967   0.033447891603134   0.0580960600046839   -0.00784013815765142   0
0.0605017032492475   0.0450222440073238   -0.0610179676717191   0.0115743524041898   0
0.107930968943812   0.0316355058336499   0.047429265694564   -0.0133867381736738   0
0.0876739444942453   0.0232666817359803   -0.0202570244495662   -0.00836882409766963   0
0.0982523715544821   0.0345079184803648   0.0105784270602368   0.0112412367443844   0
0.0940012705085947   0.031349475404447   -0.00425110104588736   -0.0031584430759178   0
0.0649793290959702   0.0859896243048033   -0.0290219414126245   0.0546401489003564   0
0.118367572574291   0.0343473284048774   0.0533882434783206   -0.0516422958999259   0
0.0719319123625947   0.0720865486107672   -0.0464356602116962   0.0377392202058898   0
0.117782306422527   0.0436742971488097   0.0458503940599321   -0.0284122514619575   0
0.0665327888090835   0.0758672985348108   -0.0512495176134433   0.0321930013860011   0
0.0798358793349206   0.0850294033832438   0.0133030905258371   0.00916210484843308   0
0.0727158571749656   0.0891758244426425   -0.00712002215995497   0.00414642105939868   0
0.084495300264465   0.134326403082393   0.0117794430894994   0.0451505786397505   0
0.0850018062166917   0.109881436146705   0.000506505952226649   -0.0244449669356876   0
0.0766708534809024   0.135375225338917   -0.00833095273578928   0.0254937891922114   0
0.074692751059396   0.121675045604358   -0.00197810242150639   -0.0137001797345592   0
0.059474128849778   0.147932161841107   -0.015218622209618   0.0262571162367498   0
0.0504317015518017   0.138558247198182   -0.00904242729797632   -0.0093739146429255   0
0.0391568253800343   0.14365269496121   -0.0112748761717674   0.00509444776302792   0
0.0573313001786982   0.139353209152795   0.0181744747986639   -0.0042994858084153   0
0.0626581045682839   0.149278575707668   0.00532680438958569   0.00992536655487358   0
0.0486442165319784   0.142787970420524   -0.0140138880363055   -0.00649060528714393   0
0.284642587128578   0.124043385075787   0.235998370596599   -0.0187445853447371   0
0.321033584859419   0.243833821407121   0.0363909977308416   0.119790436331334   0
0.371119610726784   0.301368470932594   0.0500860258673651   0.057534649525473   0
0.386245054647228   0.278354528332287   0.0151254439204434   -0.0230139426003074   0
0.299673677184033   0.256888049649594   -0.0865713774631949   -0.0214664786826926   0
0.25956489279502   0.242908730116483   -0.0401087843890134   -0.0139793195331112   0
0.245322491254512   0.242780815785969   -0.0142424015405078   -0.000127914330514206   0
0.216088252293548   0.273344941604655   -0.0292342389609639   0.0305641258186864   0
0.246736169560221   0.237711475504844   0.0306479172666728   -0.0356334660998116   0
0.177990243038899   0.256271480791509   -0.0687459265213215   0.0185600052866646   0
0.193910599880048   0.214556580589602   0.0159203568411486   -0.0417149002019062   0
0.221153357525949   0.249962176480408   0.0272427576459007   0.0354055958908055   0
0.207755983523941   0.238228394690348   -0.0133973740020076   -0.0117337817900602   0
0.232779542823247   0.23245887461485   0.0250235592993063   -0.00576952007549772   0
0.227643970505612   0.21791026678523   -0.00513557231763515   -0.0145486078296201   0
0.188953856969261   0.204135988418358   -0.038690113536351   -0.0137742783668717   0
0.187140593531174   0.197142517232084   -0.00181326343808735   -0.00699347118627411   0
0.181840390739489   0.20635956842245   -0.00530020279168489   0.00921705119036648   0
0.193176508204285   0.21106723165504   0.0113361174647956   0.00470766323259003   0
0.179222376895018   0.233092459288203   -0.0139541313092662   0.0220252276331624   0
0.184479921634984   0.22907324758156   0.00525754473996612   -0.00401921170664327   0
0.187433587692388   0.248282790086269   0.00295366605740327   0.0192095425047097   0
0.183225068392619   0.248554162885074   -0.00420851929976848   0.000271372798804875   0
0.164035510441764   0.237189201815813   -0.0191895579508554   -0.0113649610692612   0
0.180462786331033   0.283125214979649   0.016427275889269   0.045936013163836   0
0.157977890082631   0.282347988967958   -0.0224848962484013   -0.000777226011691334   0
0.19120917237298   0.275600658622258   0.0332312822903486   -0.00674733034569952   0
0.173239093323649   0.264603768758161   -0.017970079049331   -0.010996889864097   0
0.175856157696852   0.253957475760707   0.00261706437320267   -0.0106462929974545   0
0.204795447064528   0.153324530804793   0.0289392893676766   -0.100632944955914   0
0.135917415995086   0.217578265029506   -0.0688780310694422   0.0642537342247128   1
0.291053253630414   0.282031275545266   0.155135837635328   0.0644530105157603   0
0.183850908270588   0.278659548175139   -0.107202345359826   -0.00337172737012759   0
0.233038644584734   0.203579256610546   0.0491877363141465   -0.0750802915645929   0
0.170688104067331   0.18175423555331   -0.0623505405174031   -0.0218250210572359   0
0.20769885478991   0.181570020663441   0.0370107507225787   -0.000184214889868722   0
0.141480467716431   0.246832994475009   -0.066218387073479   0.0652629738115681   0
0.826876656384185   0.556705403215426   0.685396188667755   0.309872408740417   1
0.742714038887108   0.529951703923103   -0.0841626174970777   -0.0267536992923232   0
0.674764430639316   0.431727055600237   -0.0679496082477919   -0.098224648322866   0
0.549111994512049   0.403118821480789   -0.125652436127267   -0.0286082341194481   0
0.471682820929489   0.346167872207839   -0.07742917358256   -0.05695094927295   0
0.406431947045259   0.321595965903508   -0.0652508738842299   -0.0245719063043311   0
0.352071897786177   0.322775330681947   -0.0543600492590821   0.00117936477843905   0
0.363480314546483   0.300076844701486   0.011408416760306   -0.0226984859804603   0
0.325820547681834   0.306619959824047   -0.0376597668646491   0.00654311512256028   0
0.301291015108317   0.295997865011304   -0.0245295325735168   -0.0106220948127429   0
0.309191833984987   0.282687542206745   0.00790081887667055   -0.0133103228045592   0
0.329014476146567   0.303488581290137   0.0198226421615798   0.0208010390833923   0
0.330106205294917   0.302174109070003   0.00109172914835004   -0.00131447222013403   0
0.34727618015925   0.312271532561407   0.017169974864333   0.0100974234914044   0
0.314179067203721   0.326734712588439   -0.0330971129555296   0.0144631800270321   0
0.308110060937646   0.295020843879716   -0.00606900626607443   -0.0317138687087229   0
0.260486232943317   0.290531116706541   -0.0476238279943291   -0.00448972717317492   0
0.217523537024295   0.288377007001685   -0.0429626959190217   -0.0021541097048563   0
0.198033838625019   0.288491342350598   -0.0194896983992765   0.00011433534891292   0
0.20771699073499   0.28046129090928   0.00968315210997137   -0.00803005144131769   0
0.187069534510566   0.306941936726232   -0.0206474562244237   0.0264806458169513   0
0.208308986024343   0.299286737490153   0.0212394515137767   -0.00765519923607827   0
0.208750194401562   0.285239469904675   0.000441208377219032   -0.0140472675854784   0
0.212342417217781   0.293899948416549   0.00359222281621838   0.00866047851187368   0
0.153008401729448   0.305972859509222   -0.0593340154883331   0.0120729110926731   0
0.246747301624557   0.308910823738421   0.0937388998951093   0.00293796422919951   0
0.249532209280105   0.271171461700434   0.00278490765554798   -0.0377393620379872   0
0.120843859052332   0.251457506858018   -0.128688350227772   -0.0197139548424164   0
0.185347724895004   0.298397007252921   0.0645038658426715   0.0469395003949036   0
0.123579694062293   0.3014306145044   -0.0617680308327107   0.00303360725147833   0
0.143728617321012   0.274532027388882   0.020148923258719   -0.0268985871155174   0
0.16965840307067   0.2943214753263   0.0259297857496579   0.019789447937418   0
0.131948828763351   0.278740576493628   -0.0377095743073197   -0.0155808988326724   0
0.190544223593422   0.324525910637733   0.0585953948300715   0.0457853341441054   0
0.176916570676689   0.317810382883411   -0.0136276529167327   -0.00671552775432271   0
1.03243643427924   0.624987697755582   0.855519863602555   0.307177314872171   1
1.30136702342256   0.76585877918126   0.268930589143314   0.140871081425678   1
1.21836809570548   0.900360765180097   -0.0829989277170777   0.134501985998837   0
1.30491599258343   0.978607741135047   0.0865478968779498   0.0782469759549503   0
1.46092873265194   1.06621037322566   0.156012740068508   0.0876026320906121   0
1.38278179666388   1.04683100983683   -0.078146935988054   -0.0193793633888282   0
1.33963726046904   1.06080958115972   -0.0431445361948426   0.0139785713228837   0
1.26786276407386   1.09806952946853   -0.0717744963951852   0.0372599483088198   0
1.23253683129099   1.10306602227337   -0.035325932782865   0.00499649280483738   0
1.03197916385102   1.04723513758002   -0.200557667439977   -0.0558308846933491   0
1.08214881031446   1.07410625813557   0.0501696464634442   0.0268711205555487   0
1.11382565207172   1.0702339609124   0.0316768417572639   -0.00387229722316951   0
1.10374112359738   1.1012573206986   -0.0100845284743465   0.0310233597861931   0
1.07077578253059   1.10804415983254   -0.0329653410667856   0.00678683913394473   0
1.0677502073813   1.10621965225955   -0.00302557514929069   -0.00182450757298547   0
1.00738835074861   1.09711614454453   -0.0603618566326878   -0.00910350771502677   0
0.997279931734736   1.08205507856821   -0.0101084190138766   -0.0150610659763206   0
0.938803661837985   1.11640491608511   -0.058476269896751   0.034349837516902   0
0.952825968606676   1.1179120077704   0.0140223067686908   0.00150709168529173   0
0.95409610496723   1.09811308435152   0.0012701363605544   -0.0197989234188851   0
0.932518450954881   1.09909814959175   -0.0215776540123497   0.000985065240229677   0
0.95365529065078   1.08736617478072   0.0211368396958996   -0.0117319748110283   0
0.943525145818785   1.06688967844911   -0.010130144831995   -0.0204764963316055   0
0.969490107412324   1.08653129177488   0.025964961593539   0.0196416133257729   0
0.951236209980933   1.09196318636253   -0.0182538974313909   0.00543189458764104   0
0.938273483330319   1.08983625170252   -0.0129627266506144   -0.00212693466000546   0
0.887972593525296   1.09185637329687   -0.0503008898050232   0.0020201215943525   0
0.919864748553308   1.07559676390609   0.0318921550280119   -0.0162596093907845   0
0.851236381520433   1.10503129750655   -0.0686283670328747   0.0294345336004573   0
0.880606150826923   1.08798316684542   0.0293697693064904   -0.0170481306611208   0
0.809434642152262   1.08654255126076   -0.0711715086746616   -0.00144061558466113   0
0.79080500304895   1.07433714326044   -0.0186296391033116   -0.0122054080003253   0
0.83265529869537   0.987923106964302   0.0418502956464201   -0.0864140362961364   0
0.811598933194223   0.985857404148287   -0.0210563655011475   -0.00206570281601459   0
0.828483066743558   0.989439297245667   0.0168841335493349   0.00358189309737988   0
0.811709622571551   1.00477635586495   -0.0167734441720064   0.0153370586192834   0
0.785502790506749   0.989176604123854   -0.0262068320648018   -0.0155997517410966   0
0.822078612094421   1.00393233057176   0.036575821587672   0.0147557264479081   0
0.759648501603794   0.990972470291178   -0.062430110490627   -0.012959860280584   0
0.760056716417268   0.98717938839605   0.000408214813474084   -0.00379308189512784   0
0.738958340741269   0.997262682058243   -0.0210983756759991   0.0100832936621925   0
0.684287768088288   1.00583876449272   -0.0546705726529818   0.00857608243448116   0
0.709186941192969   1.00950376851699   0.0248991731046817   0.00366500402426384   0
0.701441412189101   1.0002085387388   -0.00774552900386849   -0.00929522977819075   0
0.736351049477807   0.995144103589525   0.0349096372887061   -0.0050644351492718   0
0.726539872193646   0.985179716291525   -0.00981117728416048   -0.00996438729800009   0
0.707215140327362   1.00091532842394   -0.0193247318662846   0.015735612132413   0
0.692155033121875   0.972495453559553   -0.0150601072054863   -0.0284198748643856   0
0.696328345114544   0.991099817423175   0.0041733119926689   0.0186043638636221   0
0.664907444163238   0.970088831155297   -0.031420900951306   -0.0210109862678779   0
0.765866268995417   0.947922641136659   0.100958824832178   -0.0221661900186375   0
0.874155360458477   1.0337009091004   0.10828909146306   0.0857782679637437   0
0.764037077428838   1.0336769497967   -0.110118283029639   -2.3959303707688e-05   0
0.758554225744607   0.561711777090796   -0.00548285168423102   -0.471965172705899   1
0.560074882271371   0.116074778927767   -0.198479343473236   -0.445636998163029   1
0.347073747292834   0.134716777187123   -0.213001134978537   0.0186419982593561   0
0.353816419570941   0.17742987214058   0.00674267227810676   0.0427130949534566   0
0.294030478129394   0.183210724395435   -0.0597859414415469   0.00578085225485514   0
0.333051539379418   0.196593568565486   0.0390210612500241   0.0133828441700512   0
0.339902620238503   0.225136210720555   0.00685108085908503   0.0285426421550686   0
0.35698821719631   0.234782678006896   0.0170855969578073   0.00964646728634172   0
0.36005746537046   0.24625035225421   0.00306924817414972   0.0114676742473135   0
0.390336428196242   0.240099608436769   0.030278962825782   -0.00615074381744055   0
0.418222132234773   0.25856410941355   0.027885704038531   0.018464500976781   0
0.38699370354051   0.237518968853542   -0.0312284286942632   -0.0210451405600081   0
0.387948809712055   0.263137039071849   0.000955106171544873   0.0256180702183071   0
0.343832666577799   0.183335842294469   -0.0441161431342555   -0.0798011967773801   0
0.613262572998067   0.0951682746762807   0.269429906420268   -0.0881675676181886   0
0.481500628748292   0.142944750567098   -0.131761944249776   0.0477764758908178   1
