0.0636413484993247   0   0   0
0.0664528146586922   -0.00604547148413719   0.00281146615936753   0
0.0559307364428069   -0.00302778874130966   -0.0105220782158854   0
0.0582837295101309   -0.0162599083649373   0.00235299306732401   0
0.0636155186644228   0.0116864421276643   0.00533178915429194   0
0.0556168233483808   -0.00289591913530793   -0.00799869531604198   0
0.0541577453982808   -0.000807225337437267   -0.00145907795010008   0
0.0530903621691357   0.00607269662219571   -0.00106738322914501   0
0.0349447719506795   -0.000287902019461675   -0.0181455902184562   0
0.0423555594724187   0.00142822626413788   0.00741078752173919   0
0.0512344120073608   -0.00984144472780538   0.0088788525349421   0
0.0325119750889192   -0.0203413325334012   -0.0187224369184417   0
0.0806974795973982   0.0620050685967896   0.0481855045084791   0
0.0396886946773889   -0.0209580722271794   -0.0410087849200093   0
0.0129887833766292   0.0817309510093984   -0.0266999113007597   0
0.0127974125141804   -0.0619227330602494   -0.000191370862448879   0
0.0424316456865922   -0.0516799570311001   0.0296342331724119   0
0.0452593135718219   0.00126904212499703   0.00282766788522967   0
0.0191229443667685   0.024077624511571   -0.0261363692050533   0
0.0106037441808035   0.0223872420072241   -0.00851920018596501   0
0.00947331888107331   -0.0940353485421253   -0.00113042529973023   0
0.0295830899299752   0.0592281250917587   0.0201097710489019   0
0.0152645183089739   -0.00905232595791954   -0.0143185716210013   0
0.0307501751039523   0.0183126197980966   0.0154856567949783   0
0.0396492974464378   -0.0274156127574032   0.00889912234248556   0
0.0164790983864682   0.014108700798914   -0.0231701990599696   0
0.00945667638378305   -0.057376594657779   -0.00702242200268519   0
0.0396112432721443   0.113335199051846   0.0301545668883613   0
0.063751462993871   -0.0146994408480498   0.0241402197217267   0
0.0667424749919607   -0.0147536163029308   0.00299101199808972   0
0.0664226486440431   -0.0327965766985481   -0.000319826347917593   0
0.0590547993514498   -0.0302262103438631   -0.00736784929259328   0
0.0356554368461529   0.00702838351153499   -0.0233993625052969   0
0.0372348520313966   -0.00232621921497145   0.00157941518524369   0
0.010672950016126   0.0200496385097573   -0.0265619020152706   0
0.0191517016702172   0.00690124726523989   0.00847875165409115   0
0.0182730807026347   0.00736415959271924   -0.000878620967582511   0
0.0295629802190277   0.0142213615279752   0.011289899516393   0
0.0349456007841474   0.00078089150481879   0.00538262056511962   0
0.0419988486984274   -0.00946128462967291   0.00705324791428008   0
0.0873785627942855   -0.0123615400435136   0.0453797140958581   0
0.0759565779817923   0.0138706134383426   -0.0114219848124932   0
0.0900851190319122   0.0061658759349163   0.0141285410501198   0
0.154919098385028   0.0202233012586679   0.0648339793531159   0
0.177732740988035   0.0201620862507607   0.0228136426030071   0
0.18651452767042   -0.0457309392195923   0.00878178668238516   0
0.149566536521777   -0.0214492089939276   -0.0369479911486435   0
0.180911453444772   0.0957391843394771   0.0313449169229954   0
0.174181347473467   -0.0246869074658438   -0.00673010597130566   0
0.165275346024052   0.00194717011274995   -0.00890600144941497   0
0.163038698815496   -0.00594345435759332   -0.00223664720855565   0
0.129073421181008   0.119021588913182   -0.0339652776344875   0
0.100492750150745   0.0184565279459087   -0.0285806710302638   0
0.053048235177902   -0.0378341497388532   -0.0474445149728427   0
0.00655987739196161   -0.114425906996849   -0.0464883577859404   0
0.011323902015616   -0.0475902819538387   0.0047640246236544   0
0.0507035155830345   0.147191025354102   0.0393796135674185   0
0.0225451922379606   -0.0686640192195342   -0.0281583233450739   0
0.0292791823449273   -0.0755915298031538   0.00673399010696663   0
0.0268659074674689   -0.025622804080567   -0.00241327487745838   0
0.0406126545821312   0.0663381481032554   0.0137467471146623   0
0.0349858865273556   0.0359404563193385   -0.0056267680547756   0
0.0413951534058638   0.0465726814232909   0.00640926687850826   0
0.0249336810130458   -0.0574515444137748   -0.016461472392818   0
0.0297072072238136   -0.0334745525501393   0.00477352621076774   0
0.0456838225005581   0.0219692060910688   0.0159766152767446   0
0.0454144428484485   -0.0655745107698668   -0.000269379652109568   0
0.0409578840690349   -0.0465883722272033   -0.00445655877941369   0
0.0505569110346696   0.0217370921124326   0.00959902696563477   0
0.0409394333245543   -0.000911917428342596   -0.00961747771011535   0
0.05262487617527   0.00232212536884756   0.0116854428507157   0
0.055098503145208   0.0361096981154583   0.00247362696993804   0
0.0215532621478745   0.0246837398749068   -0.0335452409973335   0
0.0404307061424077   0.0373273892502531   0.0188774439945332   0
0.02340487705075   0.0160349458368846   -0.0170258290916577   0
0.0353279656994993   -0.0227657188367816   0.0119230886487493   0
0.110946481050696   0.0030391949104997   0.0756185153511969   0
0.200763074628466   0.025869607305828   0.0898165935777697   0
0.200891762074195   -0.021454012301227   0.000128687445729109   0
0.224616159532351   -0.0361864300885005   0.0237243974581558   0
0.259381662169433   -0.0206519972661916   0.0347655026370826   0
0.266118905149733   0.0449338546093169   0.00673724298029937   0
0.277909092859383   0.113297045205934   0.0117901877096499   0
0.292999507676127   -0.0927461713392862   0.0150904148167438   0
0.319516976360838   -0.0221585392755435   0.0265174686847118   0
0.362121907995432   0.0384583609708829   0.0426049316345942   0
0.388664181487325   0.143713754968943   0.0265422734918927   0
0.410076719753969   -0.0634721208886292   0.0214125382666436   0
0.42668482127177   -0.0523585087970399   0.0166081015178014   0
0.436482345697269   -0.0119815807335849   0.00979752442549853   0
0.489322696391167   -0.0012237570310113   0.0528403506938986   0
0.468126502156631   0.131437598753682   -0.021196194234536   0
0.48532394529778   -0.0310288526543765   0.0171974431411487   0
0.512163602338647   -0.0404307976486782   0.0268396570408673   0
0.419860082709109   0.0028956301310705   -0.092303519629538   0
0.300025399591851   0.0512521470743164   -0.119834683117258   0
0.199163296733365   -0.0381431002090159   -0.100862102858486   0
0.146228918379403   -0.0360618433026151   -0.0529343783539626   0
0.139428707636053   -0.13149453513536   -0.00680021074334947   0
0.17680844606529   0.101712975183112   0.0373797384292366   0
0.141748720258385   -0.0375935181623129   -0.0350597258069044   0
0.113461345695968   -0.0489202856140892   -0.0282873745624172   0
0.101983871025717   -0.0102271018952916   -0.0114774746702516   0
0.118593396600064   -0.000934548028685547   0.0166095255743471   0
0.0856834048570084   0.0209921770455466   -0.0329099917430553   0
0.0912969925402256   0.0667192529614191   0.00561358768321719   0
0.0939575913970766   0.026045316295305   0.00266059885685103   0
0.119590113995221   -0.0620385637446447   0.0256325225981446   0
0.10912165714188   0.00744338070507886   -0.0104684568533412   0
0.111023055310598   -0.013207817167724   0.00190139816871759   0
0.105068141707608   -0.0372377477268721   -0.00595491360298953   0
0.100826295277931   0.021319428460968   -0.00424184642967713   0
0.0996545508944398   -0.0154087057297943   -0.00117174438349105   0
0.0859672094776404   0.00582553070341195   -0.0136873414167995   0
0.0679404956759222   0.0087005992583767   -0.0180267138017182   0
0.0805473087104715   0.0134132537595478   0.0126068130345493   0
0.0900461404232436   0.0127448518878513   0.00949883171277206   0
0.108072097080942   0.0286662252360856   0.0180259566576982   0
0.148639752297997   -0.00525782068892411   0.0405676552170556   0
0.150435384658904   -0.00871840802147728   0.00179563236090699   0
0.160809136209428   0.00564631692955317   0.0103737515505241   0
0.15058652155037   -0.0193908610636964   -0.0102226146590586   0
0.178634884266764   0.0160838273385983   0.0280483627163937   0
0.174714489837857   -0.0040462984619262   -0.00392039442890696   0
0.218267769313801   0.00168086799375028   0.0435532794759441   0
0.261035312527774   0.0529376241337048   0.042767543213973   0
0.256729862355473   0.00709519750476456   -0.00430545017230088   0
0.243764494541884   -0.012013685746619   -0.0129653678135892   0
0.223043768988376   -0.0076347273363411   -0.0207207255535077   0
0.250311754757343   0.00293936645743481   0.0272679857689666   0
0.290087136330211   0.109587603635429   0.0397753815728687   0
0.334403141402727   0.0902361350646121   0.0443160050725162   0
0.322044374367668   -0.0710025023484057   -0.0123587670350597   0
0.317830601729038   -0.0970105603280395   -0.00421377263862949   0
0.299971349427079   -0.0256949821679379   -0.0178592523019596   0
0.320354444421332   -0.0207315180013201   0.0203830949942529   0
0.307450120151078   0.0554066490758108   -0.0129043242702532   0
0.279581165785381   0.0364324946604489   -0.0278689543656977   0
0.289794129775156   0.00434477446173598   0.0102129639897754   0
0.340941249686075   0.0112572792607624   0.0511471199109189   0
0.321381497004685   -0.03434536038634   -0.0195597526813898   0
0.26970352880364   0.0336007260003235   -0.0516779682010448   0
0.211848801920394   -0.0131311825666872   -0.0578547268832462   0
0.198089793622107   -0.0271625259335083   -0.0137590082982869   0
0.2688735611229   0.0180199486718936   0.070783767500793   0
0.268871364268775   -0.0212571629889108   -2.19685412489179e-06   0
0.231440407881273   -0.0246246760160831   -0.0374309563875024   0
0.195353408256037   -0.0269825742660484   -0.0360869996252356   0
0.177337449560154   -0.00508067765105494   -0.0180159586958838   0
0.206999577664962   0.0381069543857035   0.0296621281048081   0
0.201969949020175   -0.020374356780367   -0.00502962864478632   0
0.172265594975462   0.0188579271168077   -0.0297043540447131   0
0.126956045632347   -0.029496750778912   -0.0453095493431155   0
0.136078900284366   0.00485062101143502   0.00912285465201956   0
0.189970494207617   0.00455748256584312   0.0538915939232508   0
0.196975142837781   -0.00773319252737215   0.00700464863016359   0
0.181759893136506   -0.0179341498203675   -0.0152152497012746   0
0.138551049508304   0.00654947187360905   -0.0432088436282021   0
0.131440197443942   0.024163439444086   -0.00711085206436179   0
0.155981173864356   0.0101641241098453   0.024540976420414   0
0.159939393248474   0.0349787745843141   0.00395821938411783   0
0.177837011825021   -0.0141791102544392   0.0178976185765466   0
0.155778060565196   -0.0125554212000106   -0.0220589512598241   0
0.175763269984545   0.00561959299155351   0.0199852094193483   0
0.198994946774667   -0.00435834012729844   0.023231676790122   0
0.15721197989518   0.0182484336860576   -0.0417829668794868   0
0.143640432218274   -0.00373338811374696   -0.0135715476769063   0
0.155132601175809   0.00932968427283801   0.0114921689575349   0
0.216687750506512   0.0283995605684318   0.0615551493307036   0
0.2251979087988   0.00875953848608685   0.00851015829228749   0
0.229398360083088   9.86888226806593e-05   0.00420045128428803   0
0.213526154480201   -0.00465762907776068   -0.0158722056028872   0
0.238913359087641   0.0352615045732766   0.0253872046074403   0
0.28077893514427   0.033191453425139   0.0418655760566289   0
0.264605560880329   -0.0170486215051372   -0.0161733742639403   0
0.265932295767034   -0.013634466073473   0.0013267348867041   0
0.282268699465585   -0.0437550558616514   0.0163364036985511   0
0.297792524144063   0.0382831433566329   0.0155238246784786   0
0.29909838275156   0.0691908010014888   0.00130585860749627   0
0.276857554280342   -0.0466920393772703   -0.0222408284712176   0
0.29057692172812   -0.0883876629200868   0.0137193674477781   0
0.319403041793734   -0.0574071242505233   0.0288261200656144   0
0.338374819313347   0.0251562239442078   0.0189717775196123   0
0.346764148516182   0.121395522136765   0.00838932920283497   0
0.451705761705113   0.146442287996674   0.104941613188932   0
0.413168416461281   -0.0653050235419737   -0.0385373452438322   0
0.393398977594731   -0.0746715373217426   -0.0197694388665496   0
0.417824462384073   0.0500187792291958   0.0244254847893421   0
0.364367386082265   -0.0330155878464276   -0.0534570763018082   0
0.393116642941459   0.00134929853515653   0.0287492568591937   0
0.39993169087978   0.0156249390721512   0.00681504793832122   0
0.391303762375076   -0.00815081306833559   -0.00862792850470406   0
0.416641962154033   0.0697766242790013   0.0253381997789567   0
0.326757703083328   -0.0914516069192451   -0.0898842590707046   0
0.239028815874807   0.0210885652082143   -0.087728887208521   0
0.151666278113536   -0.0597446102181243   -0.087362537761271   0
0.114094374389067   -0.0443353369467748   -0.0375719037244696   0
0.0903860600959158   -0.05333138925072   -0.0237083142931508   0
0.0653530290804106   -0.00150394860454595   -0.0250330310155051   0
0.0663126203022095   0.056441652841012   0.000959591221798811   0
0.076596982997733   0.0100644555128578   0.0102843626955235   0
0.0537289756622532   -0.0969918930983411   -0.0228680073354798   0
0.0528622418729569   0.0145921984394376   -0.000866733789296303   0
0.0553665807492742   0.0467610404413923   0.00250433887631727   0
0.0487662774009356   0.00790079622710366   -0.00660030334833862   0
0.049891413388929   0.0462551415913042   0.00112513598799339   0
0.0474978922824213   -0.0217334267705252   -0.00239352110650763   0
0.0510781953537417   -0.0164925839974169   0.00358030307132036   0
0.0449477047010537   -0.00900328008126319   -0.006130490652688   0
0.0678437242306354   0.0631039705563708   0.0228960195295817   0
0.0753687649840436   0.0068021308642699   0.00752504075340825   0
0.0652228477665802   -0.0185753283246924   -0.0101459172174634   0
0.0745497789557421   0.00843259343336694   0.00932693118916184   0
0.0806868063106393   0.0244775697519118   0.00613702735489727   0
0.0784244003821484   0.0269240276670277   -0.00226240592849089   0
0.0756333944319077   -0.00555905300857218   -0.00279100595024076   0
0.0768953437575594   0.0102632336055278   0.0012619493256517   0
0.0994502561802256   -0.0177325767653784   0.0225549124226662   0
0.176254196830175   -0.00948146311721682   0.0768039406499492   0
0.159146722758882   -4.21947978963e-05   -0.0171074740712926   0
0.141892436314669   0.0422831946578351   -0.0172542864442128   0
0.161810532275683   -0.0218258572981684   0.0199180959610141   0
0.212503969761367   0.03001808952884   0.0506934374856835   0
0.244932460454408   0.0521265970255223   0.0324284906930407   0
0.215794839089545   -0.0591706186955147   -0.029137621364863   0
0.220295282797454   -0.0893018479700054   0.00450044370790878   0
0.250603053917691   -0.0431154285667375   0.0303077711202372   0
0.246432629782771   0.0557726352987923   -0.00417042413491928   0
0.252984156387806   0.0392439158159312   0.0065515266050348   0
0.224052725279319   -0.0440091192662476   -0.0289314311084872   0
0.233841515117739   -0.0421534317614287   0.00978878983842008   0
0.248724472445274   0.00926207374845289   0.0148829573275352   0
0.28646773966967   0.0594255505248608   0.0377432672243961   0
0.333799178158159   0.0321903724570623   0.0473314384884889   0
0.302409981901226   -0.0138145712893581   -0.0313891962569329   0
0.249648732652626   0.0152339079426306   -0.0527612492486   0
0.225228750578301   -0.000554150276600607   -0.0244199820743254   0
0.258389748094448   0.00981376183136767   0.0331609975161474   0
0.301333796869721   0.019743776659373   0.042944048775273   0
0.26633257012728   -0.0487552738491138   -0.0350012267424414   0
0.21874538575762   -0.00496043646450034   -0.0475871843696599   0
0.19204861204654   -0.00205843831991381   -0.0266967737110799   0
0.23583244993056   0.0265068343252871   0.0437838378840197   0
0.24103784839004   0.00219879593115113   0.0052053984594804   0
0.230415130908324   -0.0385492777281246   -0.0106227174817164   0
0.213565682552517   0.0087336797483113   -0.0168494483558068   0
0.204744504300488   0.0146710292357218   -0.00882117825202922   0
0.223295082088842   0.0193909130528758   0.0185505777883537   0
0.24017027400992   0.0238143111440983   0.0168751919210783   0
0.237443374340199   -0.0515769499378242   -0.00272689966972062   0
0.258057836832347   -0.0574470649483918   0.0206144624921473   0
0.288604870296852   0.00260980418673329   0.030547033464505   0
0.290135185597029   0.0508129613667537   0.0015303153001775   0
0.251002316340054   -0.00294556313785538   -0.0391328692569752   0
0.268359377091006   0.0268381492581308   0.0173570607509516   0
0.301737405668907   0.0263696748465077   0.0333780285779014   0
0.295081279419015   -0.0278834038188169   -0.00665612624989242   0
0.241734523232099   0.00433357050143429   -0.053346756186916   0
0.227336859095704   0.0147087221216007   -0.0143976641363945   0
0.273865315513849   0.0129659716062879   0.0465284564181449   0
0.300037129866455   0.00382372281431542   0.0261718143526061   0
0.267865627543924   -0.0262254831353493   -0.0321715023225315   0
0.252048244248001   -0.00520320268677554   -0.0158173832959225   0
0.254108147899177   0.0083652696965002   0.00205990365117592   0
0.298291356278974   0.0209160439813694   0.0441832083797973   0
0.297144504730443   -0.0252837659692124   -0.00114685154853167   0
0.292399509507407   -0.153326954231769   -0.00474499522303512   0
0.32484451575428   -0.0527059728202965   0.0324450062468723   0
0.326589143107146   0.0209283755505176   0.00174462735286635   0
0.341057564681254   0.186820371624199   0.0144684215741084   0
0.334096634787931   0.0302395149367732   -0.00696092989332364   0
0.322233621317919   -0.00737586546170349   -0.0118630134700118   0
0.340490201014912   -0.0737987140701277   0.0182565796969927   0
0.378724555629207   -0.0754151457785791   0.0382343546142948   0
0.380441531019801   -0.0348806133823634   0.00171697539059412   0
0.374853726397878   -0.0338696959904596   -0.00558780462192288   0
0.399297399024239   0.0608862544456534   0.0244436726263614   0
0.433243722004647   0.107378421951248   0.0339463229804079   0
0.390312093408546   0.00142545083814571   -0.0429316285961016   0
0.374715620409134   -0.097378654529032   -0.0155964729994111   0
0.394972563325179   -0.0733624972732099   0.0202569429160446   0
0.416548863078427   0.0237193003784952   0.0215762997532479   0
0.456840549020742   0.154272407999683   0.0402916859423147   0
0.479812317731967   0.0993794236771324   0.0229717687112258   0
0.42175019041921   -0.163417770008972   -0.0580621273127573   0
0.370904213793885   -0.112161976236067   -0.050845976625325   0
0.338962954810787   0.0306061248660043   -0.0319412589830976   0
0.368064471764934   0.0580293784020036   0.0291015169541466   0
0.373543406869218   0.0350616178327866   0.00547893510428438   0
0.470647501149536   0.0989995324908939   0.0971040942803175   0
0.435755147619268   -0.0324939260062151   -0.0348923535302681   0
0.386319873174278   -0.070798468115147   -0.0494352744449902   0
0.347534633893519   0.00398161012579207   -0.0387852392807584   0
0.32934441444719   0.0198405881125734   -0.0181902194463293   0
0.297007775088503   0.00508643349589771   -0.0323366393586875   0
0.230693641186146   -0.0028717951657391   -0.066314133902356   0
0.17618828615865   -0.0496489770135494   -0.054505355027496   0
0.121436181497732   -0.030301806551313   -0.0547521046609189   0
0.121436181497732   0.00276111817773686   0   0
0.131243403120881   0.0592209879003068   0.00980722162314915   0
0.129795989779153   -0.0283427527121488   -0.00144741334172768   0
0.104145150882182   -0.048399113827183   -0.0256508388969708   0
0.0989838838905733   0.0428633827801806   -0.0051612669916089   0
0.0941913704171061   0.00988414844413404   -0.00479251347346718   0
0.0831841352551224   0.0274345357613605   -0.0110072351619837   0
0.0900351450531958   0.00535566231172296   0.00685100979807332   0
0.082690524485034   -0.0101472362964107   -0.00734462056816179   0
0.0893933786077162   -0.0181903822929783   0.00670285412268228   0
0.10637146608701   0.0187449333382797   0.0169780874792941   0
0.0861557936462343   0.0108234436722216   -0.0202156724407761   0
0.0767679024293357   0.00298083974856278   -0.00938789121689861   0
0.0918292170689699   0.0163140239483359   0.0150613146396343   0
0.139853453136453   0.0523425201201927   0.0480242360674829   0
0.174349403381543   0.0238533602486915   0.0344959502450902   0
0.176667646191436   -0.0166520596735438   0.00231824280989326   0
0.17407020343169   0.00671970024226803   -0.00259744275974608   0
0.146059978442933   -0.023391642740279   -0.0280102249887574   0
0.177441212032324   0.0184041373245704   0.0313812335893907   0
0.197446935943559   -0.0244670726302861   0.0200057239112357   0
0.16149108228088   -0.00775931964754312   -0.0359558536626792   0
0.140804982952486   -0.0101270731751449   -0.0206860993283937   0
0.146887000475706   0.0124339747750474   0.00608201752321935   0
0.204204503793379   0.0293737564464405   0.0573175033176729   0
0.20883026265726   -0.000688016390239299   0.00462575886388089   0
0.210890901638738   -0.0236350159397617   0.00206063898147879   0
0.223115300464446   -0.0238486988745343   0.0122243988257076   0
0.214817750506098   -0.0117065893218557   -0.00829754995834833   0
0.23553199879528   0.00155138690223244   0.0207142482891828   0
0.23505208879576   0.018378563180053   -0.000479909999520162   0
0.249676244577353   0.00244587917676364   0.0146241557815923   0
0.244387564492856   -0.00494341649296237   -0.00528868008449634   0
0.213632567583924   0.0169129431768334   -0.030754996908932   0
0.185345570363848   -0.0314059983157236   -0.0282869972200767   0
0.18323593235089   -0.00633547468840567   -0.00210963801295747   0
0.233495142468746   0.0379196566749478   0.0502592101178558   0
0.217309049575714   -0.0187215912095305   -0.0161860928930323   0
0.159226805891784   -0.0336999008353198   -0.0580822436839293   0
0.165713583349404   -0.0332598420426701   0.00648677745761997   0
0.211551325575497   0.0216253858652311   0.0458377422260927   0
0.25286604331444   0.0829527536920071   0.0413147177389424   0
0.249184352587597   -0.0112998600224074   -0.00368169072684219   0
0.222326421314472   -0.0163153451775364   -0.0268579312731256   0
0.211984281906112   0.00150604367397567   -0.0103421394083597   0
0.243941370393585   0.0238480423088153   0.0319570884874724   0
0.238354054131139   -0.0123546005489822   -0.00558731626244541   0
0.218409113642838   0.000431827509993488   -0.0199449404883014   0
0.219882581503743   -0.0321274064907458   0.00147346786090485   0
0.209326221652353   -0.0329577696974033   -0.0105563598513896   0
0.227464654398238   0.00346837919493292   0.0181384327458853   0
0.287852614904746   0.116445175596544   0.0603879605065078   0
0.325495581059866   0.0111787215424772   0.0376429661551202   0
0.338658713077414   -0.0216514577222441   0.0131631320175474   0
0.336650402875089   -0.0696286602094942   -0.00200831020232428   0
0.34204770283288   0.00104560497905887   0.00539729995779037   0
0.334040367615203   0.0129097799830574   -0.00800733521767671   0
0.367103735940538   0.0489036960460305   0.0330633683253346   0
0.397829606183665   -0.00854549547751182   0.0307258702431275   0
0.347751924436803   -0.00565621120013665   -0.0500776817468621   0
0.297791367944489   0.0157822403954744   -0.0499605564923142   0
0.283397784909304   -0.0236479353093235   -0.0143935830351851   0
0.311259372683378   0.0305160401390167   0.0278615877740742   0
0.31418879872618   -0.000966060462361751   0.00292942604280189   0
0.276613551226707   -0.0375026395742205   -0.0375752474994729   0
0.266137439909345   -0.0234473283346527   -0.0104761113173624   0
0.276538429002643   -0.00460467633894274   0.0104009890932987   0
0.29479554179168   0.048883294480992   0.0182571127890365   0
0.327656183053975   0.00341792807256136   0.0328606412622953   0
0.270180039531976   -0.0319488092156242   -0.0574761435219994   0
0.260698831526917   0.0106156479997483   -0.00948120800505842   0
0.31766212349838   0.0330899558152956   0.0569632919714627   0
0.339986158622303   -0.00321144492753445   0.0223240351239233   0
0.297357282499101   0.00422400047687199   -0.0426288761232026   0
0.262606033969138   -0.0243740813582723   -0.0347512485299629   0
0.23674284375932   -0.0958306615818715   -0.0258631902098174   0
0.249766256477136   0.0539405764918287   0.0130234127178156   0
