0.169761846840072   0.141560532540112   0   0   0
0.130854272583154   0.115669276626553   -0.0389075742569184   -0.0258912559135588   0
0.201119063708544   0.106045576897353   0.0702647911253901   -0.00962369972919941   0
0.154351832274296   0.0874959083104033   -0.0467672314342475   -0.0185496685869501   0
0.191677881296848   0.0882888502203563   0.0373260490225513   0.000792941909952993   0
0.190172040840124   0.0956276364080097   -0.00150584045672403   0.00733878618765342   0
0.129035821864132   0.0649524381227333   -0.0611362189759916   -0.0306751982852764   0
0.176613729306908   0.0784028017543378   0.0475779074427755   0.0134503636316045   0
0.155533632393953   0.0508804002036393   -0.0210800969129545   -0.0275224015506985   0
0.178048686595128   0.0535075945208248   0.0225150542011746   0.00262719431718549   0
0.111528436284788   0.0398240215723186   -0.0665202503103398   -0.0136835729485062   0
0.119810759308878   0.0374491251240934   0.00828232302409052   -0.00237489644822528   0
0.125248035656652   0.0581177279031321   0.00543727634777366   0.0206686027790388   0
0.0784030920200218   0.0386352529423906   -0.0468449436366303   -0.0194824749607415   0
0.088426289528228   0.0391944093759875   0.0100231975082062   0.000559156433596955   0
0.147709689685477   0.0545469611834152   0.0592834001572494   0.0153525518074276   0
0.0800796737668936   0.0511250168350584   -0.0676300159185838   -0.00342194434835681   0
0.144118329145501   0.064549540155314   0.0640386553786072   0.0134245233202557   0
0.072116820841604   0.0359363074136729   -0.0720015083038968   -0.0286132327416412   0
0.110925893344025   0.0483070616173764   0.038809072502421   0.0123707542037035   0
0.0612597353962617   0.0178488802809616   -0.0496661579477632   -0.0304581813364148   0
0.0851289288405534   0.0123480353992295   0.0238691934442916   -0.0055008448817321   0
0.0586225206926485   0.0239516649503223   -0.0265064081479049   0.0116036295510928   0
0.0814922413010588   0.0267699281750386   0.0228697206084104   0.00281826322471625   0
0.0897977804274694   0.0326799249577244   0.00830553912641054   0.00590999678268584   0
0.0712339556990906   0.022771379023757   -0.0185638247283788   -0.00990854593396744   0
0.144193284816769   0.0576196972322833   0.0729593291176789   0.0348483182085264   0
0.113452291013448   0.0371746069969075   -0.0307409938033219   -0.0204450902353758   0
0.136608610922958   0.0301521134338561   0.02315631990951   -0.00702249356305141   0
0.133194432155315   0.0282990808834973   -0.00341417876764225   -0.00185303255035875   0
0.136071270569575   0.0407722181641495   0.00287683841425937   0.0124731372806521   0
0.1546078430442   0.0240111261900082   0.0185365724746253   -0.0167610919741412   0
0.115352670474506   0.0523090247091742   -0.0392551725696939   0.028297898519166   0
0.129366745350573   0.0464306550499226   0.0140140748760669   -0.00587836965925167   0
0.125427651401645   0.0617592858088765   -0.00393909394892833   0.015328630758954   0
0.134164868817325   0.0282032943985189   0.00873721741568023   -0.0335559914103577   0
0.100411401794318   0.0902326614417557   -0.0337534670230068   0.0620293670432368   0
0.110731410300012   0.0792801677399525   0.0103200085056938   -0.0109524937018032   0
0.0749706978522276   0.106674201242568   -0.0357607124477844   0.027394033502616   0
0.0565140123234052   0.112826383953887   -0.0184566855288223   0.00615218271131883   0
0.0737768633714527   0.111771816217417   0.0172628510480475   -0.00105456773647049   0
0.0340577347496806   0.126046501945522   -0.0397191286217721   0.0142746857281053   0
0.0719550977259874   0.115517800891508   0.0378973629763068   -0.0105287010540145   0
0.0577802049311873   0.1288884372134   -0.0141748927948001   0.0133706363218921   0
0.0817964836195909   0.130239671277956   0.0240162786884036   0.00135123406455609   0
0.124293710881323   0.105210384808737   0.0424972272617325   -0.0250292864692189   0
0.0918672853921895   0.131912485819198   -0.0324264254891339   0.0267021010104606   0
0.10991935159443   0.125971030614027   0.0180520662022408   -0.00594145520517106   0
0.132163126565372   0.117371259346315   0.0222437749709412   -0.00859977126771123   0
0.0921067680315274   0.147627751944282   -0.0400563585338441   0.0302564925979669   0
0.155483993458209   0.0958979281691867   0.063377225426682   -0.0517298237750954   0
0.120565370482216   0.152787410832347   -0.034918622975993   0.0568894826631606   0
0.106819972864436   0.155924144980219   -0.0137453976177801   0.00313673414787208   0
0.180007347571073   0.0933182072465229   0.0731873747066362   -0.0626059377336965   0
0.152899969191768   0.140970818498901   -0.0271073783793045   0.0476526112523778   0
0.133371644020984   0.13610293702416   -0.0195283251707843   -0.00486788147474054   0
0.155873379085088   0.131456990318545   0.0225017350641038   -0.00464594670561524   0
0.101077081782255   0.151347936821881   -0.0547962973028322   0.0198909465033359   0
0.188562197978641   0.117734810079008   0.0874851161963854   -0.0336131267428731   0
0.164767228954776   0.158625046881002   -0.0237949690238647   0.0408902368019941   0
0.155395458054764   0.169661365443226   -0.00937177090001182   0.0110363185622246   0
0.189033768077776   0.138245203242726   0.0336383100230122   -0.0314161622005008   0
0.15203711646306   0.171406914537636   -0.0369966516147164   0.0331617112949106   0
0.153726528816239   0.161138782120607   0.00168941235317904   -0.010268132417029   0
0.174454328782579   0.170222703139336   0.0207277999663394   0.00908392101872885   0
0.189618013218044   0.189400342676274   0.0151636844354657   0.019177639536938   0
0.175425144721075   0.197531346900916   -0.0141928684969695   0.008131004224642   0
0.204977445933208   0.16266646314545   0.0295523012121331   -0.0348648837554661   0
0.1737829442755   0.213557375685927   -0.0311945016577077   0.0508909125404768   0
0.231635176743712   0.195336771777615   0.0578522324682124   -0.0182206039083118   0
0.232740762894088   0.239025423003543   0.00110558615037554   0.0436886512259278   0
0.226967385306933   0.273216218979126   -0.00577337758715543   0.0341907959755838   0
0.247408103684167   0.256098662263687   0.0204407183772345   -0.0171175567154395   0
0.210134504564103   0.284340505874559   -0.0372735991200644   0.0282418436108718   0
0.176952130501698   0.298857058763885   -0.0331823740624043   0.0145165528893259   0
0.232058387852492   0.28630557816758   0.0551062573507936   -0.0125514805963042   0
0.178551579608135   0.285874326869326   -0.0535068082443575   -0.000431251298254887   0
0.194476729784748   0.278578035903268   0.0159251501766138   -0.00729629096605755   0
0.191442416588514   0.284286142969544   -0.00303431319623468   0.00570810706627595   0
0.179786182335907   0.321964303434402   -0.0116562342526067   0.0376781604648585   0
0.2129713859776   0.29305949973043   0.0331852036416933   -0.0289048037039723   0
0.247009041799369   0.316630306750633   0.0340376558217688   0.0235708070202029   0
0.213626264756233   0.33431061990722   -0.0333827770431365   0.0176803131565874   0
0.250204805356272   0.329130996805983   0.0365785406000395   -0.00517962310123743   0
0.250606224789569   0.339542693324746   0.000401419433296968   0.010411696518763   0
0.21669678199883   0.337723032816463   -0.0339094427907392   -0.00181966050828264   0
0.264546142725253   0.336232744022649   0.0478493607264233   -0.00149028879381469   0
0.212608639823056   0.383249514346072   -0.0519375029021971   0.0470167703234233   0
0.278955746064156   0.334913571787185   0.0663471062411001   -0.0483359425588868   0
0.193108965378038   0.364768157884224   -0.0858467806861186   0.0298545860970387   0
0.236152194710767   0.350455385330644   0.0430432293327296   -0.01431277255358   0
0.192542674992055   0.375444305437238   -0.0436095197187123   0.0249889201065941   0
0.232016667054544   0.374276849155809   0.0394739920624886   -0.00116745628142917   0
0.223710943693512   0.385745803601932   -0.00830572336103194   0.0114689544461229   0
0.244659170061701   0.394410543110855   0.0209482263681895   0.00866473950892388   0
0.282524166096017   0.390036478145634   0.0378649960343162   -0.00437406496522103   0
0.273888702015253   0.419135573340536   -0.00863546408076449   0.0290990951949017   0
0.280581349861248   0.394684594244886   0.00669264784599499   -0.0244509790956506   0
0.276003498095966   0.390630057334942   -0.00457785176528169   -0.00405453690994367   0
0.280832045974315   0.399523973383951   0.00482854787834919   0.00889391604900908   0
0.324622033692493   0.393860309033863   0.0437899877181775   -0.00566366435008808   0
0.293861509750171   0.40867908032893   -0.0307605239423216   0.014818771295067   0
0.318718907759879   0.434126557503109   0.0248573980097073   0.0254474771741788   0
0.337055652693142   0.407002804717916   0.0183367449332635   -0.0271237527851927   0
0.321672684937111   0.435159704866501   -0.0153829677560309   0.0281569001485847   0
0.352805942891499   0.446698146057268   0.0311332579543883   0.0115384411907669   0
0.327497399230253   0.438073705749386   -0.025308543661246   -0.00862444030788112   0
0.293255252829834   0.459758071999829   -0.0342421464004192   0.0216843662504425   0
0.376490389351441   0.436313632868319   0.0832351365216072   -0.0234444391315103   0
0.313045367908056   0.469079843285234   -0.0634450214433857   0.0327662104169157   0
0.341817635053679   0.483393586405788   0.0287722671456231   0.0143137431205536   0
0.346892131919319   0.485772533600089   0.00507449686563982   0.00237894719430143   0
0.321829961460971   0.505461684226906   -0.0250621704583479   0.0196891506268161   0
0.379821080006903   0.481123955252178   0.0579911185459319   -0.0243377289747272   0
0.336442428894217   0.502854496710032   -0.0433786511126861   0.0217305414578541   0
0.358017805372163   0.527480389264141   0.0215753764779464   0.0246258925541089   0
0.419346620308975   0.531559056051395   0.0613288149368125   0.00407866678725377   0
0.3733064729882   0.566125025793331   -0.046040147320775   0.0345659697419364   0
0.410578418448364   0.551923249181668   0.0372719454601638   -0.014201776611663   0
0.418852467593304   0.571120797788655   0.00827404914494012   0.0191975486069867   0
0.391349803128684   0.550623422686731   -0.02750266446462   -0.0204973751019245   0
0.440079772636837   0.536514038716602   0.0487299695081524   -0.0141093839701283   0
0.413830191188137   0.569724183153787   -0.0262495814486998   0.0332101444371848   0
0.463173095214564   0.577900705395183   0.0493429040264275   0.00817652224139576   0
0.463894233568871   0.623177074702889   0.000721138354306317   0.0452763693077061   0
0.431099238758363   0.63373453967592   -0.0327949948105078   0.0105574649730309   0
0.455051697824819   0.589342411528731   0.0239524590664556   -0.0443921281471891   0
0.417843814843118   0.617503729840153   -0.0372078829817005   0.0281613183114218   0
0.412930877768471   0.632488593018483   -0.00491293707464707   0.0149848631783303   0
0.440392998938039   0.622605327209983   0.0274621211695684   -0.00988326580849974   0
0.428660558226541   0.595646154620761   -0.011732440711498   -0.0269591725892218   0
0.399765915238706   0.626925898587903   -0.0288946429878357   0.0312797439671419   0
0.446669795206985   0.604625652847694   0.0469038799682794   -0.0223002457402094   0
0.431677980796681   0.61725645663877   -0.0149918144103037   0.0126308037910763   0
0.41973364742328   0.61402133094075   -0.0119443333734017   -0.00323512569802031   0
0.465226673763833   0.619829039729101   0.0454930263405534   0.00580770878835146   0
0.422033288806369   0.611920920112436   -0.0431933849574641   -0.00790811961666549   0
0.423463944233745   0.625183287912633   0.00143065542737575   0.0132623678001971   0
0.465469530140438   0.613367764418909   0.0420055859066931   -0.0118155234937242   0
0.458684160332151   0.627111946917374   -0.00678536980828726   0.0137441824984658   0
0.447566282812513   0.646047912123784   -0.0111178775196379   0.0189359652064091   0
0.515801684179065   0.634720285979974   0.0682354013665524   -0.0113276261438096   0
0.499224702673746   0.663324579230447   -0.0165769815053191   0.0286042932504733   0
0.509645081643775   0.645886320912782   0.0104203789700291   -0.0174382583176649   0
0.53010524959272   0.670582928602048   0.020460167948945   0.024696607689266   0
0.478760813875373   0.66730948669639   -0.0513444357173466   -0.00327344190565815   0
0.52743631748551   0.638263341078939   0.0486755036101369   -0.0290461456174513   0
0.472739779208933   0.671492789646508   -0.0546965382765773   0.0332294485675695   0
0.488541089408494   0.684073192803409   0.0158013101995614   0.0125804031569005   0
0.510429805526676   0.680849210719461   0.0218887161181813   -0.00322398208394825   0
0.43401805028502   0.676207377791867   -0.0764117552416558   -0.00464183292759379   0
0.491866448708523   0.676402181487649   0.0578483984235034   0.000194803695781953   0
0.453125431516175   0.689524260046737   -0.038741017192348   0.0131220785590882   0
0.462945924290689   0.734777882972297   0.00982049277451319   0.0452536229255597   0
0.488740376445616   0.696574444136626   0.0257944521549275   -0.0382034388356702   0
0.475731864164563   0.715145014394458   -0.0130085122810534   0.0185705702578319   0
0.504722481970132   0.739567940205124   0.0289906178055691   0.0244229258106659   0
0.530603130843571   0.739579499182137   0.0258806488734394   1.1558977012549e-05   0
0.495310696142492   0.753360682273106   -0.0352924347010792   0.0137811830909693   0
0.513237005006303   0.756006109632389   0.0179263088638112   0.00264542735928319   0
0.558824344077284   0.757686308196374   0.0455873390709804   0.00168019856398449   0
0.527522989711121   0.788917742928247   -0.0313013543661622   0.0312314347318735   0
0.539919409360175   0.791152008760643   0.0123964196490534   0.0022342658323955   0
0.54468517638672   0.792181060613039   0.00476576702654485   0.00102905185239655   0
0.518739244389281   0.790777216346203   -0.0259459319974383   -0.00140384426683604   0
0.566444775682502   0.760675979465961   0.0477055312932207   -0.0301012368802418   0
0.520991239916264   0.805975548328856   -0.0454535357662377   0.0452995688628944   0
0.545821541507442   0.78157200514828   0.0248303015911774   -0.0244035431805761   0
0.53383137481052   0.792510992254524   -0.0119901666969215   0.0109389871062444   0
0.495076386619368   0.804363049188922   -0.0387549881911522   0.0118520569343978   0
0.548363480315402   0.803248457472064   0.0532870936960338   -0.0011145917168579   0
0.565834579952906   0.794174387814792   0.0174710996375042   -0.00907406965727187   0
0.537539681287773   0.802251955211859   -0.0282948986651335   0.00807756739706633   0
0.557262913831891   0.800539710283631   0.0197232325441189   -0.00171224492822752   0
0.576897687068374   0.799175227927425   0.0196347732364829   -0.00136448235620557   0
0.549652163095907   0.846744235041824   -0.0272455239724669   0.047569007114398   0
0.547091522942222   0.824999401967542   -0.00256064015368507   -0.0217448330742811   0
0.550145273897913   0.807031912926001   0.00305375095569094   -0.0179674890415416   0
0.536034195115283   0.837476605122986   -0.01411107878263   0.0304446921969855   0
0.610898407129618   0.819498781111699   0.074864212014335   -0.0179778240112877   0
0.569251522556188   0.857803904368022   -0.0416468845734301   0.0383051232563233   0
0.570158683090278   0.83685843063878   0.00090716053408979   -0.0209454737292416   0
0.571576056739293   0.832660161042645   0.00141737364901551   -0.0041982695961359   0
0.533401401008621   0.855230964019956   -0.0381746557306722   0.0225708029773113   0
0.569322489733025   0.828065434923969   0.0359210887244035   -0.0271655290959864   0
