0.0861560910731215   0   0   0
0.0603525114059059   0.0365424935070107   -0.0258035796672156   0
0.0408485926607331   0.0251594763147191   -0.0195039187451727   0
0.0441821219108521   -0.0281042131222481   0.003333529250119   0
0.0641632479534819   -0.0212681889421723   0.0199811260426298   0
0.0609556505174254   -0.00781778432249731   -0.00320759743605654   0
0.0361183147302376   0.0328007198186863   -0.0248373357871877   0
0.0393531220134439   0.0135365593673287   0.00323480728320624   0
0.0444253779018536   -0.011900220384179   0.0050722558884097   0
0.0501282764109489   -0.0240752041055221   0.00570289850909537   0
0.041356554620882   -0.00212574823186697   -0.0087717217900669   0
0.0351514890406153   0.0163817304345689   -0.00620506558026671   0
0.037169206630625   0.024412612079522   0.00201771759000971   0
0.0263548260162631   -0.0268398460948298   -0.0108143806143619   0
0.0700575277807639   -0.0288910744032645   0.0437027017645007   0
0.0515954814468283   0.0288319494052754   -0.0184620463339356   0
0.0411201014512975   0.00570370048190513   -0.0104753799955307   0
0.0421521418559899   -0.0334291461197249   0.00103204040469244   0
0.0748365671179538   -0.0185169597760209   0.0326844252619638   0
0.0474314937621882   0.0442508695027363   -0.0274050733557656   0
0.0461377530411105   -0.00955239020407701   -0.00129374072107773   0
0.0233356508519154   0.0225297316095096   -0.0228021021891951   0
0.0265540362105938   -0.005568651662251   0.00321838535867835   0
0.0228975187751452   -0.0120726023563751   -0.0036565174354486   0
0.0318343718204867   -0.00244651390870777   0.00893685304534158   0
0.0394288704110202   0.0402844370476116   0.00759449859053347   0
0.0164199931440302   -0.0132138947987242   -0.02300887726699   0
0.0377271980726438   -0.0242826860290379   0.0213072049286136   0
0.0480136485037588   0.0135303993283005   0.010286450431115   0
0.0561020441722269   0.0217363453750102   0.00808839566846811   0
0.0354642698927385   -0.00483307232342406   -0.0206377742794884   0
0.0393663928781023   -0.00724987397936568   0.00390212298536373   0
0.0589411751554675   0.0227473690888445   0.0195747822773652   0
0.0579901765091511   0.0148312306639655   -0.000950998646316398   0
0.0534731512990164   -0.0152939218039236   -0.0045170252101347   0
0.0544559641187492   -0.0243182257337167   0.000982812819732788   0
0.0708363308573715   -0.00726032745650902   0.0163803667386223   0
0.0749083770013742   0.0475143941689432   0.00407204614400268   0
0.0841578415888264   -0.0104828805731445   0.00924946458745224   0
0.0755108372217028   0.00322512599932015   -0.00864700436712358   0
0.0736665353198791   0.000190967742441511   -0.00184430190182369   0
0.0580422893910552   0.0010169729090016   -0.0156242459288239   0
0.0755664916168867   0.0222500202566742   0.0175242022258314   0
0.0700260826312239   -0.0107017751768702   -0.00554040898566273   0
0.0575531309899166   -0.0222383038837931   -0.0124729516413073   0
0.0658882064666107   0.00312597239222157   0.00833507547669413   0
0.0708282308600356   0.0142670033312412   0.00494002439342486   0
0.0834851228640319   0.0149285066769382   0.0126568920039963   0
0.0799230499718479   -0.0177160542823205   -0.00356207289218395   0
0.0822868363955317   0.0111704235108063   0.00236378642368378   0
0.0885502649184208   0.022362182244848   0.00626342852288905   0
0.0961849346483897   -0.0190893902651628   0.00763466972996896   0
0.0985176716456114   -0.00481558816986327   0.00233273699722165   0
0.0891851923339015   -0.011051441322786   -0.00933247931170988   0
0.0899735052633552   0.0307022327181448   0.00078831292945368   0
0.0955056139111859   0.00188630110792351   0.0055321086478307   0
0.102795805135241   0.00325292155043436   0.00729019122405544   0
0.100691495721151   0.00139989385139938   -0.00210430941409065   0
0.0966620186509288   -0.0146585014529237   -0.0040294770702219   0
0.100936043268708   0.0285408602664345   0.00427402461777929   0
0.106778204239161   0.0237217067218698   0.00584216097045306   0
0.105959488883028   -0.0361701817246293   -0.000818715356133273   0
0.105082191203374   -0.0259174986417795   -0.00087729767965361   0
0.106988511954614   0.0128040814945283   0.00190632075123939   0
0.10670197991783   0.00897150628114854   -0.000286532036783624   0
0.0998724129041273   -0.013151599108818   -0.00682956701370266   0
0.106398456293031   0.00157194032019742   0.00652604338890354   0
0.115539438911839   -0.000390776768281004   0.00914098261880779   0
0.133895372162754   0.0130940408736834   0.0183559332509157   0
0.113346275084815   0.0317279918881547   -0.0205490970779396   0
0.10737170314707   -0.0257030875017306   -0.00597457193774487   0
0.115811367732986   0.00903545032524181   0.00843966458591648   0
0.122692347930138   0.0261117946035542   0.00688098019715148   0
0.115454710896633   -0.000319369843531953   -0.0072376370335053   0
0.120434492204528   -0.0260556021346702   0.00497978130789539   0
0.118022068837908   -0.000643367054176724   -0.00241242336661948   0
0.123024326261567   0.0441517669357388   0.00500225742365862   0
0.114450569065317   -0.00712187411391926   -0.00857375719624964   0
0.122733094630554   -0.0269414367110965   0.00828252556523647   0
0.13393424226291   0.0417004917069222   0.0112011476323566   0
0.159833426528402   -0.00299998620881997   0.0258991842654913   0
0.136508497867129   -0.0437683652426575   -0.0233249286612726   0
0.120272504278721   0.00553245998264407   -0.016235993588408   0
0.121077141337548   0.0256052087422663   0.000804637058826524   0
0.134570097346894   -0.0197643632945723   0.0134929560093462   0
0.11976912135058   0.0331703687496681   -0.0148009759963137   0
0.121608925810166   -0.00689346183346254   0.00183980445958599   0
0.117304295074157   0.00737165923564698   -0.00430463073600873   0
0.131751163855865   0.00738535891762762   0.0144468687817076   0
0.13815868633137   0.0377344592007121   0.00640752247550536   0
0.139379534069972   0.0283476635804143   0.00122084773860165   0
0.138083340803661   -0.0149433236892959   -0.00129619326631103   0
0.143276342994927   -0.00763295889724203   0.00519300219126606   0
0.151041397426335   -0.0205405882650874   0.00776505443140765   0
0.14423421578301   -0.00294143348166603   -0.00680718164332436   0
0.1420362402433   -0.0105012500129815   -0.00219797553971016   0
0.135786595460533   0.0166030582071437   -0.00624964478276702   0
0.136310374899987   0.0178925432257034   0.000523779439453781   0
0.146409748863284   -0.0321031650529643   0.0100993739632974   0
0.150827748526258   0.0143976999700648   0.00441799966297321   0
0.141076161655682   0.00609971261402792   -0.00975158687057603   0
0.145362451030175   -0.0148782244983378   0.00428628937449332   0
0.141136885573014   0.00749914563561216   -0.00422556545716107   0
0.144814173220372   0.0106348303975767   0.0036772876473585   0
0.153686926361678   0.0135158772255938   0.00887275314130617   0
0.146454032404369   -0.0239585574749419   -0.00723289395730939   0
0.144479598290728   0.00152998647886532   -0.00197443411364154   0
0.144090547040741   -0.0244096687281757   -0.000389051249986533   0
0.140842313536274   0.0110406082693837   -0.00324823350446743   0
0.149825326752522   -0.000134832598782053   0.00898301321624845   0
0.150232935729819   0.0315723768171969   0.000407608977297191   0
0.153404658888673   0.000907347783256351   0.00317172315885336   0
0.1416423558421   -0.0262703819615154   -0.0117623030465729   0
0.149990550444853   -0.013690619513836   0.00834819460275329   0
0.141260851542457   -0.00763626857578928   -0.0087296989023963   0
0.146559498529607   0.00243717987290881   0.00529864698715071   0
0.151743891911668   0.0087965609466954   0.00518439338206064   0
0.148624825147921   0.00864780618064681   -0.00311906676374737   0
0.1549243843412   0.00382084346498823   0.00629955919327979   0
0.163122820308809   0.0283996552358412   0.00819843596760855   0
0.16143834867063   -0.0125517951801736   -0.00168447163817873   0
0.17933551590385   0.0266883041899916   0.0178971672332196   0
0.168042928579277   -0.0290031435965213   -0.0112925873245729   0
0.175551069162936   -0.014956092211773   0.00750814058365915   0
0.17663380470128   0.0325591118361214   0.00108273553834407   0
0.19037857851988   0.00515985139728065   0.0137447738185995   0
0.194433331681453   -0.0107355762272412   0.00405475316157347   0
0.188039031302679   -0.0152538533592698   -0.00639430037877392   0
0.186689376732448   0.0236049367582707   -0.00134965457023098   0
0.189868851656874   -0.000546473481823906   0.00317947492442563   0
0.215166343720969   0.0440632178779866   0.0252974920640947   0
0.206399079640027   -0.0374454635293676   -0.00876726408094211   0
0.211269596981558   0.00700275880494988   0.00487051734153165   0
0.215062237617974   -0.0127695711748378   0.00379264063641602   0
0.216804911249722   0.0294213379792143   0.00174267363174818   0
0.218353189377325   -0.00716607735858982   0.00154827812760275   0
0.214534829177572   -0.00384343743914095   -0.00381836019975312   0
0.21102947180548   -0.0253045555396546   -0.00350535737209173   0
0.232944245416688   0.017028703414636   0.0219147736112074   0
0.238822768157163   0.0321212123197679   0.00587852274047529   0
0.228023209981462   -0.0164624508828257   -0.0107995581757008   0
0.225666935948756   0.0195854544740757   -0.00235627403270605   0
0.230740559946664   -0.0109276209143563   0.00507362399790781   0
0.228608296101104   -0.021124069504202   -0.00213226384556001   0
0.223543430188073   0.0152641263707937   -0.0050648659130306   0
0.221609125358705   0.00848478943232295   -0.00193430482936882   0
0.243862979247056   0.0237221637134833   0.0222538538883513   0
0.24749765191866   -0.00314437141134249   0.00363467267160381   0
0.246317279609552   -0.00645094583756017   -0.00118037230910809   0
0.233570375892364   -0.0184222444717904   -0.012746903717188   0
0.231550785283164   0.00150626786346947   -0.00201959060919935   0
0.258404556737106   0.0278295661985961   0.0268537714539414   0
0.25400442593388   -0.00426010435684854   -0.00440013080322538   0
0.231603743448805   -0.0170466651680884   -0.0224006824850749   0
0.236350371110879   -0.00273373308824088   0.00474662766207326   0
0.233326138744676   -0.000387699837046174   -0.00302423236620206   0
0.286038563808274   0.113413085480099   0.0527124250635975   0
0.273953380328205   -0.04402411505207   -0.0120851834800692   0
0.288982431033445   0.0310369120392223   0.0150290507052407   0
0.245130400090442   -0.073096729707338   -0.0438520309430037   0
0.236266509264432   0.0127152471493326   -0.00886389082600952   0
0.237027121357979   -0.0106527377438373   0.000760612093546637   0
0.240026608609337   0.0368702654542745   0.00299948725135851   0
0.263039224577818   0.0226134730610252   0.0230126159684811   0
0.256408364494024   -0.0301609501789059   -0.00663086008379488   0
0.2374690011691   -0.00989979381985306   -0.0189393633249236   0
0.242525785984707   -0.0296813351934046   0.00505678481560723   0
0.257250336947301   0.0263088412976269   0.014724550962594   0
0.25137825166967   0.0185425922221163   -0.00587208527763111   0
0.253365893066727   -0.00069708887582981   0.00198764139705665   0
0.261341398674703   -0.0056630319772954   0.00797550560797616   0
0.254888192419245   0.0269687126556749   -0.00645320625545803   0
0.241736674713416   -0.0302498167869426   -0.0131515177058287   0
0.243193535404932   -0.00452313239806945   0.00145686069151596   0
0.250241547072524   0.00898826241876843   0.00704801166759139   0
0.252026851550088   0.010871611483404   0.00178530447756425   0
0.259739626964197   0.0134134583831246   0.00771277541410881   0
0.27982790378463   0.0356766802330306   0.0200882768204331   0
0.259954604946229   -0.0875157944420771   -0.0198732988384007   0
0.255696951003038   0.00372908779382447   -0.00425765394319105   0
0.253834933532109   0.0149530510631786   -0.00186201747092934   0
0.244740318029131   -0.00173791370811738   -0.00909461550297799   0
0.261374615233098   0.0254548615662407   0.0166342972039673   0
0.24564904957683   -0.00675646271439206   -0.0157255656562677   0
0.254834779862365   0.0194423156489944   0.00918573028553474   0
0.271322313083996   -0.00589592209919737   0.0164875332216312   0
0.274624886979494   -0.0187709171527905   0.00330257389549815   0
0.277708157345981   -0.00451734453771868   0.00308327036648648   0
0.269812413701168   0.00970299564776483   -0.00789574364481321   0
0.263265881666235   -0.00299967447003946   -0.00654653203493266   0
0.259315466020155   0.0200994261597782   -0.00395041564608017   0
0.261875306480966   -0.0188152467521482   0.00255984046081148   0
0.276997009122391   0.0168697648299018   0.0151217026414249   0
0.254861203376465   -0.0227680275874277   -0.0221358057459258   0
0.252158992531498   0.0165914640611356   -0.00270221084496741   0
0.262835604875462   0.00127571104755936   0.0106766123439642   0
0.278635416282191   0.0314671567487084   0.0157998114067292   0
0.271674753672015   -0.017558335811054   -0.00696066261017625   0
0.276420760014059   0.0392893448034967   0.00474600634204403   0
0.273345588189201   -0.0233646237060677   -0.00307517182485845   0
0.28015856916798   -0.00177438447416095   0.00681298097877969   0
0.271010967751307   0.0114085658700407   -0.0091476014166732   0
0.270746865875674   -0.0220742974963165   -0.000264101875633471   0
0.279702674521982   0.0313773178676833   0.00895580864630879   0
0.283733663660571   -0.00236008699942986   0.00403098913858857   0
0.310746394097743   0.0624537235643771   0.0270127304371724   0
0.294365469012586   -0.0488625367032619   -0.0163809250851569   0
0.29254437747118   0.0339895215449757   -0.00182109154140686   0
0.304265040892394   0.0267908843943074   0.0117206634212141   0
0.304091700689529   -0.0263671158628258   -0.000173340202864802   0
0.308157352709213   0.0230011081409677   0.00406565201968362   0
0.311389943427048   -0.00726185065241036   0.00323259071783527   0
0.312348477915693   -0.0154301034654554   0.000958534488644969   0
0.311038183836406   0.0291523133197751   -0.00131029407928662   0
0.322890250540722   0.058111731022165   0.0118520667043155   0
0.322826506985176   0.01815562930128   -6.3743555545448e-05   0
0.315576185599056   -0.0442449637586305   -0.00725032138611992   0
0.325532933171131   -0.00363820520769975   0.00995674757207465   0
0.349571951658382   0.0543994590783397   0.0240390184872508   0
0.35754096686289   0.0322822456149411   0.00796901520450799   0
0.351118674480225   -0.0405728280218619   -0.00642229238266501   0
0.366599322183293   0.012979089563078   0.0154806477030685   0
0.365207651638763   -0.0389760738842535   -0.00139167054453027   0
0.378623463932837   0.0548605416276038   0.0134158122940737   0
0.387731331430348   0.0189343003755305   0.00910786749751091   0
0.343856606173711   -0.0658907671011673   -0.0438747252566367   0
0.392111557049139   0.211596562552081   0.0482549508754279   0
0.357871178283471   -0.12062506352452   -0.0342403787656675   0
0.359707431019641   -0.0413162373676987   0.00183625273617011   0
0.352573770575039   0.00927384897976102   -0.00713366044460262   0
0.346801145018294   0.0268691722711613   -0.00577262555674429   0
0.339372323770295   -0.0113785574578381   -0.00742882124799932   0
0.351833836658873   0.0424146316409859   0.0124615128885779   0
0.356237047257511   0.019333254715987   0.00440321059863785   0
0.350544001608215   -0.0349041631925872   -0.00569304564929612   0
0.354030931286378   -0.00672459774432199   0.00348692967816311   0
0.319661364356877   -0.0985576194674539   -0.0343695669295009   0
0.311151254829544   0.0137831693553205   -0.00851010952733261   0
0.329333768967365   0.0266545591559761   0.0181825141378211   0
0.316308227743921   -0.0200010261340831   -0.0130255412234447   0
0.320005589645322   0.0237120477955344   0.00369736190140102   0
0.303942265530709   -0.0221750034222299   -0.0160633241146126   0
0.320041722612068   0.0419020362965223   0.0160994570813592   0
0.338905658007505   0.0222915940071259   0.0188639353954369   0
0.340974747872185   -0.000216914727606765   0.00206908986467974   0
0.339431614665237   0.00709200876239102   -0.00154313320694771   0
0.340947047724423   -0.0277723621012987   0.00151543305918589   0
0.346796294973058   0.00703234200104574   0.00584924724863461   0
0.351545011178867   0.139342056649852   0.00474871620580974   0
0.321879533374289   -0.0429370039232385   -0.0296654778045785   0
0.322781222180365   -0.0419435554085528   0.000901688806075829   0
