0.0192838924777884   0.00364508957141316   0   0   0
0.033027978068174   0.00519315   0.0137440855903856   0.00154806042858684   0
0.063519462434927   0.01688185   0.030491484366753   0.0116887   0
0.104246267641646   0.0254539361445337   0.0407268052067185   0.00857208614453372   0
0.0634558681991106   0.0118921737168001   -0.0407903994425349   -0.0135617624277337   0
0.0650581341658651   0.0107308866070109   0.00160226596675446   -0.00116128710978919   0
0.076094706369306   0.00814454681159271   0.0110365722034409   -0.00258633979541815   0
0.110986699250856   0.0262517443348366   0.0348919928815502   0.0181071975232439   0
0.101682850569848   0.0313026510589343   -0.00930384868100836   0.0050509067240977   0
0.0970438331400301   0.0181187205306756   -0.00463901742981772   -0.0131839305282587   0
0.108975341767392   0.0262395440874761   0.0119315086273624   0.00812082355680047   0
0.114936287286202   0.0281351320578045   0.00596094551880968   0.00189558797032847   0
0.143520529672419   0.0293071112358029   0.0285842423862165   0.00117197917799838   0
0.0938573612524132   0.0283663238795094   -0.0496631684200054   -0.000940787356293514   0
0.112156828847173   0.0229564528251454   0.0182994675947596   -0.00540987105436402   0
0.122071492699975   0.0264301253528526   0.00991466385280201   0.00347367252770719   0
0.154279471382845   0.0261279317699589   0.0322079786828699   -0.000302193582893719   0
0.145797917004188   0.0227634632381279   -0.00848155437865705   -0.00336446853183096   0
0.151592598050169   0.0253748454865246   0.00579468104598099   0.00261138224839675   0
0.170967865283772   0.0333967212362606   0.0193752672336033   0.00802187574973596   0
0.179230654745108   0.0436174710420607   0.00826278946133568   0.0102207498058001   0
0.137628873203985   0.0466931462731149   -0.041601781541123   0.0030756752310542   0
0.159139729486574   0.0386560229994305   0.0215108562825895   -0.00803712327368435   0
0.160037692060464   0.0369176123768439   0.00089796257389016   -0.00173841062258658   0
0.196552049507249   0.0566258097124668   0.0365143574467846   0.0197081973356229   0
0.150146701630272   0.0556243294798688   -0.0464053478769766   -0.00100148023259802   0
0.155901291473163   0.0426947996604753   0.00575458984289032   -0.0129295298193934   0
0.189205130870307   0.0512086281469002   0.0333038393971444   0.00851382848642487   0
0.18165820879107   0.049331931631196   -0.00754692207923693   -0.00187669651570417   0
0.153865000827024   0.0538239843297112   -0.0277932079640464   0.00449205269851519   0
0.155285959951148   0.0515951758494862   0.00142095912412452   -0.00222880848022507   0
0.174415102018403   0.0594077717005107   0.019129142067255   0.00781259585102453   0
0.209324969366676   0.0907731362453259   0.0349098673482732   0.0313653645448152   0
0.195293844557375   0.079709877261761   -0.0140311248093018   -0.0110632589835649   0
0.127862894239142   0.0883848523804984   -0.0674309503182327   0.00867497511873747   0
0.152994369025955   0.0927922142667826   0.0251314747868127   0.0044073618862842   0
0.156254262385703   0.103754448572447   0.00325989335974794   0.0109622343056641   0
0.191832201141545   0.105790220420285   0.0355779387558419   0.00203577184783832   0
0.188417006307255   0.103799277870814   -0.00341519483428968   -0.00199094254947087   0
0.122265576923188   0.101012396286249   -0.0661514293840669   -0.00278688158456547   0
0.157118238829684   0.0948672267532497   0.034852661906496   -0.00614516953299901   0
0.168383273952789   0.104447904436781   0.0112650351231051   0.00958067768353159   0
0.197827282830655   0.0997038274949568   0.0294440088778661   -0.00474407694182452   0
0.189222881722481   0.102383817749482   -0.00860440110817418   0.00267999025452562   0
0.185001757513708   0.106744404266664   -0.00422112420877269   0.00436058651718162   0
0.212053798450192   0.108571583630824   0.0270520409364834   0.00182717936415992   0
0.212839434118986   0.106828496060988   0.000785635668793916   -0.00174308756983609   0
0.250219489938654   0.111075584431571   0.0373800558196681   0.00424708837058287   0
0.265728167750832   0.102812957185476   0.0155086778121786   -0.00826262724609482   0
0.236096277591207   0.105290179062449   -0.0296318901596249   0.00247722187697273   0
0.222283191801462   0.109580039828486   -0.0138130857897451   0.004289860766037   0
0.245231485030542   0.123909667207567   0.0229482932290798   0.0143296273790813   0
0.245241257025812   0.126407839392243   9.77199527005257e-06   0.00249817218467563   0
0.246956160063423   0.124262033656473   0.00171490303761079   -0.00214580573576932   0
0.28713085847877   0.132859717152501   0.0401746984153475   0.00859768349602748   0
0.298221303386076   0.14496393412795   0.0110904449073058   0.0121042169754488   0
0.251449113970242   0.160812287035452   -0.0467721894158336   0.0158483529075021   0
0.274951715024711   0.161331138600287   0.0235026010544681   0.000518851564835277   0
0.2865284598231   0.154393594400448   0.011576744798389   -0.00693754419983908   0
0.282666044438044   0.171218083965224   -0.00386241538505605   0.0168244895647761   0
0.308033533760947   0.169955032853966   0.0253674893229033   -0.00126305111125846   0
0.328796463030322   0.164468527514575   0.0207629292693752   -0.00548650533939055   0
0.309934370611554   0.16877693341841   -0.0188620924187681   0.0043084059038353   0
0.291386362031204   0.157599483438367   -0.0185480085803504   -0.0111774499800436   0
0.342866767863904   0.178715846628866   0.0514804058327002   0.0211163631904998   0
0.370335443482232   0.186756279671588   0.0274686756183284   0.0080404330427219   0
0.398874355036069   0.183091196771691   0.0285389115538368   -0.00366508289989748   0
0.369517305615975   0.160984135823511   -0.0293570494200938   -0.0221070609481802   0
0.347832430466085   0.191830594694258   -0.0216848751498898   0.030846458870747   0
0.383673982323042   0.213905266598914   0.0358415518569563   0.0220746719046566   0
0.412710549838358   0.224375987131533   0.0290365675153166   0.0104707205326192   0
0.43071730958313   0.218115852708492   0.0180067597447719   -0.00626013442304149   0
0.445560011405972   0.22745505548515   0.0148427018228419   0.00933920277665781   0
0.455196827913772   0.208374010643728   0.00963681650779979   -0.0190810448414216   0
0.407654583713332   0.206099214848098   -0.0475422442004399   -0.00227479579562995   0
0.404019117589589   0.215165100905822   -0.00363546612374266   0.00906588605772374   0
0.450222531417276   0.227047218579093   0.0462034138276866   0.0118821176732713   0
0.462023076041544   0.237018949322855   0.0118005446242678   0.00997173074376165   0
0.494009681729174   0.23719997452835   0.0319866056876306   0.000181025205495455   0
0.454924060786644   0.226980784791907   -0.0390856209425304   -0.0102191897364433   0
0.442341581611869   0.238295782957861   -0.0125824791747745   0.011314998165954   0
0.455226592721625   0.244788504504399   0.0128850111097554   0.00649272154653766   0
0.483824298979134   0.246629967341258   0.028597706257509   0.00184146283685938   0
0.492692289822603   0.244617654752779   0.00886799084346945   -0.00201231258847859   0
0.490972649685807   0.229056680676421   -0.00171964013679587   -0.0155609740763582   0
0.453285883809809   0.232523793041701   -0.0376867658759979   0.00346711236528022   0
0.479422828659514   0.251324228673341   0.0261369448497049   0.01880043563164   0
0.511751436852121   0.255757880407916   0.0323286081926062   0.00443365173457483   0
0.549506440583402   0.245588951502811   0.0377550037312815   -0.0101689289051054   0
0.540091730522038   0.240441199376277   -0.00941471006136385   -0.00514775212653407   0
0.508017777032074   0.253255404847557   -0.0320739534899642   0.0128142054712801   0
0.500774321627108   0.258350750756602   -0.00724345540496618   0.00509534590904531   0
0.521553543679429   0.267287693883389   0.0207792220523212   0.00893694312678628   0
0.539946450782159   0.262971342960122   0.0183929071027297   -0.00431635092326677   0
0.557565666249824   0.249598099524516   0.0176192154676652   -0.0133732434356061   0
0.495120978060807   0.251728220959133   -0.0624446881890169   0.00213012143461719   0
0.504771887936521   0.267145328537671   0.00965090987571438   0.0154171075785378   0
0.527874094811954   0.258519727180538   0.0231022068754329   -0.0086256013571322   0
0.55378212917829   0.256114557085789   0.0259080343663357   -0.00240517009474922   0
0.563046345827242   0.261797282385628   0.00926421664895194   0.00568272529983832   0
0.539096346810373   0.257923044769656   -0.0239499990168687   -0.0038742376159715   0
0.494613216352182   0.267517090058747   -0.0444831304581915   0.00959404528909141   0
0.537002041417433   0.285333416955498   0.042388825065251   0.0178163268967504   0
0.549907624950555   0.296152495003419   0.0129055835331222   0.0108190780479209   0
0.577777938533733   0.292796413176886   0.027870313583178   -0.00335608182653241   0
0.528642569601579   0.300733424019928   -0.0491353689321541   0.00793701084304188   0
0.532725170605369   0.30188070215981   0.00408260100379065   0.00114727813988186   0
0.570741125497935   0.320986117745378   0.0380159548925659   0.0191054155855683   0
0.601113261294583   0.326354979641034   0.0303721357966481   0.00536886189565594   0
0.601780512394544   0.32420785419041   0.000667251099960575   -0.00214712545062473   0
0.570304755470932   0.315893798900042   -0.0314757569236116   -0.00831405529036799   0
0.57163629670111   0.333903863618707   0.00133154123017798   0.0180100647186652   0
0.620265228638725   0.357560606762686   0.0486289319376149   0.0236567431439789   0
0.641459534881048   0.367452021404836   0.0211943062423223   0.00989141464215021   0
0.641602467787718   0.361708821981853   0.000142932906670667   -0.00574319942298268   0
0.583248782853046   0.343995692150716   -0.058353684934672   -0.0177131298311375   0
0.58566802554028   0.355834769570794   0.00241924268723359   0.0118390774200782   0
0.625734076648252   0.388394768941344   0.0400660511079717   0.0325599993705501   0
0.637384914152351   0.374226582952761   0.0116508375040997   -0.0141681859885826   0
0.620324751787876   0.348708915999075   -0.0170601623644751   -0.0255176669536863   0
0.600431882518916   0.369693988890136   -0.0198928692689597   0.0209850728910609   0
0.633477495319952   0.395197913256447   0.0330456128010357   0.0255039243663107   0
0.671739769490574   0.376746650114835   0.0382622741706222   -0.0184512631416116   0
0.642749986136048   0.377483099000803   -0.0289897833545263   0.000736448885967855   0
0.627275778396145   0.397731360609457   -0.0154742077399028   0.0202482616086542   0
0.655200228975845   0.408133570152285   0.0279244505797002   0.0104022095428277   0
0.671854608462493   0.403664211380263   0.0166543794866477   -0.00446935877202143   0
0.628031279168482   0.377828534396887   -0.0438233292940109   -0.025835676983376   0
0.587964618398931   0.392267010190125   -0.0400666607695517   0.014438475793238   0
0.604025987650565   0.404994012162217   0.0160613692516341   0.0127270019720916   0
0.647423707952342   0.413656578037265   0.0433977203017778   0.00866256587504816   0
0.663434991400032   0.412138935265767   0.0160112834476891   -0.0015176427714983   0
0.646745893695167   0.40935820614286   -0.0166890977048648   -0.00278072912290728   0
0.620355726743971   0.416667183887212   -0.0263901669511961   0.00730897774435268   0
0.665379377150968   0.427213935832505   0.0450236504069973   0.0105467519452931   0
0.683893296757096   0.41353217721418   0.0185139196061285   -0.0136817586183253   0
0.655992591391427   0.401136718493209   -0.0279007053656692   -0.0123954587209711   0
0.618945474052675   0.414189370167198   -0.0370471173387527   0.0130526516739888   0
0.645727003375428   0.426561444320452   0.0267815293227535   0.0123720741532541   0
0.669102270278804   0.41839473630353   0.0233752669033763   -0.00816670801692237   0
0.671223691803448   0.422816773302574   0.00212142152464367   0.00442203699904414   0
0.622719483551494   0.431083898894693   -0.0485042082519537   0.00826712559211945   0
0.642470794082198   0.431042482180411   0.0197513105307037   -4.14167142820387e-05   0
0.682019446746938   0.440901221382125   0.0395486526647405   0.00985873920171426   0
0.702684108898223   0.423537416483479   0.0206646621512847   -0.0173638048986463   0
0.651011250331582   0.4168862020351   -0.0516728585666409   -0.00665121444837941   0
0.642952860656277   0.42085381575881   -0.00805838967530526   0.00396761372370985   0
0.663212147056649   0.431261648756297   0.0202592864003719   0.0104078329974879   0
0.68706681225712   0.418463986828915   0.0238546652004706   -0.0127976619273829   0
0.672900874339371   0.427034283128709   -0.0141659379177486   0.008570296299794   0
0.671324740745677   0.420536031721718   -0.00157613359369424   -0.00649825140699034   0
0.670795497076419   0.43066451907198   -0.000529243669257662   0.0101284873502619   0
0.699959532333984   0.438877258948331   0.0291640352575652   0.00821273987635046   0
0.679010734065493   0.422988141335251   -0.0209487982684909   -0.0158891176130799   0
0.606918364857655   0.425656657880504   -0.072092369207838   0.00266851654525285   0
0.633177493175176   0.432775743245275   0.0262591283175208   0.00711908536477124   0
0.665384346629555   0.452849249446767   0.0322068534543792   0.020073506201492   0
0.68684614737393   0.445176845184304   0.0214618007443744   -0.00767240426246257   0
0.674810913512815   0.432744717872443   -0.0120352338611146   -0.0124321273118616   0
0.614817867574097   0.4378541783979   -0.059993045938718   0.00510946052545735   0
0.639422661738236   0.448370850051885   0.0246047941641386   0.010516671653985   0
0.680937017718239   0.446272039366685   0.0415143559800037   -0.00209881068520001   0
0.697145666755349   0.434410420864302   0.0162086490371094   -0.011861618502383   0
0.629266441901847   0.43672433688226   -0.0678792248535023   0.00231391601795838   0
0.662712607205786   0.460232260720063   0.0334461653039392   0.0235079238378026   0
0.699415799579256   0.45823766298014   0.0367031923734703   -0.00199459773992333   0
0.699447566719365   0.444801243945259   3.17671401086628e-05   -0.0134364190348805   0
0.626024789614788   0.454780097910243   -0.0734227771045762   0.00997885396498355   0
0.648914400486875   0.48080163039579   0.0228896108720863   0.0260215324855474   0
0.695488534987429   0.470734387986208   0.0465741345005541   -0.0100672424095819   0
0.698978724869656   0.467772040793911   0.00349018988222682   -0.00296234719229754   0
0.648830348337137   0.466219653528516   -0.050148376532519   -0.0015523872653942   0
0.670539050259424   0.47747726898487   0.0217087019222871   0.0112576154563536   0
0.697608891654944   0.477480029411964   0.0270698413955206   2.76042709390634e-06   0
0.676593495080473   0.472715666790831   -0.0210153965744716   -0.00476436262113294   0
0.63848811696698   0.476226466370255   -0.0381053781134928   0.00351079957942435   0
0.670430585793108   0.495520790503537   0.0319424688261281   0.0192943241332814   0
0.693868561766247   0.484168904810604   0.0234379759731388   -0.0113518856929326   0
0.66686694038994   0.492002949166466   -0.0270016213763066   0.0078340443558616   0
0.66804935353928   0.488835948027045   0.00118241314933976   -0.0031670011394207   0
0.701649864545701   0.483781199911954   0.0336005110064206   -0.0050547481150911   0
0.665503771244762   0.480157572124506   -0.036146093300939   -0.00362362778744829   0
0.606906429699373   0.477291132501694   -0.0585973415453886   -0.00286643962281141   0
0.626496354891902   0.489834626875745   0.0195899251925289   0.0125434943740503   0
0.692913270481494   0.495389600534266   0.0664169155895921   0.0055549736585217   0
0.667647299895753   0.48841854817001   -0.0252659705857408   -0.00697105236425671   0
0.641262566008067   0.491439184388313   -0.0263847338876867   0.00302063621830312   0
0.693577307680982   0.496577314939225   0.0523147416729158   0.005138130550912   0
0.69504508137628   0.499173849326565   0.00146777369529782   0.00259653438733998   0
0.644013654607696   0.499014491500247   -0.0510314267685846   -0.000159357826317763   0
0.6783040014293   0.49228799762969   0.0342903468216046   -0.00672649387055657   0
0.710336597999322   0.486907744192367   0.0320325965700216   -0.00538025343732296   0
0.616818420478904   0.478983222885207   -0.0935181775204176   -0.00792452130716026   0
0.614382178820122   0.497702047876538   -0.00243624165878231   0.0187188249913312   0
0.667130447598886   0.496611703239563   0.0527482687787643   -0.00109034463697505   0
0.66567958824125   0.488869930727489   -0.00145085935763622   -0.0077417725120742   0
0.618635851899969   0.482551896401568   -0.0470437363412811   -0.00631803432592065   0
0.658046068519682   0.501852095626291   0.0394102166197133   0.0193001992247226   0
0.708688429389079   0.507717916542985   0.0506423608693972   0.0058658209166943   0
0.635307154887303   0.506010919024975   -0.0733812745017759   -0.00170699751801018   0
0.646684294401093   0.492741543087753   0.01137713951379   -0.0132693759372222   0
0.690600183094126   0.503417303700171   0.0439158886930323   0.0106757606124178   0
0.682529174559894   0.502863355579078   -0.00807100853423193   -0.000553948121092995   0
0.625259975001351   0.499203011127237   -0.0572691995585429   -0.00366034445184099   0
0.660252916514391   0.512064143793285   0.0349929415130404   0.0128611326660481   0
0.689530178803655   0.49579189124193   0.0292772622892634   -0.0162722525513546   0
0.629334891763431   0.493312280812317   -0.0601952870402233   -0.00247961042961359   0
0.634490089512043   0.504372510058538   0.00515519774861128   0.0110602292462212   0
0.68098564493564   0.516691097661601   0.0464955554235976   0.012318587603063   0
0.677340890323949   0.519810485639959   -0.00364475461169145   0.00311938797835809   0
0.657657143949254   0.53821092257915   -0.0196837463746949   0.0184004369391912   0
0.672493331103766   0.533746900130343   0.0148361871545124   -0.00446402244880761   0
0.692863068693201   0.519704490447456   0.0203697375894351   -0.0140424096828865   0
0.603394278094315   0.50900518639843   -0.089468790598886   -0.0106993040490266   0
0.605394578668954   0.510377491064702   0.0020003005746384   0.00137230466627258   0
0.640628377635342   0.507080682837061   0.0352337989663879   -0.00329680822764111   0
0.604705609532349   0.495021233857195   -0.0359227681029926   -0.0120594489798658   0
0.548606051694985   0.48111056424849   -0.0560995578373646   -0.0139106696087056   0
0.55840154016017   0.497614393292889   0.00979548846518552   0.0165038290443993   0
0.627057713202549   0.517453814283458   0.0686561730423787   0.0198394209905696   0
0.636072342700766   0.520554660730744   0.00901462949821674   0.00310084644728548   0
0.622836892228816   0.526264153585203   -0.0132354504719493   0.00570949285445876   0
0.643277695508254   0.54685706949874   0.0204408032794378   0.0205929159135375   0
0.665933035876551   0.542397353472987   0.0226553403682972   -0.00445971602575357   0
0.686070132289032   0.534844058517294   0.0201370964124808   -0.00755329495569312   0
0.602316049569294   0.523242662466947   -0.0837540827197382   -0.0116013960503462   0
0.614892200148156   0.543322790863314   0.0125761505788622   0.0200801283963662   0
0.655608046096607   0.547598456146016   0.0407158459484505   0.00427566528270218   0
0.659840169997409   0.539371999480183   0.00423212390080285   -0.00822645666583321   0
0.600006578571644   0.550092449239898   -0.0598335914257657   0.0107204497597155   0
0.612463593629858   0.550545603155179   0.0124570150582145   0.000453153915281113   0
0.657162818475186   0.560300545961272   0.0446992248453276   0.00975494280609324   0
0.685833569963041   0.555722404698155   0.0286707514878556   -0.0045781412631174   0
0.640084758759213   0.5442520911246   -0.0457488112038282   -0.0114703135735549   0
0.598279737381478   0.561094299148771   -0.0418050213777353   0.0168422080241704   0
0.641355658260914   0.56872279492759   0.043075920879436   0.00762849577881985   0
0.657684161935682   0.545411256927743   0.0163285036747679   -0.0233115379998479   0
0.611162640058078   0.531829881840284   -0.0465215218776035   -0.0135813750874589   0
0.5818358565608   0.558736329605924   -0.0293267834972779   0.0269064477656407   0
0.631049809626982   0.560947377382674   0.0492139530661815   0.00221104777674963   0
0.638790658958003   0.557381266403438   0.00774084933102148   -0.0035661109792362   0
0.590643887307877   0.553512536714617   -0.0481467716501263   -0.0038687296888209   0
0.584784757604206   0.561301385772385   -0.00585912970367097   0.00778884905776844   0
0.636219832001927   0.555065216268098   0.0514350743977207   -0.00623616950428751   0
0.578711579659721   0.550053540205633   -0.0575082523422054   -0.00501167606246455   0
0.58447492634812   0.572295843979318   0.0057633466883984   0.0222423037736849   0
0.606824358932838   0.57252678575788   0.0223494325847184   0.000230941778562421   0
0.599365223553427   0.57466673412705   -0.00745913537941079   0.00213994836916997   0
0.583730118836573   0.587926289204905   -0.015635104716854   0.0132595550778549   0
0.586781901239302   0.585320121771625   0.00305178240272863   -0.00260616743328024   0
0.605406644974235   0.571648550569753   0.0186247437349335   -0.0136715712018717   0
0.554718800531774   0.573798600365363   -0.0506878444424615   0.00215004979561007   0
0.546288421932957   0.573386977604567   -0.00843037859881723   -0.000411622760796648   0
0.585320867266194   0.565611067270832   0.0390324453332378   -0.00777591033373448   0
0.542876355602351   0.541690301907834   -0.0424445116638437   -0.0239207653629987   0
0.524511565400764   0.560025335444969   -0.0183647902015868   0.0183350335371354   0
0.553655019126793   0.558480412496266   0.0291434537260293   -0.00154492294870257   0
0.591845262284695   0.568991724162355   0.0381902431579021   0.010511311666089   0
0.558583568670696   0.552021054251557   -0.0332616936139997   -0.0169706699107988   0
0.511459520730908   0.561091350723302   -0.0471240479397879   0.00907029647174573   0
0.531499823370394   0.572681129675145   0.0200403026394861   0.0115897789518423   0
0.555955027013202   0.567984760702257   0.0244552036428078   -0.00469636897288772   0
0.526151486562416   0.55996248782597   -0.029803540450786   -0.00802227287628665   0
0.506621126882565   0.583226584363444   -0.0195303596798508   0.0232640965374741   0
0.52234244026868   0.602597594329748   0.0157213133861154   0.0193710099663039   0
0.569759708782957   0.591238868257577   0.0474172685142767   -0.0113587260721718   0
0.517198386225141   0.59861491517377   -0.0525613225578162   0.00737604691619353   0
0.52566209655542   0.618754982403778   0.00846371033027937   0.0201400672300082   0
0.557572975395374   0.624137399441021   0.0319108788399535   0.0053824170372424   0
0.581613735179113   0.601330092894285   0.0240407597837397   -0.0228073065467352   0
0.529259812494998   0.606133547343735   -0.0523539226841159   0.00480345444944963   0
0.5334658804002   0.618135559572696   0.00420606790520206   0.0120020122289609   0
0.599767101362687   0.620768938147883   0.0663012209624876   0.00263337857518686   0
0.585948512028455   0.611658984614998   -0.0138185893342325   -0.00910995353288513   0
0.554625562329478   0.620634060687939   -0.0313229496989763   0.00897507607294112   0
0.571956460246722   0.640104058225106   0.0173308979172436   0.0194699975371673   0
0.599203815813117   0.639506509351938   0.0272473555663952   -0.000597548873168319   0
0.575833901554163   0.628517216443193   -0.0233699142589537   -0.0109892929087445   0
0.567623177089775   0.638275199388947   -0.00821072446438864   0.00975798294575358   0
0.58365383461946   0.648610247564938   0.0160306575296852   0.0103350481759911   0
0.625019801220729   0.648412564889053   0.0413659666012692   -0.000197682675885047   0
0.56724728519227   0.637049199386123   -0.0577725160284598   -0.01136336550293   0
0.565631601253855   0.6565333812907   -0.0016156839384146   0.0194841819045773   0
0.5829757328886   0.662561126637196   0.0173441316347448   0.00602774534649542   0
0.619180994757591   0.664404737879894   0.0362052618689913   0.00184361124269794   0
0.577594752305628   0.639528364274408   -0.0415862424519627   -0.0248763736054854   0
0.547277530741031   0.647696281292011   -0.0303172215645975   0.00816791701760311   0
0.577665545597104   0.663174895302514   0.0303880148560733   0.0154786140105024   0
0.619696817609224   0.648871715575968   0.0420312720121199   -0.0143031797265456   0
0.606544871478607   0.635013064566982   -0.0131519461306169   -0.0138586510089861   0
0.551094016342947   0.648899468613976   -0.0554508551356604   0.0138864040469938   0
0.571073776492145   0.65477202675626   0.0199797601491979   0.00587255814228393   0
0.568447570955317   0.625242782521518   -0.0026262055368278   -0.0295292442347419   0
0.565882184871551   0.610951814664217   -0.002565386083766   -0.0142909678573006   0
0.505136914375697   0.619031023654308   -0.0607452704958541   0.0080792089900904   0
0.537190408021215   0.616846434166155   0.0320534936455187   -0.00218458948815303   0
0.59080731958482   0.619064493854033   0.0536169115636049   0.00221805968787836   0
0.601299040592117   0.617555707289634   0.0104917210072963   -0.00150878656439901   0
0.533878366151879   0.623226791407029   -0.0674206744402375   0.0056710841173947   0
0.569464684315015   0.644167613675587   0.0355863181631361   0.0209408222685581   0
0.630863817790337   0.647016467542558   0.0613991334753221   0.00284885386697131   0
0.59072418986698   0.649077770347475   -0.0401396279233572   0.00206130280491745   0
0.565567521502075   0.660004061539397   -0.0251566683649053   0.0109262911919213   0
0.582916936066366   0.6769779878879   0.0173494145642913   0.0169739263485035   0
0.598300039219454   0.681721890495677   0.0153831031530876   0.00474390260777668   0
0.580011758566152   0.702925532725907   -0.018288280653302   0.0212036422302302   0
0.554474672959911   0.709227950739041   -0.0255370856062409   0.00630241801313414   0
0.588167616848293   0.710822437172252   0.0336929438883818   0.00159448643321058   0
0.58990746762183   0.678446764039928   0.001739850773537   -0.0323756731323236   0
0.548588500567593   0.700930996265146   -0.0413189670542367   0.0224842322252178   0
0.545834738606842   0.70486030618485   -0.00275376196075061   0.00392930991970353   0
0.55269490458299   0.700027800625982   0.00686016597614725   -0.00483250555886727   0
0.560848860677277   0.672148999875772   0.0081539560942876   -0.0278788007502108   0
0.522897170047802   0.679706720270956   -0.0379516906294752   0.00755772039518476   0
0.518623160749691   0.694695615893752   -0.00427400929811084   0.014988895622796   0
0.56212086880759   0.717270643570124   0.0434977080578991   0.0225750276763718   0
0.576480664364383   0.699014390972926   0.0143597955567923   -0.0182562525971987   0
0.543142173086384   0.700298562150459   -0.0333384912779983   0.00128417117753321   0
0.514254090187915   0.710208591368409   -0.0288880828984696   0.00991002921795048   0
0.5306679731593   0.722027392996623   0.0164138829713856   0.0118188016282139   0
0.571958386957478   0.696514134219472   0.0412904137981775   -0.0255132587771516   0
0.528295016889238   0.695334227945274   -0.0436633700682402   -0.00117990627419773   0
0.515596619532169   0.704938649790533   -0.012698397357069   0.00960442184525934   0
0.538097553417594   0.72388986467038   0.022500933885425   0.0189512148798464   0
0.57423212494426   0.703461873826507   0.0361345715266661   -0.0204279908438728   0
0.554222821122516   0.706544963436864   -0.020009303821744   0.00308308961035764   0
0.517406756308806   0.719557567295522   -0.0368160648137098   0.0130126038586579   0
0.550399208470543   0.733572566479452   0.0329924521617369   0.0140149991839298   0
0.592287516789777   0.72559324444657   0.041888308319234   -0.00797932203288199   0
0.568578564159783   0.714740283884468   -0.0237089526299941   -0.0108529605621019   0
0.540834509166159   0.71775302723813   -0.0277440549936239   0.00301274335366208   0
0.566448395274451   0.735029618272114   0.0256138861082917   0.0172765910339839   0
0.606463034880115   0.751352249565741   0.0400146396056648   0.0163226312936272   0
0.579008490890246   0.719031042636721   -0.0274545439898695   -0.0323212069290203   0
0.528395661536883   0.746976949477024   -0.0506128293533631   0.0279459068403027   0
0.555170692346957   0.747587209781575   0.0267750308100746   0.000610260304550803   0
0.624334199352398   0.751461391273031   0.0691635070054407   0.00387418149145691   0
0.626846749260934   0.760173795088334   0.00251254990853567   0.00871240381530236   0
0.562817035643912   0.764497924531519   -0.0640297136170223   0.00432412944318505   0
0.582346008768842   0.759230378998364   0.0195289731249304   -0.00526754553315445   0
0.623467079050691   0.785747754212508   0.0411210702818486   0.0265173752141438   0
0.621537074931174   0.760147792936512   -0.00193000411951638   -0.0255999612759965   0
0.58305919932542   0.771721695620254   -0.038477875605754   0.0115739026837424   0
0.588601028821731   0.786340608691456   0.00554182949631055   0.0146189130712021   0
0.639799513938546   0.7907192262537   0.0511984851168155   0.00437861756224367   0
0.605402601211789   0.775598762186512   -0.0343969127267576   -0.0151204640671875   0
0.570183585070633   0.784062336969453   -0.0352190161411553   0.00846357478294069   0
0.56936578552017   0.772579005963953   -0.000817799550463461   -0.0114833310054998   0
0.615653896609938   0.76792797533395   0.046288111089768   -0.00465103063000305   0
0.594509845808293   0.754894901110247   -0.0211440508016452   -0.013033074223703   0
0.556391181695936   0.772544544816673   -0.0381186641123566   0.0176496437064255   0
0.570979755274213   0.772772908615623   0.0145885735782768   0.000228363798950415   0
0.613779679332902   0.762136538401092   0.042799924058689   -0.0106363702145307   0
0.607046133275717   0.745726592907884   -0.00673354605718446   -0.0164099454932087   0
0.531342897177519   0.75285731275322   -0.0757032360981981   0.00713071984533642   0
0.572973926081283   0.774018887052506   0.041631028903764   0.0211615742992859   0
0.598656193377301   0.761812848473462   0.0256822672960173   -0.0122060385790439   0
0.583912059787259   0.75866929231138   -0.0147441335900412   -0.00314355616208217   0
0.532960433176798   0.767460570121358   -0.0509516266104617   0.00879127780997813   0
0.54453299554297   0.744450202030498   0.0115725623661721   -0.0230103680908595   0
0.544096681148672   0.743245149244178   -0.000436314394297477   -0.00120505278632066   0
0.567877373891582   0.719332695863326   0.0237806927429099   -0.023912453380852   0
0.480994745395415   0.699661415787129   -0.0868826284961674   -0.0196712800761967   0
0.49060247183565   0.71031957109406   0.00960772644023533   0.0106581553069313   0
0.536486320058583   0.726476636490293   0.0458838482229325   0.0161570653962331   0
0.502650043841637   0.677848252227776   -0.0338362762169454   -0.0486283842625179   0
0.487624383636627   0.689143454443268   -0.0150256602050108   0.011295202215492   0
0.529725936500187   0.700407900810128   0.0421015528635603   0.0112644463668604   0
0.554566933393076   0.671283001770863   0.0248409968928889   -0.0291248990392653   0
0.511913422985762   0.664148027202709   -0.0426535104073135   -0.00713497456815393   0
0.514988813837738   0.674873337341534   0.0030753908519755   0.0107253101388253   0
0.56160537188403   0.683169441187543   0.0466165580462925   0.00829610384600921   0
0.58120447759545   0.6336978624098   0.0195991057114198   -0.0494715787777431   0
0.548519442180494   0.654627160673158   -0.0326850354149564   0.0209292982633574   0
0.58357934991396   0.677653960292604   0.0350599077334662   0.0230267996194463   0
