0.057410135505414   0   0   0
0.0845395886004894   0.0100544024495019   0.0271294530950754   0
0.0497407044119049   0.000904151540261564   -0.0347988841885845   0
0.0546749921405115   0.025931429515994   0.00493428772860661   0
0.0787409857390832   -0.0313291984181852   0.0240659935985716   0
0.0768306424447466   0.010061503597049   -0.00191034329433656   0
0.0747806361414003   0.0573170663692169   -0.00205000630334636   0
0.0766222806658253   -0.0633689595061996   0.00184164452442499   0
0.0693400507073654   0.00898259881744416   -0.0072822299584599   0
0.0698370255680502   -0.0155744974275242   0.000496974860684854   0
0.0719723739298192   -0.0021723922645636   0.00213534836176903   0
0.0709552600021485   -0.0101403387631624   -0.0010171139276707   0
0.0721261155451339   0.00552207204127711   0.00117085554298532   0
0.0673654503170208   -0.00446392109641083   -0.00476066522811305   0
0.0752625414486018   0.00932833530735618   0.00789709113158098   0
0.0759251540030378   -0.0178362565410446   0.000662612554435976   0
0.0806873784354616   -0.00824143738089614   0.00476222443242388   0
0.0648156102149205   -0.0213848475073485   -0.0158717682205412   0
0.0478807255388063   0.0219283383255499   -0.0169348846761141   0
0.0281442243899725   0.000955511956550567   -0.0197365011488338   0
0.0539036459747622   -0.0123758303448972   0.0257594215847897   0
0.0304860971812153   0.162999925238342   -0.023417548793547   0
0.0709798273973424   -0.0901320538402617   0.0404937302161272   0
0.0531537493965619   0.0126769842262291   -0.0178260780007806   0
0.0164859741252413   -0.038595994318287   -0.0366677752713206   0
0.0388208665652455   -0.00474699442270017   0.0223348924400043   0
0.0489170181177522   -0.00247159517484563   0.0100961515525067   0
0.0523845864535791   0.00207324865009802   0.00346756833582685   0
0.034088185796695   0.0109192164359156   -0.0182964006568841   0
0.0293468869497686   0.0456234439597836   -0.0047412988469264   0
0.0378161213298641   -0.00100671258197038   0.00846923438009543   0
0.0558999844989469   0.0178641750785525   0.0180838631690828   0
0.0572999530035584   0.0190826198817456   0.00139996850461152   0
0.0537200550283542   -0.0153908976144967   -0.00357989797520422   0
0.0635670049023076   0.0219777147427388   0.00984694987395344   0
0.0700127146935469   0.00848066418845542   0.0064457097912393   0
0.0850830754304432   0.0439594522027578   0.0150703607368963   0
0.0883395724212435   0.0183488528488097   0.00325649699080026   0
0.0902188772365296   -0.025695908907314   0.0018793048152861   0
0.112396717393848   0.0283245284386963   0.0221778401573183   0
0.10360696788017   -0.0135884007310463   -0.00878974951367824   0
0.103797794452495   0.00666633249556342   0.000190826572325858   0
0.0956526908446516   0.0533430209167845   -0.00814510360784386   0
0.104034918716422   -0.0865609461761641   0.00838222787177036   0
0.104427156774004   0.0266592710881346   0.000392238057582456   0
0.127803437958628   -0.0494855545925562   0.023376281184624   0
0.131482622091058   0.0331463805857723   0.00367918413242965   0
0.1334084426333   -0.0685180771234606   0.00192582054224189   0
0.134469531266092   0.0964390146222359   0.001061088632792   0
0.119397742598952   -0.0673823966418197   -0.01507178866714   0
0.118862238662622   0.102786848316405   -0.000535503936330478   0
0.118270006140875   -0.0901188985457841   -0.000592232521746991   0
0.130129800854608   -0.0354591564333669   0.0118597947137337   0
0.120583898301556   -0.00493825605235418   -0.00954590255305229   0
0.108650875806963   0.0228769953309689   -0.0119330224945934   0
0.122981544329312   0.0258679304584366   0.0143306685223493   0
0.121186088969485   -0.0888078484473112   -0.00179545535982661   0
0.112099713352733   0.0215334004754629   -0.00908637561675184   0
0.104911575681142   0.0452132651291844   -0.00718813767159135   0
0.107269959331364   -0.0165390345853974   0.00235838365022201   0
0.105233594961507   0.00823704298880665   -0.00203636436985713   0
0.102000299390798   -0.0271963315044591   -0.00323329557070859   0
0.113236652352982   0.0612561356009978   0.0112363529621832   0
0.127637932710225   -0.0498360835640122   0.0144012803572438   0
0.14988118335359   0.0215190867484871   0.0222432506433648   0
0.136343319511592   -0.0141395673376218   -0.0135378638419983   0
0.157129920384502   0.0191192407554868   0.0207866008729105   0
0.150207022015459   -0.0156406838456662   -0.00692289836904347   0
0.168410863272949   0.00246649783987027   0.0182038412574904   0
0.173250958115937   -0.0412927263110844   0.00484009484298734   0
0.184529207861086   0.0498353690091065   0.0112782497451498   0
0.189918181630071   -0.0211918747018124   0.00538897376898431   0
0.165504703897812   0.00872767035373659   -0.0244134777322584   0
0.157127396389476   -0.0504277518272513   -0.0083773075083359   0
0.144092529867723   0.00747956818289108   -0.0130348665217534   0
0.109672329694313   0.0288562934142024   -0.0344202001734098   0
0.120036382646113   0.0955118688704419   0.0103640529518   0
0.128080686990711   -0.01107775684918   0.00804430434459788   0
0.0993216021189148   -0.046310865163202   -0.0287590848717962   0
0.106525478182135   0.0136078306261486   0.00720387606322011   0
0.0956172217072584   -0.0129093321751403   -0.0109082564748766   0
0.100534896606077   0.012090827028382   0.00491767489881831   0
0.0963116308272429   -0.0250404548797273   -0.00422326577883375   0
0.0956140172800777   0.0205044726292559   -0.000697613547165188   0
0.108519013219676   -0.0210099425148651   0.0129049959395983   0
0.0997939565389628   0.00975968919802769   -0.00872505668071322   0
0.106684483647026   -0.0454678231660325   0.0068905271080629   0
0.105303591528554   0.0233673296216202   -0.00138089211847195   0
0.107635447290222   -0.0184041434300377   0.00233185576166796   0
0.0973251514570787   0.0128235347421544   -0.0103102958331431   0
0.0969149680922752   -0.0231341502732056   -0.000410183364803446   0
0.097086870635349   0.0224381602684035   0.00017190254307381   0
0.0968149036921429   -0.0408268898065067   -0.000271966943206151   0
0.111372464322706   0.00970971821645331   0.0145575606305635   0
0.12026304215001   -0.0141310897237557   0.00889057782730328   0
0.112097657054351   0.00415449275936478   -0.00816538509565817   0
0.125929917981799   0.0369859148282603   0.013832260927447   0
0.111983745569145   0.00140245498624778   -0.0139461724126535   0
0.110817810287979   0.0265127339134805   -0.00116593528116606   0
0.114988934264617   -0.0234331301164704   0.00417112397663844   0
0.110790308367835   0.026238361406941   -0.00419862589678227   0
0.0982132124832118   -0.0334565480284721   -0.0125770958846234   0
0.117542732640379   0.00254221450025824   0.0193295201571669   0
0.0988513726878514   -0.00997018869954525   -0.0186913599525273   0
0.109393382601611   0.0452502863783797   0.0105420099137598   0
0.112396572532362   -0.0317133250449792   0.00300318993075072   0
0.121477459767193   0.0294545157975108   0.00908088723483105   0
0.127661415754967   -0.0423659530734352   0.00618395598777385   0
0.119072833053724   0.00652726291321698   -0.00858858270124298   0
0.118593124532042   -0.0170264236674765   -0.000479708521681568   0
0.104343632955119   0.0155944215648419   -0.0142494915769238   0
0.109496234490153   0.00238066014255256   0.00515260153503412   0
0.117850928627111   0.0318015583016728   0.00835469413695869   0
0.200557319055856   0.000187179441945212   0.0827063904287449   0
0.190551240650048   0.0202872007509113   -0.0100060784058082   0
0.175036343218409   -0.0323746830389501   -0.0155148974316394   0
0.192733998278878   -0.000632144524030265   0.0176976550604693   0
0.192668804869911   -0.0283298465487927   -6.51934089664075e-05   0
0.199225022787525   0.0250546272410326   0.0065562179176139   0
0.191255238598247   -0.00995346658714247   -0.00796978418927807   0
0.207038131620506   0.0230466758620501   0.0157828930222588   0
0.192272927140205   -0.0350912237001308   -0.0147652044803013   0
0.196868516791798   0.000519591695419847   0.00459558965159332   0
0.21218388966006   0.0302672367655751   0.0153153728682618   0
0.251599852223546   0.0900961697034059   0.0394159625634857   0
0.192588496765124   -0.0868215809228538   -0.0590113554584221   0
0.177843021136683   0.0181027199417157   -0.014745475628441   0
0.210666950480189   -0.0467102767807954   0.0328239293435067   0
0.216525915409732   0.0264375559343939   0.00585896492954296   0
0.239873648819844   0.0381975212103531   0.0233477334101122   0
0.24036021072953   0.0157505780528413   0.00048656190968574   0
0.236843787157812   0.00619471924440551   -0.003516423571718   0
0.225302560883448   -0.0287094497632943   -0.0115412262743637   0
0.245976958238617   -0.00117330483785852   0.0206743973551689   0
0.238097585338881   -0.0207991295624035   -0.0078793728997365   0
0.243332263878983   0.031974227265763   0.00523467854010215   0
0.217936688382856   -0.0272977412700066   -0.0253955754961269   0
0.229659663053489   0.0099426709158979   0.0117229746706332   0
0.250130235648477   0.00539850157619748   0.0204705725949874   0
0.236482235759308   0.00353654655915797   -0.0136479998891685   0
0.245359118999631   0.00712757404608405   0.00887688324032243   0
0.245712875358224   0.0108443995624749   0.000353756358593305   0
0.256355482889   0.0247341014159649   0.0106426075307763   0
0.251550698130695   0.00506736481089221   -0.00480478475830531   0
0.274196482083943   0.01936263708933   0.022645783953248   0
0.27003132341908   -0.00247070282379797   -0.00416515866486245   0
0.259439278042647   0.00749159581953412   -0.0105920453764333   0
0.245912552359594   -0.0419031867367837   -0.0135267256830533   0
0.243181083935146   0.00582912021731702   -0.00273146842444794   0
0.248180965586047   0.00386399933686749   0.00499988165090079   0
0.220657306783035   -0.0158647825766883   -0.0275236588030116   0
0.21702803829543   -0.00549965656755011   -0.00362926848760547   0
0.206641513469608   -0.0133687269639042   -0.0103865248258221   0
0.248867902922836   0.0604687480867037   0.0422263894532282   0
0.271491184278993   0.00921768228564535   0.0226232813561569   0
0.239148091241912   -0.0463588670816453   -0.0323430930370805   0
0.238021084536922   0.00249741775322565   -0.00112700670499044   0
0.221428275625314   -0.0083595034217529   -0.0165928089116079   0
0.230401820826491   0.014982047420943   0.00897354520117713   0
0.238454633466856   -0.0011586338732627   0.00805281264036461   0
0.215345128833252   -0.00668098635875852   -0.0231095046336035   0
0.240970381989592   0.00646769181076373   0.02562525315634   0
0.265829896772772   0.00697245566811266   0.0248595147831795   0
0.264577369223806   0.00875537256778386   -0.00125252754896615   0
0.280381755398261   0.0192011999477841   0.0158043861744549   0
0.280775429562863   0.00754066301957373   0.000393674164602009   0
0.290934027005196   6.89329510737968e-05   0.0101585974423333   0
0.282531874449809   0.00193223775596191   -0.00840215255538707   0
0.288820279484423   0.0147185989965516   0.00628840503461386   0
0.272132124114873   -0.0147827427592263   -0.0166881553695499   0
0.257575802910158   -0.0249541909707021   -0.0145563212047149   0
0.213605964518807   0.03035177421464   -0.0439698383913505   0
0.220431578975291   -0.0732733777578173   0.00682561445648372   0
0.240079342933664   0.0194628603246777   0.0196477639583732   0
0.235757301184841   -0.0318927185041756   -0.00432204174882292   0
0.242132349674636   -0.00659433506109791   0.00637504848979417   0
0.247777160858749   -0.015232225682396   0.0056448111841137   0
0.265072331734307   0.0248109919553993   0.0172951708755578   0
0.264143421053715   0.0187836964403763   -0.000928910680592421   0
0.283994881356971   -0.0160051759986478   0.0198514603032564   0
0.284121629819431   0.0297467681713769   0.000126748462460358   0
0.295579064785482   -0.0151902832473806   0.0114574349660503   0
0.298018852165782   0.011937888874333   0.00243978738029993   0
0.301007161107439   -0.00253763599214979   0.0029883089416578   0
0.300972409085123   0.0164214804194591   -3.47520223166198e-05   0
