0.106045895886922   0   0   0
0.101522518448138   -0.0086019938707413   -0.00452337743878459   0
0.0920630674554813   0.0143616162271897   -0.00945945099265659   0
0.0870484190063352   -0.0134241263122377   -0.00501464844914609   0
0.0752624013295483   0.0160506962322668   -0.0117860176767869   0
0.0565077716691474   -0.0174532783927047   -0.0187546296604009   0
0.0614032176162211   -0.00199007401545739   0.00489544594707364   0
0.0571602365530445   0.00644960014998974   -0.00424298106317659   0
0.0458592549011102   0.0333150776131425   -0.0113009816519343   0
0.0306146949370315   -0.035972245247323   -0.0152445599640787   0
0.0308498996452582   0.0168825308582182   0.000235204708226706   0
0.0540203089931231   -0.00310858521076136   0.023170409347865   0
0.0386049606118501   0.00362853017448879   -0.015415348381273   0
0.0286743739191024   0.0121357405817553   -0.00993058669274773   0
0.0434332310372484   -0.0224144214636666   0.014758857118146   0
0.0416093820141864   0.0118760238847895   -0.001823849023062   0
0.0502125698717214   -0.00588343396889496   0.00860318785753495   0
0.0316433475172113   0.002228407472307   -0.0185692223545101   0
0.0460386854134922   -0.0244248964087077   0.0143953378962809   0
0.045443756488158   0.042217011139808   -0.00059492892533422   0
0.063254542313181   -0.0557419294778531   0.017810785825023   0
0.0621728251303373   -0.00560129420804874   -0.00108171718284367   0
0.035446132612247   0.0507785044384549   -0.0267266925180903   0
0.036991139811886   -0.0279355012136852   0.00154500719963904   0
0.124756053032438   0.0530585491638512   0.087764913220552   0
0.167903621926902   -0.0247817231268796   0.0431475688944639   0
0.129296352530592   -0.0138583425043925   -0.0386072693963104   0
0.12385917146971   0.0197981976144716   -0.00543718106088152   0
0.133114953726202   -0.00810681921728608   0.00925578225649244   0
0.122032523962005   0.0167807751631701   -0.0110824297641978   0
0.130088111597034   0.00818877893396065   0.00805558763502985   0
0.119443121888107   -0.0158641326794243   -0.0106449897089273   0
0.115724102528136   0.0194266063933026   -0.00371901935997131   0
0.116048521030752   -0.0115960430859503   0.000324418502616636   0
0.109689293493668   0.00580745459847538   -0.00635922753708465   0
0.105224706646455   -0.00344007166741767   -0.00446458684721289   0
0.115253778519166   -0.00365239746856991   0.0100290718727112   0
0.121523455408658   0.00768343215702272   0.0062696768894915   0
0.126657153170725   0.0148120772143411   0.00513369776206739   0
0.134015325309123   -0.0332459790430311   0.00735817213839776   0
0.114381482844515   0.00073263540791639   -0.0196338424646081   0
0.109076157711986   0.00124975128428767   -0.00530532513252883   0
0.125774347467329   0.0124892738684425   0.0166981897553436   0
0.11138239600893   -0.00613999821399848   -0.0143919514583999   0
0.125836012673082   0.0172157914041125   0.0144536166641522   0
0.138371251628942   -0.0242408716828631   0.0125352389558603   0
0.120867807177728   0.00376495873526257   -0.0175034444512138   0
0.118974017388556   -0.00248619564892039   -0.00189378978917193   0
0.131338228386712   0.0159888705226116   0.0123642109981552   0
0.123436907906266   -0.0182004546978655   -0.00790132048044553   0
0.11982635096185   0.00124946170785827   -0.00361055694441582   0
0.119445952752887   -0.00574835211911168   -0.000380398208962837   0
0.125766423481369   -0.00435215606667273   0.00632047072848146   0
0.122957686501546   -0.00755703636283007   -0.00280873697982267   0
0.129671300574992   0.012207817878771   0.00671361407344614   0
0.129394095557728   0.015367704186495   -0.000277205017264109   0
0.115808616991666   -0.0219482081545606   -0.0135854785660617   0
0.123955581166037   0.0173043265441147   0.00814696417437058   0
0.122060408962161   -0.00173900976497167   -0.00189517220387601   0
0.112597740324795   -0.0133277231629573   -0.00946266863736589   0
0.110232040053573   0.00716160120731621   -0.00236570027122225   0
0.112795377654062   -0.0109804956289637   0.00256333760048924   0
0.124139867102082   0.0260732170606695   0.0113444894480195   0
0.118228993855663   -0.0180827912755911   -0.00591087324641826   0
0.114410713869473   0.0123455006983272   -0.00381827998619007   0
0.108094481664757   -0.0267869275405929   -0.00631623220471629   0
0.104312366808171   0.00648921159047189   -0.00378211485658564   0
0.109973290555309   0.00702391283993649   0.00566092374713795   0
0.125663506444035   0.0143397749743874   0.0156902158887255   0
0.11567382945296   -0.019920176694398   -0.00998967699107478   0
0.11902818282408   0.0240939169054296   0.00335435337111945   0
0.124999574500836   -0.00954241879991595   0.00597139167675627   0
0.124724913116075   0.00279673217193782   -0.000274661384760649   0
0.132267586780067   0.0213769251053827   0.00754267366399163   0
0.139926625631972   0.00572861523435467   0.00765903885190508   0
0.131665327570511   -0.00946357559164179   -0.00826129806146073   0
0.142043877789576   0.0244290619281805   0.0103785502190649   0
0.144336938031295   0.00141210539056885   0.00229306024171938   0
0.150727909330854   0.00732902275346892   0.00639097129955812   0
0.15307502046219   0.00965303985787799   0.00234711113133684   0
0.144682117206136   -0.00175083985872856   -0.0083929032560546   0
0.152687363372022   -0.00799844847617812   0.00800524616588663   0
0.144124681590281   0.010592599992752   -0.00856268178174099   0
0.146630108038902   0.000111829787353135   0.00250542644862037   0
0.146350830812469   0.010102694179871   -0.000279277226432506   0
0.152485877652653   -0.00886829429627092   0.00613504684018421   0
0.148272402185977   0.00515089609366184   -0.00421347546667686   0
0.15429989299494   0.00566959190432886   0.00602749080896361   0
0.15622799325745   -0.00483595718691446   0.00192810026251028   0
0.153633231780269   0.0113620952343376   -0.00259476147718102   0
0.152530737113049   -0.000725047137345003   -0.0011024946672207   0
0.146669693514032   -0.00499984392529412   -0.00586104359901704   0
0.140956647602197   0.00929612349713183   -0.00571304591183455   0
0.140811114958159   -0.00598081169855025   -0.000145532644037716   0
0.14466473223616   0.00802715948646712   0.00385361727800101   0
0.143085505547592   -0.00833093028100568   -0.00157922668856841   0
0.148625095011744   0.0104877771479832   0.00553958946415217   0
0.197003865356749   0.0393958065969385   0.0483787703450045   0
0.196517325334816   -0.0118242569392225   -0.000486540021932519   0
0.190823154869895   0.00246765095431312   -0.00569417046492107   0
0.198535669314735   0.00118124629726665   0.00771251444484033   0
0.185414259937585   0.0120814370590955   -0.0131214093771501   0
0.194245433138723   0.0103017723388696   0.0088311732011373   0
0.200885936531505   -0.0156249938664727   0.00664050339278263   0
0.226026570787728   0.0407145402130701   0.025140634256223   0
0.208314118981143   -0.0141533556440216   -0.0177124518065849   0
0.214753161193636   0.007396252545121   0.00643904221249297   0
0.204574014143024   -0.00974480896647967   -0.0101791470506129   0
0.217321656290998   0.00378563952598115   0.0127476421479741   0
0.208262867411596   -0.00887796060034091   -0.0090587888794017   0
0.21090675682218   0.00321412626375583   0.00264388941058366   0
0.230404098422581   0.0130317199145352   0.0194973416004016   0
0.228229892252992   0.00776279804142377   -0.00217420616958888   0
0.222282399185591   -0.0209296628951471   -0.00594749306740117   0
0.221159822031399   0.017580875307605   -0.00112257715419234   0
0.21173112701313   -0.00577497604775079   -0.00942869501826926   0
0.195507144942813   -0.0171585253860398   -0.0162239820703168   0
0.214090094381104   -0.00690890865150742   0.0185829494382912   0
0.216111636958633   0.0100556309507769   0.00202154257752907   0
0.204165692444887   0.0115005405152268   -0.0119459445137465   0
0.220025063497667   -0.0045986426854322   0.0158593710527807   0
0.213811337944226   0.021446099833365   -0.00621372555344132   0
0.211824833543874   -0.0181051800905863   -0.00198650440035175   0
0.212631064866378   0.00303588466125354   0.000806231322504153   0
0.231895950419041   0.00278896288248592   0.0192648855526625   0
0.231114490721487   -0.0117054472293744   -0.000781459697553388   0
0.232910332427117   0.0046916871358309   0.00179584170562924   0
0.227271823508789   0.000493594158621546   -0.00563850891832796   0
0.224472814229947   -0.000632448554306941   -0.00279900927884125   0
0.232115456824126   0.0114835424962773   0.0076426425941781   0
0.224777316059272   -0.013419122190666   -0.00733814076485328   0
0.219392974880402   -0.0243384826798685   -0.00538434117887074   0
0.218267259926717   0.0135802592196247   -0.00112571495368413   0
0.224604764879132   5.78257022930129e-05   0.0063375049524142   0
0.226465238105763   -0.00468622457410839   0.00186047322663177   0
0.233921205663061   0.00370801055753811   0.00745596755729747   0
0.235958601938582   0.000210394925473534   0.00203739627552074   0
0.232542094942548   -0.00529670140097552   -0.00341650699603355   0
0.232371446163159   -0.00470382631647562   -0.00017064877938866   0
0.224868363859815   -0.0086233167444385   -0.00750308230334473   0
0.239383908116105   0.0190920096450431   0.0145155442562908   0
0.232287707407888   -0.00597757683471267   -0.00709620070821762   0
0.229877672880866   -0.0134806419586347   -0.00241003452702165   0
0.240426653965924   0.0288314307920484   0.0105489810850575   0
0.235954461245461   -0.00666671957281767   -0.00447219272046295   0
0.246017911430782   -0.00736905033787416   0.0100634501853216   0
0.252481403262047   0.00653082706579544   0.00646349183126491   0
0.249126812300227   0.000885779920765772   -0.00335459096182028   0
0.250387033643198   -0.011859215246964   0.00126022134297116   0
0.238218021125607   0.0153980917069019   -0.0121690125175914   0
0.249126812300227   -0.00226134919573395   0.0109087911746202   0
0.254666706988988   -0.00651658441836417   0.00553989468876076   0
0.259331003096472   0.011764306779569   0.00466429610748453   0
0.25353561861029   -0.00787147707134561   -0.00579538448618211   0
0.253848644553349   0.0074885566395253   0.00031302594305882   0
0.276779349812265   -0.0024551905469602   0.0229307052589158   0
0.255469193978961   -0.00455292486022496   -0.0213101558333038   0
0.25265853868599   -0.00722155148797721   -0.00281065529297081   0
0.264831543906329   0.0246559658951837   0.0121730052203391   0
0.271613444853274   -0.00394804443636448   0.0067819009469447   0
0.26976745377603   -0.015004901370463   -0.00184599107724398   0
0.267297155445718   0.00813827079872148   -0.00247029833031176   0
0.283637915468895   0.000597918626223826   0.0163407600231766   0
0.267337775462172   -0.0144700684316315   -0.0163001400067232   0
0.272051973919341   0.0107521411708088   0.00471419845716964   0
0.283530014145769   0.0130155801151894   0.0114780402264277   0
0.285090595340871   -0.0048074238962646   0.00156058119510238   0
0.301784638211656   0.00257139377576038   0.0166940428707844   0
0.295065413431497   0.00469002836744137   -0.00671922478015918   0
0.279355973253643   -0.0238149445385263   -0.0157094401778539   0
0.286405226057853   0.00200561006227185   0.00704925280421043   0
0.288969343294838   0.0005969774568515   0.00256411723698491   0
0.287159298310624   0.0207473148279313   -0.001810044984214   0
0.258823334926432   -0.028839982144447   -0.0283359633841921   0
0.261587653892534   -0.0124857705548347   0.00276431896610174   0
0.258052978611467   0.0298787960391221   -0.00353467528106721   0
0.268134586915512   0.00415115795920895   0.0100816083040459   0
0.279646994445229   -0.0174072755820383   0.0115124075297167   0
0.279673228181122   0.00494542127513026   2.62337358929998e-05   0
0.299698215914777   -0.00489045989581283   0.0200249877336544   0
0.298571833823119   0.00969864623503836   -0.00112638209165783   0
0.285053977158713   -0.009844513454218   -0.0135178566644058   0
0.286345095566957   0.00925268653243627   0.00129111840824458   0
0.303844672448358   0.00541054128691487   0.0174995768814006   0
0.29780751865047   -0.0120903556174622   -0.00603715379788811   0
