0.00486555   0   0   0
0.01600595   -0.0181540493765237   0.0111404   0
0.0322098751135812   0.0272108553140781   0.0162039251135812   0
0.046300593034323   -0.0158305878726904   0.0140907179207418   0
0.00888245369640373   0.0195460287973078   -0.0374181393379193   0
0.0259495   -0.011042925501998   0.0170670463035963   0
0.00443453   0.0139731277142521   -0.02151497   0
0.0318853987264939   0.00514810330173932   0.0274508687264939   0
0.0102562247816875   -0.0130073752511604   -0.0216291739448065   0
0.03201505   0.00503940765518256   0.0217588252183125   0
0.01610545   0.00588978680553261   -0.0159096   0
0.022933526120344   0.0327179345681841   0.00682807612034399   0
0.0288174395564995   -0.0231718149443072   0.00588391343615548   0
0.0111241   0.0138984258459651   -0.0176933395564995   0
0.0090147   -0.00354299249966575   -0.0021094   0
0.0177718782589236   0.0177152128520988   0.00875717825892356   0
0.0376832690219413   -0.0149028204522325   0.0199113907630177   0
0.0126293212946678   -0.0190155386043484   -0.0250539477272735   0
0.0304651914241631   0.0168661132584725   0.0178358701294953   0
0.0288557201616872   0.0090681537875336   -0.00160947126247591   0
0.0179514567228185   0.0171997058314724   -0.0109042634388687   0
0.0223769084846969   -0.00985515617735892   0.00442545176187842   0
0.025050481251735   -0.00979515740132904   0.00267357276703806   0
0.0431608340638246   0.0155233823275155   0.0181103528120896   0
0.0372050112698209   0.00685789920226729   -0.00595582279400367   0
0.0205554318680787   0.0178725572717031   -0.0166495794017422   0
0.0114088377301327   -0.0367307647006134   -0.00914659413794597   0
0.030357466375352   0.00760857477917552   0.0189486286452192   0
0.0476502040269042   0.00783186674706371   0.0172927376515523   0
0.021754170645074   0.0182056170037322   -0.0258960333818302   0
0.0187883780757095   0.000567230996991505   -0.00296579256936455   0
0.0342391550927078   -0.0322306288249706   0.0154507770169984   0
0.0373892927811011   0.016449099627728   0.00315013768839329   0
0.0591365392709482   0.00985527684167441   0.0217472464898471   0
0.026834417309223   0.0285446171894302   -0.0323021219617252   0
0.0119636723164556   -0.00413588363330733   -0.0148707449927674   0
0.0408374557366228   -0.021426406784804   0.0288737834201672   0
0.0566841025625351   0.00838178308163418   0.0158466468259123   0
0.0325850521379267   0.024398374439064   -0.0240990504246084   0
0.0115131931859422   -0.00901530312395277   -0.0210718589519845   0
0.0268679193312401   -0.0172675481200839   0.0153547261452979   0
0.0395342431159052   0.00126037249655608   0.0126663237846651   0
0.0432132704116745   0.00346330236646851   0.00367902729576924   0
0.0150103768621586   0.0298653368635209   -0.0282028935495159   0
0.0117232390886233   -0.0197981577517694   -0.00328713777353527   0
0.0314623666519367   -0.00770262342564473   0.0197391275633134   0
0.0424594696846372   -0.000472479152130986   0.0109971030327005   0
0.0321642519929735   0.0169262540538135   -0.0102952176916637   0
0.0138040956423637   0.0167225174688826   -0.0183601563506098   0
0.0139386321443148   -0.0329509032236203   0.000134536501951053   0
0.0375507859226342   0.012159260026748   0.0236121537783194   0
0.0429009634602185   -0.00244976316482123   0.00535017753758431   0
0.0343438418929799   0.022480400039695   -0.00855712156723859   0
0.030029325933244   0.0168656949511831   -0.00431451595973589   0
0.0261085753316798   -0.0365798198267475   -0.00392075060156417   0
0.0333088216006661   0.0151630490967174   0.00720024626898627   0
0.0347028501726083   0.00412629111448801   0.00139402857194221   0
0.0275941289086809   0.0201905824656529   -0.00710872126392739   0
0.0278615420752782   -0.021358724288645   0.000267413166597331   0
0.0266447484879291   -0.0278384114753354   -0.00121679358734915   0
0.0420692687156849   0.0222689514425552   0.0154245202277558   0
0.0335432863185019   0.00736983402641875   -0.00852598239718291   0
0.0231418417445004   0.0200335983904245   -0.0104014445740016   0
0.0201110106730741   -0.0358535063856347   -0.00303083107142628   0
0.0396039345532739   0.00973241275065828   0.0194929238801998   0
0.0655192035108982   0.00421532088421986   0.0259152689576244   0
0.0280315100808001   0.045485782697213   -0.0374876934300981   0
0.0502977769991378   -0.00741683184186689   0.0222662669183377   0
0.0341982650255828   -0.0221842452449158   -0.016099511973555   0
0.0310094962031391   0.0209365110153337   -0.00318876882244368   0
0.0329764008058414   0.00410930108149979   0.00196690460270232   0
0.0321848869945973   0.0199170157718702   -0.000791513811244121   0
0.0357531574714038   -0.0142461998189173   0.00356827047680652   0
0.0248451724609631   -0.0293177048794258   -0.0109079850104407   0
0.0292044593421964   0.0130292085587381   0.00435928688123324   0
0.0338667011808428   0.0176517600595896   0.00466224183864645   0
0.0363536366665359   0.00232972740876466   0.00248693548569305   0
0.0325118457144469   -0.00821632868338668   -0.00384179095208894   0
0.030188701995697   -0.00604468884491022   -0.00232314371874992   0
0.0413760401946283   0.0037307487584165   0.0111873381989313   0
0.0379555740582987   0.00508820718057729   -0.0034204661363296   0
0.0199944257395711   0.0272462703785439   -0.0179611483187276   0
0.0288385126397843   -0.0303522973710879   0.00884408690021318   0
0.037901571985737   0.00818014504421269   0.00906305934595263   0
0.048680427646129   -0.00427072732054939   0.010778855660392   0
0.036168149645268   0.029556069523299   -0.012512278000861   0
0.0280607480529297   0.00572536987465011   -0.00810740159233826   0
0.0381066588795843   -0.0419250401572752   0.0100459108266545   0
0.0555969491828688   0.0121402705148429   0.0174902903032845   0
0.0517153912066804   0.0155223972217101   -0.0038815579761884   0
0.0357227183247611   0.0123847436755399   -0.0159926728819193   0
0.0326647018934158   -0.0231631974875048   -0.00305801643134529   0
0.0525338950401072   -0.00783071943380295   0.0198691931466914   0
0.0516718976526409   0.0135006118253328   -0.000861997387466264   0
0.0375681311208716   0.0413169288847343   -0.0141037665317694   0
0.0463754448619636   -0.00370460627062424   0.008807313741092   0
0.0889535233838154   -0.0890355139463382   0.0425780785218519   0
0.0721986503835771   0.0101835937672086   -0.0167548730002383   0
0.0872831581118746   0.0232156020225776   0.0150845077282975   0
0.0978282936955363   0.00158497907276192   0.0105451355836617   0
0.076840763137234   0.036502359867734   -0.0209875305583023   0
0.0727303588069081   -0.0262166162620438   -0.00411040433032585   0
0.115021567757421   0.0143548913897693   0.0422912089505129   0
0.130891045866228   0.00560187147182764   0.015869478108807   0
0.100900843263148   0.0213663402671814   -0.0299902026030798   0
0.0616059305542494   0.00948169074926433   -0.0392949127088988   0
0.0805654310254249   -0.0384321509023862   0.0189595004711755   0
0.0844135108217429   0.0278807386427379   0.00384807979631795   0
0.104863744424253   0.00601988537658216   0.0204502336025099   0
0.0706100587278647   0.0248720442442648   -0.034253685696388   0
0.0795489128603276   -0.0333110301831403   0.00893885413246294   0
0.110905008810739   -0.0165437178556296   0.0313560959504109   0
0.109024279671663   0.0214908953452064   -0.00188072913907551   0
0.0688761802522469   0.0427860913412037   -0.0401480994194162   0
0.0734856698180673   -0.0304407317458205   0.00460948956582041   0
0.114604599808701   -0.0247114693236685   0.0411189299906337   0
0.129783136651762   0.00840199144884057   0.0151785368430613   0
0.109018840314989   0.0334073790098981   -0.0207642963367736   0
0.0821164166659901   -0.00905889553131034   -0.0269024236489986   0
0.104539014755844   -0.0365334434891161   0.0224225980898535   0
0.12723144405206   0.00853772247548529   0.0226924292962164   0
0.108126281456649   0.0195053153867147   -0.019105162595411   0
0.0832136405534273   0.0104553299470981   -0.0249126409032218   0
0.129025454094928   -0.0383190469719502   0.0458118135415012   0
0.131113598975488   0.00791151150338215   0.00208814488055917   0
0.104813658155438   0.0295244045878049   -0.0262999408200497   0
0.0803248096900329   0.0127630197582819   -0.024488848465405   0
0.108559361326235   -0.0465467797120521   0.0282345516362019   0
0.146137170064207   0.00821459459464907   0.0375778087379724   0
0.136133318502718   0.0280798902917314   -0.010003851561489   0
0.0933523294083763   0.0246828024170422   -0.0427809890943418   0
0.10694190402271   -0.0475580975357203   0.0135895746143336   0
0.147392302083428   0.0165839275197999   0.0404503980607181   0
0.163818385255364   0.00239050749930608   0.0164260831719364   0
0.117063540890674   0.0299778232064144   -0.0467548443646905   0
0.118769011635906   -0.0281690144537066   0.00170547074523213   0
0.154646740360167   -0.0133240561644828   0.0358777287242612   0
0.162233571992082   0.00772044058227522   0.00758683163191454   0
0.144963803690689   0.0294425924833154   -0.0172697683013932   0
0.146996011074672   -0.0222325906100947   0.00203220738398308   0
0.175677481003955   -0.0085774661676255   0.0286814699292834   0
0.190158003476412   0.00550475854108323   0.0144805224724566   0
0.139921364324332   0.0403359952975763   -0.0502366391520795   0
0.127060983637907   -0.0170165129694661   -0.0128603806864251   0
0.177022798083015   -0.0207118902905388   0.0499618144451082   0
0.194943214083749   0.0106487865293872   0.017920416000734   0
0.168487489303049   0.0312421562066919   -0.0264557247807004   0
0.142113566394996   -0.0209484430087237   -0.0263739229080526   0
0.166724209399692   -0.029041812591359   0.0246106430046962   0
0.193953776004735   0.0139983329142723   0.0272295666050427   0
0.181771395181097   0.00483520295181605   -0.0121823808236383   0
0.151336966590561   0.0268691236415863   -0.0304344285905362   0
0.164461975705822   -0.0295921387478416   0.0131250091152616   0
0.198206039190062   -0.00558549676472647   0.0337440634842399   0
0.20674374912449   0.0178054138175359   0.00853770993442762   0
0.177125640724437   0.0228228493931594   -0.0296181084000524   0
0.167637026728644   -0.0257861265247716   -0.00948861399579379   0
0.204852411140173   -0.00252772911225918   0.0372153844115294   0
0.198393481745016   0.0192047109867045   -0.00645892939515708   0
0.171050282237373   0.0140624247621319   -0.0273431995076429   0
0.174165710105147   -0.0370857928829987   0.00311542786777352   0
0.209967658340166   0.00424836272116202   0.0358019482350189   0
0.22822143371351   0.00889055754217472   0.0182537753733444   0
0.203117169579654   0.0257780989662522   -0.0251042641338557   0
0.167236884250515   -0.00530754753659635   -0.0358802853291397   0
0.212864398426845   -0.0274758657769056   0.0456275141763302   0
0.240764468701758   0.0253404254558506   0.0279000702749137   0
0.243413894363946   0.0274896281492229   0.00264942566218807   0
0.206364183755261   -0.0036630202408453   -0.0370497106086858   0
0.231229568869262   -0.0436876931792677   0.0248653851140018   0
0.267576487662519   0.0290331775333911   0.0363469187932561   0
0.286960912529586   0.00439955125748509   0.019384424867067   0
0.264459782559031   0.0190821419849072   -0.0225011299705545   0
0.282153049822295   -0.0370436132250671   0.0176932672632639   0
0.326796160345023   0.0045984873897213   0.0446431105227281   0
0.327326859982434   0.0177039043346032   0.000530699637411036   0
0.315303631772201   0.0418077420211698   -0.0120232282102326   0
0.290999570368416   -0.0327791275572319   -0.0243040614037859   0
0.32309529472442   -0.0187311983624098   0.0320957243560047   0
0.356874233174952   0.0102353883687532   0.0337789384505317   0
0.333895565201864   0.0305216685838455   -0.0229786679730875   0
0.307274614525822   -0.0117889257319282   -0.0266209506760425   0
0.335834323193059   -0.00178544500633998   0.028559708667237   0
0.353736704471574   0.00832758276340684   0.0179023812785155   0
0.343877074970199   0.0191152912358699   -0.0098596295013752   0
0.327590448751448   0.00861625765138657   -0.0162866262187514   0
0.351212459970443   -0.0461361018516397   0.0236220112189952   0
0.359727268067702   0.0210627401534628   0.00851480809725924   0
0.373172499393461   0.00667407078245696   0.0134452313257585   0
0.36010907533696   0.020443250796667   -0.0130634240565013   0
0.31973470928189   0.00350879050956099   -0.0403743660550691   0
0.341024897009734   -0.0532336780496476   0.0212901877278441   0
0.384463540251624   0.0136012560620548   0.04343864324189   0
0.383926632237385   0.0210936479868604   -0.000536908014239834   0
0.359031022721213   0.0266631082711282   -0.0248956095161719   0
0.344922540635749   -0.0179704007313032   -0.0141084820854636   0
0.368388866509847   -0.0122385187173151   0.023466325874098   0
0.397217740031425   0.012940526850612   0.0288288735215776   0
0.403556501215075   0.0259035217878569   0.00633876118364979   0
0.360258918609481   0.010946764037042   -0.0432975826055937   0
0.368416168339095   -0.0246942134300696   0.00815724972961374   0
0.400972384411087   0.021291334530477   0.0325562160719923   0
0.379022909173852   0.0172844622143822   -0.0219494752372348   0
0.359260232492785   9.97268201575752e-05   -0.0197626766810668   0
0.371076781536935   -0.0342571658960826   0.0118165490441496   0
0.410617597835273   0.0270458532974935   0.0395408162983383   0
0.428561140630296   0.00123335919768636   0.0179435427950226   0
0.419130918348399   0.0276911681237301   -0.00943022228189655   0
0.366683023258553   -0.000354815118299545   -0.0524478950898462   0
0.404155907784236   -0.0304172460600685   0.0374728845256831   0
0.439182440163413   0.0115857874136233   0.035026532379177   0
0.44808224412581   0.0245455652212491   0.00889980396239726   0
0.401471208845669   0.0182807637627307   -0.0466110352801417   0
0.406239206897426   -0.0454901735833334   0.00476799805175776   0
0.428667530306183   -0.0165238318654794   0.0224283234087568   0
0.465629369074686   0.0312009734411928   0.0369618387685027   0
0.480301716178706   0.00929203882546997   0.0146723471040197   0
0.441873525301712   0.00339417348827042   -0.038428190876994   0
0.465618761793511   -0.0173323563514769   0.0237452364917994   0
0.483713181479792   0.0102258954056732   0.0180944196862812   0
0.480207228096634   0.0390965668362208   -0.00350595338315851   0
0.444707012893211   -0.0081064197289345   -0.0355002152034231   0
0.470647829669924   -0.0263502618222965   0.0259408167767134   0
0.51518142115589   0.0134901411533586   0.0445335914859659   0
0.499569984673632   0.00565012739052578   -0.0156114364822585   0
0.442113310074883   0.0186450033158189   -0.0574566745987481   0
0.469524680262989   -0.0475316366664652   0.027411370188106   0
0.492127726649546   0.00643324249019578   0.0226030463865563   0
0.496581562202031   0.00756215440508962   0.00445383555248574   0
0.458856535143734   0.023390230361142   -0.0377250270582977   0
0.443864187623492   -0.0121694585892787   -0.0149923475202417   0
0.490623789996536   -0.0142328997125518   0.0467596023730439   0
0.489183078165294   0.0246675572160431   -0.00144071183124167   0
0.471695370622359   0.0214196680983149   -0.017487707542935   0
0.44733307019903   -0.0492549912942949   -0.0243623004233297   0
0.499663423307993   0.0144499724886382   0.0523303531089632   0
0.505859553726875   0.0237810764010584   0.00619613041888162   0
0.490538682892002   0.0255151220161606   -0.0153208708348727   0
0.445868494114234   7.58603219347398e-05   -0.0446701887777675   0
0.476554962524655   -0.0430748729261886   0.0306864684104203   0
0.544832634644631   0.0339172851017341   0.0682776721199764   0
0.545008989244253   0.0221726575611367   0.000176354599622175   0
0.473962625582274   0.000714604320339873   -0.0710463636619797   0
0.481011577403938   -0.0451101103868771   0.00704895182166482   0
0.523553208600156   0.015510603159243   0.0425416311962173   0
0.509038869642119   0.0263789958141775   -0.0145143389580367   0
0.48441316028876   0.0144340951841084   -0.0246257093533591   0
0.487838304816592   -0.0485109440825889   0.00342514452783227   0
0.538118704118162   0.0136526450322897   0.0502803993015703   0
0.55240090550107   0.00967118434194725   0.0142822013829078   0
0.534780389221524   0.037333200486881   -0.0176205162795461   0
0.493710492705708   0.074067287881812   -0.0410698965158164   0
0.501897976804908   0.0330106324605682   0.00818748409920039   0
0.545759877174891   0.0213469966189478   0.0438619003699833   0
0.542431332849977   0.0272266113979427   -0.00332854432491447   0
0.489656869827837   0.0179739969822387   -0.0527744630221403   0
0.501786054947071   -0.0461867396724768   0.0121291851192344   0
0.535372855806878   -7.99422892410195e-05   0.0335868008598073   0
0.549316295751676   0.0155001151850326   0.0139434399447975   0
0.531554410179099   0.0437935046301262   -0.0177618855725766   0
0.501972071247049   -0.0276027916843695   -0.0295823389320502   0
0.532380072886977   0.00703343024958125   0.0304080016399275   0
0.536594680705875   0.000294102044833933   0.00421460781889849   0
0.508450597048863   0.0114437752684914   -0.0281440836570123   0
0.472939288804137   -0.00794024923521686   -0.0355113082447261   0
0.488458237642042   -0.0411796841638128   0.0155189488379058   0
0.538348627921238   0.0143592717241514   0.0498903902791959   0
0.535830203898551   0.0421734280303163   -0.00251842402268765   0
0.484629628722935   0.00642716203084504   -0.0512005751756157   0
0.493851702568068   -0.0494218290824593   0.00922207384513341   0
0.538745137899917   0.0134635605408591   0.044893435331848   0
0.550769486366965   0.0199485815402745   0.012024348467048   0
0.519203965663507   0.00242867917239487   -0.0315655207034572   0
0.511337945661028   -0.033623853557466   -0.00786602000247982   0
0.549567907606651   0.0191164942956721   0.0382299619456234   0
0.539683281553989   0.0110766583979902   -0.00988462605266172   0
0.515491410722179   0.0232575236795137   -0.02419187083181   0
0.499599287947701   -0.0235936058426472   -0.0158921227744781   0
0.536913782945158   -0.00992750992706193   0.0373144949974566   0
0.56399770704924   0.0237745438687699   0.0270839241040819   0
0.547576245966662   0.0493493006166982   -0.0164214610825776   0
0.501775573109558   -0.029665430958971   -0.0458006728571045   0
0.547267467804731   -0.0270848903957185   0.0454918946951737   0
0.5770244110299   0.0150174017384527   0.0297569432251683   0
0.56225602184393   0.00848300103916044   -0.0147683891859691   0
0.517209903187889   0.0161188881276632   -0.0450461186560419   0
0.542909461786664   -0.0358946025697203   0.0256995585987753   0
0.590647930628325   0.0393090501938388   0.0477384688416611   0
0.600823661113644   0.0116826482169586   0.0101757304853187   0
0.540707001632743   0.00904280706088179   -0.0601166594809002   0
0.525391084109889   -0.044249956664722   -0.015315917522854   0
0.585167315603845   0.0146043905312075   0.0597762314939557   0
0.614482294121621   0.0058346434430141   0.0293149785177755   0
0.586248458585856   0.0163281089628097   -0.0282338355357643   0
0.541177945620596   -0.00888556739831015   -0.0450705129652602   0
0.577540518318639   -0.0236539973842678   0.0363625726980429   0
0.618878400472615   0.0352517196591965   0.041337882153976   0
0.613992694358105   0.0216847544603027   -0.00488570611451022   0
0.573490388088626   0.00881540219907573   -0.0405023062694793   0
0.578879252488844   -0.0437685240797204   0.00538886440021813   0
0.626392134430416   0.00755770460054905   0.0475128819415724   0
0.636761903619369   0.0303630480518216   0.0103697691889527   0
0.601296196153817   0.0201718421288417   -0.0354657074655514   0
0.584061577404806   -0.0487119324172418   -0.0172346187490113   0
0.619912538428801   0.00692820213928624   0.0358509610239951   0
0.652662978890662   0.0260375773615329   0.0327504404618606   0
0.630086662463522   0.0182279576672638   -0.0225763164271401   0
0.591738018392819   -0.0340365286756869   -0.0383486440707029   0
0.630717045932463   -0.00198483903516855   0.0389790275396441   0
0.663502385230905   0.0532764896078282   0.0327853392984419   0
0.644504893613772   0.0204706078016145   -0.0189974916171327   0
0.603594015535035   -0.0426130026915593   -0.0409108780787367   0
0.641705116798335   -0.00866811836767789   0.0381111012632999   0
0.660720918834054   0.0183133815131639   0.0190158020357184   0
0.655376294743571   0.0263461475604068   -0.0053446240904822   0
0.623566302826422   -0.00356465416999086   -0.0318099919171497   0
0.647371143810799   -0.0410796759887873   0.0238048409843776   0
0.683422959355414   0.0447717185852231   0.0360518155446151   0
0.670012898691184   0.0139406487291969   -0.0134100606642306   0
0.628809176837175   0.0118046251079912   -0.0412037218540093   0
0.622527561181979   -0.0537604386676781   -0.00628161565519592   0
0.672523354526452   0.0240142418299322   0.0499957933444738   0
0.6910494824199   0.0116387087904163   0.0185261278934481   0
0.687524832281375   0.0167197909506889   -0.00352465013852554   0
0.661157107757704   -0.0184447643733526   -0.0263677245236706   0
0.688368003518331   -0.0139170292132531   0.0272108957606263   0
0.695692678126358   0.0109097157313596   0.00732467460802788   0
0.679753644586428   0.0388871769069238   -0.0159390335399301   0
0.649509804168536   -0.0156158565060833   -0.0302438404178923   0
0.677509716935757   -0.038363165099413   0.0279999127672211   0
0.715541747653629   0.0352918357438546   0.0380320307178722   0
0.711237736498291   0.0152573933430102   -0.00430401115533841   0
0.671704566620335   0.0139609094699183   -0.0395331698779557   0
0.644585933625054   -0.0473109248701022   -0.0271186329952813   0
0.679309240438676   0.00857959014361331   0.0347233068136216   0
0.697651335643918   0.0296994282647829   0.0183420952052423   0
0.684936746648019   0.0362105289869565   -0.0127145889958991   0
0.651710055280049   -0.0185704224628289   -0.0332266913679696   0
0.683395368919963   -0.03012285941156   0.031685313639914   0
0.731099664667746   0.0227948444592434   0.0477042957477823   0
0.716190235048405   0.0211861565643917   -0.0149094296193403   0
0.671712839870878   -0.00168935235046319   -0.0444773951775271   0
0.690135855422978   -0.042039080683836   0.0184230155520995   0
0.757414307580548   0.0410392859193041   0.06727845215757   0
0.742313888371018   0.0226811621240482   -0.0151004192095296   0
0.697378619405121   0.0105603343637105   -0.0449352689658971   0
0.705773695745757   -0.0410934218664023   0.00839507634063641   0
0.734137153859829   0.00187166404763828   0.0283634581140717   0
0.7587270276532   0.0215537608545034   0.0245898737933712   0
0.724212927947543   0.0202175775745853   -0.0345140997056577   0
0.69884487490756   -0.0205734163576794   -0.0253680530399829   0
0.749975568791001   0.00296887882508756   0.0511306938834409   0
0.766875246903733   0.00971071012902236   0.0168996781127329   0
0.724794860496931   0.0359220607426777   -0.0420803864068028   0
0.697382273894306   -0.0393269286743505   -0.0274125866026249   0
0.746886248392418   -0.0218398951245152   0.0495039744981118   0
0.801453198837838   0.00676700915269102   0.0545669504454201   0
0.776797291800355   0.0433087160430253   -0.0246559070374832   0
0.718275328061409   -0.0171483102865719   -0.0585219637389452   0
0.760387938758118   -0.028240599264763   0.0421126106967091   0
0.772879274538723   0.0161535414050519   0.0124913357806044   0
0.748335746516201   0.0436422077533761   -0.0245435280225219   0
0.734629587141302   -0.0445311893849094   -0.0137061593748987   0
0.769581870354805   -0.0218515303517028   0.034952283213503   0
0.801534515629193   0.044764900061806   0.0319526452743878   0
0.764239718710681   0.0292659818024412   -0.0372947969185123   0
0.722572674030178   -0.0313687651062909   -0.0416670446805022   0
0.757215812071877   -0.0201217336091292   0.0346431380416989   0
0.776931004971645   0.0147597423844029   0.0197151928997675   0
0.779339245272843   0.0372860508164389   0.00240824030119857   0
0.741000885468643   -0.0517937568392908   -0.0383383598042008   0
0.785377499478609   0.0444283210154812   0.0443766140099661   0
0.818596384738604   0.0376739262547261   0.0332188852599953   0
0.797455899740739   0.00976889653992918   -0.0211404849978645   0
0.755008160360497   -0.0256207486070481   -0.0424477393802423   0
