0.0960289981010424   0   0   0
0.0721194567950286   -0.0110754845208617   -0.0239095413060137   0
0.0792793098679599   -0.0222359518946705   0.00715985307293122   0
0.104744747152602   -0.0692126462289184   0.025465437284642   0
0.0827068692491742   -0.0110217228017658   -0.0220378779034276   0
0.059219314827733   0.0348792037504661   -0.0234875544214413   0
0.0424291103911657   0.0252759546669364   -0.0167902044365673   0
0.0388230715236443   -0.035215789890523   -0.00360603886752142   0
0.0542524175065268   -0.0260538490129833   0.0154293459828826   0
0.0517255129536914   -0.0136205363743897   -0.0025269045528354   0
0.0380150151089343   0.0512559184668062   -0.0137104978447572   0
0.0343304697108851   -0.0210084160016022   -0.00368454539804914   0
0.0362630153017162   -0.00915574364955699   0.00193254559083104   0
0.0689893751368462   -0.0615393838718762   0.0327263598351301   0
0.0281463398920712   0.0750914076123431   -0.040843035244775   0
0.0382900426414623   -0.000422455833659685   0.0101437027493911   0
0.0287504062035756   -0.0318917968553229   -0.00953963643788667   0
0.0538785856635547   -0.0350415755164708   0.0251281794599791   0
0.0272212247198762   0.0647794749980777   -0.0266573609436785   0
0.0223914823031304   -0.0245370376709034   -0.00482974241674586   0
0.0318984276189674   -0.0317038144797564   0.00950694531583701   0
0.026773290757955   0.00873355024286693   -0.00512513686101233   0
0.0238151490147028   0.011233851289365   -0.00295814174325222   0
0.0543253772261638   0.00283094220207478   0.030510228211461   0
0.0535250475845421   -0.00525257970277392   -0.00080032964162171   0
0.0306928296304691   0.00524423066339778   -0.0228322179540731   0
0.0394287841119749   0.0181484184463503   0.00873595448150584   0
0.028340133421572   -0.000617456652245205   -0.0110886506904029   0
0.0255763305563098   -0.0191562539007933   -0.00276380286526219   0
0.025943193326285   -0.0130897051319879   0.000366862769975256   0
0.0508798285702939   0.0117630150561202   0.0249366352440089   0
0.0294185669198042   0.0456118690999846   -0.0214612616504897   0
0.0157562050724024   -0.0210491635820246   -0.0136623618474018   0
0.0463189849967635   0.01906521392772   0.030562779924361   0
0.0444575104275085   -0.0391055919729394   -0.00186147456925501   0
0.0549808285676471   0.0201846764686783   0.0105233181401386   0
0.051043823969017   0.0344540399212958   -0.00393700459863006   0
0.0547033379128961   0.0326160758737105   0.00365951394387908   0
0.0538566305943634   -0.0612725974173052   -0.000846707318532688   0
0.0509912533195645   -0.00393938552182646   -0.00286537727479892   0
0.0553009731586163   0.0179644279345052   0.00430971983905178   0
0.0508045344541039   0.0266984669827464   -0.00449643870451245   0
0.0603368330727227   -0.00525728346922996   0.00953229861861881   0
0.0642286962754967   -0.0387980743006894   0.00389186320277401   0
0.0530898313693169   -0.00458566074767225   -0.0111388649061798   0
0.0630053373405976   0.0601416420690567   0.00991550597128073   0
0.0662135628402709   0.000751063384307304   0.00320822549967328   0
0.0520202545314323   -0.0551614563722794   -0.0141933083088386   0
0.0638529372400215   0.0176470271779061   0.0118326827085892   0
0.0658877860970074   0.000532987169752863   0.00203484885698588   0
0.0609106839783878   0.0337216585173336   -0.0049771021186196   0
0.0660996269181084   -0.0226506148558724   0.00518894293972066   0
0.079269838754134   -0.0385590087310929   0.0131702118360255   0
0.0619753818370851   0.0325216375563478   -0.0172944569170489   0
0.0610665401054661   0.0366787357894325   -0.000908841731619016   0
0.0657889132445012   -0.0133946356906711   0.00472237313903508   0
0.074499818243134   -0.0556366393579828   0.00871090499863281   0
0.060778440159443   0.018841525500541   -0.0137213780836909   0
0.0599113552707039   0.0320318996355017   -0.000867084888739128   0
0.0760160689973015   -0.0151882089566514   0.0161047137265976   0
0.0653101436103918   -0.00563811179488721   -0.0107059253869097   0
0.0694336300098879   0.0103943729512184   0.00412348639949607   0
0.0761816869753486   0.0229701474705181   0.00674805696546074   0
0.0795820474301365   -0.00103118720388079   0.00340036045478792   0
0.0875250225730476   -0.0689356138653088   0.00794297514291112   0
0.0860360320237986   0.0614071791556364   -0.00148899054924903   0
0.0935551113815002   0.00776837098165761   0.00751907935770156   0
0.0921430711250716   0.0291477181896071   -0.00141204025642862   0
0.107647479230774   -0.0299141029011946   0.0155044081057028   0
0.109108722690856   -0.0507224773277944   0.00146124346008121   0
0.105753283131175   0.0236945314575985   -0.00335543955968041   0
0.101958285902193   0.039024241525443   -0.00379499722898266   0
0.110336407492427   -0.0248483081992464   0.00837812159023492   0
0.120884832173199   -0.0306116831139685   0.0105484246807716   0
0.113676919044611   0.00839117087335289   -0.00720791312858825   0
0.113935103628831   0.00920570481204083   0.000258184584220361   0
0.11209932037217   0.0618593713845848   -0.00183578325666074   0
0.127084950884487   -0.0530432285345617   0.0149856305123167   0
0.10998130917207   -0.00985766046407865   -0.0171036417124169   0
0.116833942862723   -0.0117447763843901   0.00685263369065268   0
0.109088927125877   0.0544908956523106   -0.00774501573684547   0
0.112506419919943   -0.00287078522727277   0.00341749279406534   0
0.108473394724524   -0.0331549965188307   -0.0040330251954183   0
0.111366812644679   0.0122557066458292   0.00289341792015436   0
0.11454035502574   0.065013369694664   0.00317354238106086   0
0.125230984758378   -0.0266810010950327   0.010690629732638   0
0.122988074875992   -0.038162256928098   -0.00224290988238614   0
0.106051406097114   0.0166241418597421   -0.0169366687788775   0
0.108291958922812   0.0730323006708231   0.00224055282569796   0
0.109316232237509   -0.0213338920658219   0.00102427331469698   0
0.123135269858355   0.0172554568943374   0.0138190376208464   0
0.118238325908237   -0.0427231291609601   -0.00489694395011825   0
0.0962703376584008   0.00496218390412656   -0.0219679882498363   0
0.111311617370002   0.0455122359249233   0.0150412797116007   0
0.114407986816098   0.00325253434081485   0.00309636944609666   0
0.119162374332935   -0.0133140889813818   0.00475438751683668   0
0.115695450551232   -0.045103686611548   -0.00346692378170317   0
0.126655356636672   0.0157500248027109   0.01095990608544   0
0.124338008501524   0.0387812406428871   -0.00231734813514792   0
0.12318995094199   -0.048126085163172   -0.00114805755953341   0
0.114824156139573   -0.010027327462801   -0.00836579480241754   0
0.121949224335264   0.063007240364958   0.007125068195691   0
0.120724867842638   -0.0159916908952652   -0.00122435649262548   0
0.122432691052931   0.0163993928579254   0.00170782321029284   0
0.128178772588327   -0.0287795535192132   0.00574608153539558   0
0.128993245618714   -0.0418528410306015   0.000814473030387675   0
0.122059433996865   0.0401033681251814   -0.00693381162184963   0
0.125641514231961   0.019728380445754   0.00358208023509594   0
0.125238977223956   -0.0260668025688799   -0.000402537008005049   0
0.130742647306914   -0.0120895591471326   0.00550367008295788   0
0.126136661356344   -0.00606447893652648   -0.00460598595056963   0
0.114418187686585   0.0215281470779643   -0.0117184736697594   0
0.112389471045167   0.0206189363214508   -0.00202871664141727   0
0.12385453793929   -0.0482053493756794   0.0114650668941226   0
0.124985947787301   -0.0242267550768453   0.00113140984801134   0
0.113901279615562   0.00482330285471819   -0.011084668171739   0
0.13001711690091   0.0174473982587941   0.0161158372853481   0
0.153323030963094   -0.0126299557700796   0.023305914062184   0
0.138871233107131   -0.0388930851013355   -0.0144517978559638   0
0.13807161931619   0.023133131984814   -0.000799613790940179   0
0.153337473503678   0.0643154928740869   0.0152658541874877   0
0.16403809234203   -0.0705616069907042   0.0107006188383523   0
0.154966959557489   0.000185825135744389   -0.00907113278454116   0
0.165841975643872   0.0130411711377067   0.0108750160863824   0
0.174314204119573   0.0439627539461741   0.00847222847570089   0
0.173862088444189   -0.00931676610087404   -0.00045211567538353   0
0.18509777347265   -0.0101971084091234   0.0112356850284611   0
0.176191815172953   -0.0295880498100549   -0.0089059582996972   0
0.16425000134363   0.015611890379108   -0.0119418138293228   0
0.166433027870026   0.0240517060420692   0.00218302652639632   0
0.190065714046563   -0.00668808637901899   0.0236326861765369   0
0.19369451633029   -0.0198937260093048   0.00362880228372667   0
0.186963683974409   0.00997171115448095   -0.00673083235588151   0
0.186602034022556   -0.00505198134244364   -0.000361649951852949   0
0.194674748648971   0.0272750246415398   0.00807271462641526   0
0.193480731940108   0.00305876880716063   -0.00119401670886271   0
0.2005970654255   0.0355392417182321   0.00711633348539228   0
0.19250678521123   -0.0393312441137274   -0.0080902802142708   0
0.164049948064705   -0.0202813507731607   -0.0284568371465243   0
0.190660588569039   0.065984508417934   0.026610640504334   0
0.195079854537475   -0.0241449390625499   0.00441926596843589   0
0.194563866088471   -0.00577549430410401   -0.000515988449004162   0
0.176321010361677   -0.0702011894592555   -0.0182428557267944   0
0.277701549546361   0.171429382511724   0.101380539184684   0
0.248330707233329   -0.0754706797300302   -0.0293708423130317   0
0.248612900633359   -0.00544656317780412   0.000282193400029801   0
0.239485640664268   -0.0440165752454732   -0.00912725996909095   0
0.232614009906804   0.000416834065290639   -0.00687163075746464   0
0.237559583454704   0.0176954816677351   0.00494557354790048   0
0.255818374878008   0.0111040555872266   0.0182587914233039   0
0.250373922437566   -0.0447488969417048   -0.00544445244044151   0
0.238734152733527   0.0462664997195431   -0.0116397697040394   0
0.258434894256127   0.0198769153780408   0.0197007415226001   0
0.252478811306999   -0.0466523661940146   -0.00595608294912847   0
0.233941998551553   -0.0466049489609291   -0.0185368127554453   0
0.234745310819008   0.0315986529350927   0.000803312267454309   0
0.242350581260748   0.0134121391001325   0.00760527044174053   0
0.24803055983837   -0.00493636731725242   0.00567997857762134   0
0.242296651233834   -0.0212245303965855   -0.00573390860453593   0
0.233938539010084   -0.0034889268841943   -0.00835811222374983   0
0.252114015003579   0.0775665893749604   0.0181754759934955   0
0.268908179101441   -0.0282936958267596   0.0167941640978614   0
0.248923250965378   -0.0506351607345819   -0.0199849281360627   0
0.249598173375072   0.0475643445603852   0.000674922409694106   0
0.257143759971096   0.0178511867485761   0.0075455865960237   0
0.24722854693146   -0.0407805245041645   -0.00991521303963622   0
0.250388143056281   -0.00288667509551174   0.00315959612482125   0
0.233445383877691   0.0181167583464011   -0.0169427591785898   0
0.250413471065701   0.0238450288546125   0.0169680871880096   0
0.266053355437255   0.00917753791141535   0.0156398843715546   0
0.264882863600918   -0.0312807703438074   -0.00117049183633727   0
0.247862624294184   -0.0197705237544974   -0.0170202393067336   0
0.274733682735067   0.0616305407348381   0.0268710584408828   0
0.270064949275952   -0.0138397844043248   -0.00466873345911523   0
0.27718475135444   0.0032781394965074   0.00711980207848767   0
0.259740266759262   -0.0109880857801122   -0.0174444845951777   0
0.25962416684159   0.0136760802084386   -0.000116099917671419   0
0.268676999827027   0.082996926552929   0.00905283298543708   0
0.291706979057003   -0.0137317436018108   0.0230299792299751   0
0.265756515201434   -0.019289153925426   -0.0259504638555686   0
0.263396258100229   -0.0178085924208813   -0.00236025710120491   0
0.280899727343945   0.0544669502226505   0.0175034692437158   0
0.288421419968247   -0.034033478543435   0.00752169262430236   0
0.279019793820689   -0.0339893126292407   -0.0094016261475578   0
0.262557286735528   -0.00345497912287501   -0.0164625070851609   0
