0.158632358448868   0.500574710616208   0   0   0
0.159296920543611   0.501360854076433   0.00066456209474372   0.000786143460225208   0
0.166158986300182   0.473718441590044   0.00686206575657081   -0.0276424124863887   0
0.149054875545552   0.500069466975839   -0.0171041107546301   0.0263510253857951   0
0.139489044611441   0.492551936068728   -0.00956583093411129   -0.00751753090711099   0
0.123591627279885   0.586472074603141   -0.0158974173315558   0.0939201385344131   0
0.112834908308167   0.562677849969643   -0.0107567189717177   -0.0237942246334983   0
0.10886241485432   0.559342490423893   -0.00397249345384706   -0.00333535954575026   0
0.0857344182875232   0.558757845009097   -0.0231279965667969   -0.000584645414795859   0
0.111774466109841   0.339909667819735   0.0260400478223178   -0.218848177189362   0
0.357065113865651   0.734437863627176   0.245290647755809   0.394528195807441   1
0.326966589745864   0.593438102584633   -0.0300985241197867   -0.140999761042542   0
0.375574201688561   0.294249929598547   0.0486076119426973   -0.299188172986086   0
0.273501995917324   0.20628723741606   -0.102072205771237   -0.087962692182487   0
0.216542020984935   0.135155951970326   -0.0569599749323892   -0.0711312854457345   0
0.168585730435882   0.138139577677236   -0.0479562905490525   0.00298362570690983   0
0.188587724664147   0.154637434936402   0.0200019942282643   0.0164978572591665   0
0.190419202686835   0.133760829460646   0.00183147802268846   -0.0208766054757562   0
0.13561135442757   0.114323030152295   -0.0548078482592652   -0.0194377993083511   0
0.163498512431429   0.0609191153577225   0.0278871580038586   -0.0534039147945723   0
0.0720464566638083   0.0976111220305991   -0.0914520557676203   0.0366920066728766   0
0.139873510007077   0.103181982754852   0.0678270533432692   0.00557086072425257   0
0.197562629776205   0.0857269687798711   0.0576891197691279   -0.0174550139749805   0
0.262689070830897   0.0893304723681958   0.0651264410546915   0.00360350358832472   0
0.218338586248515   0.0985568604764402   -0.0443504845823824   0.00922638810824437   0
0.197044070397361   0.165991031019179   -0.0212945158511539   0.0674341705427386   0
0.235323125083894   0.269895395113088   0.0382790546865334   0.103904364093909   0
0.243170235945541   0.308617340190486   0.0078471108616468   0.0387219450773975   0
0.240413529939561   0.28164922610847   -0.00275670600598019   -0.0269681140820158   0
0.185396136697937   0.271056908241148   -0.055017393241624   -0.0105923178673222   0
0.211000229713145   0.283195949591886   0.0256040930152085   0.0121390413507382   0
0.197252948284405   0.327811667344986   -0.0137472814287405   0.0446157177531004   0
0.162984664857434   0.315497709670371   -0.0342682834269709   -0.0123139576746149   0
0.197884817375008   0.304988516738336   0.0349001525175738   -0.0105091929320359   0
0.174194500940787   0.307728883204437   -0.0236903164342201   0.00274036646610137   0
0.177352355344269   0.297415804056795   0.00315785440348196   -0.0103130791476418   0
0.196740544409642   0.330967489742573   0.0193881890653731   0.0335516856857775   0
0.175294247589333   0.459135245316944   -0.0214462968203094   0.128167755574371   0
0.236008370441071   0.44181285542665   0.0607141228517384   -0.0173223898902936   0
0.236343571018184   0.392841494792111   0.000335200577113004   -0.0489713606345393   0
0.211900697984244   0.454284589498973   -0.02444287303394   0.0614430947068619   0
0.204443987139461   0.391320069080286   -0.00745671084478369   -0.0629645204186864   0
0.193925596214408   0.346174437966612   -0.0105183909250528   -0.0451456311136738   0
0.161071352272867   0.340324456430551   -0.032854243941541   -0.00584998153606148   0
0.180280233545167   0.367325262071982   0.0192088812723001   0.0270008056414306   0
0.193709157584251   0.356534134484694   0.0134289240390834   -0.0107911275872874   0
0.156709740619082   0.334293075070379   -0.0369994169651684   -0.0222410594143153   0
0.201019649109761   0.282441845114003   0.0443099084906793   -0.0518512299563759   0
0.191528611527077   0.205049597182663   -0.00949103758268433   -0.0773922479313397   0
0.165505399533338   0.194159762608071   -0.0260232119937386   -0.0108898345745923   0
0.156341711812899   0.218398954220876   -0.00916368772043935   0.0242391916128054   0
0.181408486136371   0.260081936956899   0.0250667743234721   0.0416829827360228   0
0.171262522531055   0.271731545620052   -0.0101459636053166   0.011649608663153   0
0.184724786320434   0.241683071415982   0.0134622637893794   -0.0300484742040705   0
0.172707540111427   0.224346463256054   -0.0120172462090075   -0.0173366081599276   0
0.170037403634377   0.211113014105597   -0.00267013647704969   -0.013233449150457   0
0.176781844417746   0.193766471171485   0.00674444078336875   -0.0173465429341119   0
0.163514805697772   0.215899031792207   -0.013267038719974   0.0221325606207221   0
0.184813522800741   0.224749020633712   0.0212987171029694   0.00884998884150434   0
0.195223271775191   0.243750693584782   0.0104097489744498   0.0190016729510709   0
0.187070635741412   0.219286451141629   -0.00815263603377864   -0.0244642424431536   0
0.21306545007124   0.199630020534394   0.0259948143298277   -0.0196564306072351   0
0.209063888094381   0.208169305918884   -0.00400156197685855   0.00853928538449042   0
0.203316986964223   0.207772101966464   -0.00574690113015838   -0.000397203952420738   0
0.207843056662733   0.201656497090504   0.00452606969851022   -0.00611560487595939   0
0.191497152689564   0.203920100176055   -0.0163459039731696   0.00226360308555135   0
0.414321489553704   0.472280436417548   0.22282433686414   0.268360336241493   1
1.0637351071405   1.44678720666893   0.649413617586795   0.974506770251383   1
0.940636810204661   1.50029088945266   -0.123098296935838   0.0535036827837243   0
0.913615330086465   1.52208613991701   -0.0270214801181965   0.021795250464353   0
0.818642135379251   1.54898702957528   -0.0949731947072139   0.0269008896582748   0
0.846214716799613   1.54485186682688   0.0275725814203623   -0.00413516274840275   0
0.834471651507707   1.44642763212354   -0.0117430652919062   -0.0984242347033446   0
0.779077959790931   1.12487465744644   -0.0553936917167759   -0.321552974677094   0
0.790706490994604   1.15654083521389   0.0116285312036729   0.0316661777674516   0
0.845273242266073   1.22891968892367   0.0545667512714694   0.0723788537097765   0
0.836547614277872   1.2280262808851   -0.00872562798820098   -0.000893408038566301   0
0.786235293714292   1.21115794945725   -0.05031232056358   -0.0168683314278497   0
0.790871228166128   1.23397378102383   0.00463593445183574   0.0228158315665774   0
0.80856708098339   1.1606641735123   0.0176958528172618   -0.0733096075115274   0
0.772812042430758   1.01858980045772   -0.0357550385526317   -0.142074373054583   0
0.737955710615481   0.852211790536836   -0.034856331815277   -0.166378009920885   0
0.717920165032993   0.826769330795779   -0.0200355455824882   -0.0254424597410571   0
0.612584331855623   0.678566898907543   -0.10533583317737   -0.148202431888236   0
0.558750545901299   0.705942821186143   -0.0538337859543238   0.0273759222785995   0
0.881836608822179   1.0703308889124   0.323086062920879   0.364388067726253   0
0.860824877505872   1.10119611234898   -0.0210117313163063   0.0308652234365807   0
0.753463290811835   1.04159958846046   -0.107361586694037   -0.0595965238885163   0
0.740325284256184   1.00148777523967   -0.0131380065556509   -0.0401118132207923   0
0.67152399376195   0.936080194395491   -0.0688012904942339   -0.0654075808441771   0
0.644677276449232   0.952083975269645   -0.026846717312718   0.016003780874154   0
0.577365985148285   0.868592770928932   -0.0673112913009472   -0.0834912043407128   0
0.574704239523253   0.873423108780905   -0.00266174562503263   0.00483033785197251   0
0.478628303321074   0.867968755673987   -0.0960759362021785   -0.00545435310691755   0
0.520688435678189   0.82182313559929   0.0420601323571154   -0.0461456200746967   0
0.470071756155547   0.847545516754853   -0.0506166795226424   0.0257223811555622   0
0.478107968253574   0.848349634803511   0.00803621209802657   0.000804118048657876   0
0.509157351039352   0.840508502855563   0.0310493827857784   -0.00784113194794755   0
0.50677224095331   0.911301271459698   -0.0023851100860417   0.0707927686041352   0
0.494098109279331   1.19754055409089   -0.012674131673979   0.28623928263119   0
0.475114796469291   1.16646962103373   -0.0189833128100401   -0.0310709330571592   0
0.461297697043346   1.15742013205533   -0.0138170994259456   -0.00904948897840163   0
0.46248915757445   1.16028236241324   0.00119146053110475   0.00286223035791267   0
0.390106105862033   1.15793861678038   -0.072383051712417   -0.00234374563286455   0
0.447947171716684   0.944061804665649   0.0578410658546506   -0.213876812114727   0
0.484870902799137   0.896753785634007   0.0369237310824528   -0.0473080190316422   0
0.505056488744022   0.976637382893141   0.0201855859448849   0.0798835972591339   0
0.448441694775464   1.00352687218034   -0.056614793968558   0.0268894892871971   0
0.484493083752379   1.0228650789931   0.0360513889769157   0.0193382068127632   0
0.468224063918345   1.18697510942901   -0.0162690198340348   0.164110030435904   0
0.585643730475491   1.40093642832571   0.117419666557147   0.213961318896705   0
0.539152481161328   1.4103183745792   -0.0464912493141633   0.0093819462534912   0
0.586768424717609   1.10539206341381   0.0476159435562807   -0.304926311165388   0
0.527996817275341   1.0881471922154   -0.0587716074422676   -0.0172448711984186   0
0.324429665490211   0.812201040626065   -0.20356715178513   -0.275946151589331   0
0.179977445670756   0.544785039675513   -0.144452219819455   -0.267416000950552   0
0.187020171653675   0.539939015803174   0.00704272598291864   -0.00484602387233868   0
0.221567770024884   0.444376087399795   0.0345475983712094   -0.0955629284033792   0
0.205801050940077   0.503967461611858   -0.0157667190848077   0.0595913742120637   0
0.225867995172158   0.545480701594704   0.0200669442320814   0.0415132399828451   0
0.218308604311786   0.547048486199807   -0.00755939086037191   0.0015677846051031   0
0.24156452240859   0.577862681064239   0.0232559180968035   0.0308141948644319   0
0.225206051326358   0.608072550368992   -0.016358471082232   0.0302098693047531   0
0.2175060834649   0.6053888700383   -0.00769996786145768   -0.00268368033069133   0
0.247727148930532   0.615840943126754   0.0302210654656321   0.0104520730884538   0
0.239330712523153   0.57928246399274   -0.00839643640737925   -0.0365584791340141   0
0.20477657294156   0.626689691977018   -0.0345541395815929   0.0474072279842783   0
0.215647596562656   0.692222878675286   0.010871023621096   0.0655331866982679   0
0.427055448565501   0.464218705295791   0.211407852002846   -0.228004173379496   1
0.404510894308176   0.521526458189323   -0.0225445542573259   0.0573077528935328   0
0.384967906367531   0.519305138790529   -0.0195429879406447   -0.00222131939879477   0
0.380807186880237   0.529700186458812   -0.00416071948729346   0.0103950476682834   0
0.397471746117884   0.532349090584599   0.0166645592376471   0.00264890412578755   0
0.330559459613002   0.497013167708502   -0.0669122865048823   -0.035335922876097   0
0.320080557514948   0.535051282595846   -0.0104789020980541   0.0380381148873437   0
0.237799661666328   0.954409407293129   -0.0822808958486202   0.419358124697283   1
0.351520468666805   2.16935547697288   0.113720807000477   1.21494606967975   1
0.235573405678082   2.31170422976346   -0.115947062988723   0.142348752790571   0
0.454213296516031   2.43275493032775   0.21863989083795   0.1210507005643   0
0.408151361268096   2.37601618800251   -0.0460619352479348   -0.0567387423252406   0
0.347277955466511   2.38714466189923   -0.0608734058015852   0.0111284738967177   0
0.338644344181325   2.3823375110454   -0.00863361128518564   -0.00480715085382988   0
0.289499786600958   2.27828387505903   -0.0491445575803678   -0.10405363598637   0
0.260332409801392   2.20271415328136   -0.0291673767995654   -0.0755697217776765   0
0.269310690051472   1.75674064606987   0.0089782802500798   -0.445973507211481   1
0.32111160547618   1.60394336699414   0.0518009154247083   -0.152797279075734   1
0.268834923475374   1.54213794710793   -0.0522766820008066   -0.0618054198862139   1
0.342028241630731   1.58379735858955   0.0731933181553578   0.041659411481628   0
0.303727972510983   1.58821534286326   -0.0383002691197485   0.00441798427370155   0
0.33842079860638   1.5916924384205   0.034692826095397   0.00347709555724496   0
0.301618733469193   1.48521726105047   -0.0368020651371871   -0.106475177370035   0
0.284369548040925   1.14573735815991   -0.0172491854282678   -0.339479902890557   1
0.291884468571899   1.62291622422416   0.00751492053097413   0.477178866064249   1
0.291120909716719   1.60857325074894   -0.000763558855180257   -0.0143429734752227   0
0.315395813483629   1.58852765259217   0.0242749037669099   -0.0200455981567631   0
0.3273879928067   1.52657808118353   0.0119921793230714   -0.0619495714086393   0
0.335322931959626   1.47651887725327   0.00793493915292581   -0.0500592039302661   0
0.2932968476237   1.48478641358412   -0.0420260843359258   0.00826753633085464   0
0.230669479825572   1.44152606571994   -0.0626273677981282   -0.0432603478641855   0
0.190101361862139   1.42311952594687   -0.0405681179634329   -0.0184065397730648   0
0.165423398624288   1.40871747081565   -0.0246779632378515   -0.0144020551312192   0
0.535269175021841   2.15138470468191   0.369845776397554   0.742667233866253   1
1.40875332598712   3.54176693371857   0.873484150965274   1.39038222903667   1
1.16062452833233   3.18852798246558   -0.248128797654783   -0.353238951252995   1
1.1379855669022   3.25203510547242   -0.022638961430129   0.0635071230068407   0
1.13217918838442   3.29819709860554   -0.00580637851778132   0.046161993133123   0
1.0617510382728   3.24793098550831   -0.0704281501116266   -0.0502661130972277   0
1.06454696995295   3.27397169540682   0.00279593168015069   0.0260407098985058   0
1.06477302643568   3.22914449602755   0.000226056482735659   -0.0448271993792715   0
1.0678269380143   3.22767340849799   0.00305391157862167   -0.00147108752956182   0
1.05467483707609   3.23395110693174   -0.0131521009382125   0.00627769843375159   0
1.04124983127463   3.24864059265564   -0.0134250058014591   0.0146894857239053   0
0.992521415421592   3.08466261429836   -0.0487284158530403   -0.163977978357281   0
1.01998920799183   2.87909243826071   0.0274677925702369   -0.205570176037651   0
1.00454553346809   2.85076448863283   -0.0154436745237385   -0.0283279496278794   0
1.0335731690849   2.76573516724758   0.0290276356168091   -0.08502932138525   0
1.04160040472829   2.82916033243523   0.00802723564338792   0.0634251651876458   0
0.968434314378977   2.83327291585632   -0.0731660903493101   0.00411258342109866   0
0.895337649675864   2.79661496464029   -0.0730966647031134   -0.0366579512160365   0
0.968110341131578   2.5994621496475   0.0727726914557136   -0.197152814992788   0
0.973746735784085   2.64926637987764   0.00563639465250698   0.0498042302301447   0
0.900836763015904   2.67863218295271   -0.0729099727681802   0.0293658030750654   0
0.907385484668429   2.73690486091954   0.00654872165252485   0.0582726779668294   0
0.930054431735065   2.75687106286729   0.0226689470666359   0.0199662019477471   0
0.90653622656969   2.7382594116473   -0.0235182051653746   -0.0186116512199894   0
