0.0181551292362682   0.0125937333392803   0   0   0
0.0528891359105299   0   0.0347340066742617   -0.0125937333392803   0
0.0677265903416081   0   0.0148374544310782   0   0
0.0863773034153069   0.02241445   0.0186507130736989   0.02241445   0
0.03768284004184   0.0209694524263868   -0.0486944633734669   -0.00144499757361318   0
0.158194595763813   0.0330305014342804   0.120511755721973   0.0120610490078936   0
0.0489590207361218   0.0176885097296246   -0.109235575027691   -0.0153419917046558   0
0.0776860493348278   0.0137051010015468   0.028727028598706   -0.00398340872807779   0
0.0467355319723334   0.0207774058925796   -0.0309505173624943   0.00707230489103273   0
0.0892876726572039   0.0415504581164276   0.0425521406848705   0.020773052223848   0
0.0874627455573514   0.0242864795160291   -0.00182492709985251   -0.0172639786003985   0
0.0626043382693244   0.0176762892416119   -0.024858407288027   -0.00661019027441716   0
0.0625437461184738   0.0240455610525103   -6.05921508506774e-05   0.00636927181089838   0
0.0246425035877851   0.0306268504385449   -0.0379012425306887   0.00658128938603465   0
0.128724996043387   0.0422593467475244   0.104082492455602   0.0116324963089794   0
0.162117875761219   0.0389475815868906   0.0333928797178319   -0.00331176516063378   0
0.0472298778477734   0.0253514660116042   -0.114887997913445   -0.0135961155752864   0
0.0919625169266066   0.0181616734840157   0.0447326390788331   -0.00718979252758851   0
0.0362083203677   0.036492162112192   -0.0557541965589066   0.0183304886281763   0
0.132727511612363   0.0514894133063778   0.0965191912446631   0.0149972511941859   0
0.127101164592383   0.0447676954305781   -0.00562634701998027   -0.00672171787579978   0
0.0512164505702025   0.0436024004395687   -0.0758847140221803   -0.00116529499100937   0
0.0836758437409155   0.0256786549693885   0.0324593931707129   -0.0179237454701802   0
0.0395553971029239   0.0422977529630712   -0.0441204466379916   0.0166190979936827   0
0.0537718432925634   0.0603102209703712   0.0142164461896395   0.0180124680073   0
0.197731209336058   0.0746587803179405   0.143959366043495   0.0143485593475693   0
0.140683749754547   0.0580241320445907   -0.057047459581511   -0.0166346482733498   0
0.066384293228519   0.0359938866822413   -0.074299456526028   -0.0220302453623495   0
0.0913759458294802   0.0363822784174521   0.0249916526009612   0.000388391735210832   0
0.0603848429354884   0.0400572504074793   -0.0309911028939918   0.0036749719900272   0
0.0305485973100007   0.0452284232025062   -0.0298362456254876   0.0051711727950269   0
0.0661035912339867   0.0622238674276762   0.0355549939239859   0.01699544422517   0
0.0956479946767082   0.0586225802144097   0.0295444034427215   -0.00360128721326651   0
0.0516482217843945   0.0406445569539148   -0.0439997728923137   -0.0179780232604949   0
0.107735829086242   0.0481084895937515   0.0560876073018478   0.00746393263983671   0
0.120400081663969   0.0587503893242755   0.0126642525777267   0.010641899730524   0
0.0654079407560894   0.0596444736418731   -0.0549921409078796   0.000894084317597653   0
0.0717220304177175   0.0596410878410509   0.00631408966162815   -3.3858008222365e-06   0
0.0191102061277109   0.0556570997539732   -0.0526118242900066   -0.00398398808707769   0
0.105132693220805   0.0374655362801906   0.0860224870930946   -0.0181915634737826   0
0.104109012423346   0.0514970701636732   -0.00102368079745953   0.0140315338834826   0
0.0563289948425888   0.0708445077002605   -0.0477800175807571   0.0193474375365874   0
0.120836211179638   0.0803726686928461   0.0645072163370489   0.00952816099258552   0
0.0933050625516108   0.0801969668142312   -0.0275311486280269   -0.000175701878614862   0
0.0271571072462606   0.0640581811374231   -0.0661479553053502   -0.0161387856768081   0
0.10368085179469   0.0450471415425999   0.0765237445484295   -0.0190110395948232   0
0.0949083228785547   0.0348112514874002   -0.00877252891613539   -0.0102358900551996   0
0.0512311413198154   0.065620383589545   -0.0436771815587393   0.0308091321021447   0
0.14946530191777   0.0778266119881254   0.0982341605979541   0.0122062283985804   0
0.0978620237756199   0.0604269106473772   -0.0516032781421496   -0.0173997013407482   0
0.02669627083377   0.0483774570337368   -0.0711657529418499   -0.0120494536136404   0
0.0530732028117769   0.0416905027204113   0.0263769319780068   -0.00668695431332546   0
0.0558802796326217   0.0450898127668715   0.00280707682084488   0.00339931004646014   0
0.0504650935650574   0.0525684329714994   -0.00541518606756432   0.00747862020462794   0
0.112355898317623   0.0683413369510103   0.0618908047525654   0.0157729039795109   0
0.118368064821302   0.0502603705102134   0.00601216650367939   -0.0180809664407969   0
0.0171200436027193   0.0516119327109806   -0.101248021218583   0.00135156220076722   0
0.0855855838190691   0.0374159686763423   0.0684655402163498   -0.0141959640346383   0
0.0707029653824541   0.041609780858039   -0.014882618436615   0.00419381218169669   0
0.067874647121661   0.0690529364605336   -0.00282831826079311   0.0274431556024947   0
0.133489068725832   0.0824024007871586   0.0656144216041714   0.013349464326625   0
0.0375543232209023   0.0643646239104604   -0.0959347455049301   -0.0180377768766983   0
0.0519361082209911   0.0431141189809382   0.0143817850000888   -0.0212505049295221   0
0.0151454326622319   0.0518971052392617   -0.0367906755587592   0.00878298625832341   0
0.121524001723816   0.0842677409168093   0.106378569061584   0.0323706356775477   0
0.0477311898381645   0.0643555584291093   -0.0737928118856513   -0.0199121824877   0
0.0562539176146204   0.0471464693219174   0.00852272777645589   -0.0172090891071919   0
0.030553724728995   0.0429443513213903   -0.0257001928856254   -0.00420211800052707   0
0.0686827518356276   0.0681799188640798   0.0381290271066326   0.0252355675426894   0
0.116888820071891   0.0751695686044725   0.0482060682362634   0.00698964974039275   0
0.0429649228006533   0.0569674877245346   -0.0739238972712376   -0.0182020808799379   0
0.0652092597028589   0.0521871074145234   0.0222443369022056   -0.00478038031001123   0
0.0114458156215492   0.0609089439982545   -0.0537634440813097   0.00872183658373112   0
0.11815137871447   0.0822350791522845   0.10670556309292   0.02132613515403   0
0.0610612462549398   0.0665941679705888   -0.0570901324595297   -0.0156409111816957   0
0.0707327946589162   0.0619950057958906   0.00967154840397637   -0.00459916217469827   0
0.0825213785813764   0.0565730574976508   0.0117885839224602   -0.00542194829823978   0
0.0540700827969663   0.0896255348582785   -0.0284512957844101   0.0330524773606277   0
0.133695414073406   0.0999989739159019   0.0796253312764402   0.0103734390576233   0
0.0403685633799371   0.0863434528549212   -0.0933268506934693   -0.0136555210609807   0
0.0767687618412594   0.0646977190914216   0.0364001984613223   -0.0216457337634996   0
0.0772939891468774   0.0614832915809857   0.000525227305618006   -0.00321442751043597   0
0.0908919180476273   0.0944327833733206   0.0135979289007499   0.032949491792335   0
0.105495736976402   0.0947633634831125   0.014603818928775   0.000330580109791881   0
0.0475802192821765   0.0788240371510176   -0.0579155176942258   -0.0159393263320949   0
0.0863119001170175   0.0669382206581748   0.038731680834841   -0.0118858164928428   0
0.0425904938364466   0.077349868122916   -0.0437214062805708   0.0104116474647412   0
0.145362193318102   0.100629538289374   0.102771699481656   0.0232796701664576   0
0.0891992889808259   0.0875373516777981   -0.0561629043372764   -0.0130921866115755   0
0.0695230944357341   0.0739316524560523   -0.0196761945450918   -0.0136056992217458   0
0.0863815708586617   0.060217005697664   0.0168584764229277   -0.0137146467583882   0
0.0263130333003721   0.0681193938877358   -0.0600685375582897   0.00790238819007182   0
0.103869943616717   0.0946916839795475   0.0775569103163451   0.0265722900918117   0
0.0546870306500545   0.0817100533510565   -0.0491829129666626   -0.012981630628491   0
0.0883966073641704   0.0750613065731106   0.0337095767141159   -0.00664874677794587   0
0.0903038370320271   0.0694912419346224   0.00190722966785661   -0.00557006463848821   0
0.0610658451545346   0.0689844101082447   -0.0292379918774924   -0.000506831826377674   0
0.0403171415276431   0.0548365256076641   -0.0207487036268916   -0.0141478845005807   0
0.081322880688444   0.0715765039634691   0.041005739160801   0.016739978355805   0
0.0341828830885928   0.0854961929147141   -0.0471399975998513   0.013919688951245   0
0.118207493506123   0.097621531420494   0.0840246104175298   0.01212533850578   0
0.0333092897318451   0.0841197053423423   -0.0848982037742774   -0.0135018260781517   0
0.111206310802625   0.0841197053423423   0.0778970210707798   0   0
0.116614230790435   0.0872551531198301   0.00540791998781039   0.00313544777748778   0
0.0477790015048829   0.110649882975175   -0.0688352292855524   0.0233947298553452   0
0.102311565708415   0.114044152158956   0.0545325642035323   0.00339426918378016   0
0.0382290217703579   0.100874028241974   -0.0640825439380573   -0.0131701239169818   0
0.0779304020262446   0.0768824311154701   0.0397013802558866   -0.0239915971265036   0
0.0709552424081413   0.0746723771425726   -0.00697515961810322   -0.00221005397289745   0
0.0701423535707358   0.0704850228626969   -0.000812888837405518   -0.00418735427987574   0
0.0661150071383948   0.080921854870286   -0.00402734643234098   0.0104368320075891   0
0.126184320094139   0.0970943462383495   0.0600693129557441   0.0161724913680635   0
0.0590584342502407   0.0854218413431541   -0.0671258858438982   -0.0116725048951954   0
0.0810651299974096   0.0620113443802221   0.022006695747169   -0.0234104969629321   0
0.124819439739972   0.0648062352023654   0.043754309742562   0.00279489082214335   0
0.0245292061879303   0.0838117705262991   -0.100290233552041   0.0190055353239337   0
0.0998739279544968   0.0946919699538588   0.0753447217665664   0.0108801994275597   0
0.0559883267809469   0.0830650042964093   -0.0438856011735498   -0.0116269656574495   0
0.0476605460676743   0.0677612672403085   -0.00832778071327269   -0.0153037370561009   0
0.0620694469008287   0.0547225264033469   0.0144089008331544   -0.0130387408369615   0
0.0796472175530947   0.0823080227791313   0.017577770652266   0.0275854963757844   0
0.137165914434308   0.0921767667019564   0.0575186968812137   0.00986874392282509   0
0.0477556457830108   0.07700043867164   -0.0894102686512975   -0.0151763280303164   0
0.0708427121155028   0.0652382312893483   0.0230870663324919   -0.0117622073822918   0
0.0889345010050093   0.068257936167884   0.0180917888895065   0.00301970487853569   0
0.0645493189650363   0.0789722200693606   -0.0243851820399729   0.0107142839014767   0
0.124079271665375   0.0919881994245593   0.0595299527003389   0.0130159793551987   0
0.127596350184517   0.0901171213145011   0.00351707851914212   -0.00187107811005827   0
0.0289305337036731   0.0730470743214264   -0.0986658164808443   -0.0170700469930746   0
0.0870409366110567   0.0614708056778378   0.0581104029073836   -0.0115762686435886   0
0.0868619703443342   0.0639037807841015   -0.000178966266722508   0.00243297510626366   0
0.064071945895451   0.0816756238278045   -0.0227900244488832   0.017771843043703   0
0.121354369208827   0.0985139528075211   0.0572824233133764   0.0168383289797166   0
0.0327337327168916   0.0763706037362243   -0.0886206364919358   -0.0221433490712968   0
0.0824869755683889   0.0644204663309728   0.0497532428514973   -0.0119501374052515   0
0.0622387478371794   0.0567668610567151   -0.0202482277312096   -0.00765360527425766   0
0.03353023764455   0.0780024310343729   -0.0287085101926293   0.0212355699776578   0
0.139051319692689   0.101637707239461   0.105521082048139   0.0236352762050882   0
0.0718751530998829   0.0874785581639867   -0.0671761665928062   -0.0141591490754744   0
0.0779553562830034   0.0728243841233578   0.00608020318312055   -0.0146541740406289   0
0.0724117026711153   0.0758572385917923   -0.00554365361188816   0.00303285446843451   0
0.0744122559185488   0.0998599568924527   0.00200055324743355   0.0240027183006604   0
0.0874475453413965   0.0979569866275627   0.0130352894228477   -0.00190297026488993   0
0.0516331827678674   0.0874652222639263   -0.0358143625735291   -0.0104917643636365   0
0.104369014160957   0.0704524333349105   0.0527358313930894   -0.0170127889290158   0
0.0492653205536105   0.0869320269210611   -0.0551036936073463   0.0164795935861507   0
0.11771153354485   0.105171518714681   0.0684462129912397   0.0182394917936199   0
0.0712919797599982   0.0869303619675542   -0.046419553784852   -0.0182411567471268   0
0.0746003194903346   0.0736814877563897   0.0033083397303364   -0.0132488742111646   0
0.0739817596080277   0.077452511939375   -0.000618559882306927   0.00377102418298532   0
0.0900733076391669   0.0935821872674629   0.0160915480311392   0.0161296753280879   0
0.0835394638094476   0.092794454938679   -0.00653384382971933   -0.000787732328783944   0
0.14012994350766   0.0910986105448837   0.0565904796982125   -0.00169584439379523   0
0.141816719463433   0.0836580292240882   0.00168677595577274   -0.0074405813207955   0
0.18607446294817   0.0450650785671222   0.0442577434847375   -0.038592950656966   0
0.131774630143135   0.0457546589331721   -0.0542998328050353   0.000689580366049825   0
0.134569264395478   0.0465766979213319   0.00279463425234283   0.000822038988159815   0
0.130585754397369   0.0566100619050183   -0.00398350999810865   0.0100333639836864   0
0.0939404057983172   0.044194432654012   -0.036645348599052   -0.0124156292510063   0
0.0818950571155549   0.0593860617200072   -0.0120453486827623   0.0151916290659952   0
0.138047649450239   0.0679044329052419   0.0561525923346843   0.00851837118523475   0
0.121448788036028   0.0887226852737365   -0.0165988614142114   0.0208182523684946   0
0.154158983372959   0.0998296080633146   0.0327101953369317   0.0111069227895781   0
0.0510975814657602   0.0830169452772444   -0.103061401907199   -0.0168126627860701   0
0.113958755591925   0.0810369020524909   0.0628611741261644   -0.00198004322475358   0
0.0480579330323611   0.0838416964678375   -0.0659008225595635   0.00280479441534665   0
0.10171985534742   0.104209514426575   0.0536619223150587   0.0203678179587373   0
0.14871856354114   0.118192163666008   0.0469987081937199   0.0139826492394336   0
0.0975949165643887   0.113060046354736   -0.051123646976751   -0.00513211731127257   0
0.045570705922226   0.102552019083744   -0.0520242106421628   -0.0105080272709922   0
0.0752539844664446   0.0857847599665727   0.0296832785442187   -0.0167672591171708   0
0.0539283705909051   0.0874791934024457   -0.0213256138755395   0.00169443343587297   0
0.116006751478955   0.0968637792459725   0.0620783808880497   0.00938458584352685   0
0.200791510502436   0.106630398803167   0.0847847590234815   0.00976661955719475   0
0.115427267162226   0.0938074407789702   -0.0853642433402099   -0.0128229580241971   0
0.0583976667819871   0.0898945448835606   -0.0570296003802393   -0.00391289589540954   0
0.10852499790546   0.101895966067419   0.0501273311234724   0.0120014211838579   0
0.0676683784447359   0.116778548610918   -0.0408566194607236   0.0148825825434993   0
0.161991814525796   0.124657011969333   0.0943234360810604   0.00787846335841545   0
0.120302121906349   0.100979124724581   -0.0416896926194476   -0.0236778872447522   0
0.0375509834120559   0.106143072587192   -0.0827511384942928   0.00516394786261135   0
0.0859401487940881   0.106704278342061   0.0483891653820322   0.000561205754868455   0
0.0704503293626794   0.116486799375659   -0.0154898194314087   0.009782521033598   0
0.160987401487321   0.130636721824541   0.090537072124642   0.0141499224488821   0
0.0743161689707563   0.117549908963268   -0.0866712325165651   -0.0130868128612734   0
0.0473222392109672   0.107032888101041   -0.0269939297597891   -0.0105170208622264   0
0.0489131533657809   0.0974729453710746   0.00159091415481369   -0.00955994272996655   0
0.0979475730787139   0.116892244039115   0.049034419712933   0.0194192986680403   0
0.176565909747069   0.128097861091628   0.0786183366683548   0.011205617052513   0
0.0527575415113858   0.108254777974231   -0.123808368235683   -0.0198430831173971   0
0.0502690648917403   0.0966802231869192   -0.0024884766196455   -0.0115745547873116   0
0.0455787681532751   0.100608302910346   -0.00469029673846528   0.00392807972342717   0
0.0929956399945417   0.113738123323932   0.0474168718412666   0.0131298204135858   0
0.157557754061836   0.126230311760973   0.0645621140672943   0.0124921884370411   0
0.0819144568135564   0.106015994449623   -0.0756432972482796   -0.0202143173113502   0
0.077142643674705   0.096702831535121   -0.00477181313885144   -0.00931316291450199   0
0.0575865489027611   0.0942580373588375   -0.0195560947719438   -0.00244479417628357   0
0.109575481252696   0.107588348265193   0.0519889323499352   0.0133303109063557   0
0.143541769094748   0.117008900404456   0.0339662878420519   0.00942055213926321   0
0.0505690710195471   0.0964806201590376   -0.092972698075201   -0.0205282802454188   0
0.0618818839850566   0.0904066909180399   0.0113128129655094   -0.00607392924099774   0
0.0387969105878612   0.101299478153888   -0.0230849733971953   0.010892787235848   0
0.151046485884611   0.116298009069846   0.11224957529675   0.0149985309159582   0
0.126902959384642   0.111773261451129   -0.0241435264999694   -0.00452474761871685   0
0.0481881523824021   0.102030237138311   -0.0787148070022395   -0.00974302431281814   0
0.0448283423370037   0.0925537357323301   -0.00335981004539837   -0.00947650140598098   0
0.053611552573396   0.099043321787741   0.00878321023639224   0.00648958605541083   0
0.145059491645325   0.114465884336873   0.0914479390719286   0.0154225625491325   0
0.0889388790725968   0.107567307385887   -0.0561206125727278   -0.00689857695098603   0
0.052028418011506   0.100702395768423   -0.0369104610610908   -0.00686491161746494   0
0.0626926033191317   0.0949735030692772   0.0106641853076257   -0.00572889269914534   0
0.0435121951981281   0.0914576387500793   -0.0191804081210036   -0.00351586431919791   0
0.10882981438592   0.116652796900674   0.0653176191877923   0.0251951581505952   0
0.149784147678351   0.119731999242851   0.0409543332924304   0.00307920234217628   0
0.0494323831384852   0.115411777467683   -0.100351764539866   -0.00432022177516761   0
0.0534132918485652   0.10964475037707   0.00398090871007996   -0.00576702709061305   0
0.0602913179937211   0.117492487680064   0.00687802614515592   0.007847737302994   0
0.148180321014668   0.13083784832857   0.0878890030209467   0.0133453606485064   0
0.0735868420930101   0.116163246273294   -0.0745934789216577   -0.0146746020552762   0
0.0769938588425077   0.115937750566845   0.0034070167494976   -0.000225495706449058   0
0.0774499807713985   0.1196573148558   0.000456121928890829   0.0037195642889546   0
0.108799125847123   0.13192118847725   0.0313491450757245   0.0122638736214498   0
0.124763306173213   0.127594494393998   0.0159641803260901   -0.00432669408325148   0
0.0649419826528887   0.120027181194511   -0.0598213235203243   -0.00756731319948696   0
0.0850090935343978   0.123472059720003   0.0200671108815091   0.00344487852549195   0
0.075530554562087   0.116676427311818   -0.00947853897231087   -0.00679563240818483   0
0.142727496915214   0.131697523523603   0.0671969423531269   0.0150210962117849   0
0.168231081522626   0.127801258872908   0.0255035846074123   -0.00389626465069534   0
0.060016917250472   0.126658249483601   -0.108214164272154   -0.00114300938930728   0
0.0777709028943988   0.103959500369134   0.0177539856439268   -0.0226987491144664   0
0.0625369834445186   0.102836288664313   -0.0152339194498801   -0.00112321170482067   0
0.0518800474294733   0.112496757382157   -0.0106569360150453   0.00966046871784401   0
0.155895411972546   0.128791247384091   0.104015364543073   0.016294490001933   0
0.107525664180986   0.122222194143494   -0.0483697477915608   -0.00656905324059626   0
0.054347755168015   0.116679004979473   -0.0531779090129707   -0.00554318916402076   0
0.0420314653074337   0.105297510955863   -0.0123162898605813   -0.0113814940236109   0
0.0884657987678973   0.122222194143494   0.0464343334604636   0.0169246831876317   0
0.160531277922809   0.144096214770722   0.0720654791549113   0.0218740206272276   0
0.0788635997898904   0.125914930755848   -0.0816676781329182   -0.0181812840148738   0
0.0639080688655048   0.117887735181613   -0.0149555309243856   -0.00802719557423549   0
0.0651242297471532   0.11613801802812   0.00121616088164848   -0.00174971715349219   0
0.0707104097065128   0.12355474568587   0.00558617995935956   0.00741672765774963   0
0.160953779372371   0.133008586652329   0.0902433696658586   0.00945384096645861   0
0.0887097055528542   0.131083717331711   -0.0722440738195171   -0.00192486932061722   0
0.0587579040354572   0.116518317536343   -0.029951801517397   -0.0145653997953686   0
0.0527752820578915   0.111344459989036   -0.00598262197756576   -0.00517385754730695   0
0.0795000365019312   0.127272136083473   0.0267247544440398   0.0159276760944369   0
0.164832038148899   0.146118936692853   0.0853320016469675   0.0188468006093803   0
0.0686925319314181   0.132230103792593   -0.0961395062174806   -0.0138888329002597   0
0.0519578558635747   0.122951685891248   -0.0167346760678435   -0.00927841790134577   0
0.0514908214260561   0.126080693036246   -0.00046703443751852   0.0031290071449981   0
0.0882293899826611   0.131694004984092   0.036738568556605   0.0056133119478462   0
0.161205340511249   0.150299684504825   0.0729759505285874   0.0186056795207334   0
0.0686710519005643   0.128481223809162   -0.0925342886106842   -0.0218184606956631   0
0.0931587758894459   0.117584656300259   0.0244877239888815   -0.0108965675089033   0
0.0532999413842464   0.133994120097674   -0.0398588345051995   0.0164094637974156   0
0.126650547522632   0.142143568946154   0.0733506061383858   0.00814944884847946   0
0.0903008126410277   0.138839770185815   -0.0363497348816044   -0.00330379876033859   0
0.118554371209374   0.132814950450806   0.0282535585683461   -0.00602481973500951   0
0.178460569141645   0.136510981564818   0.0599061979322716   0.0036960311140119   0
0.101730237391004   0.151876821804711   -0.0767303317506415   0.0153658402398935   0
0.140519538713483   0.153601351675368   0.038789301322479   0.00172452987065658   0
0.0662986245950427   0.138691230697907   -0.0742209141184402   -0.014910120977461   0
0.118381423593653   0.121580492632453   0.0520827989986107   -0.0171107380654536   0
0.105821809692426   0.139091656876859   -0.0125596139012275   0.0175111642444063   0
0.141476683768068   0.135170037721013   0.0356548740756424   -0.00392161915584671   0
0.122645781537116   0.138537895976155   -0.0188309022309522   0.00336785825514249   0
0.0626748913011423   0.122012760687151   -0.0599708902359738   -0.0165251352890041   0
0.0796857357752942   0.109047359644789   0.0170108444741519   -0.0129654010423619   0
0.0415449348354586   0.110226808881733   -0.0381408009398356   0.00117944923694341   0
0.155048188684067   0.135035481828851   0.113503253848608   0.0248086729471186   0
0.0665805348512491   0.128797513735708   -0.0884676538328177   -0.00623796809314281   0
0.0713872270906358   0.114700601552477   0.00480669223938665   -0.0140969121832318   0
0.0429308504255541   0.115036353111745   -0.0284563766650817   0.000335751559268002   0
0.14945390671391   0.137879472702611   0.106523056288356   0.0228431195908662   0
0.0749672145952482   0.118363361123702   -0.0744866921186614   -0.0195161115789084   0
0.0841550621038925   0.112658862689537   0.00918784750864425   -0.00570449843416525   0
0.0503002808886789   0.102717602185555   -0.0338547812152136   -0.00994126050398188   0
0.107629806903571   0.126798932955881   0.0573295260148922   0.0240813307703257   0
0.155451938670992   0.138356741784598   0.0478221317674214   0.0115578088287173   0
0.0413659659124817   0.12414527242207   -0.114085972758511   -0.0142114693625282   0
0.073344573260197   0.11319170857554   0.0319786073477152   -0.01095356384653   0
0.0382727254684077   0.123166360662114   -0.0350718477917893   0.00997465208657414   0
0.159104598277297   0.141131902294449   0.120831872808889   0.0179655416323351   0
0.0842880982733031   0.141038976713886   -0.0748165000039937   -9.29255805636187e-05   0
0.0531453847929893   0.125378752696988   -0.0311427134803138   -0.0156602240168976   0
0.0487293267672178   0.128332445448335   -0.00441605802577147   0.00295369275134735   0
0.0557394302392158   0.116345360286734   0.00701010347199791   -0.0119870851616012   0
0.0972718115791004   0.133553587170094   0.0415323813398846   0.0172082268833601   0
0.133339274300298   0.135519680323201   0.0360674627211972   0.00196609315310628   0
0.0668735552045239   0.145805945322885   -0.0664657190957737   0.0102862649996839   0
0.0488202526410403   0.131005715437343   -0.0180533025634836   -0.0148002298855419   0
0.0758276612610735   0.10717425152876   0.0270074086200332   -0.0238314639085822   0
0.0734820769043037   0.126895583301784   -0.00234558435676978   0.0197213317730236   0
0.185302918658342   0.147795712266967   0.111820841754038   0.0209001289651827   0
0.0962739721844284   0.141702901379965   -0.0890289464739133   -0.00609281088700195   0
0.0473093818710211   0.123119437915993   -0.0489645903134073   -0.018583463463972   0
0.0587434346843083   0.120498603687968   0.0114340528132872   -0.00262083422802466   0
0.0718077909912288   0.128653804314136   0.0130643563069205   0.0081552006261679   0
0.12969752215829   0.127054202470835   0.0578897311670607   -0.00159960184330074   0
0.0482556559164509   0.130812953159272   -0.0814418662418387   0.00375875068843715   0
0.0543731362278478   0.117494060706276   0.00611748031139697   -0.0133188924529967   0
0.0546806304502792   0.117894893726361   0.00030749422243135   0.000400833020085478   0
0.135808727765634   0.124955029113477   0.0811280973153545   0.00706013538711628   0
0.0722293588949293   0.124955029113477   -0.0635793688707044   0   0
0.0866799529407613   0.115202208079967   0.014450594045832   -0.00975282103351054   0
0.0749735884326111   0.105323891546505   -0.0117063645081501   -0.00987831653346168   0
0.0483818043357108   0.108009022763853   -0.0265917840969004   0.00268513121734767   0
0.0823660097391515   0.115484164456647   0.0339842054034407   0.00747514169279455   0
0.165902456087576   0.141120604400987   0.0835364463484243   0.02563643994434   0
0.0994764669183949   0.126980927279454   -0.0664259891691809   -0.0141396771215334   0
0.0551697972203074   0.12210928634936   -0.0443066696980875   -0.00487164093009404   0
0.0700201542881487   0.119937873111457   0.0148503570678414   -0.00217141323790286   0
0.0948929020737062   0.136471595606925   0.0248727477855575   0.0165337224954676   0
0.0982515519105932   0.139746515901113   0.00335864983688701   0.00327492029418819   0
0.0517822115530623   0.134511758736922   -0.0464693403575309   -0.00523475716419058   0
0.0751553872492212   0.121656866221147   0.0233731756961589   -0.0128548925157756   0
0.059774186529722   0.126243167317087   -0.0153812007194992   0.00458630109594015   0
0.161421161383537   0.145563556484788   0.101646974853815   0.0193203891677008   0
0.0809415067327635   0.13032970570154   -0.0804796546507738   -0.0152338507832478   0
0.0472741157164637   0.135322442231509   -0.0336673910162998   0.00499273652996876   0
0.0563101629750119   0.130759722565857   0.0090360472585482   -0.00456271966565125   0
0.060193276842684   0.127000642327116   0.00388311386767214   -0.00375908023874161   0
0.154116105658851   0.140532183483002   0.0939228288161666   0.0135315411558857   0
0.0795103252218855   0.143089748628265   -0.0746057804369651   0.00255756514526323   0
0.0710706024216061   0.131289933247946   -0.00843972280027941   -0.0117998153803192   0
0.0744862655252631   0.125045563434894   0.00341566310365703   -0.00624436981305193   0
0.0803460659222472   0.142826932283446   0.00585980039698414   0.0177813688485521   0
0.144422544779582   0.13939926110457   0.0640764788573349   -0.00342767117887605   0
0.0684638385705184   0.141290549940539   -0.0759587062090637   0.00189128883596945   0
0.0654387200203366   0.126709173531359   -0.0030251185501818   -0.0145813764091803   0
0.0550637371107483   0.126225384286403   -0.0103749829095883   -0.00048378924495629   0
0.147274897414088   0.142769609729277   0.0922111603033392   0.0165442254428742   0
0.071799390480839   0.135721613368137   -0.0754755069332485   -0.00704799636113998   0
0.0790407579816894   0.125492912048848   0.00724136750085037   -0.0102287013192884   0
0.0698344970122933   0.123244676877949   -0.00920626096939613   -0.0022482351708996   0
0.0958805136953641   0.1362427581736   0.0260460166830708   0.0129980812956511   0
0.157449867058089   0.154268098897666   0.0615693533627252   0.018025340724066   0
0.0541011711994704   0.132716985659335   -0.103348695858619   -0.0215511132383313   0
0.0817072876347936   0.118296108901561   0.0276061164353233   -0.0144208767577734   0
0.0597417342058372   0.129766208352753   -0.0219655534289564   0.0114700994511915   0
0.141967852001536   0.143780912087627   0.0822261177956987   0.0140147037348747   0
0.0597401259591073   0.142436328383948   -0.0822277260424286   -0.00134458370367879   0
0.080993220978672   0.126181979348281   0.0212530950195648   -0.0162543490356675   0
0.0494277324305394   0.128927419180328   -0.0315654885481326   0.00274543983204703   0
0.143610109056013   0.140516050512032   0.0941823766254738   0.0115886313317043   0
0.0829565861663195   0.138509332849812   -0.0606535228896937   -0.0020067176622203   0
0.0678334845334927   0.125160923045094   -0.0151231016328268   -0.0133484098047177   0
0.0525053949788676   0.117813544451604   -0.0153280895546251   -0.00734737859349055   0
0.106221181308477   0.136981689552838   0.0537157863296096   0.019168145101234   0
0.16421826031208   0.150502952178687   0.0579970790036029   0.0135212626258488   0
0.0652394470101487   0.139988332095036   -0.0989788133019314   -0.0105146200836508   0
0.0984718136455651   0.126300344016752   0.0332323666354164   -0.0136879880782833   0
0.0746092349653178   0.126392678356976   -0.0238625786802473   9.2334340223682e-05   0
0.100990907453867   0.145991145661304   0.0263816724885496   0.0195984673043277   0
0.146024600998769   0.156446015684325   0.0450336935449013   0.0104548700230211   0
0.0619617008243802   0.148233053130872   -0.0840629001743884   -0.00821296255345252   0
0.0892414196469156   0.132456240753314   0.0272797188225354   -0.0157768123775578   0
0.0506969301025466   0.131649318217946   -0.038544489544369   -0.000806922535368487   0
0.138822864847042   0.147544909131932   0.088125934744495   0.0158955909139858   0
0.117079411480243   0.163243280170272   -0.0217434533667989   0.0156983710383405   0
0.0776501031582702   0.139625437600926   -0.0394293083219726   -0.0236178425693465   0
0.0786068355390293   0.131138284131675   0.00095673238075912   -0.00848715346925041   0
0.0863917134697935   0.151342798056267   0.00778487793076421   0.0202045139245916   0
0.14507475699539   0.161739878228902   0.0586830435255966   0.0103970801726349   0
0.0640143977984242   0.153877530395929   -0.0810603591969659   -0.00786234783297304   0
0.0856189945380112   0.132754781260413   0.021604596739587   -0.0211227491355162   0
0.0558617895521617   0.134961041113723   -0.0297572049858496   0.00220625985331024   0
0.12978522739675   0.14490045757778   0.0739234378445883   0.00993941646405708   0
0.101213983179154   0.145756160355232   -0.0285712442175963   0.0008557027774517   0
0.0791076381291339   0.143920084420139   -0.0221063450500198   -0.00183607593509241   0
0.0738254058164938   0.127493359420207   -0.00528223231264008   -0.0164267249999326   0
0.0679662920612887   0.138783786743085   -0.00585911375520509   0.011290427322878   0
0.148295914960123   0.15609345882115   0.0803296228988342   0.0173096720780652   0
0.0890158201354119   0.145483038121288   -0.059280094824711   -0.0106104206998623   0
