0.0059255   0   0   0
0.0003117895   -0.0274602672135409   -0.0056137105   0
0.0106644   0.0621744106511547   0.0103526105   0
0.00687941843938134   0.0905671665438178   -0.00378498156061866   0
0.0200297325002732   -0.0617882817514727   0.0131503140608918   0
0.0048891135865717   0.042837016887113   -0.0151406189137015   0
0.0139052143847991   -0.0672389845579141   0.00901610079822744   0
0.002261575   -0.0154573961101912   -0.0116436393847991   0
0.0149730142276029   0.0580467723623003   0.0127114392276029   0
0.0367254773655156   0.133555469398833   0.0217524631379127   0
0.0438439557345708   -0.0527248943665094   0.00711847836905513   0
0.0465867581055765   -0.0591449738967085   0.00274280237100576   0
0.0399984337324004   0.00981427649476635   -0.00658832437317612   0
0.0241271889712105   -0.0691843575909566   -0.0158712447611899   0
0.0225733929962356   -0.0310642606518794   -0.00155379597497483   0
0.0259437705189512   -0.00518792337625917   0.00337037752271554   0
0.0328308183387576   0.00984447130812281   0.00688704781980639   0
0.0295992434630516   0.132820735729814   -0.00323157487570602   0
0.0376014843086014   0.0236624626086844   0.00800224084554988   0
0.0455463894609112   -0.105043704172331   0.00794490515230974   0
0.0602589462504357   0.0233294855482341   0.0147125567895245   0
0.0554119547137845   -0.0423026475600197   -0.00484699153665125   0
0.0436754822243556   -0.0255557074066862   -0.0117364724894289   0
0.0553616464566626   -0.0167222954694217   0.011686164232307   0
0.0379664497410543   0.0324952191047178   -0.0173951967156083   0
0.0424385162284051   0.115310393636567   0.00447206648735077   0
0.0446584405011248   -0.0731171483661966   0.00221992427271971   0
0.0755496690917306   -0.0133642255476607   0.0308912285906059   0
0.0840763442507463   -0.0092248564331243   0.00852667515901566   0
0.0736618437447944   -0.0203244803846785   -0.0104145005059519   0
0.0697225754224735   -0.0244403152988625   -0.00393926832232092   0
0.068899093558515   -0.00846958748243204   -0.000823481863958475   0
0.0583083646859756   0.0496219278068862   -0.0105907288725394   0
0.0613023982576742   0.105796978333088   0.00299403357169865   0
0.0638813611980835   -0.157547236170717   0.00257896294040922   0
0.0874096558061953   0.0598102037000064   0.0235282946081118   0
0.0951581713657813   -0.0280741595872706   0.00774851555958601   0
0.0874149653241968   -0.0181488525021476   -0.0077432060415845   0
0.0851549707749156   -0.00339974444321074   -0.00225999454928119   0
0.0942022153354628   -2.0657354129372e-05   0.0090472445605472   0
0.089203612523793   0.0882599457793311   -0.00499860281166979   0
0.133107503034014   0.180942894401586   0.0439038905102208   0
0.143499478671536   -0.19581030975714   0.0103919756375218   0
0.141664936652167   0.0098061520380788   -0.00183454201936853   0
0.145611559200927   -0.0126958588929194   0.00394662254875972   0
0.143871165040271   -0.0227401492183838   -0.00174039416065541   0
0.136624927503179   -0.0123283735022962   -0.00724623753709244   0
0.133125933951815   0.000304034040089121   -0.00349899355136349   0
0.140404706554036   0.00414645611939213   0.00727877260222071   0
0.128023210684477   0.00014095419958296   -0.0123814958695587   0
0.130927602397165   0.119163892770798   0.00290439171268783   0
0.110644631897858   0.099879667878959   -0.0202829704993072   0
0.123299114202849   -0.147090939223826   0.0126544823049911   0
0.137560746231665   0.007544596188479   0.0142616320288158   0
0.127153707408956   -0.0475041327414207   -0.0104070388227084   0
0.120951942043007   -0.0371735388199658   -0.00620176536594912   0
0.123424442469695   -0.000697865642867487   0.00247250042668747   0
0.0809510120539731   0.108327261570006   -0.0424734304157217   0
0.103931444575571   -0.107971325616947   0.0229804325215979   0
0.111068987245146   -0.00357758976771821   0.00713754266957536   0
0.109337179439612   0.00573633788178105   -0.00173180780553403   0
0.106562758782114   0.0754208059048413   -0.00277442065749846   0
0.137365320067412   0.071512931597316   0.0308025612852979   0
0.110159835018951   -0.127314248861241   -0.0272054850484609   0
0.11770419897681   0.00255601419739916   0.0075443639578591   0
0.107052496304988   -0.0249970954930197   -0.0106517026718218   0
0.0928053063373411   -0.0289512149959879   -0.0142471899676472   0
0.101753284850908   0.0352757266634222   0.00894797851356678   0
0.0910480310533744   0.0919604485989218   -0.0107052537975335   0
0.113485801364466   -0.117218170331395   0.0224377703110915   0
0.130217021618405   -0.000482301162861562   0.016731220253939   0
0.128275418863914   -0.00120037740817006   -0.00194160275449123   0
0.122688520277581   0.01042635831151   -0.00558689858633227   0
0.108301918700132   0.0893062258234041   -0.0143866015774494   0
0.12806469585034   -0.0903162251520677   0.0197627771502076   0
0.140341780660331   0.00543406475498513   0.0122770848099915   0
0.122549073040609   -0.0214471589940062   -0.0177927076197223   0
0.129547118249741   0.00441037909639221   0.00699804520913254   0
0.128426183270936   0.0471973489296529   -0.00112093497880561   0
0.130528205787456   0.134656882995886   0.00210202251652028   0
0.13775643620217   -0.115438614350978   0.00722823041471377   0
0.15931037582361   -0.0164514498559643   0.0215539396214406   0
0.168600484641244   -0.0256594829335424   0.00929010881763398   0
0.168366361678966   0.0740241774892282   -0.000234122962278094   0
0.174042244103098   0.155845546158524   0.00567588242413211   0
0.17101350347474   -0.147209268187006   -0.00302874062835815   0
0.167174054297198   -0.0238958131163232   -0.00383944917754231   0
0.160500880196868   -0.0271318573938407   -0.0066731741003295   0
0.160887313357208   -0.0134503862067678   0.000386433160340011   0
0.149042490964249   0.0063976866632398   -0.0118448223929599   0
0.149919660109637   0.0613277129997932   0.000877169145388879   0
0.150043313275617   0.113062610683438   0.000123653165979731   0
0.13787957883159   -0.151510307129697   -0.0121637344440274   0
0.160241187171407   -0.0148170030734745   0.0223616083398176   0
0.149354678094837   -0.0221879311675448   -0.01088650907657   0
0.179568578238909   0.0780000848272089   0.0302139001440714   0
0.164889745925772   0.0429227408842002   -0.0146788323131369   0
0.171257837438685   -0.100505874846228   0.00636809151291295   0
0.15276079397455   -0.0309319229611608   -0.0184970434641346   0
0.139993116919351   0.00876179757639231   -0.0127676770551996   0
0.140937949602662   0.0195492281581404   0.000944832683311303   0
0.152463368802231   0.0416585954797507   0.0115254191995686   0
0.163188963305979   0.10712599637793   0.0107255945037482   0
0.159025088804286   -0.152834425417577   -0.00416387450169328   0
0.166659194886848   0.0095362682528369   0.00763410608256279   0
0.161108023400954   -0.0168774598266817   -0.00555117148589385   0
0.14670656522921   0.0384799261467817   -0.0144014581717443   0
0.175683327929491   0.0278634009295715   0.0289767627002813   0
0.172890753197648   -0.0711764629633992   -0.00279257473184352   0
0.16341368306896   -0.025468603740837   -0.00947707012868793   0
0.175174690527784   0.0185692848072241   0.0117610074588243   0
0.174700455346781   0.021524094160855   -0.000474235181003618   0
0.167220526717274   0.0199522035772182   -0.0074799286295068   0
0.146227959119768   0.0721416683260044   -0.020992567597506   0
0.136149883833305   0.0391827856631425   -0.0100780752864627   0
0.162458759333346   -0.145422272246817   0.0263088755000407   0
0.191129284479119   0.0211843399300886   0.0286705251457731   0
0.157717040792205   -0.0255003178726872   -0.0334122436869142   0
0.163724904447216   -0.0140151653365398   0.00600786365501113   0
0.164775716198755   0.071293929259404   0.00105081175153857   0
0.15359070247773   0.075337939154135   -0.0111850137210248   0
0.169642820535567   -0.133230189287237   0.016052118057837   0
0.162880773228334   0.00134130116129323   -0.00676204730723259   0
0.179533186301475   0.00373532121800417   0.0166524130731405   0
0.162600078878394   -2.39615614463784e-05   -0.0169331074230805   0
0.153821413173435   0.00709624844160546   -0.00877866570495947   0
0.153768032578012   -0.00696497358794183   -5.33805954228694e-05   0
0.145459318396287   -0.0163140711091542   -0.00830871418172446   0
0.14847785215336   -0.0116504449243588   0.00301853375707256   0
0.143309068184929   0.0105801208314444   -0.00516878396843135   0
0.149598043888022   0.158749454137015   0.00628897570309328   0
0.159003999790288   -0.0230392434479032   0.00940595590226648   0
0.148807068867452   -0.084011956211127   -0.0101969309228367   0
0.15813264460864   -0.0448305590528805   0.00932557574118853   0
0.174529372179413   0.210150756008301   0.0163967275707726   0
0.274930082768219   0.451985884896603   0.100400710588807   0
0.361100713353204   0.246677800086589   0.0861706305849841   0
0.316120330768799   -0.296835903775068   -0.0449803825844043   0
0.214159125718681   -0.162547383986235   -0.101961205050118   0
0.221401086155155   -0.152123040932584   0.00724196043647388   0
0.189320074132862   -0.156000804337705   -0.0320810120222929   0
0.110403993258804   -0.0478483023348795   -0.0789160808740585   0
0.0899021546898349   0.00611261557339662   -0.0205018385689689   0
0.0887634032252876   0.00682098135807677   -0.00113875146454727   0
0.109918053654188   -0.00794684679497654   0.0211546504289006   0
0.112445122180288   -0.0202035828820781   0.00252706852610027   0
0.124796192908037   -0.0487795773307776   0.0123510707277486   0
0.143741301214926   0.0156329366734873   0.0189451083068887   0
0.158402529742812   0.0333157535001702   0.0146612285278865   0
0.147384120681512   0.00484228502999154   -0.0110184090613002   0
0.153825469498032   0.0120421053618358   0.00644134881652006   0
0.144472809340581   -0.00281537351947617   -0.00935266015745062   0
0.145970471264645   0.0260432631672744   0.00149766192406336   0
0.199467484482591   0.224206052667765   0.0534970132179457   0
0.169862344458837   -0.119083879757145   -0.0296051400237538   0
0.146720363790486   -0.0894914352536134   -0.0231419806683509   0
0.146717723373192   -0.0385173515152898   -2.64041729375331e-06   0
0.141584945806616   0.00223643190168729   -0.00513277756657565   0
0.12708191809455   -0.0137711243707156   -0.014503027712066   0
0.148151083486622   0.124699659626515   0.0210691653920715   0
0.161827903050007   -0.0629827862673872   0.0136768195633852   0
0.167168297105522   -0.0673340924617445   0.0053403940555147   0
0.176629558185175   -0.00496227926822096   0.00946126107965284   0
0.179881017101229   -0.00866629567603078   0.00325145891605397   0
0.199387618682956   0.0693033324039597   0.0195066015817277   0
0.215324178081962   0.122131445215004   0.0159365593990058   0
0.172430544965937   -0.145925408862927   -0.0428936331160251   0
0.196519255407333   -0.0372468243815828   0.0240887104413959   0
0.176416772102492   -0.0133535583681506   -0.0201024833048411   0
0.189945343250368   0.00311620653238961   0.013528571147876   0
0.184275715443117   0.0106264972220301   -0.005669627807251   0
0.185221176723809   0.000259192012937448   0.000945461280692395   0
0.181994490460261   0.0741151598513299   -0.00322668626354816   0
0.213428577366059   0.114260533530894   0.0314340869057985   0
0.164419606183052   -0.218685740106694   -0.0490089711830071   0
0.176788569413438   -0.00408906063316863   0.0123689632303858   0
0.19743760922694   0.00996409829071296   0.0206490398135023   0
0.236012568155935   0.19370870805942   0.038574958928995   0
0.203382210780122   -0.0425862850603734   -0.0326303573758132   0
0.184294036848212   -0.102110367972237   -0.0190881739319105   0
0.174145313887741   -0.027544980647235   -0.0101487229604702   0
0.178645533526758   0.00940120266689212   0.00450021963901648   0
0.187578987953902   0.0102375641393277   0.00893345442714374   0
0.188139828400475   0.0128498385493767   0.000560840446572869   0
0.17426742248898   0.114701512457037   -0.013872405911495   0
0.181050566785222   -0.0756695207398047   0.00678314429624208   0
0.169707869319781   -0.0909699447614503   -0.0113426974654402   0
0.166852390274308   -0.0158302449472416   -0.00285547904547337   0
0.162072706260524   -0.00909722536699328   -0.00477968401378434   0
0.16941204950526   -0.00352583057948956   0.00733934324473581   0
0.167744887862648   0.0756892760931127   -0.00166716164261108   0
0.180858177791329   0.152696299195236   0.0131132899286806   0
0.212478046930124   -0.0629530250715516   0.031619869138795   0
0.200346249574231   -0.0936481787507004   -0.0121317973558932   0
0.184651044371194   -0.026428821764603   -0.0156952052030372   0
0.188870824540802   -0.00236173401671252   0.00421978016960861   0
0.189479035366686   -0.000534250406306225   0.00060821082588422   0
0.16926019670189   -0.00706328405056914   -0.0202188386647964   0
0.168491214964824   0.00529283385086607   -0.000768981737066132   0
0.172370259992037   -0.013769342807624   0.00387904502721334   0
0.177043100328592   0.00190493735207348   0.00467284033655513   0
0.174309150302387   0.0771592018532449   -0.0027339500262058   0
0.183508084563079   0.0328359945703661   0.00919893426069202   0
0.19481437944967   -0.117180818924116   0.0113062948865914   0
0.171527074580079   -0.0188952018303667   -0.0232873048695909   0
0.167585514500777   -0.0267922372473331   -0.00394156007930246   0
0.172908659591531   0.0340763022712381   0.0053231450907546   0
0.167745499927338   0.100241397521016   -0.00516315966419334   0
0.192040847760288   -0.102837737538262   0.0242953478329499   0
0.179583700166496   0.0121915675187515   -0.0124571475937915   0
0.177242872499122   0.0167452156480973   -0.0023408276673742   0
0.177062350683283   -0.0227635216428204   -0.000180521815838663   0
0.194251543008003   0.107076850930091   0.0171891923247196   0
0.255378342039786   0.12734212532783   0.0611267990317832   0
0.220865427110809   -0.185678722266371   -0.0345129149289773   0
0.212107392113901   -0.0142029600219524   -0.00875803499690814   0
0.198876028195086   -0.0229885397841734   -0.013231363918815   0
0.189878806385079   -0.0152035205545873   -0.00899722181000617   0
0.198568199466934   0.0322762723463045   0.00868939308185432   0
0.193240884326021   0.164766915600258   -0.00532731514091314   0
0.194325544807296   -0.146165203770112   0.00108466048127562   0
0.21028483396437   -0.0383019706997497   0.0159592891570734   0
0.214828616160214   0.0187532347905781   0.00454378219584423   0
0.208006662836368   -0.0147521368924689   -0.0068219533238458   0
0.221803967802094   0.0222539816558383   0.0137973049657263   0
0.222614938655434   0.111264241314423   0.000810970853339338   0
0.224705775416432   -0.103541603497994   0.00209083676099839   0
0.245085774785997   -0.0221987525932777   0.0203799993695651   0
0.216188981262488   -0.0318137840749439   -0.0288967935235089   0
0.202783734248219   -0.00331052853996527   -0.0134052470142688   0
0.205012078385525   0.0135002332048878   0.00222834413730516   0
0.200817334277453   0.0287615382954445   -0.00419474410807114   0
0.20438282837971   0.107536794664411   0.00356549410225654   0
0.199302630261118   0.0355399535611363   -0.00508019811859178   0
0.215231133825035   -0.144935764375939   0.0159285035639165   0
0.245354195492603   0.00503138215656765   0.0301230616675684   0
0.235337615752752   -0.016499690112641   -0.010016579739851   0
0.247074849392345   0.149807626099709   0.011737233639593   0
0.234723400441349   -0.0464047094566637   -0.0123514489509958   0
0.256606155646528   -0.107903084399828   0.0218827552051784   0
0.260963117148784   0.00871957506566601   0.0043569615022564   0
0.250697897169706   0.039311743891537   -0.0102652199790781   0
0.249789689149317   0.0188897867464181   -0.000908208020388851   0
0.248500551787114   -0.0188678294099345   -0.00128913736220335   0
0.238020648077872   -0.00814994094910981   -0.0104799037092422   0
0.237363805981978   -0.0242074742697   -0.000656842095893784   0
0.227609034072134   -0.0191093555678593   -0.0097547719098435   0
0.266495129215339   0.109146736137886   0.0388860951432042   0
0.320139607606978   0.139003911853966   0.0536444783916397   0
0.315306180760876   -0.142318177900291   -0.00483342684610255   0
0.323529475455483   -0.0227671198913386   0.00822329469460747   0
0.309150764951342   -0.0253460709523756   -0.014378710504141   0
0.28864109686642   -0.0308216262424037   -0.0205096680849222   0
0.266512234767937   0.0113562391221149   -0.0221288620984829   0
0.255820477443656   0.0204281734826991   -0.0106917573242813   0
0.241743825388571   0.110467080423041   -0.0140766520550846   0
0.260703143880281   0.1125267974211   0.0189593184917098   0
0.229475002816995   -0.21373468304332   -0.0312281410632857   0
0.239951240388542   -0.0553212114656612   0.010476237571547   0
0.243844040003544   0.000524795255820526   0.00389279961500175   0
0.231371118746485   0.0348090846502134   -0.0124729212570592   0
0.230139148517261   0.0612895043788433   -0.00123197022922369   0
0.211203246359401   -0.110207544202392   -0.0189359021578598   0
0.215752849029277   -0.00107176972167614   0.00454960266987561   0
0.218669435075527   0.0244879346936067   0.00291658604624973   0
0.230424284524223   0.042410609162166   0.0117548494486961   0
0.226219949790331   0.126794634616399   -0.00420433473389156   0
0.19349509036482   -0.000393811879663308   -0.0327248594255109   0
0.164436185154188   -0.146533267748693   -0.0290589052106321   0
0.192270837875898   0.0351799957636066   0.0278346527217101   0
0.204860130277343   -0.00253810710188312   0.0125892924014448   0
0.209716561159342   -0.0302516407714746   0.00485643088199875   0
0.200604025651282   0.00783185280089932   -0.00911253550806038   0
0.265102769108982   0.0859272107068747   0.0644987434577001   0
0.326912863805097   0.231841505868562   0.0618100946961156   0
0.237227408053691   -0.191426217994675   -0.089685455751406   0
0.183089677344874   -0.0998234105823697   -0.0541377307088174   0
0.203972991421046   -0.0204988394984471   0.020883314076172   0
0.209006825820002   0.00847762706505686   0.00503383439895586   0
0.207870066428526   -0.00158761104546407   -0.00113675939147517   0
0.225174208830074   0.00325709805092825   0.017304142401548   0
0.192896906168813   -0.00928206752678454   -0.0322773026612611   0
0.197386714449707   -0.00367540500472052   0.00448980828089315   0
0.218371604454998   0.00106198888716827   0.0209848900052912   0
0.217662305032934   -0.00938341880224969   -0.000709299422063769   0
0.228681358609529   -0.00787417742370147   0.011019053576595   0
0.245676488458399   0.0167990311651836   0.0169951298488702   0
0.27460533394947   0.120202017382347   0.0289288454910708   0
0.331956407914503   0.278064735532639   0.0573510739650331   0
0.50393509133211   0.562811149612879   0.171978683417607   0
0.650002559496796   0.177513069690714   0.146067468164686   0
0.50366516388995   -0.310931941570201   -0.146337395606846   0
0.394324058681194   -0.220148600630109   -0.109341105208756   0
0.317238134502809   -0.201225925973781   -0.0770859241783851   0
0.252775085938275   -0.00296859416089168   -0.0644630485645339   0
0.216881233570104   -0.0666821820214903   -0.0358938523681714   0
0.230766487280156   0.0323798773052033   0.0138852537100522   0
0.246545434697136   -0.021411744838688   0.0157789474169803   0
0.287096235648432   0.110758011252381   0.0405508009512955   0
0.337368840873383   0.0925474720588827   0.0502726052249509   0
0.33220885468783   -0.222194948283438   -0.00515998618555252   0
0.316907395103838   -0.0347126309239174   -0.0153014595839925   0
0.342520828086045   0.00771485230516916   0.0256134329822072   0
0.320939684515642   -0.032615030971825   -0.0215811435704028   0
0.317581295046245   -0.0432877674093031   -0.00335838946939743   0
0.385780724415762   0.162815946133625   0.068199429369517   0
0.380857591493855   -0.045852769131979   -0.00492313292190699   0
0.338847220194441   -0.0639394267571107   -0.0420103712994138   0
0.366927599503294   0.0426357637429821   0.0280803793088534   0
0.364983626954689   -0.0011826587628484   -0.0019439725486049   0
0.375582256061505   -0.0115801739793114   0.0105986291068157   0
0.372200238053726   -0.0332278396606883   -0.00338201800777965   0
0.354894809590462   -0.0283944613413477   -0.0173054284632639   0
0.353691187290905   -0.0201289654157651   -0.00120362229955678   0
0.34774042998514   0.0190499380687256   -0.005950757305765   0
0.347710379879937   0.0486832590660791   -3.00501052030167e-05   0
0.340505496608718   -0.103705893368666   -0.00720488327121838   0
0.337196903292794   0.0112537410826039   -0.00330859331592431   0
0.348948653704596   0.000646019030238587   0.0117517504118018   0
0.346451797792997   0.0929216232180833   -0.00249685591159848   0
0.355963763125195   -0.0648163199838282   0.00951196533219761   0
0.37009518703335   -0.0470805776373902   0.0141314239081545   0
0.346620909937644   0.00462531748086037   -0.023474277095706   0
0.354644097335272   0.00313616190368948   0.00802318739762858   0
0.354239280030462   0.00155416010840509   -0.000404817304810234   0
0.373229813943434   -0.0011191695911601   0.0189905339129716   0
0.354346436020951   -0.0184679804197587   -0.0188833779224824   0
0.37855121152428   0.0592193396729616   0.0242047755033287   0
0.409309776930627   0.0585116994373556   0.0307585654063475   0
0.400131902414066   -0.117462382564198   -0.00917787451656082   0
0.399257090621444   -0.0100897433689133   -0.000874811792622388   0
0.396752949640579   0.00568803197441203   -0.00250414098086488   0
0.407054355925594   0.0423494002017302   0.0103014062850146   0
0.388954915345275   0.0236258789466209   -0.0180994405803188   0
0.394625553625839   -0.10500966229351   0.00567063828056413   0
0.393158491490709   0.00907532463346322   -0.00146706213513004   0
0.393666000759844   0.0174272536548231   0.000507509269135398   0
0.397202839066515   -0.0064292126737151   0.00353683830667079   0
0.404890037407072   -0.00175902870679168   0.00768719834055659   0
0.373676293258283   -0.0243615026869841   -0.0312137441487893   0
0.393509951357332   0.0753481133108818   0.0198336580990497   0
0.448290912908961   0.117942298135821   0.0547809615516291   0
0.414185315807731   -0.164433029453812   -0.0341055971012302   0
0.379259858737383   -0.0642909364552115   -0.0349254570703478   0
0.365942205776746   -0.0108635362839878   -0.0133176529606377   0
0.388265353176471   0.0260248143763103   0.0223231473997256   0
0.391845603337909   0.0212452792216131   0.00358025016143781   0
0.384358873540731   0.0370841346950526   -0.00748672979717763   0
0.374175219914414   0.0997566506556792   -0.0101836536263175   0
0.381372306210086   -0.120397980843562   0.00719708629567256   0
0.415464701426306   -0.0542069388224999   0.0340923952162199   0
0.417282859869957   0.0387609497534452   0.0018181584436503   0
0.427793355858001   0.111184609941398   0.0105104959880439   0
0.419879595928702   -0.125487407986059   -0.00791375992929877   0
0.429778747005072   -0.020184879781497   0.00989915107637052   0
0.417254817420063   0.00574424147052088   -0.0125239295850095   0
0.41270226016494   0.0123006879031182   -0.00455255725512266   0
0.399266668987971   0.0319178341688388   -0.0134355911769692   0
0.396274462153758   0.0952461049920977   -0.00299220683421325   0
0.409697128458634   0.00479755798313064   0.0134226663048758   0
0.424341492052097   -0.128135826556909   0.0146443635934635   0
0.431904363049854   0.00133563196532849   0.00756287099775688   0
0.424025135642039   0.000652447534481626   -0.00787922740781444   0
0.423910727786524   0.0837351244877083   -0.000114407855515974   0
0.40263637326563   -0.0559308618012321   -0.0212743545208932   0
0.430078593671261   -0.0608618218326209   0.027442220405631   0
0.433228636436062   0.0270667722871821   0.00315004276480102   0
0.406929195519626   0.00307785461583882   -0.0262994409164364   0
0.43315084477841   0.0546843284406395   0.0262216492587836   0
0.4301142054109   0.124234366297274   -0.00303663936750947   0
0.440470198392014   -0.123178661750643   0.0103559929811137   0
0.470499211885897   -0.0181936521632373   0.0300290134938829   0
0.460994699376793   -0.0215276122008537   -0.00950451250910356   0
0.441869523342864   -0.00196187032316697   -0.0191251760339292   0
0.434454106294612   0.000619321388220406   -0.00741541704825205   0
