0.028414015616743   0.0238665738752491   0   0   0
0.0102572277740187   0.00273556   -0.0181567878427244   -0.0211310138752491   0
0.0317321817028076   0.02692035   0.021474953928789   0.02418479   0
0.0554577106234384   0.0427571297301397   0.0237255289206307   0.0158367797301397   0
0.118833928757518   0.0139703803858521   0.0633762181340795   -0.0287867493442877   0
0.136338006521705   0.0158222804925523   0.0175040777641868   0.0018519001067002   0
0.0622128508510099   0.0127061189385036   -0.0741251556706948   -0.00311616155404866   0
0.0576985363085798   0.0255563215821937   -0.00451431454243009   0.0128502026436901   0
0.0730941205268302   0.0140570518271969   0.0153955842182504   -0.0114992697549968   0
0.0990064994083217   0.02107930671398   0.0259123788814915   0.00702225488678308   0
0.0669188511997927   0.021839771252397   -0.032087648208529   0.000760464538416977   0
0.0906407322396504   0.0381097466120545   0.0237218810398577   0.0162699753596575   0
0.0859745132373542   0.0542682551730061   -0.00466621900229618   0.0161585085609516   0
0.137123428122194   0.0243514472399568   0.0511489148848394   -0.0299168079330493   0
0.10981769979301   0.0288942795154058   -0.0273057283291839   0.004542832275449   0
0.0703716458063189   0.0394421724604832   -0.0394460539866908   0.0105478929450774   0
0.0894964517220096   0.0551340089123084   0.0191248059156907   0.0156918364518252   0
0.129825518089781   0.0297304016206055   0.0403290663677712   -0.0254036072917029   0
0.106586600788882   0.0286503091542657   -0.0232389173008993   -0.00108009246633978   0
0.0713219761771987   0.0276187950925746   -0.0352646246116828   -0.00103151406169104   0
0.0981238791056489   0.0452750190158922   0.0268019029284502   0.0176562239233176   0
0.108082893199294   0.0509536540533895   0.00995901409364512   0.00567863503749733   0
0.11981296637971   0.017842134009277   0.0117300731804163   -0.0331115200441125   0
0.0912981816155262   0.019046145315785   -0.0285147847641842   0.001204011306508   0
0.0741944481379166   0.0280108404929681   -0.0171037334776095   0.00896469517718304   0
0.103093720074552   0.0563541180553382   0.028899271936635   0.0283432775623702   0
0.0990342193314008   0.0584984861121423   -0.0040595007431508   0.00214436805680401   0
0.131426088278208   0.0410261084184511   0.0323918689468068   -0.0174723776936912   0
0.124726610857252   0.0246437922241079   -0.00669947742095549   -0.0163823161943432   0
0.071459156826199   0.0381801059815842   -0.0532674540310531   0.0135363137574763   0
0.113804518623559   0.0721747530104884   0.0423453617973601   0.0339946470289042   0
0.122876017171568   0.0328651380317731   0.00907149854800945   -0.0393096149787152   0
0.127343337121381   0.01660464707323   0.00446731994981293   -0.0162604909585431   0
0.114363802831046   0.0321600784384149   -0.0129795342903353   0.0155554313651849   0
0.132425864703173   0.0499264547774524   0.018062061872127   0.0177663763390375   0
0.11619999347742   0.0420789820876468   -0.016225871225753   -0.0078474726898056   0
0.132239181379035   0.0197900388825092   0.0160391879016143   -0.0222889432051376   0
0.0988061719848399   0.0275944199010416   -0.0334330093941947   0.00780438101853241   0
0.0871424575752449   0.0457227079675133   -0.011663714409595   0.0181282880664717   0
0.088070013973713   0.0669555831834433   0.000927556398468116   0.0212328752159301   0
0.127168210444308   0.0311584080589177   0.0390981964705951   -0.0357971751245257   0
0.111775046863184   0.0322169266580473   -0.0153931635811245   0.00105851859912966   0
0.0995502318680519   0.0411721496374673   -0.0122248149951317   0.00895522297942   0
0.116297807434785   0.0693730421465175   0.0167475755667333   0.0282008925090502   0
0.10990479391073   0.0473470019114991   -0.00639301352405543   -0.0220260402350184   0
0.11021031979295   0.0357952546993662   0.000305525882220617   -0.0115517472121329   0
0.100082190016041   0.05882799466793   -0.0101281297769097   0.0230327399685638   0
0.118596653546102   0.0664067846162386   0.0185144635300612   0.00757878994830859   0
0.112169621470145   0.0614888099540477   -0.00642703207595705   -0.00491797466219084   0
0.133400746787602   0.0318670341935047   0.0212311253174574   -0.029621775760543   0
0.0805557168203859   0.0475356117988661   -0.0528450299672165   0.0156685776053614   0
0.0966195738054148   0.0707695603696427   0.0160638569850289   0.0232339485707766   0
0.102213115197627   0.0680474241039292   0.00559354139221184   -0.00272213626571352   0
0.115137213222876   0.0396419210252543   0.0129240980252493   -0.0284055030786748   0
0.0844544787723155   0.0384683375361153   -0.0306827344505604   -0.00117358348913899   0
0.100571504896121   0.0673458020717142   0.0161170261238056   0.0288774645355988   0
0.108015872052583   0.065313226653795   0.00744436715646192   -0.00203257541791914   0
0.109620159351918   0.0323245441331351   0.00160428729933541   -0.0329886825206599   0
0.104368933086842   0.0328988180933981   -0.00525122626507604   0.000574273960263008   0
0.121858239171834   0.0564616983320109   0.017489306084992   0.0235628802386127   0
0.131587516000189   0.075969436444155   0.00972927682835459   0.0195077381121441   0
0.106198172340441   0.0468028411236166   -0.025389343659748   -0.0291665953205383   0
0.0993734711605165   0.0317101641289114   -0.00682470117992448   -0.0150926769947052   0
0.0779136498349936   0.0438082575627872   -0.0214598213255229   0.0120980934338758   0
0.0915788083585389   0.0571388870690312   0.0136651585235454   0.013330629506244   0
0.0914962998352392   0.0547919822960896   -8.25085232997042e-05   -0.00234690477294155   0
0.0973105729912737   0.0302591740003544   0.00581427315603443   -0.0245328082957352   0
0.082120289975316   0.0351803588057314   -0.0151902830159576   0.00492118480537694   0
0.108969571491862   0.0452320449220185   0.0268492815165459   0.0100516861162872   0
0.105905830041389   0.0610303162884644   -0.00306374145047278   0.0157982713664459   0
0.0995182899960605   0.0392364467481766   -0.00638754004532863   -0.0217938695402878   0
0.100374602252462   0.0302319031766526   0.000856312256401717   -0.00900454357152399   0
0.0776968201373776   0.0463175112950005   -0.0226777821150847   0.0160856081183479   0
0.114816915899531   0.0614370052301746   0.0371200957621536   0.0151194939351741   0
0.104530959065915   0.0507129506432036   -0.0102859568336161   -0.010724054586971   0
0.107422490062789   0.0281575309209632   0.00289153099687398   -0.0225554197222403   0
0.0881236433829764   0.0356918558766913   -0.0192988466798126   0.00753432495572804   0
0.118682456044438   0.046924690526044   0.0305588126614618   0.0112328346493527   0
0.138185387618807   0.0669909418778763   0.0195029315743691   0.0200662513518323   0
0.122729683734498   0.0415353402688   -0.0154557038843088   -0.0254556016090763   0
0.10603520445088   0.0306025560442216   -0.0166944792836181   -0.0109327842245784   0
0.0971340396462538   0.0363809822662885   -0.0089011648046266   0.0057784262220669   0
0.106202619256071   0.0642423139101091   0.00906857960981734   0.0278613316438206   0
0.0900756352533247   0.038922663998948   -0.0161269840027464   -0.0253196499111612   0
0.0875354431120332   0.0276040565183584   -0.00254019214129154   -0.0113186074805896   0
0.0751114494812003   0.0230428403447253   -0.0124239936308329   -0.0045612161736331   0
0.0989671160150683   0.0442479113371467   0.0238556665338681   0.0212050709924215   0
0.111080194209904   0.0508556141877669   0.0121130781948357   0.00660770285062016   0
0.0839268466966917   0.0448343583072737   -0.0271533475132123   -0.00602125588049324   0
0.0832262030193016   0.0226226525392807   -0.000700643677390186   -0.0222117057679929   0
0.0618942264778388   0.0421215651412967   -0.0213319765414628   0.0194989126020159   0
0.0912497405035214   0.0447893341003469   0.0293555140256826   0.00266776895905024   0
0.110553770784492   0.0551343445843063   0.0193040302809706   0.0103450104839594   0
0.0742501202552562   0.032308049896272   -0.0363036505292359   -0.0228262946880343   0
0.0744426772443738   0.0165085617505735   0.000192556989117604   -0.0157994881456984   0
0.100735796824813   0.0278633311946167   0.0262931195804392   0.0113547694440432   0
0.125019562186803   0.0503649152715707   0.0242837653619905   0.022501584076954   0
0.11371974226835   0.0543714527671461   -0.0112998199184532   0.00400653749557536   0
0.0947798212773209   0.0201630276293641   -0.0189399209910293   -0.034208425137782   0
0.0985676651429869   0.0344665041110656   0.003787843865666   0.0143034764817015   0
0.110929211471911   0.044950921827628   0.0123615463289243   0.0104844177165625   0
0.109248151703313   0.0592945019615015   -0.00168105976859863   0.0143435801338734   0
0.0936107989724562   0.0328631187701354   -0.0156373527308564   -0.0264313831913661   0
0.0916987334735328   0.0314988014189826   -0.00191206549892338   -0.00136431735115279   0
0.10602964646626   0.0468964349488583   0.0143309129927268   0.0153976335298757   0
0.136919876270321   0.0554547736133013   0.0308902298040613   0.00855833866444302   0
0.126569260720011   0.0573720388813445   -0.0103506155503104   0.00191726526804312   0
0.0931327897471669   0.0214526579967378   -0.0334364709728436   -0.0359193808846066   0
0.097309445349822   0.0257930931198955   0.00417665560265512   0.00434043512315765   0
0.148811304641818   0.0660590747423063   0.0515018592919961   0.0402659816224108   0
0.147615023261252   0.0602210666587966   -0.00119628138056604   -0.00583800808350964   0
0.108541113314403   0.0229970965727464   -0.0390739099468494   -0.0372239700860502   0
0.0973104878871235   0.0223317356827589   -0.0112306254272792   -0.000665360889987539   0
0.130641066968125   0.0653551212102196   0.0333305790810011   0.0430233855274608   0
0.144055523764589   0.0646560276508239   0.0134144567964642   -0.000699093559395764   0
0.115398986468253   0.0394812868782794   -0.0286565372963359   -0.0251747407725445   0
0.111103263304144   0.0331722217257904   -0.0042957231641086   -0.00630906515248902   0
0.141238997528303   0.0504015449140699   0.0301357342241588   0.0172293231882795   0
0.151616648809819   0.0769417424016775   0.010377651281516   0.0265401974876077   0
0.123843711949295   0.0605203477657721   -0.0277729368605239   -0.0164213946359054   0
0.10940099706063   0.0270452762892617   -0.0144427148886651   -0.0334750714765105   0
0.155053709428701   0.0616773076018239   0.0456527123680708   0.0346320313125622   0
0.190109322265401   0.0903310698593789   0.0350556128366999   0.028653762257555   0
0.165761832201626   0.0971842124331545   -0.0243474900637748   0.00685314257377555   0
0.113827749007085   0.0316679615746341   -0.0519340831945407   -0.0655162508585204   0
0.105878719286172   0.0439376314027623   -0.0079490297209133   0.0122696698281282   0
0.151229716188486   0.0529213544148532   0.045350996902314   0.00898372301209092   0
0.170881045906824   0.0780744654100174   0.0196513297183378   0.0251531109951642   0
0.127073541591749   0.0604979393068268   -0.0438075043150746   -0.0175765261031906   0
0.10232809988361   0.0404655666444373   -0.0247454417081395   -0.0200323726623895   0
0.127743140761373   0.0526949989305674   0.0254150408777635   0.0122294322861301   0
0.140340806171976   0.0766924580688349   0.0125976654106023   0.0239974591382675   0
0.141004244090382   0.083677581702643   0.000663437918406395   0.00698512363380811   0
0.0971716049336945   0.0473253608798707   -0.0438326391566874   -0.0363522208227723   0
0.103438177325299   0.0546685166212007   0.00626657239160451   0.00734315574132999   0
0.160649287422789   0.0814553987821556   0.0572111100974904   0.0267868821609549   0
0.187068727554046   0.0973946381888654   0.0264194401312569   0.0159392394067098   0
0.137442604484054   0.0614434213084688   -0.0496261230699927   -0.0359512168803966   0
0.11166707103681   0.0482880096249165   -0.0257755334472435   -0.0131554116835524   0
0.145209069013888   0.0679571719330638   0.0335419979770776   0.0196691623081474   0
0.159326203248587   0.0770317485444962   0.0141171342346992   0.00907457661143239   0
0.158696676893784   0.0822034467397961   -0.000629526354803123   0.0051716981952999   0
0.11305367091205   0.0549846161294457   -0.0456430059817342   -0.0272188306103504   0
0.113108163248238   0.0745618584995204   5.44923361881916e-05   0.0195772423700747   0
0.13553344449065   0.0612254684518828   0.0224252812424119   -0.0133363900476376   0
0.188261989034377   0.068878968236919   0.0527285445437277   0.0076534997850362   0
0.192076788446756   0.0726961512859862   0.00381479941237906   0.00381718304906721   0
0.13138989765587   0.0487494780315902   -0.0606868907908863   -0.023946673254396   0
0.169828080576918   0.0192147430468534   0.0384381829210475   -0.0295347349847369   0
0.245391504373114   0.0290698603069399   0.0755634237961964   0.00985511726008653   0
0.287785069107138   0.0425727454014302   0.0423935647340238   0.0135028850944903   0
0.389227101301746   0.0497300051804492   0.101442032194609   0.00715725977901891   0
0.366071216093604   0.0720982956174589   -0.0231558852081426   0.0223682904370098   0
0.336145205932734   0.0774403154266239   -0.02992601016087   0.00534201980916492   0
0.275329625416827   0.0958870238824055   -0.0608155805159072   0.0184467084557816   0
0.16698858236634   0.0975106312404575   -0.108341043050486   0.00162360735805206   0
0.111231883513964   0.0652905972965405   -0.0557566988523761   -0.032220033943917   0
0.127642137321811   0.0684271476726688   0.0164102538078466   0.00313655037612828   0
0.141584935572256   0.0806076619595844   0.0139427982504456   0.0121805142869156   0
0.170125653456262   0.0834201727327972   0.0285407178840051   0.00281251077321286   0
0.176316756039493   0.0745813164663242   0.00619110258323119   -0.00883885626647304   0
0.232003380330287   0.0735410076027314   0.0556866242907947   -0.00104030886359277   0
0.300226938677544   0.0957401967729424   0.068223558347257   0.022199189170211   0
0.302904074235409   0.0967791827845353   0.00267713555786436   0.00103898601159295   0
0.291477824601066   0.108113030459526   -0.0114262496343425   0.0113338476749911   0
0.20428936549084   0.0805612392996781   -0.0871884591102263   -0.0275517911598484   0
0.144391415055674   0.0715732323444492   -0.0598979504351657   -0.00898800695522896   0
0.173453611278088   0.0946883974316415   0.0290621962224135   0.0231151650871924   0
0.186074119316605   0.0911904689381654   0.0126205080385168   -0.00349792849347619   0
0.179581823235371   0.102301175510414   -0.00649229608123372   0.0111107065722485   0
0.160951240140485   0.0785076854059047   -0.0186305830948861   -0.0237934901045092   0
0.18515320833526   0.0805243189627208   0.0242019681947747   0.00201663355681615   0
0.255959219550166   0.0928074739184566   0.0708060112149063   0.0122831549557358   0
0.281662314519373   0.104618677901463   0.0257030949692068   0.0118112039830061   0
0.260403979627501   0.109316626322829   -0.0212583348918715   0.00469794842136617   0
0.182323462682837   0.072210080547542   -0.0780805169446637   -0.0371065457752869   0
0.197696261216089   0.0817262574777531   0.0153727985332514   0.00951617693021115   0
0.236474554314772   0.0919826788014597   0.0387782930986831   0.0102564213237066   0
0.235653950782265   0.0993704824636069   -0.000820603532507264   0.00738780366214718   0
0.167934587860423   0.0760290138410496   -0.067719362921842   -0.0233414686225573   0
0.148632881891357   0.0756345192928137   -0.0193017059690659   -0.000394494548235896   0
0.215602740803381   0.0837554796517517   0.0669698589120245   0.00812096035893807   0
0.228180505285377   0.100414795034708   0.0125777644819959   0.0166593153829567   0
0.190820816417523   0.0920719235701362   -0.0373596888678542   -0.00834287146457222   0
0.148878199157634   0.0534910063431461   -0.0419426172598894   -0.0385809172269901   0
0.197779183065306   0.0695496161722155   0.0489009839076729   0.0160586098290694   0
0.264109085669127   0.095739255996848   0.0663299026038208   0.0261896398246325   0
0.209472282514823   0.0885713291280254   -0.0546368031543038   -0.00716792686882263   0
0.146772735184025   0.0650983636893048   -0.0626995473307982   -0.0234729654387206   0
0.195253713612827   0.069642396312609   0.0484809784288021   0.0045440326233042   0
0.23054488672521   0.0993440947761995   0.0352911731123828   0.0297016984635904   0
0.234352409744683   0.106792343858326   0.00380752301947324   0.00744824908212682   0
0.163733246476853   0.070692542062388   -0.0706191632678301   -0.0360998017959383   0
0.16094977946257   0.0694287003718563   -0.00278346701428309   -0.0012638416905317   0
0.243805518759885   0.0911075665982387   0.0828557392973143   0.0216788662263824   0
0.255519337197031   0.103382245195694   0.0117138184371464   0.0122746785974549   0
0.219420777111102   0.0970441767563232   -0.0360985600859287   -0.00633806843937033   0
0.169761490528594   0.0911809079818933   -0.049659286582508   -0.00586326877442989   0
0.236853874045924   0.0950916222111601   0.0670923835173299   0.00391071422926678   0
0.258648425024871   0.102841029455429   0.021794550978947   0.00774940724426931   0
0.258351063949599   0.103830824932002   -0.000297361075271785   0.000989795476572353   0
0.205040322183223   0.099749234474055   -0.0533107417663761   -0.00408159045794679   0
0.197289925307934   0.0866515238625525   -0.00775039687528972   -0.0130977106115025   0
0.264730537330773   0.103190220002685   0.0674406120228399   0.0165386961401324   0
0.291942617105896   0.108397311030821   0.027212079775123   0.00520709102813591   0
0.219094611332091   0.0923861185313302   -0.0728480057738054   -0.0160111924994905   0
0.178858069776597   0.0884235159135284   -0.0402365415554941   -0.00396260261780186   0
0.22718796382652   0.0889492067485849   0.0483298940499228   0.000525690835056519   0
0.273355433490977   0.103737387572008   0.0461674696644574   0.0147881808234231   0
0.249972197984096   0.114830213311491   -0.0233832355068812   0.0110928257394829   0
0.192574431096239   0.0953334989472352   -0.0573977668878571   -0.0194967143642557   0
0.201801617069066   0.071828325320395   0.00922718597282737   -0.0235051736268402   0
0.263522623377956   0.0877834488282102   0.0617210063088898   0.0159551235078152   0
0.281104995204639   0.11415791127896   0.0175823718266829   0.0263744624507502   0
0.195564372157712   0.0776233243821887   -0.085540623046927   -0.0365345868967717   0
0.213080155981006   0.0803406456153422   0.0175157838232945   0.00271732123315342   0
0.259383869689578   0.094017286952786   0.0463037137085717   0.0136766413374438   0
0.280582301592759   0.107360993676894   0.021198431903181   0.0133437067241077   0
0.248971613758356   0.0955619582585167   -0.031610687834403   -0.0117990354183769   0
0.205401713754511   0.0828245716350528   -0.0435699000038452   -0.0127373866234639   0
0.239607138899679   0.0907389581276973   0.0342054251451681   0.00791438649264443   0
0.247088103582022   0.109150268948924   0.00748096468234302   0.018411310821227   0
0.259286751093919   0.11072453268725   0.0121986475118973   0.00157426373832621   0
0.245365104069935   0.108417314320453   -0.0139216470239842   -0.00230721836679704   0
0.202730635921387   0.0881154755347918   -0.0426344681485479   -0.0203018387856616   0
0.215602324544519   0.0684824168736217   0.0128716886231317   -0.0196330586611702   0
0.268794995379378   0.0813976600136791   0.0531926708348595   0.0129152431400575   0
0.314807916285534   0.124326805905605   0.0460129209061561   0.042929145891926   0
0.288390455626135   0.119006299917861   -0.0264174606593989   -0.00532050598774361   0
0.221010170198116   0.0805089953168278   -0.0673802854280199   -0.0384973046010337   0
0.210222353663353   0.0759801949381712   -0.0107878165347623   -0.00452880037865656   0
0.275368906963459   0.10231595834656   0.0651465533001054   0.0263357634083888   0
0.290471746764208   0.105649525473816   0.015102839800749   0.00333356712725602   0
0.250883414621214   0.115853038984051   -0.0395883321429937   0.0102035135102348   0
0.209798754298018   0.0854111347604193   -0.0410846603231964   -0.0304419042236316   0
0.261747209593531   0.0950469083866093   0.0519484552955136   0.00963577362619   0
0.297961950548119   0.106627668051461   0.0362147409545882   0.0115807596648514   0
0.288653460221768   0.111587518494285   -0.00930849032635112   0.00495985044282472   0
0.231867511743237   0.0987958406142308   -0.0567859484785317   -0.0127916778800546   0
0.235241323548819   0.0671069519875549   0.00337381180558199   -0.0316888886266759   0
0.292454331576744   0.0865403437245456   0.0572130080279252   0.0194333917369907   0
0.32142539190456   0.100433651453696   0.0289710603278162   0.0138933077291505   0
0.274033241534672   0.11089267230913   -0.0473921503698878   0.0104590208554335   0
0.216629077847366   0.0885258587861338   -0.0574041636873066   -0.0223668135229958   0
0.236071559492032   0.0777074256384967   0.0194424816446663   -0.010818433147637   0
0.277497170648639   0.0819658591804234   0.0414256111566073   0.00425843354192666   0
0.302071199025991   0.113993292217141   0.024574028377352   0.0320274330367176   0
0.266608393793219   0.108571774111518   -0.0354628052327725   -0.00542151810562295   0
0.216350733929885   0.0799324386020782   -0.0502576598633336   -0.0286393355094399   0
0.244947205832196   0.0774760389094751   0.0285964719023104   -0.00245639969260308   0
0.29945959627302   0.0970382749038878   0.0545123904408242   0.0195622359944127   0
0.295484036022253   0.112466565745614   -0.00397556025076701   0.0154282908417262   0
0.251893669191983   0.0994885358800827   -0.0435903668302702   -0.0129780298655313   0
0.243060955688074   0.0863021202792985   -0.00883271350390835   -0.0131864156007842   0
0.275774025355562   0.0970361170706686   0.0327130696674874   0.0107339967913701   0
0.302406762407854   0.10706780420236   0.0266327370522918   0.0100316871316919   0
0.262717172710502   0.0990192295939153   -0.039689589697351   -0.00804857460844523   0
0.234537856784358   0.0927176864863037   -0.0281793159261445   -0.00630154310761158   0
0.25815462419643   0.0991714608257461   0.0236167674120721   0.00645377433944247   0
0.303561920886003   0.114819922493453   0.0454072966895731   0.0156484616677066   0
0.325110406531381   0.132677572293172   0.0215484856453782   0.0178576497997197   0
0.263047018165954   0.112983070658838   -0.0620633883654268   -0.0196945016343343   0
0.230966084943223   0.113214640632296   -0.0320809332227317   0.000231569973458232   0
0.276391108778846   0.105590627271375   0.0454250238356234   -0.00762401336092106   0
0.281966377621517   0.115802908889425   0.0055752688426709   0.0102122816180499   0
0.290445602251093   0.125736392411117   0.00847922462957568   0.00993348352169225   0
0.25461905661203   0.112041044092377   -0.0358265456390631   -0.0136953483187402   0
0.238303440161908   0.0975106565089683   -0.0163156164501218   -0.0145303875834089   0
0.308667590235839   0.112235866830539   0.0703641500739314   0.0147252103215708   0
0.312214340594727   0.114044254793216   0.00354675035888735   0.00180838796267707   0
0.31072516964192   0.121780239011395   -0.00148917095280654   0.00773598421817893   0
0.258124984395157   0.102750796053072   -0.0526001852467632   -0.019029442958323   0
0.253791370280788   0.101315581493927   -0.004333614114369   -0.00143521455914535   0
0.288592399737069   0.11116361747132   0.0348010294562807   0.00984803597739349   0
0.319261203898939   0.114199570716411   0.0306688041618706   0.00303595324509058   0
0.30468472756113   0.125123243017844   -0.0145764763378092   0.0109236723014334   0
0.253530388119452   0.105166399863502   -0.051154339441678   -0.0199568431543422   0
0.235374501732877   0.0917718502171145   -0.0181558863865753   -0.0133945496463875   0
0.298918554302004   0.102958574446765   0.063544052569127   0.0111867242296502   0
0.343425029329547   0.127728239765684   0.0445064750275429   0.024769665318919   0
0.285077383203228   0.119944415649385   -0.0583476461263189   -0.00778382411629849   0
0.26337537076196   0.107517558652064   -0.0217020124412676   -0.0124268569973214   0
0.307679249441687   0.117987770082125   0.0443038786797271   0.0104702114300616   0
0.300578398759791   0.118608673503458   -0.00710085068189614   0.000620903421332974   0
0.274576712084255   0.111433334681784   -0.0260016866755359   -0.00717533882167437   0
0.258246093269579   0.107755801370228   -0.0163306188146765   -0.00367753331155621   0
0.290685183402938   0.11123831430565   0.0324390901333597   0.00348251293542177   0
0.323634316131649   0.135935846227007   0.0329491327287103   0.0246975319213574   0
0.295207697972123   0.135254998990093   -0.0284266181595261   -0.000680847236914223   0
0.258163891315188   0.13558185481591   -0.0370438066569351   0.000326855825817207   0
0.299998919301387   0.122806180397456   0.0418350279861993   -0.012775674418454   0
0.328765477205256   0.131885398751539   0.0287665579038696   0.00907921835408323   0
0.292161012150834   0.139166446182701   -0.0366044650544221   0.0072810474311614   0
0.254956546723162   0.111753594211283   -0.0372044654276722   -0.0274128519714181   0
0.289728788871593   0.120920860568896   0.0347722421484306   0.00916726635761397   0
0.337263368898847   0.137968399166485   0.0475345800272546   0.0170475385975884   0
0.280598269105495   0.134111356766159   -0.056665099793352   -0.00385704240032578   0
0.251830053496401   0.116074310030525   -0.0287682156090947   -0.0180370467356338   0
0.292480644347622   0.115338053862602   0.0406505908512211   -0.00073625616792318   0
0.33255951333408   0.132106188373113   0.040078868986458   0.0167681345105112   0
0.311451147350592   0.148843844409678   -0.021108365983488   0.0167376560365649   0
0.263504001612879   0.112277868698555   -0.047947145737713   -0.036565975711123   0
0.272234389357774   0.117550891342856   0.0087303877448951   0.00527302264430109   0
0.321157524377057   0.129034020546879   0.0489231350192832   0.0114831292040231   0
0.328618022418126   0.136601365013421   0.00746049804106896   0.00756734446654203   0
0.271428646443223   0.122141316867236   -0.0571893759749033   -0.0144600481461856   0
0.251013416041852   0.109932213710313   -0.0204152304013705   -0.0122091031569225   0
0.312032038805312   0.128046221835086   0.0610186227634602   0.0181140081247725   0
0.327875031771253   0.156093659323529   0.0158429929659403   0.0280474374884434   0
0.277569464784944   0.132880322243184   -0.0503055669863092   -0.0232133370803449   0
0.24782207953893   0.113452523569344   -0.0297473852460131   -0.0194277986738405   0
0.304481236132869   0.120012394773582   0.0566591565939387   0.00655987120423786   0
0.324519598905829   0.148392796186346   0.0200383627729596   0.0283804014127647   0
0.293785448441546   0.129221125602627   -0.0307341504642832   -0.0191716705837189   0
0.270189856158591   0.11183400515855   -0.0235955922829547   -0.0173871204440778   0
0.300865056738067   0.123799861540149   0.0306752005794757   0.0119658563815991   0
0.350671218655025   0.143930314643441   0.049806161916958   0.0201304531032925   0
0.296190981061207   0.139272623619333   -0.054480237593818   -0.00465769102410787   0
0.250612407015295   0.114433347043639   -0.0455785740459114   -0.0248392765756941   0
0.292021445503579   0.119783338718173   0.0414090384882842   0.00534999167453341   0
0.329785475134973   0.145549198654003   0.0377640296313937   0.0257658599358305   0
0.288183987419496   0.145245434760443   -0.0416014877154776   -0.000303763893560599   0
0.254624292733431   0.13564002699304   -0.0335596946860645   -0.00960540776740307   0
0.280851174491046   0.127434293096962   0.026226881757615   -0.00820573389607723   0
0.338541359248763   0.131074767509273   0.0576901847577169   0.0036404744123108   0
0.333250908064779   0.142081400462411   -0.00529045118398369   0.0110066329531378   0
0.299849459969499   0.124953022008033   -0.0334014480952806   -0.0171283784543779   0
0.268638428377252   0.118382557896001   -0.0312110315922466   -0.0065704641120322   0
0.311650819113315   0.126996907667283   0.0430123907360626   0.00861434977128253   0
0.364589787483138   0.152562717920369   0.0529389683698237   0.0255658102530853   0
0.301881184721738   0.146226145099808   -0.0627086027614006   -0.00633657282056108   0
0.266470275511172   0.134475622953567   -0.0354109092105657   -0.0117505221462403   0
0.304854430530376   0.143782616238021   0.0383841550192041   0.00930699328445359   0
0.326317064847979   0.154385086759546   0.0214626343176025   0.0106024705215249   0
0.299051302413148   0.156197524940378   -0.027265762434831   0.00181243818083213   0
0.256489833024625   0.1384884671859   -0.0425614693885229   -0.0177090577544783   0
0.300011806784333   0.144520026005049   0.0435219737597082   0.00603155881914924   0
0.345733286058777   0.147046167032296   0.0457214792744437   0.00252614102724749   0
0.287290412561923   0.142856424874557   -0.0584428734968537   -0.00418974215773918   0
0.257782587103939   0.125141106615692   -0.0295078254579839   -0.0177153182588652   0
0.300616383712282   0.126585785580412   0.0428337966083429   0.00144467896471981   0
0.349106329925425   0.158315804264206   0.0484899462131434   0.0317300186837945   0
0.313500789986246   0.14622455438596   -0.0356055399391799   -0.0120912498782466   0
0.263033188369833   0.121811610982903   -0.0504676016164126   -0.0244129434030572   0
0.333619570370205   0.151719110782261   0.0705863820003718   0.0299074997993584   0
0.314567690902928   0.155081916178684   -0.0190518794672769   0.00336280539642336   0
0.262437877464363   0.129835860999465   -0.0521298134385649   -0.025246055179219   0
0.227522710853884   0.0993886970908161   -0.0349151666104792   -0.0304471639086493   0
0.338176288299697   0.0768808833443659   0.110653577445814   -0.0225078137464502   0
0.439314856761025   0.0657103810854284   0.101138568461328   -0.0111705022589375   0
0.456637192251015   0.116125518828701   0.0173223354899895   0.0504151377432726   0
0.471137977255963   0.132998041783986   0.0145007850049481   0.0168725229552854   0
0.398933223342153   0.0835459475621051   -0.0722047539138099   -0.0494520942218813   0
0.352959824889519   0.097837412518231   -0.0459733984526337   0.0142914649561259   0
0.293319619614321   0.101208642482362   -0.059640205275198   0.00337122996413065   0
0.260143964795342   0.142639607579986   -0.0331756548189793   0.0414309650976247   0
0.225183639041405   0.129144894556193   -0.0349603257539363   -0.0134947130237938   0
0.272420361421903   0.131620012319261   0.047236722380497   0.00247511776306872   0
0.411923497987442   0.191434874880859   0.139503136565539   0.0598148625615973   0
0.442582034338505   0.185922022452922   0.0306585363510636   -0.0055128524279362   0
0.40723999323054   0.20788893451986   -0.0353420411079657   0.0219669120669372   0
0.327664651122592   0.162880174280366   -0.0795753421079476   -0.0450087602394934   0
0.34191980858523   0.139830065998179   0.0142551574626374   -0.0230501082821876   0
0.383308252092555   0.190087361217053   0.0413884435073259   0.0502572952188746   0
0.363500952441668   0.208012053624958   -0.0198072996508871   0.0179246924079049   0
0.266796948881523   0.168865149948877   -0.0967040035601454   -0.0391469036760812   0
0.229867045786341   0.152304039298905   -0.0369299030951815   -0.0165611106499717   0
0.272525134962355   0.141926643932887   0.0426580891760138   -0.0103773953660183   0
0.436488273083023   0.168873885162604   0.163963138120668   0.0269472412297174   0
0.589676275646223   0.216559812825839   0.153188002563199   0.0476859276632348   0
0.624884247119416   0.217214089641798   0.0352079714731937   0.000654276815958726   0
0.563767018371605   0.242972459784051   -0.0611172287478111   0.0257583701422536   0
0.462120857670848   0.241416646356481   -0.101646160700757   -0.00155581342757091   0
0.355092840467729   0.256220552466547   -0.107028017203119   0.0148039061100664   0
0.295836949156051   0.247545703643388   -0.0592558913116778   -0.00867484882315905   0
