0   0   0   0   0
0.046530425423802   0   0.046530425423802   0   0
0.0442723956718467   0.0051385   -0.00225802975195532   0.0051385   0
0.129555274292481   0   0.0852828786206344   -0.0051385   0
0.0252455402958174   0.0143109020503164   -0.104309733996664   0.0143109020503164   0
0.0574030640892636   0.00348749   0.0321575237934461   -0.0108234120503164   0
0.0551962122744849   0.0204563   -0.00220685181477864   0.01696881   0
0.087695530237469   0.0265359148273599   0.032499317962984   0.00607961482735992   0
0.0582535001416596   0.0284923374665014   -0.0294420300958094   0.00195642263914149   0
0.0582998369529667   0.023192024773006   4.63368113071266e-05   -0.00530031269349539   0
0.0539653275087953   0.033347221846992   -0.00433450944417135   0.010155197073986   0
0.13783091624632   0.0392525476927294   0.0838655887375244   0.00590532584573744   0
0.0324847712994431   0.0306255105264386   -0.105346144946877   -0.00862703716629086   0
0.0592671314254965   0.0286027506541766   0.0267823601260534   -0.00202275987226197   0
0.048859076551605   0.0200024161576171   -0.0104080548738915   -0.00860033449655954   0
0.13821598245431   0.0276776156862364   0.0893569059027045   0.00767519952861935   0
0.080837945332251   0.0429717282471278   -0.0573780371220585   0.0152941125608914   0
0.0589409656545904   0.0185185556020846   -0.0218969796776607   -0.0244531726450432   0
0.0645777069888588   0.0224137304626539   0.00563674133426841   0.00389517486056928   0
0.132388970801272   0.0563859592550151   0.0678112638124131   0.0339722287923612   0
0.0631630534237382   0.0456232315894808   -0.0692259173775337   -0.0107627276655343   0
0.0556522987556678   0.0396615673167677   -0.00751075466807039   -0.00596166427271306   0
0.0666983093987396   0.0385268395917703   0.0110460106430719   -0.00113472772499745   0
0.15834232221794   0.0433330223109351   0.0916440128192006   0.00480618271916481   0
0.0418072841553586   0.0360380415872741   -0.116535038062582   -0.00729498072366097   0
0.0655603301950959   0.0299419423580034   0.0237530460397372   -0.00609609922927071   0
0.0665014708063664   0.0487619081231703   0.000941140611270513   0.0188199657651669   0
0.169535473467502   0.0630599914392041   0.103034002661135   0.0142980833160339   0
0.0523147464801274   0.0666907292759084   -0.117220726987374   0.00363073783670421   0
0.0514505898656653   0.0488821676548821   -0.00086415661446209   -0.0178085616210263   0
0.0433932216267449   0.044778760301202   -0.00805736823892041   -0.00410340735368011   0
0.166008147880428   0.056249953264425   0.122614926253683   0.0114711929632231   0
0.0828222937406348   0.0486598322545403   -0.083185854139793   -0.00759012100988474   0
0.0756426146805489   0.0408317429812885   -0.00717967906008589   -0.00782808927325183   0
0.0585580780928379   0.0395610688389798   -0.0170845365877111   -0.00127067414230864   0
0.1769983205098   0.0497245047412491   0.118440242416962   0.0101634359022692   0
0.109184935624838   0.0581564319473994   -0.0678133848849624   0.00843192720615037   0
0.0599287329681881   0.038286481097151   -0.0492562026566498   -0.0198699508502484   0
0.0902428460917124   0.0296152127693019   0.0303141131235243   -0.00867126832784904   0
0.140738303622184   0.0411417571270966   0.0504954575304714   0.0115265443577946   0
0.165165269974683   0.0401487837714295   0.0244269663524994   -0.000992973355667066   0
0.0792430057482047   0.0429211665783038   -0.0859222642264786   0.00277238280687428   0
0.086208747274566   0.0430089989031365   0.00696574152636137   8.78323248327678e-05   0
0.109710495582647   0.0507394393784066   0.0235017483080809   0.00773044047527006   0
0.18254024065515   0.0558856436649879   0.0728297450725028   0.00514620428658126   0
0.0602337790336361   0.0476544085604102   -0.122306461621514   -0.00823123510457762   0
0.0861182961346775   0.0362179504018726   0.0258845171010414   -0.0114364581585377   0
0.0794180265079056   0.0366294260677123   -0.00670026962677185   0.000411475665839732   0
0.157341333173105   0.043004817491409   0.0779233066651993   0.00637539142369675   0
0.0908439996549579   0.0407858485601624   -0.0664973335181469   -0.00221896893124665   0
0.095946973150225   0.0437532753674011   0.00510297349526707   0.00296742680723869   0
0.1142690770143   0.0406457584359365   0.0183221038640749   -0.00310751693146462   0
0.191168381676573   0.0581105356434829   0.0768993046622734   0.0174647772075465   0
0.104786038318709   0.0429033473045228   -0.086382343357864   -0.0152071883389602   0
0.096325356094177   0.0366538091467995   -0.00846068222453221   -0.0062495381577233   0
0.100023104999045   0.0374615239494138   0.00369774890486811   0.000807714802614296   0
0.178896591604787   0.0469830594910815   0.078873486605742   0.00952153554166771   0
0.119766794827364   0.0528439959611307   -0.0591297967774228   0.00586093647004926   0
0.120164633872741   0.0532740485100626   0.000397839045377046   0.000430052548931845   0
0.115767140452375   0.0467294508367873   -0.00439749342036609   -0.00654459767327523   0
0.213256287160871   0.0482795745940765   0.097489146708496   0.0015501237572892   0
0.170148334622352   0.0423163238357552   -0.0431079525385189   -0.00596325075832138   0
0.13131727555992   0.0408557668126545   -0.0388310590624323   -0.00146055702310067   0
0.142938448277921   0.0335718756668156   0.0116211727180012   -0.00728389114583889   0
0.177957934055917   0.0358754808966242   0.0350194857779954   0.00230360522980862   0
0.219569182041766   0.0475949836879108   0.0416112479858489   0.0117195027912866   0
0.149689725907973   0.0524425791788209   -0.0698794561337931   0.00484759549091007   0
0.159172758127922   0.0527765825102384   0.00948303221994959   0.000334003331417476   0
0.175864098990243   0.052547107137597   0.0166913408623209   -0.000229475372641362   0
0.252994871920361   0.0540193921232989   0.0771307729301183   0.00147228498570186   0
0.174563213703632   0.0357133271394937   -0.078431658216729   -0.0183060649838052   0
0.172153250018058   0.0454459298134057   -0.00240996368557425   0.009732602673912   0
0.198061060082617   0.0534594857313461   0.0259078100645589   0.0080135559179404   0
0.260117555429387   0.057194872980998   0.0620564953467696   0.00373538724965192   0
0.18284937509267   0.05298567830794   -0.0772681803367163   -0.00420919467305808   0
0.176501459547421   0.0524465589235864   -0.00634791554524888   -0.000539119384353519   0
0.18207622686581   0.0422282906924374   0.00557476731838893   -0.010218268231149   0
0.244013061608677   0.0524948026688359   0.0619368347428668   0.0102665119763985   0
0.227947136383877   0.0530230147503186   -0.0160659252247996   0.000528212081482626   0
0.191612188924322   0.0536651142668354   -0.0363349474595556   0.000642099516516829   0
0.187578008411567   0.0613452584117346   -0.00403418051275459   0.00768014414489925   0
0.241406011798567   0.0524973174997354   0.053828003387   -0.00884794091199925   0
0.23262304187034   0.0525902168412351   -0.00878296992822716   9.28993414996693e-05   0
0.180350638025715   0.0565615361049583   -0.052272403844625   0.00397131926372322   0
0.190789930376972   0.0559144217698127   0.0104392923512574   -0.000647114335145631   0
0.226267389783172   0.0524973174997354   0.0354774594061998   -0.00341710427007726   0
0.232982940282416   0.0681717963523591   0.00671555049924416   0.0156744788526237   0
0.210596695568164   0.0660825021098816   -0.0223862447142526   -0.00208929424247756   0
0.220120836201028   0.0732113391492126   0.00952414063286464   0.007128837039331   0
0.244243832636896   0.0618896280850031   0.0241229964358674   -0.0113217110642095   0
0.249627497886351   0.0635910636663441   0.00538366524945483   0.00170143558134098   0
0.199967600463075   0.06140634013457   -0.0496598974232757   -0.0021847235317741   0
0.210610084118668   0.0565025751377484   0.0106424836555932   -0.00490376499682162   0
0.260012902924913   0.0637616802060799   0.0494028188062443   0.00725910506833153   0
0.235662766326036   0.0637616802060799   -0.0243501365988762   0   0
0.213878766259977   0.066582203052409   -0.021784000066059   0.00282052284632912   0
0.211574111278389   0.0739470906128328   -0.00230465498158861   0.00736488756042375   0
0.26034563902328   0.0699790742536117   0.0487715277448913   -0.00396801635922107   0
0.268282856921217   0.0652303421706678   0.00793721789793667   -0.00474873208294389   0
0.202243655281371   0.065455708567416   -0.0660392016398457   0.000225366396748236   0
0.213615856708672   0.0696660510226466   0.0113722014273013   0.00421034245523057   0
0.255817260833901   0.062722219718693   0.0422014041252285   -0.0069438313039536   0
0.32718885145243   0.0719428660155323   0.0713715906185288   0.00922064629683925   0
0.243309070098301   0.0661178142422012   -0.0838797813541284   -0.00582505177333104   0
0.23300106087501   0.0695427161438206   -0.0103080092232913   0.00342490190161937   0
0.269437491948244   0.0683311342173319   0.0364364310732341   -0.00121158192648869   0
0.310423126999407   0.0777860964405593   0.0409856350511631   0.00945496222322745   0
0.259050154349327   0.0747767368822684   -0.0513729726500804   -0.00300935955829094   0
0.23708110322048   0.0789749046055929   -0.0219690511288465   0.00419816772332453   0
0.245152295091969   0.0844984016217023   0.00807119187148911   0.00552349701610937   0
0.29519749250163   0.0838195980952247   0.0500451974096608   -0.000678803526477575   0
0.313167192508427   0.0739481372042089   0.0179697000067965   -0.00987146089101584   0
0.2503897168847   0.0747137192326316   -0.0627774756237272   0.000765582028422696   0
0.249212540652131   0.0760843636967708   -0.00117717623256852   0.00137064446413927   0
0.274846904214637   0.0759490992653139   0.0256343635625062   -0.000135264431456963   0
0.314698994684143   0.084654240529019   0.0398520904695053   0.00870514126370511   0
0.262447836592817   0.0997397054748133   -0.0522511580913255   0.0150854649457943   0
0.258735827909492   0.0859811026665889   -0.00371200868332555   -0.0137586028082244   0
0.266208451977335   0.0929073944204658   0.00747262406784316   0.00692629175387691   0
0.323485226708176   0.0854009989628488   0.0572767747308413   -0.007506395457617   0
0.311828928540458   0.0784408978858605   -0.011656298167718   -0.00696010107698827   0
0.242299677659711   0.081441066881841   -0.0695292508807466   0.00300016899598048   0
0.248190221243566   0.0864116841531861   0.00589054358385421   0.00497061727134511   0
0.27624983887398   0.0774176460723264   0.0280596176304146   -0.0089940380808597   0
0.323054339691344   0.0951981602393922   0.0468045008173634   0.0177805141670658   0
0.262339291624843   0.102425186084893   -0.0607150480665006   0.00722702584550099   0
0.258313703319936   0.100493279144329   -0.00402558830490685   -0.00193190694056436   0
0.261538085718275   0.0973719427499524   0.00322438239833933   -0.00312133639437651   0
0.312253074522894   0.0973890010843242   0.0507149888046186   1.705833437185e-05   0
0.271842375611272   0.102573017864982   -0.0404106989116218   0.00518401678065822   0
0.254121207146787   0.0981405612703662   -0.0177211684644857   -0.00443245659461622   0
0.272361966665208   0.104372673958764   0.0182407595184217   0.00623211268839803   0
0.311410305714326   0.100456641562044   0.0390483390491178   -0.00391603239672016   0
0.301656478187839   0.104923226552799   -0.00975382752648729   0.00446658499075499   0
0.262738669486336   0.103245321436288   -0.0389178087015029   -0.00167790511651074   0
0.270678683697276   0.105232858951007   0.0079400142109402   0.00198753751471853   0
0.313921801414365   0.102429469741891   0.043243117717089   -0.00280338920911567   0
0.296405806309526   0.105019265734733   -0.0175159951048394   0.00258979599284198   0
0.263889438897372   0.105474010335639   -0.0325163674121533   0.000454744600905915   0
0.274161365819607   0.109060565194414   0.0102719269222347   0.00358655485877479   0
0.300933660062961   0.106799788784634   0.0267722942433544   -0.00226077640977955   0
0.344481898764521   0.107566619183021   0.0435482387015601   0.000766830398386403   0
0.302038256299777   0.121066299294901   -0.0424436424647441   0.0134996801118801   0
0.289298762036999   0.112004831328787   -0.0127394942627787   -0.00906146796611391   0
0.285306733194977   0.121122115044787   -0.00399202884202199   0.00911728371599964   0
0.334184656223232   0.117882669966719   0.0488779230282557   -0.00323944507806706   0
0.296681872327347   0.11999032961265   -0.0375027838958858   0.002107659645931   0
0.293483317792194   0.111338705939949   -0.00319855453515228   -0.00865162367270116   0
0.296511340590767   0.122287425393098   0.00302802279857223   0.0109487194531487   0
0.334271783899419   0.12633581977448   0.0377604433086526   0.00404839438138248   0
0.35745653031524   0.119794001958946   0.0231847464158206   -0.00654181781553427   0
0.288460159274067   0.125293744099257   -0.068996371041173   0.00549974214031045   0
0.283825469186329   0.122586947525991   -0.00463469008773743   -0.00270679657326589   0
0.301148324904473   0.120266439222004   0.0173228557181436   -0.00232050830398665   0
0.36925387946371   0.114731392429012   0.0681055545592369   -0.00553504679299184   0
0.32189833686585   0.119453131931021   -0.0473555425978603   0.00472173950200917   0
0.285082005406304   0.119017050344909   -0.0368163314595455   -0.000436081586112844   0
0.296164904752352   0.117504575408364   0.0110828993460483   -0.00151247493654413   0
0.360406166082102   0.117351179108446   0.0642412613297501   -0.000153396299918743   0
0.365945100677684   0.121652373755899   0.00553893459558119   0.00430119464745354   0
0.302425125475333   0.116477173568901   -0.0635199752023511   -0.00517520018699773   0
0.312067079020665   0.134454146767179   0.00964195354533254   0.0179769731982771   0
0.354052439485184   0.126558588824514   0.0419853604645191   -0.00789555794266419   0
0.413150000403001   0.140054989118176   0.0590975609178172   0.013496400293662   0
0.339988767053619   0.141008260704152   -0.0731612333493824   0.000953271585975246   0
0.332178217450829   0.146485528278257   -0.00781054960279032   0.0054772675741053   0
0.34929129931278   0.152806737360923   0.0171130818619513   0.00632120908266573   0
0.414802155343966   0.143713334683059   0.0655108560311865   -0.00909340267786343   0
0.365906319163198   0.145831928319256   -0.0488958361807686   0.00211859363619638   0
0.328544309676792   0.139407168475154   -0.0373620094864055   -0.00642475984410151   0
0.348548548137616   0.144315131711032   0.0200042384608237   0.00490796323587792   0
0.425272903671278   0.166827368870369   0.0767243555336619   0.0225122371593365   0
0.421312708458931   0.163033876467101   -0.00396019521234714   -0.00379349240326737   0
0.382680926950429   0.170270380823237   -0.0386317815085013   0.00723650435613543   0
0.38309939830513   0.157922064986056   0.000418471354700911   -0.0123483158371809   0
0.423650784568718   0.175548046728958   0.0405513862635872   0.0176259817429025   0
0.476581523814132   0.175171571112873   0.0529307392454144   -0.000376475616084726   0
0.414724768904101   0.159162877021905   -0.0618567549100309   -0.0160086940909686   0
0.397032134266548   0.158859253432567   -0.0176926346375533   -0.00030362358933797   0
0.408896494954701   0.172232142717728   0.0118643606881535   0.0133728892851616   0
0.474767188972658   0.181477764888402   0.0658706940179573   0.00924562217067321   0
0.471787494842752   0.179918872297739   -0.00297969412990617   -0.00155889259066302   0
0.4292288979162   0.17847970428354   -0.0425585969265523   -0.00143916801419836   0
0.424086483927995   0.185619068217384   -0.00514241398820448   0.0071393639338441   0
0.446991745625532   0.19094710917417   0.0229052616975362   0.00532804095678585   0
0.498762991443832   0.186726597993062   0.0517712458183003   -0.0042205111811085   0
0.417205449521504   0.171924623743954   -0.0815575419223283   -0.0148019742491082   0
0.386094827461454   0.175701564322746   -0.0311106220600496   0.00377694057879233   0
0.394278085082103   0.173826645250059   0.00818325762064881   -0.00187491907268644   0
0.467546071339499   0.184406281901106   0.0732679862573962   0.0105796366510461   0
0.494317183586612   0.18566502197189   0.0267711122471125   0.00125874007078478   0
0.413051020595773   0.198514652675823   -0.0812661629908383   0.0128496307039324   0
0.385790480928408   0.185821479972587   -0.0272605396673657   -0.0126931727032357   0
0.407704736534775   0.191226937077553   0.021914255606367   0.00540545710496634   0
0.477861366897346   0.188704276568524   0.0701566303625715   -0.00252266050902922   0
0.41198334850331   0.174711478064701   -0.0658780183940358   -0.013992798503823   0
0.369419872239286   0.172240920787831   -0.0425634762640247   -0.00247055727686959   0
0.384378383041185   0.183637088181071   0.0149585108018997   0.0113961673932398   0
0.453956856190101   0.188235749370304   0.0695784731489157   0.00459866118923313   0
0.468123124644575   0.189095871733686   0.0141662684544738   0.000860122363381371   0
0.390731165195778   0.186699355144173   -0.0773919594487972   -0.0023965165895127   0
0.3855034581003   0.190412255516183   -0.00522770709547721   0.00371290037200964   0
0.425172063376099   0.192484842468414   0.0396686052757991   0.00207258695223103   0
0.486209398411837   0.194143493901418   0.0610373350357371   0.00165865143300459   0
0.44298701911117   0.177957732822291   -0.0432223793006667   -0.0161857610791269   0
0.404136376730727   0.174451999985849   -0.0388506423804431   -0.0035057328364427   0
0.41993061721432   0.168431387655063   0.0157942404835935   -0.00602061233078585   0
0.49133742880835   0.189009820973673   0.0714068115940293   0.0205784333186105   0
0.472231290810975   0.192837731227994   -0.0191061379973743   0.00382791025432069   0
0.430946256693117   0.190725648887505   -0.0412850341178582   -0.00211208234048846   0
0.420331550601439   0.19178839504566   -0.0106147060916782   0.00106274615815422   0
0.473434907900769   0.199673321778349   0.0531033572993304   0.00788492673268912   0
0.521456009368   0.197035146496126   0.0480211014672309   -0.00263817528222235   0
0.461893810958709   0.199329550635179   -0.0595621984092909   0.00229440413905285   0
0.450165731331651   0.208458785227464   -0.0117280796270586   0.00912923459228482   0
0.460065325756126   0.191054240275249   0.00989959442447486   -0.0174045449522153   0
0.515557939624636   0.196206751747385   0.0554926138685106   0.0051525114721363   0
0.525193145245633   0.186780228229389   0.00963520562099629   -0.00942652351799647   0
0.489329967363751   0.192519396849616   -0.0358631778818811   0.00573916862022752   0
0.483777206890538   0.20606402797684   -0.0055527604732139   0.0135446311272241   0
0.517264864786078   0.209159255452879   0.0334876578955408   0.0030952274760383   0
0.554792713634561   0.201780118585801   0.0375278488484826   -0.00737913686707731   0
0.519833650977887   0.199252866631631   -0.0349590626566737   -0.00252725195417031   0
0.491110608668312   0.210302877899971   -0.0287230423095751   0.0110500112683398   0
0.490603226389954   0.212110667534285   -0.000507382278357782   0.0018077896343143   0
0.530896367335707   0.211812353598627   0.0402931409457526   -0.000298313935657574   0
0.584273455975025   0.201987266615305   0.0533770886393184   -0.00982508698332196   0
0.496866343973196   0.199941807477826   -0.0874071120018298   -0.00204545913747961   0
0.480948954513429   0.196324062778388   -0.0159173894597671   -0.00361774469943771   0
0.483554941248665   0.204578492924867   0.00260598673523665   0.00825443014647917   0
0.5489346851548   0.21598775238006   0.0653797439061353   0.0114092594551924   0
0.565858128804385   0.201073761896623   0.0169234436495846   -0.0149139904834363   0
0.493036669413138   0.208935848141026   -0.0728214593912471   0.00786208624440293   0
0.479935755014158   0.20263512176694   -0.0131009143989799   -0.00630072637408657   0
0.495952085737967   0.199772044697632   0.0160163307238091   -0.00286307706930816   0
0.57662474610183   0.194871897973547   0.0806726603638629   -0.00490014672408459   0
0.504508235995212   0.194079333307928   -0.0721165101066186   -0.0007925646656185   0
0.482016702974119   0.199754450054285   -0.0224915330210926   0.00567511674635693   0
0.47865795946226   0.20742663997903   -0.003358743511859   0.0076721899247443   0
0.546273370251562   0.203109624707946   0.0676154107893019   -0.00431701527108413   0
0.562419178948407   0.20416312586942   0.0161458086968449   0.0010535011614741   0
0.49653504757755   0.216168448328641   -0.0658841313708566   0.0120053224592217   0
0.48793729056834   0.226425992098964   -0.00859775700920989   0.0102575437703223   0
0.526300032229953   0.226844402526269   0.0383627416616132   0.000418410427305338   0
0.580671991461617   0.210769217385391   0.0543719592316634   -0.0160751851408786   0
0.538054369136614   0.202585460822094   -0.0426176223250024   -0.00818375656329698   0
0.515314594096693   0.212703883579967   -0.022739775039921   0.0101184227578731   0
0.524708321518965   0.222381762141705   0.00939372742227196   0.00967787856173868   0
0.590279306713356   0.225951364805017   0.0655709851943904   0.00356960266331194   0
0.590889501727692   0.222504841069857   0.000610195014336012   -0.00344652373515988   0
0.534323849347715   0.235141479320961   -0.0565656523799765   0.0126366382511038   0
0.53961133595829   0.219885303834749   0.00528748661057421   -0.0152561754862119   0
0.553353544454728   0.222807296926066   0.0137422084964379   0.00292199309131638   0
0.602780669801214   0.219460621409058   0.0494271253464863   -0.0033466755170074   0
0.582681707529076   0.222013906303749   -0.0200989622721375   0.00255328489469106   0
0.553108317212063   0.224824288028451   -0.0295733903170134   0.00281038172470191   0
0.560040480834421   0.229619010541919   0.0069321636223586   0.00479472251346796   0
0.598583620185317   0.222840021998406   0.0385431393508956   -0.00677898854351333   0
0.640625560335365   0.208046503632   0.0420419401500476   -0.0147935183664054   0
0.581331185444235   0.219273568362103   -0.0592943748911292   0.0112270647301028   0
0.548465395398835   0.227961465647705   -0.0328657900454008   0.00868789728560215   0
0.563364911048114   0.225988641744447   0.0148995156492798   -0.00197282390325851   0
0.631267607959572   0.230519397114972   0.0679026969114576   0.00453075537052466   0
0.636219947570021   0.223040331838213   0.00495233961044872   -0.00747906527675904   0
0.585426825504478   0.236560716977164   -0.0507931220655432   0.0135203851389516   0
0.588063905989149   0.23630695783345   0.00263708048467126   -0.000253759143714033   0
0.611344531087013   0.235406153123702   0.0232806250978644   -0.000900804709747793   0
0.680522643136876   0.229649608591545   0.0691781120498628   -0.00575654453215699   0
0.695811668903303   0.217416044806955   0.0152890257664271   -0.0122335637845901   0
0.626339727016385   0.238332144377337   -0.069471941886918   0.0209160995703821   0
0.608174988131015   0.226897703409488   -0.0181647388853704   -0.0114344409678494   0
0.633545531225065   0.225297553662928   0.0253705430940504   -0.00160014974655986   0
0.699946554343258   0.225888961648749   0.0664010231181933   0.000591407985820858   0
0.664210616628491   0.218518051138802   -0.0357359377147677   -0.0073709105099472   0
0.645756001668401   0.242695966989565   -0.0184546149600897   0.0241779158507631   0
0.658922929937341   0.243495606882855   0.0131669282689398   0.000799639893290321   0
0.719790224400137   0.229377642195681   0.0608672944627965   -0.014117964687174   0
0.752040343229005   0.26071983575526   0.0322501188288677   0.0313421935595792   0
0.686661844930421   0.264556520296703   -0.0653784982985839   0.00383668454144287   0
0.675602532453994   0.267772943004423   -0.0110593124764273   0.00321642270771971   0
0.68050421340944   0.246127133848038   0.00490168095544574   -0.0216458091563851   0
0.720433370051665   0.271013980838628   0.0399291566422257   0.0248868469905897   0
0.710937986657064   0.262823029725327   -0.0094953833946011   -0.00819095111330087   0
0.670633129246244   0.267114700400409   -0.0403048574108199   0.00429167067508179   0
0.668807379911623   0.267807547974754   -0.00182574933462154   0.000692847574345179   0
0.672288037682689   0.269510885292691   0.00348065777106565   0.00170333731793726   0
0.752133494184377   0.258664892343839   0.0798454565016883   -0.0108459929488516   0
0.703243603513036   0.25698045223032   -0.048889890671341   -0.00168444011351893   0
0.661138153693984   0.26045182007715   -0.0421054498190518   0.00347136784682933   0
0.608116369030632   0.23336247670791   -0.0530217846633518   -0.0270893433692394   0
0.60924818902586   0.235067078637673   0.00113181999522782   0.00170460192976274   0
0.68961006500993   0.219438912247236   0.0803618759840702   -0.0156281663904375   0
0.641645718322035   0.20297289824152   -0.0479643466878954   -0.0164660140057155   0
0.599000900215217   0.20341410847778   -0.0426448181068182   0.000441210236259704   0
0.545312591191777   0.182022585849257   -0.0536883090234397   -0.0213915226285233   0
0.438518352710135   0.155717583022117   -0.106794238481642   -0.0263050028271393   0
0.407399463180316   0.143738378948526   -0.0311188895298181   -0.0119792040735915   0
0.631996485123137   0.168124453222903   0.224597021942821   0.0243860742743769   0
0.565234658497062   0.172355153475317   -0.0667618266260757   0.00423070025241407   0
0.519396371433571   0.198694133755881   -0.0458382870634908   0.0263389802805644   0
0.517452566856606   0.204113362708692   -0.00194380457696519   0.00541922895281066   0
0.627412120730864   0.186958155169145   0.109959553874258   -0.0171552075395471   0
0.639172009564718   0.182780859558653   0.0117598888338543   -0.00417729561049182   0
0.574075084826236   0.213794910700068   -0.0650969247384821   0.031014051141415   0
0.561461752913198   0.220173586543096   -0.0126133319130384   0.0063786758430277   0
0.622990619378984   0.210168150919686   0.0615288664657864   -0.0100054356234094   0
0.688748249784346   0.204883971828569   0.0657576304053621   -0.00528417909111689   0
0.605969636894795   0.213722345853212   -0.0827786128895508   0.00883837402464274   0
0.597874428881425   0.224638518627149   -0.00809520801337027   0.010916172773937   0
0.62353724035282   0.228109254811154   0.0256628114713947   0.00347073618400498   0
0.714171404057877   0.201653881637572   0.0906341637050578   -0.0264553731735818   0
0.672163016889504   0.21073915038324   -0.0420083871683732   0.00908526874566812   0
0.643424002227806   0.232148575663302   -0.0287390146616978   0.0214094252800619   0
0.655597899531412   0.230669373745736   0.012173897303606   -0.00147920191756637   0
0.753707474609347   0.242171802999957   0.0981095750779349   0.0115024292542211   0
0.707519224702764   0.235646878121693   -0.0461882499065837   -0.00652492487826414   0
0.673700677052974   0.258993030652371   -0.0338185476497899   0.0233461525306781   0
0.678554975165623   0.230592778261267   0.00485429811264948   -0.0284002523911037   0
0.744640572294446   0.242949832967631   0.0660855971288226   0.0123570547063641   0
0.723488151278236   0.230172587222067   -0.0211524210162097   -0.0127772457455645   0
0.680774345000081   0.255516875022962   -0.0427138062781547   0.0253442878008951   0
0.688396847130247   0.271809348571292   0.00762250213016524   0.0162924735483297   0
0.755099857967998   0.296438182764552   0.0667030108377508   0.0246288341932604   0
0.786250858000168   0.258616758672461   0.0311510000321703   -0.037821424092091   0
0.694349155009178   0.246386203222705   -0.0919017029909894   -0.0122305554497563   0
0.692067233611734   0.243394619209218   -0.00228192139744443   -0.00299158401348731   0
0.739326255470641   0.263182779238118   0.0472590218589073   0.0197881600289006   0
0.757219838179772   0.238886186494741   0.0178935827091307   -0.0242965927433774   0
0.698754260156523   0.257014828900494   -0.0584655780232488   0.0181286424057529   0
0.690056064585689   0.25312010695567   -0.0086981955708344   -0.00389472194482327   0
0.731221647632536   0.28178763860796   0.0411655830468469   0.0286675316522892   0
0.788625765223277   0.254429072183683   0.0574041175907417   -0.0273585664242761   0
0.722747903713321   0.236379143588219   -0.0658778615099562   -0.0180499285954641   0
0.696058691089164   0.271675295123149   -0.0266892126241572   0.0352961515349295   0
0.743446606188508   0.284247830862876   0.0473879150993439   0.0125725357397269   0
0.809001123077712   0.283703597016323   0.0655545168892047   -0.000544233846552999   0
0.782328720544631   0.287235817815693   -0.0266724025330811   0.00353222079937032   0
0.712238984293194   0.294270167081205   -0.0700897362514377   0.0070343492655115   0
0.72687937554945   0.28571180493156   0.0146403912562565   -0.00855836214964417   0
0.792598480652095   0.287413582754017   0.0657191051026451   0.0017017778224564   0
0.813410965075465   0.282292820988243   0.0208124844233701   -0.00512076176577408   0
0.738279619067898   0.28656171586981   -0.0751313460075677   0.00426889488156784   0
0.725840576526047   0.28691479334508   -0.0124390425418507   0.000353077475269581   0
0.785220497196558   0.303383274628398   0.059379920670511   0.016468481283318   0
0.823268184400442   0.290891783265702   0.0380476872038837   -0.0124914913626963   0
0.757992628181838   0.304845839015805   -0.0652755562186038   0.0139540557501031   0
0.744614843255424   0.316381613677612   -0.0133777849264141   0.0115357746618076   0
0.772888889313729   0.305518402053379   0.0282740460583053   -0.0108632116242336   0
0.828925043374249   0.286315129812415   0.0560361540605194   -0.0192032722409639   0
0.766782408213699   0.299217230781   -0.0621426351605494   0.0129021009685847   0
0.772550685604576   0.325328036282227   0.00576827739087626   0.0261108055012274   0
0.792676169840124   0.328910061131079   0.0201254842355484   0.00358202484885178   0
0.860755884832628   0.331311358189694   0.068079714992504   0.00240129705861564   0
0.841832216364401   0.307442591908229   -0.0189236684682267   -0.0238687662814652   0
0.804077931338431   0.329742395494953   -0.0377542850259707   0.0222998035867238   0
0.791314329282304   0.339344774005362   -0.0127636020561267   0.00960237851040874   0
0.823517709069793   0.310603185872666   0.032203379787489   -0.0287415881326956   0
0.858869246377468   0.317773302992479   0.0353515373076753   0.00717011711981302   0
0.790828529365557   0.324708005750551   -0.0680407170119109   0.00693470275807201   0
0.78058981862425   0.326923433391138   -0.0102387107413068   0.00221542764058708   0
0.844360991566854   0.324691897671469   0.0637711729426031   -0.00223153571966883   0
0.874089969223993   0.324490927679419   0.029728977657139   -0.000200969992050382   0
0.812395149275745   0.328022714195603   -0.0616948199482474   0.00353178651618352   0
0.801304216819954   0.327931801326129   -0.0110909324557911   -9.09128694732142e-05   0
0.817381551754773   0.323804583274002   0.0160773349348186   -0.00412721805212751   0
0.874086604611351   0.318131417039012   0.0567050528565782   -0.00567316623498948   0
0.845267537361396   0.308038660551318   -0.0288190672499543   -0.0100927564876946   0
0.810907912016284   0.325235128378301   -0.0343596253451122   0.0171964678269833   0
0.815920323151716   0.333863713823845   0.00501241113543138   0.00862858544554357   0
0.865336835388972   0.302376492348529   0.0494165122372558   -0.0314872214753156   0
0.987904558699372   0.285934266245758   0.1225677233104   -0.016442226102771   0
0.787423093181607   0.27677780865344   -0.200481465517765   -0.00915645759231837   0
0.736203177361854   0.236684692612345   -0.0512199158197526   -0.0400931160410951   0
0.713477610092118   0.222077726961193   -0.0227255672697366   -0.0146069656511519   0
0.751702804591016   0.229730495747735   0.0382251944988987   0.00765276878654225   0
