0.187693693921266   0   0   0
0.152155838382528   -0.0728549949669687   -0.0355378555387382   0
0.123184113970958   0.0451271891632777   -0.0289717244115699   0
0.108654829705313   -0.0127783563728371   -0.0145292842656448   0
0.105471833294179   0.00741985552462718   -0.00318299641113469   0
0.0979451942996439   -0.0267125753355138   -0.00752663899453465   0
0.10120442255313   -0.0278128801237992   0.00325922825348614   0
0.0682520776405285   0.109830205687331   -0.0329523449126016   0
0.0777234790172926   -0.107298871173189   0.00947140137676414   0
0.0696995307355975   -0.00686362941644406   -0.00802394828169511   0
0.0813899006352391   0.0994464877623997   0.0116903698996416   0
0.113101159832968   -0.0747088217885964   0.0317112591977285   0
0.0579802549563427   0.0597935300810676   -0.055120904876625   0
0.0533281729692104   -0.0936612852232262   -0.00465208198713225   0
0.0479745107362493   0.0235343379050922   -0.00535366223296112   0
0.0449983682901227   -0.0303903551388866   -0.00297614244612656   0
0.0425354897669581   0.0385068945740849   -0.00246287852316462   0
0.0363313608210937   -0.0226309567514466   -0.00620412894586447   0
0.0526298274881507   0.00601651687107738   0.016298466667057   0
0.0293645277284516   -0.025650426013252   -0.0232652997596991   0
0.0479793549625774   -0.0155151877471986   0.0186148272341258   0
0.0284282449755749   0.0339048265161283   -0.0195511099870025   0
0.0202973974470251   0.029497348097231   -0.00813084752854984   0
0.0416571094675279   0.0251732153693851   0.0213597120205028   0
0.0352818771886729   -0.0490814757710255   -0.00637523227885494   0
0.0399412209809615   0.111403714666844   0.00465934379228858   0
0.0401663125501334   -0.112539220122382   0.000225091569171838   0
0.0548570693552401   0.0620831792198305   0.0146907568051068   0
0.0355992692976626   -0.071871327074021   -0.0192578000575776   0
0.0471059784409795   0.0151946317574481   0.0115067091433169   0
0.045620244620607   0.0784546020664306   -0.00148573382037245   0
0.0625540488768113   -0.0868880147532046   0.0169338042562043   0
0.0608132304803404   0.0349674103495564   -0.00174081839647093   0
0.0572999637730359   -0.029735404330144   -0.00351326670730449   0
0.0665395997508626   0.0476782112515838   0.00923963597782675   0
0.0571909541193773   -0.0261621019765278   -0.0093486456314853   0
0.0672145090771682   0.0604755959650196   0.0100235549577909   0
0.050697351751865   -0.0258756596569916   -0.0165171573253032   0
0.087185430605592   0.0378825220267292   0.036488078853727   0
0.0749150055616697   -0.0232476731160185   -0.0122704250439223   0
0.107250680638645   0.0283461185226523   0.0323356750769749   0
0.0809066306791044   -0.0288461185819278   -0.0263440499595401   0
0.0826919953684309   -0.00514249133488731   0.00178536468932651   0
0.13608338926265   0.0321538181353687   0.0533913938942194   0
0.103938724661504   -0.0372410516215928   -0.032144664601146   0
0.143477060799357   0.0133036435497833   0.0395383361378531   0
0.122899253619835   0.083255186776118   -0.0205778071795225   0
0.13079601165522   -0.0714724146825492   0.00789675803538532   0
0.160455680134734   -0.0137425032636105   0.0296596684795136   0
0.124857452000481   0.0042731687834705   -0.0355982281342524   0
0.140127123427131   0.0300657534595679   0.01526967142665   0
0.148040892107054   0.0332275360883323   0.00791376867992299   0
0.153374200783574   -0.0427367011642455   0.00533330867651943   0
0.170411464029713   -0.00197702192366245   0.0170372632461388   0
0.156050757302712   0.00645159058958175   -0.0143607067270003   0
0.168381213979618   0.0233894229456471   0.012330456676906   0
0.180915965869765   0.0263705613503713   0.0125347518901468   0
0.180434695852821   -0.0222772829024202   -0.000481270016944146   0
0.13886952537274   0.055595508660207   -0.0415651704800812   0
0.128757751032573   -0.0806396087510949   -0.0101117743401668   0
0.175213729842299   0.0419345933131692   0.0464559788097257   0
0.163167886410409   0.0152111970396814   -0.01204584343189   0
0.177918201218285   -0.010296146008393   0.014750314807876   0
0.202198027523762   0.00985301594896149   0.0242798263054774   0
0.174294547508815   -0.0112365535650382   -0.0279034800149472   0
0.195895926242099   0.00560985565818906   0.0216013787332845   0
0.221015233914995   0.0401551938274428   0.0251193076728958   0
0.200057163299018   -0.0511169101045001   -0.020958070615977   0
0.224399192495205   0.0330275599048355   0.0243420291961867   0
0.217112872928461   -0.0362242695473998   -0.00728631956674392   0
0.272110426960269   0.0813861498789298   0.0549975540318083   0
0.249084964690264   -0.0353707004760096   -0.0230254622700053   0
0.279046136962152   0.00121554572071003   0.029961172271888   0
0.273796111799456   0.0282034412829331   -0.00525002516269624   0
0.31412293373057   0.0144484650397035   0.0403268219311143   0
0.308609397379195   0.0224721265238644   -0.00551353635137469   0
0.318400035028264   -0.016866777019145   0.00979063764906923   0
0.317714603027229   0.019548816638011   -0.000685432001034991   0
0.332312514188452   -0.0285394295858464   0.0145979111612224   0
0.291034241957025   -0.00477179319428683   -0.0412782722314271   0
0.307920326872472   -0.0334403321846603   0.0168860849154472   0
0.312285245926701   0.0518499860466566   0.00436491905422887   0
0.35299298678869   -0.0205447390396284   0.0407077408619889   0
0.325416395172016   0.0469772568910627   -0.0275765916166732   0
0.345603374482947   -0.0130431856066024   0.0201869793109304   0
0.356783695642402   0.0338895612281989   0.0111803211594549   0
0.359561518786772   -0.0468753886655802   0.00277782314436997   0
0.347031646790318   0.0402399768274699   -0.0125298719964538   0
0.348262688803294   -0.0697740566967041   0.00123104201297608   0
0.379722099932306   0.0346696624723132   0.0314594111290117   0
0.381629949740911   0.00608033327636959   0.00190784980860487   0
0.395845660377249   -5.42454046544849e-05   0.0142157106363379   0
0.336262110177834   -0.0407668620490008   -0.0595835501994142   0
0.36114089075318   0.040826136817889   0.0248787805753453   0
0.362553763376206   0.0707963078171769   0.00141287262302653   1
0.398324533597292   0.132404052769415   0.0357707702210857   0
0.333677126947593   -0.288510024073648   -0.0646474066496989   0
0.329007536994975   -0.0550540080230318   -0.00466958995261768   0
0.309811222099442   0.0620943066444804   -0.0191963148955328   0
0.301096098057165   -0.103861571671826   -0.00871512404227726   0
0.319736345610724   0.151431670598307   0.0186402475535584   0
0.35486483290825   -0.0708936316290641   0.0351284872975263   0
0.371484761270903   0.163968706915053   0.0166199283626535   0
0.343761171801732   -0.119524061206125   -0.0277235894691711   0
0.371607164250435   -0.0190480587627411   0.0278459924487032   0
0.398940682800087   0.0691623096160513   0.027333518549652   0
0.402235626038085   -0.0790226328070806   0.00329494323799739   0
0.342709237957631   0.0131521156345576   -0.0595263880804541   0
0.295717387014612   -0.110743540610205   -0.0469918509430184   0
0.372097717900151   0.0716383320934708   0.0763803308855382   0
0.392656609173015   -0.0164128343885279   0.0205588912728647   0
0.393709380310211   0.0387794021651316   0.00105277113719537   0
0.413588005037924   0.0455119376479268   0.0198786247277136   0
0.395664541987907   0.062151894916819   -0.0179234630500175   0
0.421536142580325   -0.0344209389917897   0.0258716005924182   0
0.402443298931353   0.0269992150105737   -0.0190928436489723   0
0.434682250259313   -0.0188245725712304   0.0322389513279604   0
0.394173016787679   0.0202936440434182   -0.0405092334716338   0
0.399508683014838   -0.0614078420468081   0.00533566622715848   0
0.443605788792538   0.0383671610763271   0.0440971057777006   0
0.379180106658432   -0.0193069513136804   -0.064425682134106   0
0.433560889858045   0.00309127688775945   0.0543807831996131   0
0.474761480214276   0.0553585116386163   0.0412005903562304   0
0.444857374841083   0.00770047464657392   -0.0299041053731924   0
0.483996204594881   -0.0139191459704541   0.0391388297537978   0
0.51290147320928   0.126286910524835   0.0289052686143992   0
0.525760897672364   -0.0907477716106367   0.0128594244630836   0
0.543384635004754   0.0244769920581924   0.0176237373323903   0
0.48436688270721   0.00160650681053964   -0.0590177522975443   0
0.523331288643007   -0.041959900595115   0.0389644059357968   0
0.536221203267364   0.0562412274981597   0.0128899146243576   0
0.512185868382026   -0.0311677449935368   -0.0240353348853383   0
0.572497186786538   0.0163769291646771   0.0603113184045118   0
0.55736361370608   0.0552433092902052   -0.0151335730804583   0
0.587382663115366   -0.0464875812182236   0.0300190494092868   0
0.608166678989609   0.103394252306194   0.0207840158742426   0
0.59041353775553   -0.0947869782354644   -0.0177531412340795   0
0.628061548147154   0.0263712050213384   0.0376480103916246   0
0.583111938892097   0.0567868787630603   -0.0449496092550575   0
0.567945450440885   -0.129894704229047   -0.0151664884512113   0
0.62652310201161   0.0696210397645965   0.0585776515707245   0
0.578371226104826   -0.0268151984158135   -0.0481518759067836   0
0.646021924916639   0.011628062922478   0.0676506988118132   0
0.594382016913576   0.0371797005801006   -0.0516399080030638   0
0.579952173793883   -0.0897288956275953   -0.0144298431196928   0
0.648864820537182   0.0744014975613047   0.0689126467432997   0
0.626104843293837   -0.036084110838926   -0.0227599772433456   0
0.669997270311417   0.0343516857145452   0.0438924270175801   0
0.560768064278138   0.0351444619968965   -0.109229206033279   0
0.60994667306126   -0.0723606210336922   0.0491786087831222   0
0.638824962697138   0.0679570809905951   0.0288782896358779   0
0.532035625215549   -0.0630034825190894   -0.106789337481589   0
0.619243121291831   0.00301425860563315   0.0872074960762826   0
0.588034361738538   0.0547212601518198   -0.0312087595532933   0
0.614125100248109   -0.0629141519743723   0.0260907385095708   0
0.641663818114478   0.0427804826863327   0.0275387178663691   0
0.637985836015385   -0.0375623357312859   -0.00367798209909287   0
0.662217706562578   0.0510492443734452   0.0242318705471923   0
0.611048818422473   -0.0410923000220133   -0.0511688881401049   0
0.68971111590542   0.0271852478439766   0.0786622974829475   0
0.667279519025948   -0.0106396970083645   -0.0224315968794725   0
0.710752905362335   -0.0082073299581793   0.0434733863363871   0
0.669284181678082   0.075224628113875   -0.0414687236842528   0
0.636500186036304   -0.108922545178314   -0.0327839956417776   0
0.689989488542398   0.0704701422136628   0.0534893025060936   0
0.647679806338943   0.0163526372260837   -0.0423096822034554   0
0.691796656299017   -0.0458254426370915   0.0441168499600743   0
0.67404745302167   0.0788523664721585   -0.0177492032773472   0
0.675288233968837   -0.0688509898491728   0.00124078094716695   0
0.732424044565715   0.0478171755521736   0.0571358105968783   0
0.645642977984156   -0.0378535840449987   -0.0867810665815584   0
0.69062823865485   -0.0144360559668036   0.0449852606706932   0
0.703122752956765   0.0871370667911711   0.0124945143019153   0
0.619660068091571   -0.12797601492107   -0.0834626848651944   0
0.693397241891868   0.0247474711712047   0.0737371738002977   0
0.629467119549544   0.0585868635055788   -0.0639301223423242   0
0.651071115500066   -0.0711975458973506   0.0216039959505218   0
0.619069594527546   0.057537639315245   -0.03200152097252   0
0.650141487921091   -0.0527259910806617   0.0310718933935451   0
0.681695828185856   0.094788587818097   0.0315543402647649   0
0.648330462460889   -0.0877452927180251   -0.033365365724967   0
0.676321211881603   -0.0067172306555483   0.027990749420714   0
0.63622164389248   0.0137874150334762   -0.0400995679891226   0
0.679313028342972   -0.00950039608573555   0.0430913844504921   0
0.60989871761404   0.0489324883188525   -0.0694143107289328   0
