0.00869569704234945   0   0   0
0.00722308020536426   -0.00472822283102571   -0.00147261683698519   0
0.0261664305032708   0.0392707195413768   0.0189433502979065   0
0.0223373   0.058169200102271   -0.0038291305032708   0
0.0203174   -0.0178945716811445   -0.0020199   0
0.0168545177108394   -0.0380683859731488   -0.00346288228916057   0
0.0213554804049804   -0.0399725856630998   0.00450096269414093   0
0.0558621419867787   0.117382283322028   0.0345066615817983   0
0.0279430945216631   -0.0826989855574517   -0.0279190474651156   0
0.02336816667766   -0.0278345112703686   -0.00457492784400311   0
0.0449088751001681   0.143475392388276   0.0215407084225081   0
0.0220576875184141   -0.13947975595317   -0.022851187581754   0
0.0317137365746674   -0.00196354433077325   0.00965604905625337   0
0.0369940965670538   0.128851919220748   0.00528035999238633   0
0.0300312027572261   -0.127833879123279   -0.00696289380982767   0
0.0551169763354495   0.0304798743494234   0.0250857735782234   0
0.040167909731059   0.0767860321567565   -0.0149490666043905   0
0.0373489102678314   -0.0871277952669808   -0.00281899946322751   0
0.061607978412885   0.0227559810170157   0.0242590681450535   0
0.0418787140152071   0.0386239174468978   -0.0197292643976779   0
0.0439741472399448   -0.0430191080042965   0.00209543322473769   0
0.0721296768176075   0.010662573898206   0.0281555295776627   0
0.0422079993398467   -0.000254926223838672   -0.0299216774777608   0
0.0373715571532014   0.0252544459758933   -0.00483644218664529   0
0.0667751669096566   -0.0502375383981704   0.0294036097564552   0
0.0364996167690155   0.0372725737873175   -0.0302755501406411   0
0.0352916946302912   0.0175444738523072   -0.00120792213872432   0
0.0465536130522648   -0.0663131577543644   0.0112619184219736   0
0.0361462206528566   0.0823173482686865   -0.0104073923994082   0
0.0486048154675542   -0.106553626120342   0.0124585948146976   0
0.048457960171395   0.00461531920768888   -0.000146855296159286   0
0.0448767997048029   0.141354664539671   -0.00358116046659203   0
0.0713675079569302   -0.1381907059606   0.0264907082521273   0
0.0650703176399386   -0.0177780950907503   -0.00629719031699166   0
0.057542036079702   0.166919761488176   -0.00752828156023656   0
0.0882641448463927   -0.13731849207085   0.0307221087666907   0
0.076439130695541   0.0240399244344109   -0.0118250141508517   0
0.0588615214401565   0.157990300666835   -0.0175776092553845   0
0.0915293989026067   -0.164506545709914   0.0326678774624502   0
0.0946029718246869   -0.00401815168093754   0.00307357292208019   0
0.0632784390641623   0.186637091572017   -0.0313245327605246   0
0.0847783613153881   -0.139704002677597   0.0214999222512259   0
0.0988516766565444   -0.0408841343924874   0.0140733153411562   0
0.0579967320293997   0.151706800590728   -0.0408549446271447   0
0.0653533472402332   -0.0456820000819091   0.00735661521083349   0
0.113295953380957   -0.104959041031806   0.0479426061407239   0
0.0717490743304225   0.0651791151707505   -0.0415468790505345   0
0.0787554425687679   0.0365109669066473   0.00700636823834537   0
0.0997296996498536   -0.121239867223314   0.0209742570810856   0
0.0777469516398553   0.146286090996631   -0.0219827480099982   0
0.079161290305758   -0.0117646038803843   0.00141433866590271   0
0.109205145635405   -0.112534539414638   0.0300438553296469   0
0.0792683173529942   0.12727908627123   -0.0299368282824107   0
0.0827500025154985   0.0172942900640009   0.00348168516250426   0
0.117289062972385   -0.131837527914885   0.0345390604568862   0
0.105871027429616   0.0198174645417956   -0.0114180355427686   0
0.0776459242920226   0.158264332058084   -0.0282251031375934   0
0.103085611179446   -0.172988506739735   0.0254396868874238   0
0.121523833010813   -0.0221824702504663   0.0184382218313668   0
0.0816487449549362   0.151080498588798   -0.0398750880558769   0
0.0808082594750066   -0.0377408477913221   -0.000840485479929612   0
0.11853748610718   -0.109246487105917   0.0377292266321738   0
0.0977192611474959   0.0873627561946984   -0.0208182249596846   0
0.0928731080651983   0.0448315969463354   -0.00484615308229759   0
0.120993910988332   -0.152985317090277   0.0281208029231341   0
0.105775220648434   0.0618941482123331   -0.0152186903398979   0
0.083909710891976   0.103836137513532   -0.0218655097564585   0
0.120434334532724   -0.182168265903967   0.0365246236407477   0
0.10546149765252   0.0546842583114144   -0.0149728368802036   0
0.0884908652262622   0.149429619947316   -0.0169706324262579   0
0.121718607719034   -0.181300280379859   0.0332277424927715   0
0.122998047106052   0.0170454077307705   0.00127943938701798   0
0.105827852284796   0.139863716553519   -0.0171701948212561   0
0.12776269662469   -0.160884147888225   0.0219348443398942   0
0.12190298443738   0.0431838114059158   -0.00585971218731017   0
0.101355525932802   0.133766299916646   -0.020547458504577   0
0.129221595357225   -0.171275770125215   0.0278660694244225   0
0.112708003170094   0.0246118530996383   -0.0165135921871307   0
0.0884111452405747   0.160485922933419   -0.0242968579295196   0
0.11420753041924   -0.175932900214771   0.0257963851786651   0
0.118528018085061   0.00104839371072284   0.00432048766582094   0
0.0865476237768114   0.181080709903798   -0.0319803943082494   0
0.0922889748357029   -0.0762991850962298   0.00574135105889145   0
0.128911273358075   -0.0960191167253368   0.0366222985223724   0
0.105945365855296   0.0445561958748164   -0.0229659075027794   0
0.0985435155097875   0.134477816248538   -0.00740185034550843   0
0.123901200063254   -0.183138126738839   0.0253576845534663   0
0.116197009948529   0.00548767072384952   -0.00770419011472455   0
0.0960468954133833   0.18406795643373   -0.0201501145351459   0
0.109569540593132   -0.155072425820656   0.0135226451797486   0
0.13588967931289   -0.0561626744016522   0.0263201387197577   0
0.089143704149536   0.142860911224925   -0.0467459751633537   0
0.0814340588184116   0.00855245338909183   -0.00770964533112437   0
0.124030905741281   -0.125543194188773   0.0425968469228692   0
0.110764474439916   0.0224844491650642   -0.0132664313013644   0
0.0996746710930284   0.102624271353584   -0.011089803346888   0
0.123477538089008   -0.134028371211061   0.0238028669959799   0
0.123916560777651   0.0473057663669083   0.000439022688642474   0
0.108852426805672   0.0811990170900808   -0.0150641339719786   0
0.14293370769717   -0.125283803135782   0.0340812808914977   0
0.108387197353009   0.0891763863671516   -0.0345465103441608   0
0.100097313095568   0.0969774118339087   -0.00828988425744075   0
0.131049106586235   -0.17222928071161   0.0309517934906668   0
0.151283933713193   -0.00478369286613795   0.0202348271269575   0
0.117498202647158   0.112534150401572   -0.0337857310660351   0
0.138489401723401   -0.063975996731741   0.0209911990762432   0
0.159237524787991   -0.0452502611804587   0.0207481230645901   0
0.115776465136156   0.113017259404736   -0.0434610596518352   0
0.122156273132912   -0.00411993087391463   0.0063798079967558   0
0.148329299712034   -0.120543509495702   0.0261730265791227   0
0.141888089214636   0.0146318308366411   -0.00644121049739849   0
0.0987713334093577   0.176977704467719   -0.0431167558052781   0
0.111476984353636   -0.0905382313651925   0.0127056509442787   0
0.153127900711431   -0.0806192434133642   0.041650916357795   0
0.136221480686316   0.0157649721285624   -0.0169064200251149   0
0.116922146220947   0.106132672099232   -0.0192993344653695   0
0.148568680921117   -0.142658299619136   0.0316465347001699   0
0.146231507705154   0.0185729339314603   -0.00233717321596288   0
0.129803326255734   0.0907912660123164   -0.01642818144942   0
0.147237911905525   -0.118453977903695   0.0174345856497914   0
0.129955341225832   0.058559943172152   -0.017282570679693   0
0.114687355795757   0.117490729051417   -0.0152679854300755   0
0.14028377683927   -0.166951706604587   0.0255964210435129   0
0.138406358724852   -0.00261582779983795   -0.00187741811441733   0
0.102254014640612   0.130166018553762   -0.0361523440842403   0
0.127387951762816   -0.145742289796119   0.0251339371222043   0
0.123836578158882   0.0100303495419061   -0.00355137360393427   0
0.100000736340789   0.144909325668766   -0.023835841818093   0
0.117983538940944   -0.125417686231182   0.0179828026001549   0
0.133672041405376   -0.0182909166841787   0.0156885024644324   0
0.110869696006506   0.108949445759304   -0.0228023453988705   0
0.112276035573831   -0.0141099272528364   0.00140633956732496   0
0.132441595917182   -0.0846067788999674   0.0201655603433508   0
0.103812095988534   0.135201316900775   -0.028629499928648   0
0.106648758713756   -0.0357595532547193   0.00283666272522273   0
0.126354085290197   -0.0714550407571306   0.0197053265764412   0
0.104662512215991   0.0985513876678052   -0.0216915730742063   0
0.109351970358437   -0.018236464180204   0.0046894581424459   0
0.12985099430505   -0.0572824449306615   0.0204990239466124   0
0.10947099184727   0.108705475567017   -0.0203800024577798   0
0.1166694157942   -0.067247290531441   0.00719842394693057   0
0.124553607743855   -0.0530766675279525   0.00788419194965428   0
0.100321739913814   0.133213921513918   -0.0242318678300403   0
0.120175170184236   -0.117830868301129   0.0198534302704214   0
0.10458739518735   0.0612622018437766   -0.0155877749968853   0
0.101240681630336   0.0606315871803568   -0.00334671355701462   0
0.121805366186029   -0.135353351231714   0.0205646845556928   0
0.0981535941138173   0.116826712405427   -0.0236517720722112   0
0.104579868434525   -0.0250012873552072   0.00642627432070739   0
0.133035836486602   -0.059058228800597   0.0284559680520777   0
0.100645156742265   0.121183737314361   -0.0323906797443378   0
0.105788228764523   -0.0167460726585271   0.00514307202225819   0
0.133296429694347   -0.0795684637032701   0.0275082009298243   0
0.116478088779489   0.115517156371318   -0.0168183409148581   0
0.129241909785381   -0.0433176958948682   0.0127638210058918   0
0.133454597809742   -0.0668244138893409   0.00421268802436126   0
0.100853064087277   0.132214080333756   -0.0326015337224645   0
0.126774216385283   -0.11925426916565   0.0259211522980053   0
0.133187233910771   0.0121424096612363   0.00641301752548848   0
0.113243293178327   0.0876224342620624   -0.0199439407324444   0
0.155135922004713   -0.126533593921661   0.0418926288263865   0
0.137327744604841   0.0451376158630804   -0.0178081773998721   0
0.120529476319166   0.0788695263434136   -0.0167982682856748   0
0.165478528936415   -0.107427482639761   0.0449490526172488   0
0.127481370265237   0.125808475515874   -0.037997158671178   0
0.142638351053319   -0.0232670866114212   0.0151569807880823   0
0.165137052921081   -0.105777606319898   0.0224987018677618   0
0.13966883036476   0.13839549807609   -0.0254682225563216   0
0.154247819397747   -0.101547632648509   0.0145789890329874   0
0.155246967008892   -0.0348167395463248   0.000999147611144946   0
0.126314669731944   0.137334190121594   -0.0289322972769484   0
0.157603078035964   -0.130413146663598   0.0312884083040199   0
0.158724107624527   0.039929946243649   0.00112102958856369   0
0.14849084595156   0.0947984996434198   -0.010233261672967   0
0.166231637167117   -0.134886613133181   0.0177407912155567   0
0.154207129020516   0.0934122944243073   -0.0120245081466011   0
0.159267032564621   -0.00969449187230625   0.00505990354410504   0
0.175083069653379   -0.0858395681288904   0.0158160370887583   0
0.136781392506263   0.123376217849631   -0.0383016771471157   0
0.157184413596331   -0.0780763459503051   0.0204030210900677   0
0.167434283594527   -0.0195647776337227   0.0102498699981959   0
0.145860686105347   0.12240821056082   -0.0215735974891803   0
0.172399873799287   -0.119391363802039   0.02653918769394   0
0.178047844465498   -0.000329884036009948   0.00564797066621081   0
0.155584363691375   0.107523889209217   -0.0224634807741227   0
0.178001538513969   -0.129345864307896   0.0224171748225942   0
0.163739810520105   0.0312512144270032   -0.0142617279938637   0
0.144494233495017   0.0957866786478209   -0.0192455770250883   0
0.181577246788392   -0.135883453453149   0.0370830132933747   0
0.166482422247816   0.0433743105503326   -0.015094824540576   0
0.150635183238644   0.107772676387665   -0.0158472390091712   0
0.17686786021155   -0.149113774215123   0.0262326769729058   0
0.175424729279369   0.0443962078105323   -0.00144313093218099   0
0.14802941362736   0.0759005447472348   -0.0273953156520094   0
0.173120089510503   -0.121901410807424   0.0250906758831429   0
0.158733874835533   0.032967953929534   -0.0143862146749703   0
0.145028019216978   0.103985507321432   -0.013705855618555   0
0.182303783739539   -0.149117008754314   0.0372757645225612   0
0.172049676946163   0.0525049117771642   -0.0102541067933752   0
0.14859415511403   0.0902630463087938   -0.0234555218321332   0
0.18264031609388   -0.124923966572362   0.03404616097985   0
0.177298256138534   0.0374287235719267   -0.00534205995534678   0
0.155358526430045   0.0912474625148021   -0.0219397297084884   0
0.190233655475352   -0.113813220903956   0.0348751290453072   0
0.187043229361931   0.0165565875114031   -0.00319042611342107   0
0.159568040397733   0.10758091716763   -0.0274751889641984   0
0.173948294683406   -0.108590348179932   0.0143802542856731   0
0.187772187569179   0.00278506690489294   0.0138238928857733   0
0.158508402760264   0.0944884457082258   -0.0292637848089154   0
0.178878137106006   -0.0954344586047688   0.020369734345742   0
0.189782538123282   -0.0215430625644125   0.0109044010172763   0
0.152872772515301   0.114578499398726   -0.036909765607981   0
0.154450714544365   -0.0239403490777034   0.00157794202906414   0
0.193122358564906   -0.0627145840405503   0.0386716440205404   0
0.165919817365241   0.0763570746240833   -0.0272025411996644   0
0.15537909519789   0.0433753587048731   -0.0105407221673511   0
0.189643800569687   -0.103956759380149   0.0342647053717963   0
0.195055085979615   0.0407057911495065   0.00541128540992852   0
0.171654080416881   0.098465826483823   -0.0234010055627341   0
0.182396117874024   -0.144877977481335   0.0107420374571436   0
0.190653603837726   -0.0052184583435114   0.00825748596370132   0
0.164903867041574   0.110637602330952   -0.0257497367961521   0
0.150873018155376   0.0329802950203338   -0.0140308488861974   0
0.188472948652103   -0.105030889355124   0.0375999304967263   0
0.22607106481318   -0.0103420074233573   0.0375981161610774   0
0.21456376547492   0.0631073801239587   -0.0115072993382602   0
0.182521200208401   0.0495835083775098   -0.0320425652665193   0
0.209767187058689   -0.105572062680397   0.0272459868502885   0
0.224426550957134   0.00193867141294407   0.0146593638984449   0
0.181051503053862   0.108896696681865   -0.0433750479032722   0
0.19262020215599   -0.0582887510059982   0.0115686991021281   0
0.244104427734121   -0.0727291451838885   0.0514842255781307   0
0.221130785429262   0.0896074384252245   -0.0229736423048582   0
0.223967903672184   0.0376032345517321   0.00283711824292115   0
0.245694752211077   -0.123960107515223   0.0217268485388933   0
0.241801512894486   0.0693718712819235   -0.0038932393165905   0
0.217082061026038   0.0466101569739251   -0.0247194518684484   0
0.251683260109369   -0.121873896881275   0.0346011990833306   0
0.246724222806178   0.0593542270216797   -0.00495903730319078   0
0.224433444242419   0.0687859218016468   -0.0222907785637588   0
0.241152635092155   -0.147060538663427   0.0167191908497358   0
0.23257017048735   0.0553543940206302   -0.00858246460480486   0
0.208738092013688   0.0821826823748285   -0.0238320784736616   0
0.26086024457212   -0.121891274567858   0.0521221525584319   0
0.251987588375926   0.0545071843996954   -0.00887265619619443   0
0.208498548039345   0.0982643119220032   -0.0434890403365809   0
0.256538199310556   -0.130569861681262   0.0480396512712109   0
0.270102981582428   0.0280792070950859   0.0135647822718724   0
0.24287370888276   0.136792189830225   -0.0272292726996684   0
0.263796597479005   -0.111123423436671   0.0209228885962447   0
0.279372689096881   -0.02359052894485   0.0155760916178763   0
0.248684657534197   0.112543926207418   -0.0306880315626836   0
0.26776634039336   -0.097721826722666   0.0190816828591622   0
0.286801629282062   -0.00263166762426997   0.0190352888887029   0
0.25242154080965   0.088966119577207   -0.0343800884724129   0
0.276907077931068   -0.106257783204106   0.0244855371214183   0
0.284348285284302   -0.0133287215319867   0.00744120735323367   0
0.251610681922922   0.117365454159308   -0.03273760336138   0
0.269421453359787   -0.0956709173161513   0.0178107714368657   0
0.285553380569417   -0.016673060319604   0.0161319272096301   0
0.264085786442504   0.11534587176279   -0.021467594126913   0
0.27680338394877   -0.12334912250388   0.0127175975062653   0
0.280816549720026   0.0117247308993421   0.0040131657712566   0
0.259364557781457   0.125270622943984   -0.021451991938569   0
0.26998536383782   -0.178739846164287   0.0106208060563626   0
0.267789864435199   0.00496057431397465   -0.00219549940262043   0
0.239990902800314   0.128856693533916   -0.027798961634885   0
0.274855733499781   -0.164158859093746   0.0348648306994663   0
0.272337304643897   0.0232187212377319   -0.00251842885588421   0
0.257634715700912   0.136734966522838   -0.0147025889429841   0
0.271773905588676   -0.161318225613519   0.0141391898877634   0
0.282110439346916   0.063430204756733   0.0103365337582402   0
0.280706577514782   0.107610765757934   -0.0014038618321337   0
0.300195432432028   -0.145718155184798   0.0194888549172459   0
0.285784684525453   0.0863336429238754   -0.0144107479065756   0
0.278080751692669   0.0626627503882254   -0.00770393283278331   0
0.301999181066208   -0.155737965492638   0.0239184293735382   0
0.29234804877196   0.0632784108292968   -0.00965113229424724   0
0.278204766386761   0.0842045060847608   -0.0141432823851989   0
0.304508440648125   -0.151277245599748   0.0263036742613633   0
0.298098122590453   0.08126266630718   -0.00641031805767217   0
0.295958415597377   0.0685136462779541   -0.00213970699307514   0
0.311397907217197   -0.1398873274845   0.0154394916198195   0
0.291871546263626   0.070154875112443   -0.0195263609535709   0
0.288776407254762   0.0954344874550659   -0.00309513900886371   0
0.317509122756501   -0.137506553556568   0.0287327155017381   0
0.323373949053569   0.0496946773114827   0.00586482629706814   0
0.295233890169595   0.129593721223507   -0.0281400588839736   0
0.32017698922537   -0.157610659853801   0.0249430990557747   0
0.317420033849994   -0.00194638173935691   -0.00275695537537529   0
0.294857096198604   0.136150098053034   -0.0225629376513909   0
0.320838569329662   -0.13322549031482   0.025981473131058   0
0.316337739037998   0.0368313754713609   -0.00450083029166359   0
0.308780672625312   0.118794466062788   -0.00755706641268616   0
0.326593238269625   -0.13282226779713   0.0178125656443132   0
0.323087691895594   0.0579623455901777   -0.00350554637403055   0
0.315683523114008   0.0462206840898068   -0.00740416878158623   0
0.331149042571433   -0.112714576614832   0.0154655194574252   0
0.313118503023492   0.110089716690373   -0.0180305395479415   0
0.306358422367968   -0.0163340634523233   -0.00676008065552436   0
0.346424587046214   -0.0752680574100632   0.0400661646782466   0
0.332998789176612   0.0878232603870803   -0.0134257978696016   0
0.32607956757836   0.0316890927048634   -0.00691922159825281   0
0.346591035791756   -0.118412510843822   0.0205114682133966   0
0.326552741805501   0.0831590971285674   -0.0200382939862556   0
0.318905400080588   0.0187422513927135   -0.00764734172491255   0
0.348475167081185   -0.0960686061578455   0.0295697670005971   0
0.344606986512248   0.0628733434935178   -0.00386818056893756   0
0.326700563218921   0.0558874029687438   -0.017906423293327   0
0.340768983440967   -0.131453680698145   0.0140684202220462   0
0.324749351089744   0.0826830701459352   -0.0160196323512226   0
0.324042060367802   -0.0340415513759116   -0.000707290721942644   0
0.342169636163048   -0.0555024623817233   0.0181275757952462   0
0.315940195588501   0.14392421609991   -0.0262294405745473   0
0.330924882576624   -0.0483632214347524   0.0149846869881237   0
0.348989725359086   -0.0828081042451685   0.0180648427824615   0
0.328138946216847   0.118469250323105   -0.020850779142239   0
0.329678202547029   -0.0460294731138225   0.00153925633018254   0
0.359156079083527   -0.071374072775528   0.0294778765364976   0
0.328334194335364   0.112209881378916   -0.0308218847481629   0
0.347750991184314   -0.0648476574831123   0.0194167968489497   0
0.350437371251487   -0.0327938564236477   0.00268638006717337   0
0.333686793646093   0.128812481164519   -0.0167505776053943   0
0.35018546179782   -0.115164637930741   0.0164986681517274   0
0.343062841590899   -0.0101576881462118   -0.00712262020692073   0
0.329166081316924   0.133410650357744   -0.013896760273975   0
0.367393610401283   -0.0906646989269792   0.0382275290843592   0
0.371069563998531   0.140610269431323   0.00367595359724771   0
0.351827101998425   0.153272502527199   -0.0192424620001063   0
0.382318574255568   -0.0604061713121304   0.0304914722571428   0
0.396115213991346   0.0177295469473884   0.0137966397357785   0
0.364093411503834   0.138774007864018   -0.0320218024875125   0
0.382898671874822   -0.0939094629617009   0.0188052603709881   0
0.39859963883416   -0.00384655955539792   0.0157009669593377   0
0.383983136234197   0.118757207945579   -0.0146165025999624   0
0.398961609854495   -0.16141938007627   0.0149784736202975   0
0.407434829313119   0.0203979310807592   0.00847321945862384   0
0.388923075745706   0.120437252127032   -0.0185117535674127   0
0.420566804443254   -0.138889894790229   0.0316437286975479   0
0.404828576734959   0.0552214571875222   -0.0157382277082948   0
0.413163390598831   0.102150170193788   0.00833481386387241   0
0.416864212230146   -0.168004555544908   0.00370082163131447   0
0.406550177588819   0.0637022321019053   -0.0103140346413271   0
0.403834950019807   0.0702026800258856   -0.00271522756901171   0
0.419301054695266   -0.157656110335347   0.0154661046754591   0
0.401122491127988   0.0818339835484921   -0.0181785635672784   0
0.389692909828046   0.0802993894507523   -0.0114295812999411   0
0.402782708171466   -0.155500747396088   0.0130897983434191   0
0.36450347464097   0.038461725477437   -0.0382792335304959   0
0.364193804638066   0.106045013062878   -0.000309670002903328   0
0.38149077545519   -0.145417151096081   0.017296970817124   0
0.397449157365659   0.0556471280137765   0.0159583819104687   0
0.376723729994209   0.11908002370056   -0.0207254273714496   0
0.383408646332148   -0.0684428421756682   0.00668491633793838   0
0.415167252837865   -0.0672155955173613   0.0317586065057175   0
0.394180167317243   0.0842442360022853   -0.0209870855206219   0
0.38678804108355   0.038572909626134   -0.0073921262336934   0
0.408324445290862   -0.125036610286611   0.0215364042073118   0
0.40810482210763   0.0726171769801165   -0.000219623183232209   0
0.389992967375375   0.12814762024261   -0.018111854732255   0
0.418632150802468   -0.116813950520233   0.028639183427093   0
0.43601783170789   -0.0342741763612635   0.0173856809054225   0
0.403861246456626   0.140292889442267   -0.0321565852512637   0
0.414703786162066   -0.139360204352097   0.0108425397054395   0
0.431468927446624   -0.0271271280415678   0.016765141284558   0
0.416188497136213   0.151417152282028   -0.0152804303104104   0
0.427410392120384   -0.146839208287593   0.01122189498417   0
0.421317618278954   0.0273807645197583   -0.00609277384142992   0
0.414345361101702   0.10711026676564   -0.00697225717725136   0
0.426886519893168   -0.151270360324644   0.0125411587914657   0
0.408499198671491   0.0671427686149841   -0.0183873212216772   0
0.401160632515517   0.0097033312606678   -0.00733856615597323   0
0.416698897493742   -0.0962766853915763   0.0155382649782245   0
0.398639785842118   0.108734452034031   -0.0180591116516235   0
0.406764484018086   -0.00250257424697342   0.00812469817596789   0
