0.162570741573384   0.0580418102322369   0   0   0
0.175625319813232   0.0403040986580149   0.013054578239848   -0.017737711574222   0
0.224099171580642   0.03263108144967   0.04847385176741   -0.00767301720834488   0
0.153503612107501   0.0353241491946529   -0.0705955594731413   0.0026930677449829   0
0.148134216699856   0.0646634678894699   -0.00536939540764422   0.0293393186948169   0
0.148189648320016   0.0666106465977504   5.5431620159585e-05   0.00194717870828057   0
0.12708191189717   0.0475633683579979   -0.0211077364228462   -0.0190472782397525   0
0.144516414148843   0.0291880782949991   0.0174345022516736   -0.0183752900629988   0
0.0989158289327851   0.0646408508399681   -0.0456005852160582   0.0354527725449689   0
0.127044147172587   0.0309296216021167   0.0281283182398021   -0.0337112292378514   0
0.145563317142404   0.038984434617791   0.0185191699698165   0.00805481301567433   0
0.107935993897217   0.0509336043747888   -0.037627323245187   0.0119491697569977   0
0.147986567591927   0.0464481380028037   0.0400505736947104   -0.00448546637198503   0
0.148841391126057   0.0208359289885548   0.000854823534130356   -0.0256122090142489   0
0.17122228589144   0.0398510588412165   0.0223808947653826   0.0190151298526617   0
0.165906469371902   0.0545959949863882   -0.00531581651953755   0.0147449361451717   0
0.0733346056656747   0.0839033024995441   -0.0925718637062278   0.0293073075131559   0
0.117067996234197   0.0339752184709105   0.0437333905685225   -0.0499280840286336   0
0.152757835479199   0.0364332220643124   0.0356898392450018   0.00245800359340188   0
0.145891854741415   0.0603877549998847   -0.00686598073778441   0.0239545329355723   0
0.0727122938141137   0.0509601614435836   -0.0731795609273008   -0.00942759355630114   0
0.0609661046452215   0.122726911394384   -0.0117461891688922   0.0717667499508005   0
0.129562868959513   0.0352351974383673   0.0685967643142917   -0.0874917139560168   0
0.141270391949233   0.0306178630416135   0.0117075229897201   -0.00461733439675382   0
0.121666050336978   0.0427106008534474   -0.0196043416122555   0.0120927378118339   0
0.137929347990556   0.0337913873283031   0.0162632976535786   -0.00891921352514433   0
0.105399338308502   0.0313084807570744   -0.0325300096820546   -0.00248290657122862   0
0.0842636338843157   0.0791654529825462   -0.021135704424186   0.0478569722254717   0
0.119160694905535   0.0418817335460532   0.0348970610212193   -0.0372837194364929   0
0.146453043939448   0.0373916863641572   0.0272923490339134   -0.00449004718189599   0
0.122494461661367   0.0336668643298942   -0.0239585822780814   -0.00372482203426307   0
0.101463657933952   0.0721916548868704   -0.0210308037274146   0.0385247905569762   0
0.163541361502404   0.0411992459368627   0.0620777035684516   -0.0309924089500077   0
0.199969219006326   0.038625290802447   0.036427857503922   -0.00257395513441568   0
0.130508813314734   0.011332339395072   -0.0694604056915924   -0.0272929514073751   0
0.101605455912359   0.0538902639381793   -0.0289033574023743   0.0425579245431073   0
0.290882539480114   0.079451666604688   0.189277083567754   0.0255614026665088   0
0.210727798529881   0.0871944652936756   -0.0801547409502331   0.00774279868898756   0
0.110391598647308   0.09662031566533   -0.100336199882572   0.00942585037165444   0
0.116744352523024   0.0836397843843084   0.00635275387571525   -0.0129805312810216   0
0.0998045593367357   0.0921179737936826   -0.0169397931862879   0.00847818940937423   0
0.12112379889968   0.110368035581429   0.0213192395629438   0.0182500617877465   0
0.0534844669132076   0.117099885545215   -0.0676393319864719   0.0067318499637861   0
0.158581653375184   0.174232573005853   0.105097186461976   0.0571326874606381   0
0.294820743880006   0.179229092107001   0.136239090504822   0.00499651910114809   0
0.255342453171736   0.154081817747909   -0.0394782907082702   -0.0251472743590919   0
0.266084724882959   0.143865730584945   0.0107422717112234   -0.0102160871629644   0
0.251324372164122   0.139896266860449   -0.0147603527188372   -0.00396946372449591   0
0.218542949719271   0.150333856083926   -0.0327814224448504   0.0104375892234766   0
0.205465621370827   0.163423378621305   -0.0130773283484445   0.0130895225373795   0
0.23128859088163   0.182681546819185   0.025822969510803   0.0192581681978795   0
0.185945596415403   0.177785065661749   -0.0453429944662268   -0.00489648115743549   0
0.182507076605046   0.165053496028288   -0.0034385198103575   -0.0127315696334615   0
0.190425109336978   0.149115224221037   0.00791803273193226   -0.0159382718072513   0
0.169323659792541   0.178551237415174   -0.0211014495444374   0.029436013194138   0
0.162007454062213   0.181566389880506   -0.00731620573032771   0.00301515246533177   0
0.302782993895978   0.164390249063897   0.140775539833765   -0.0171761408166095   0
0.306339671879696   0.14626362530514   0.00355667798371873   -0.0181266237587564   0
0.257110700131286   0.164480519169414   -0.0492289717484105   0.0182168938642737   0
0.217725564174008   0.162111162304027   -0.039385135957278   -0.00236935686538736   0
0.214512356892185   0.149883382190088   -0.00321320728182323   -0.0122277801139387   0
0.219451445385625   0.177213639295174   0.00493908849344046   0.0273302571050859   0
0.250352469028513   0.206966335466665   0.0309010236428876   0.0297526961714908   0
0.271343361491185   0.224491293267133   0.0209908924626727   0.0175249578004685   0
0.232038096490296   0.185678634805516   -0.0393052650008892   -0.0388126584616177   0
0.08807665458531   0.163287931645609   -0.143961441904986   -0.022390703159906   0
0.395594779984884   0.0895538054693335   0.307518125399574   -0.073734126176276   1
0.210440136533623   0.0974255542563269   -0.18515464345126   0.00787174878699343   0
0.251915086525389   0.0976673655831491   0.0414749499917661   0.000241811326822217   0
0.220125784708562   0.203743813428555   -0.0317893018168278   0.106076447845406   0
0.243323103663853   0.227372541255535   0.0231973189552911   0.0236287278269797   0
0.0896261536594648   0.234236542721241   -0.153696950004388   0.0068640014657064   0
0.112899611588393   0.22021052416154   0.0232734579289281   -0.0140260185597019   0
0.0908576073658535   0.224423502876815   -0.0220420042225394   0.0042129787152759   0
0.0769721107852708   0.241236710759888   -0.0138854965805827   0.0168132078830728   0
0.0975790986679525   0.240486374310999   0.0206069878826817   -0.000750336448889055   0
0.121303495187361   0.225269519937391   0.0237243965194081   -0.0152168543736084   0
0.142493130104753   0.237023984177572   0.0211896349173922   0.0117544642401814   0
0.172780848173662   0.244945519312969   0.0302877180689091   0.00792153513539667   0
0.209870068440381   0.252015493798992   0.0370892202667186   0.00706997448602359   0
0.165165132923084   0.25167134810189   -0.0447049355172965   -0.000344145697102893   0
0.155740260332292   0.266165146266322   -0.00942487259079222   0.0144937981644323   0
0.173803273171135   0.26677954242344   0.0180630128388428   0.000614396157118113   0
0.163121106996979   0.267096982112626   -0.0106821661741551   0.000317439689186072   0
0.126153798626003   0.26613821541342   -0.0369673083709769   -0.000958766699205971   0
0.0806233265546641   0.267376699929056   -0.0455304720713385   0.00123848451563596   0
0.114277384606492   0.256447303127022   0.0336540580518275   -0.0109293968020345   0
0.12163760677307   0.259195958096018   0.00736022216657839   0.00274865496899601   0
0.178773608352363   0.257972880740733   0.0571360015792931   -0.00122307735528454   0
0.213510168156367   0.344816770588051   0.0347365598040037   0.0868438898473178   0
0.215707671011116   0.305433306796001   0.00219750285474959   -0.03938346379205   0
0.286316435115136   0.329562441493979   0.0706087641040199   0.0241291346979783   0
0.400309783756892   0.448580019868184   0.113993348641756   0.119017578374204   0
0.396539806678976   0.53203504100891   -0.0037699770779161   0.0834550211407263   0
0.580625927139118   0.597197780232814   0.184086120460141   0.0651627392239037   0
0.491640438039844   0.476760605224991   -0.0889854890992733   -0.120437175007822   0
0.575217497737473   0.450233015958126   0.0835770596976289   -0.0265275892668653   0
0.433854110010497   0.428160605889977   -0.141363387726977   -0.0220724100681485   0
0.368910522219806   0.416016647672602   -0.0649435877906905   -0.0121439582173752   0
0.306525167793054   0.402791704485408   -0.0623853544267519   -0.0132249431871944   0
0.315211204481836   0.404973967353461   0.00868603668878215   0.00218226286805373   0
0.313966621473303   0.412888572621067   -0.00124458300853375   0.0079146052676059   0
0.34550472401193   0.423374004765494   0.0315381025386276   0.0104854321444265   0
0.276192387246445   0.391898927754007   -0.0693123367654856   -0.0314750770114874   0
0.332393771332075   0.442367352290404   0.0562013840856308   0.0504684245363975   0
0.339790053789704   0.429034308446962   0.00739628245762874   -0.0133330438434425   0
0.290955879837545   0.415140603856901   -0.048834173952159   -0.0138937045900605   0
0.235141840407019   0.41864157918579   -0.0558140394305261   0.00350097532888932   0
0.220493796298218   0.422168481840689   -0.0146480441088011   0.00352690265489891   0
0.337287999585947   0.474976403235729   0.116794203287729   0.0528079213950398   0
0.306947402921999   0.46069006266897   -0.0303405966639483   -0.0142863405667586   0
0.230421193049685   0.446634368891759   -0.0765262098723144   -0.0140556937772113   0
0.252141601046892   0.46723373395015   0.0217204079972073   0.0205993650583913   0
0.251881635004539   0.48011124913174   -0.000259966042352511   0.0128775151815898   0
0.50939475267121   0.599979645627041   0.257513117666671   0.119868396495301   0
0.477604953830297   0.667636063459165   -0.0317897988409135   0.0676564178321236   0
0.457322073651601   0.644010180675935   -0.0202828801786962   -0.02362588278323   0
0.425386558522434   0.617879793608959   -0.0319355151291669   -0.0261303870669756   0
0.443173922313678   0.594427996137043   0.0177873637912444   -0.0234517974719167   0
0.397607979083972   0.587519067026978   -0.0455659432297066   -0.00690892911006502   0
0.270903373655627   0.529442211109721   -0.126704605428345   -0.0580768559172569   0
0.302951557400255   0.540061030530115   0.0320481837446284   0.0106188194203944   0
0.118924471948021   0.431984610742385   -0.184027085452234   -0.10807641978773   0
0.185726063249077   0.451883737505359   0.0668015913010557   0.0198991267629742   0
0.112335865549432   0.469939191633875   -0.0733901976996449   0.0180554541285158   0
0.234266573227189   0.469214511630342   0.121930707677757   -0.000724680003533484   0
0.150313327939608   0.488913821951274   -0.0839532452875816   0.0196993103209329   0
0.179087880617673   0.473997278855122   0.0287745526780657   -0.0149165430961528   0
0.184598203240443   0.492625497952207   0.00551032262276996   0.0186282190970855   0
0.227828939945851   0.519521257918374   0.0432307367054073   0.0268957599661672   0
0.244470891745336   0.521639616155876   0.0166419517994858   0.00211835823750195   0
0.228735175073643   0.49739758790353   -0.0157357166716936   -0.0242420282523462   0
0.293166591265103   0.531237283672278   0.0644314161914602   0.0338396957687476   0
0.288085475580096   0.515237600162294   -0.00508111568500719   -0.0159996835099836   0
0.226420361380553   0.49717911823488   -0.0616651141995433   -0.0180584819274143   0
0.44569314764084   0.548528839923855   0.219272786260288   0.0513497216889752   1
0.933052961492004   1.41880717385459   0.487359813851164   0.870278333930735   1
0.707182853252714   1.39570326098497   -0.22587010823929   -0.0231039128696162   1
0.963734586934416   0.937582293771892   0.256551733681702   -0.458120967213082   1
0.849171116756405   0.69558695090456   -0.114563470178011   -0.241995342867332   0
1.07343657998843   0.66467037659655   0.224265463232022   -0.0309165743080094   0
0.812744148070529   0.632476077167748   -0.260692431917898   -0.0321942994288027   0
0.558997316097323   0.527449494174393   -0.253746831973206   -0.105026582993355   0
0.611835411381002   0.556359831303308   0.0528380952836794   0.028910337128915   0
0.564506088879863   0.802158441688449   -0.0473293225011389   0.245798610385141   0
0.534896725262961   0.856494945030827   -0.0296093636169018   0.0543365033423789   0
0.673286466866073   1.13508907162566   0.138389741603112   0.278594126594832   0
0.648366801650894   1.30392548436002   -0.0249196652151791   0.168836412734356   0
0.261979504415708   0.829567595577057   -0.386387297235186   -0.474357888782958   1
0.382152352198714   0.800901901834582   0.120172847783006   -0.0286656937424755   0
0.262983422682876   0.754299237178098   -0.119168929515838   -0.046602664656484   0
0.266093356416973   0.722758296145053   0.00310993373409696   -0.0315409410330448   0
0.266185693731787   0.749043928152415   9.23373148147832e-05   0.0262856320073621   0
0.258952074161784   0.753999709608697   -0.00723361957000351   0.00495578145628228   0
0.24469727587887   0.722611690314141   -0.0142547982829134   -0.0313880192945564   0
0.201037433476497   0.671676622272578   -0.0436598424023736   -0.0509350680415627   0
0.217186667005896   0.697739966650901   0.0161492335293992   0.0260633443783224   0
0.213786446933874   0.721250393416357   -0.0034002200720224   0.0235104267654566   0
0.248275973916124   0.730789482620166   0.0344895269822505   0.00953908920380886   0
0.258719565676815   0.727511728124193   0.0104435917606912   -0.00327775449597278   0
0.256268144222882   0.748337707797255   -0.00245142145393312   0.0208259796730618   0
0.363342368444199   0.764221256403046   0.107074224221317   0.0158835486057911   0
0.27465759403439   0.754726110327448   -0.0886847744098085   -0.00949514607559776   0
0.266768075005706   0.736166137442833   -0.00788951902868434   -0.0185599728846155   0
0.290655052967964   0.75788042737773   0.023886977962258   0.0217142899348967   0
0.302945085586893   0.761630363784986   0.0122900326189291   0.0037499364072564   0
0.403889051988402   0.803051278483199   0.100943966401509   0.041420914698213   0
0.426175822549802   0.819847283396884   0.0222867705613997   0.0167960049136847   0
0.456110195871568   0.861719009218927   0.0299343733217662   0.0418717258220437   0
0.389886078811491   0.86165057716658   -0.0662241170600771   -6.84320523475224e-05   0
0.322591483367881   0.850072005991404   -0.0672945954436095   -0.0115785711751756   0
0.419338362439737   0.8557445523585   0.0967468790718555   0.00567254636709602   0
0.365814599759222   0.944580755189306   -0.0535237626805145   0.088836202830806   0
0.351239562065907   0.900173506306562   -0.0145750376933155   -0.0444072488827442   0
0.355743100918345   0.86706920919339   0.00450353885243843   -0.0331042971131724   0
0.364619283772814   0.86128032608379   0.00887618285446901   -0.00578888310959935   0
0.347307334961414   0.87392274855962   -0.0173119488114   0.0126424224758294   0
0.404635023646001   0.927804460227073   0.057327688684587   0.0538817116674533   0
0.37943290153201   1.00085659420081   -0.0252021221139913   0.0730521339737397   0
0.302347160650485   0.934961289308413   -0.0770857408815254   -0.0658953048923991   0
0.310639193875041   0.995002105792244   0.00829203322455635   0.0600408164838305   0
0.319657632601757   1.03663971844899   0.00901843872671626   0.0416376126567454   0
0.258427558159439   0.996793691334997   -0.0612300744423187   -0.0398460271139921   0
0.290158841446612   0.980321152603064   0.0317312832871732   -0.016472538731933   0
0.24884246836119   1.01564684204206   -0.0413163730854215   0.0353256894389915   0
