0.0719654845527354   0.0149203563520824   0   0   0
0.031318698959248   0.00880663872683557   -0.0406467855934875   -0.00611371762524681   0
0.0309872468123189   0.0190134241639092   -0.000331452146929066   0.0102067854370736   0
0.140465373623436   0.0219734427495466   0.109478126811118   0.00296001858563738   0
0.107643178305112   0.00872725658090216   -0.0328221953183246   -0.0132461861686444   0
0.0758886188388964   0.0114506079439041   -0.0317545594662155   0.00272335136300196   0
0.0345489089669992   0.0072423   -0.0413397098718972   -0.00420830794390411   0
0.109549231170739   0.0256293078459993   0.0750003222037397   0.0183870078459993   0
0.0351558548937442   0.0168213   -0.0743933762769947   -0.00880800784599927   0
0.149585402153129   0.01976925   0.114429547259385   0.00294795   0
0.103257043513845   0.0247099640940274   -0.0463283586392848   0.00494071409402743   0
0.0623410942995068   0.01928665   -0.0409159492143378   -0.00542331409402743   0
0.0560519313595   0.003276785   -0.0062891629400068   -0.016009865   0
0.101040788056557   0.01584085   0.0449888566970566   0.012564065   0
0.0799268179996858   0.0102950099231812   -0.0211139700568708   -0.00554584007681877   0
0.0834676363141427   0.0285219   0.00354081831445693   0.0182268900768188   0
0.0683680644811596   0.0311984695481189   -0.0150995718329831   0.00267656954811886   0
0.0718322957581755   0.0271802957912529   0.00346423127701588   -0.00401817375686596   0
0.116160740163103   0.00551278538875767   0.0443284444049278   -0.0216675104024952   0
0.0944655311394055   0.0188667387688625   -0.0216952090236978   0.0133539533801049   0
0.134805912308622   0.0397806996308826   0.0403403811692169   0.02091396086202   0
0.112987405822552   0.0541143778005439   -0.0218185064860707   0.0143336781696614   0
0.0958179299418433   0.0514718036436698   -0.0171694758807084   -0.00264257415687411   0
0.115049947122804   0.0435433274384549   0.0192320171809606   -0.00792847620521491   0
0.153922371643144   0.024071664943354   0.0388724245203396   -0.0194716624951009   0
0.114374269808642   0.0473770535395037   -0.0395481018345018   0.0233053885961497   0
0.141792361319889   0.050187887124883   0.0274180915112473   0.00281083358537934   0
0.114245837811055   0.0602190827683385   -0.0275465235088337   0.0100311956434554   0
0.104809465756391   0.0587004798769354   -0.00943637205466495   -0.00151860289140306   0
0.144765468670156   0.0325196783946275   0.0399560029137657   -0.026180801482308   0
0.115057552335255   0.0297590881776055   -0.029707916334901   -0.00276059021702195   0
0.132944896551842   0.0467475389710517   0.0178873442165869   0.0169884507934462   0
0.124770701252538   0.0584746920262518   -0.00817419529930444   0.0117271530552001   0
0.111740250025718   0.0568354152408074   -0.0130304512268195   -0.00163927678544446   0
0.1302345900816   0.0420681203043944   0.0184943400558819   -0.014767294936413   0
0.155352051149446   0.0243912140834564   0.0251174610678457   -0.017676906220938   0
0.12445732904546   0.0393815855804778   -0.0308947221039853   0.0149903714970215   0
0.130140928279078   0.0486109605959654   0.00568359923361707   0.00922937501548757   0
0.120033190084993   0.0574842045976327   -0.0101077381940848   0.00887324400166733   0
0.151758757958281   0.038979116620089   0.0317255678732879   -0.0185050879775437   0
0.118524468338525   0.043171500393315   -0.0332342896197557   0.00419238377322601   0
0.147762365605353   0.0558106231251945   0.0292378972668281   0.0126391227318795   0
0.129814536010764   0.0596987846576461   -0.0179478295945888   0.00388816153245155   0
0.14107761562068   0.056222833306051   0.011263079609916   -0.00347595135159507   0
0.15728214617664   0.0533274830086936   0.0162045305559599   -0.00289535029735746   0
0.136128281820642   0.0626146292900669   -0.0211538643559986   0.0092871462813733   0
0.142893969239083   0.0819227393773548   0.00676568741844147   0.0193081100872879   0
0.129563911630747   0.0762314869121677   -0.0133300576083361   -0.00569125246518708   0
0.153711979797742   0.063522724905521   0.0241480681669956   -0.0127087620066467   0
0.16234422958467   0.0655342549287012   0.00863224978692739   0.00201153002318021   0
0.137767881664414   0.0700408333945992   -0.0245763479202558   0.00450657846589796   0
0.148048211275685   0.0792669693289866   0.0102803296112714   0.00922613593438741   0
0.143287749747492   0.0879581059873961   -0.00476046152819309   0.00869113665840947   0
0.158296902756889   0.0808026885731069   0.015009153009397   -0.00715541741428916   0
0.167241341917272   0.0778586610529619   0.00894443916038296   -0.00294402752014504   0
0.149748600615331   0.0932945050699664   -0.0174927413019411   0.0154358440170046   0
0.156253676386509   0.0921856315919135   0.00650507577117812   -0.00110887347805297   0
0.152078452443895   0.0885647142526441   -0.00417522394261449   -0.00362091733926941   0
0.196012074067926   0.0939473253484366   0.0439336216240308   0.00538261109579256   0
0.154925369395848   0.0966532340711692   -0.0410867046720776   0.0027059087227326   0
0.171609565143788   0.107513830930095   0.0166841957479398   0.0108605968589255   0
0.160222273928221   0.111964891811362   -0.0113872912155666   0.00445106088126727   0
0.146517414537283   0.116992447614899   -0.0137048593909385   0.00502755580353748   0
0.189163123241556   0.114346766513848   0.0426457087042728   -0.00264568110105134   0
0.122093783923835   0.122442552645567   -0.0670693393177212   0.00809578613171907   0
0.150717774643371   0.134537391363451   0.0286239907195366   0.0120948387178842   0
0.110884420628599   0.143937703206422   -0.0398333540147724   0.00940031184297044   0
0.160885377987218   0.12591181262878   0.0500009573586193   -0.0180258905776419   0
0.130789620845501   0.141770056090532   -0.0300957571417166   0.0158582434617517   0
0.136904969708188   0.150988919411823   0.00611534886268714   0.00921886332129138   0
0.13789691573846   0.150321983148116   0.000991946030271751   -0.000666936263706952   0
0.109022322977865   0.157174360591987   -0.0288745927605948   0.00685237744387102   0
0.115402237747628   0.144823496651096   0.00637991476976234   -0.0123508639408912   0
0.054456995220908   0.142390423862316   -0.0609452425267197   -0.00243307278877997   0
0.082339329630985   0.147089924250575   0.0278823344100769   0.00469950038825939   0
0.183145023352998   0.15082237557439   0.100805693722013   0.00373245132381511   0
0.219442448861313   0.132492529151873   0.0362974255083156   -0.0183298464225172   0
0.259047598564434   0.173937339292315   0.0396051497031207   0.0414448101404419   0
0.250635487608998   0.19327681515575   -0.00841211095543609   0.0193394758634348   0
0.317510544913078   0.194916485465962   0.0668750573040808   0.00163967031021173   0
0.33500798250788   0.195497271294825   0.0174974375948015   0.00058078582886345   0
0.248792582091991   0.19431715944445   -0.0862154004158891   -0.00118011185037475   0
0.169638534882054   0.207964739274841   -0.0791540472099364   0.0136475798303903   0
0.12155756142939   0.188897981348161   -0.0480809734526641   -0.0190667579266802   0
0.169140777685247   0.179709530329195   0.0475832162558562   -0.00918845101896515   0
0.237578569088544   0.151905940887165   0.0684377914032973   -0.02780358944203   0
0.190131895580331   0.159483950950284   -0.0474466735082126   0.00757801006311826   0
0.0976042376648678   0.161055583184168   -0.0925276579154635   0.00157163223388446   0
0.0945650357773422   0.169689524186085   -0.00303920188752563   0.00863394100191703   0
0.145672348619565   0.171644182966981   0.0511073128422226   0.00195465878089596   0
0.171515048784181   0.157922280879496   0.0258427001646163   -0.0137219020874849   0
0.176868233014015   0.167163573563329   0.00535318422983422   0.00924129268383275   0
0.309028017600427   0.183505473242687   0.132159784586412   0.016341899679358   0
0.232670342604166   0.170548647387813   -0.0763576749962613   -0.0129568258548742   0
0.147714759953533   0.179488951788153   -0.0849555826506326   0.00894030440034049   0
0.128157213086865   0.178804588673641   -0.0195575468666685   -0.000684363114512088   0
0.230660500273129   0.168319083413795   0.102503287186264   -0.0104855052598464   0
0.172360424268131   0.177517123956852   -0.0583000760049981   0.00919804054305765   0
0.121155695764293   0.183717651721881   -0.0512047285038373   0.00620052776502897   0
0.121238851214864   0.198964911233765   8.31554505709708e-05   0.0152472595118837   0
0.138561861431023   0.189568313717911   0.0173230102161586   -0.00939659751585359   0
0.159961505811523   0.189784804022694   0.0213996443805004   0.000216490304782935   0
0.165867246186943   0.193944842848199   0.0059057403754198   0.00416003882550431   0
0.254727888618836   0.192818422013309   0.0888606424318927   -0.0011264208348897   0
0.223093662457744   0.197122983303597   -0.0316342261610913   0.00430456129028756   0
0.174057640322423   0.195922033960604   -0.0490360221353213   -0.00120094934299272   0
0.14085888265555   0.204307485575425   -0.0331987576668731   0.00838545161482124   0
0.112332037788602   0.202942603039757   -0.0285268448669476   -0.00136488253566777   0
0.117443128345613   0.196928818532255   0.00511109055701051   -0.00601378450750178   0
0.212392176456432   0.18022421009005   0.0949490481108188   -0.0167046084422054   0
0.146559815101582   0.184979654623177   -0.0658323613548493   0.00475544453312735   0
0.218569525606019   0.202867872730436   0.0720097105044362   0.0178882181072589   0
0.212202405910395   0.2081777143807   -0.0063671196956237   0.00530984165026416   0
0.19402022591547   0.20810936592393   -0.0181821799949249   -6.83484567709502e-05   0
0.179596355272734   0.199892414028872   -0.0144238706427362   -0.00821695189505747   0
0.197996987200023   0.190643032078306   0.0184006319272893   -0.00924938195056604   0
0.172297274350235   0.197744496437347   -0.0256997128497885   0.00710146435904116   0
0.201219915303357   0.206104634031504   0.028922640953122   0.00836013759415635   0
0.161667806878797   0.201769507895792   -0.0395521084245596   -0.00433512613571169   0
0.174092238068502   0.203016399279122   0.0124244311897051   0.00124689138333045   0
0.215710176517011   0.201098875474255   0.0416179384485088   -0.00191752380486707   0
0.191852893885654   0.202104526978795   -0.0238572826313569   0.00100565150453985   0
0.235180914980978   0.212588018733441   0.043328021095324   0.0104834917546463   0
0.207573522072638   0.212110713965019   -0.0276073929083398   -0.00047730476842256   0
0.194165214542281   0.207712202894438   -0.0134083075303572   -0.00439851107058117   0
0.180933926790749   0.216799280059367   -0.0132312877515323   0.00908707716492976   0
0.204666054367401   0.198899936016229   0.0237321275766525   -0.0178993440431383   0
0.191845869021983   0.217294871847589   -0.0128201853454178   0.0183949358313597   0
0.215576263251338   0.224425310620839   0.0237303942293542   0.00713043877325009   0
0.205232370939966   0.235015587552209   -0.0103438923113711   0.0105902769313702   0
0.190292704981694   0.2304028845143   -0.0149396659582725   -0.0046127030379087   0
0.200212628320499   0.222247740457603   0.00991992333880534   -0.0081551440566974   0
0.181279945682396   0.21716814842999   -0.0189326826381031   -0.00507959202761324   0
0.217138004753314   0.224996057301656   0.0358580590709174   0.00782790887166621   0
0.205118849486365   0.235834994630801   -0.0120191552669486   0.0108389373291453   0
0.185890711219523   0.230326655774489   -0.0192281382668422   -0.00550833885631205   0
0.180067875635634   0.232922076674024   -0.00582283558388916   0.00259542089953507   0
0.214267316176523   0.226978693961592   0.0341994405408892   -0.00594338271243228   0
0.189811973097537   0.228625559620753   -0.0244553430789861   0.00164686565916111   0
0.219474366181201   0.235030209496359   0.0296623930836644   0.00640464987560618   0
0.198807267486478   0.242009486515012   -0.0206670986947232   0.00697927701865322   0
0.188089954481891   0.24806231829373   -0.0107173130045865   0.00605283177871796   0
0.201599495728139   0.237553963710375   0.0135095412462477   -0.0105083545833557   0
0.227140702968667   0.228460520861395   0.0255412072405273   -0.00909344284897948   0
0.189938926771107   0.222827835708446   -0.0372017761975594   -0.00563268515294965   0
0.231520784099311   0.232911807380519   0.0415818573282044   0.0100839716720735   0
0.195699273313444   0.241128941619603   -0.0358215107858676   0.00821713423908416   0
0.170535632296773   0.246915990190267   -0.0251636410166713   0.00578704857066376   0
0.200070016509605   0.231340295587496   0.0295343842128324   -0.0155756946027709   0
0.177874902460816   0.227705005869394   -0.0221951140487887   -0.00363528971810229   0
0.206418095563955   0.236089772774066   0.0285431931031386   0.00838476690467202   0
0.19646539629319   0.240446775262869   -0.00995269927076534   0.00435700248880297   0
0.197124983933189   0.239994139059665   0.000659587639999404   -0.000452636203203322   0
0.222468084448518   0.238417637805013   0.025343100515329   -0.00157650125465211   0
0.210408969058832   0.230157804190972   -0.0120591153896862   -0.00825983361404084   0
0.232275671455041   0.233883243731808   0.021866702396209   0.00372543954083579   0
0.226605375977358   0.243164399920116   -0.00567029547768219   0.00928115618830755   0
0.219733607841882   0.243980758536939   -0.00687176813547649   0.000816358616822971   0
0.195891117980219   0.249505492172036   -0.0238424898616632   0.00552473363509748   0
0.229965410892856   0.227064787727622   0.034074292912637   -0.0224407044444143   0
0.212623766826688   0.228714685604598   -0.0173416440661673   0.00164989787697586   0
0.243959013378662   0.237335077761911   0.0313352465519732   0.0086203921573135   0
0.252234877551638   0.245691328914153   0.00827586417297674   0.00835625115224167   0
0.217830424303516   0.248947293104966   -0.0344044532481219   0.00325596419081325   0
0.227594126800166   0.243825241850921   0.00976370249664948   -0.00512205125404547   0
0.245274847534455   0.234919167055229   0.0176807207342888   -0.00890607479569197   0
0.206597432330269   0.225579479382373   -0.0386774152041859   -0.0093396876728557   0
0.243948859091901   0.24281331758164   0.0373514267616318   0.0172338381992672   0
0.227284671060237   0.243850632948656   -0.0166641880316639   0.00103731536701546   0
0.206787155952927   0.243786340960281   -0.0204975151073101   -6.42919883744875e-05   0
0.248556554894716   0.231756044818922   0.0417693989417895   -0.0120302961413596   0
0.227681043825524   0.21838255333479   -0.0208755110691924   -0.0133734914841314   0
0.249094671976821   0.234855898761033   0.0214136281512973   0.0164733454262426   0
0.240762340966273   0.235996147282662   -0.00833233101054764   0.00114024852162939   0
0.220491157258267   0.237374775338367   -0.0202711837080059   0.00137862805570435   0
0.234525855662014   0.245048392787328   0.014034698403747   0.00767361744896122   0
0.240468099880317   0.23755032952042   0.00594224421830239   -0.00749806326690805   0
0.221646001157251   0.239931475308582   -0.018822098723066   0.00238114578816187   0
0.248645205187552   0.237520765211676   0.0269992040303016   -0.00241071009690585   0
0.218088491494279   0.240679301469409   -0.0305567136932738   0.00315853625773291   0
0.196994728363604   0.238207970689501   -0.0210937631306748   -0.00247133077990802   0
0.242483853952897   0.226632554462002   0.0454891255892935   -0.0115754162274982   0
0.237431197851715   0.22184622995503   -0.00505265610118272   -0.00478632450697253   0
0.244070430185141   0.235996147282662   0.00663923233342695   0.0141499173276323   0
0.245964766401633   0.242376475599964   0.00189433621649177   0.00638032831730187   0
0.222071010457669   0.235996147282662   -0.0238937559439645   -0.00638032831730187   0
0.199812553185229   0.235996147282662   -0.0222584572724396   0   0
0.217723476912252   0.235551674009234   0.0179109237270231   -0.000444473273428114   0
0.227360281969059   0.236318741984153   0.00963680505680681   0.000767067974918545   0
0.21473852704431   0.23532189323244   -0.0126217549247486   -0.000996848751712409   0
0.205830280000514   0.250819211167147   -0.00890824704379631   0.015497317934707   0
0.188241610179577   0.246729069273316   -0.0175886698209366   -0.00409014189383103   0
0.19336634300012   0.246329102587072   0.00512473282054238   -0.000399966686243758   0
0.225662200618451   0.236015062568494   0.0322958576183313   -0.0103140400185788   0
0.192365372463445   0.234248445194835   -0.033296828155006   -0.00176661737365874   0
0.235380541623049   0.234881597111561   0.043015169159604   0.000633151916725944   0
0.219222715265754   0.241429414954356   -0.0161578263572949   0.00654781784279487   0
0.19719326770709   0.243248161812191   -0.0220294475586645   0.00181874685783551   0
0.239127082636744   0.238807849537808   0.0419338149296537   -0.00444031227438293   0
0.238594307737449   0.233964392339011   -0.000532774899294597   -0.0048434571987977   0
0.239286346669195   0.245607412367807   0.000692038931745659   0.0116430200287964   0
0.214655180659797   0.243243317235135   -0.0246311660093978   -0.00236409513267205   0
0.207759696883226   0.244860045445705   -0.00689548377657068   0.00161672821056957   0
0.204485270469147   0.244219845308157   -0.00327442641407963   -0.000640200137547842   0
0.241271322063274   0.237284520824104   0.0367860515941273   -0.00693532448405318   0
0.206722958262889   0.228616528511221   -0.0345483638003852   -0.00866799231288243   0
0.238744020422209   0.238366570318307   0.0320210621593201   0.00975004180708616   0
0.222782097088253   0.239887982873304   -0.0159619233339552   0.00152141255499658   0
0.217594098550167   0.236596709476294   -0.00518799853808599   -0.00329127339700952   0
0.246700719240723   0.233182080552628   0.0291066206905555   -0.00341462892366584   0
0.22718206176919   0.224673565159959   -0.0195186574715331   -0.00850851539266936   0
0.239078949322792   0.227016988953852   0.0118968875536019   0.00234342379389257   0
0.231358003997895   0.241637486622156   -0.0077209453248967   0.0146204976683041   0
0.210956911462839   0.234132709124419   -0.0204010925350562   -0.00750477749773637   0
0.233550937963542   0.235672239057129   0.0225940265007027   0.00153952993270975   0
0.263999482880971   0.239281981451702   0.0304485449174293   0.00360974239457251   0
0.24056397599807   0.236749471059461   -0.0234355068829008   -0.00253251039224101   0
0.2585466144063   0.24677196477653   0.0179826384082301   0.0100224937170692   0
0.246115398104649   0.24650545799846   -0.0124312163016508   -0.000266506778070108   0
0.235996118361489   0.249067074257889   -0.0101192797431601   0.00256161625942969   0
0.258438820980518   0.251079162686252   0.0224427026190284   0.0020120884283629   0
0.264236785672599   0.240461555196231   0.00579796469208116   -0.0106176074900214   0
0.251520021293415   0.24527628652423   -0.0127167643791837   0.00481473132799912   0
0.253470645524506   0.242192796580165   0.00195062423109132   -0.0030834899440654   0
0.232697309127029   0.231648295954558   -0.0207733363974776   -0.0105445006256064   0
0.242255751891694   0.245230458520674   0.00955844276466522   0.0135821625661157   0
0.201067338718774   0.227531694033513   -0.0411884131729205   -0.0176987644871613   0
0.199687962118351   0.213862458411966   -0.0013793766004225   -0.0136692356215463   0
0.232391875724798   0.230439024345167   0.0327039136064471   0.0165765659332008   0
0.279751361103856   0.238855884261828   0.0473594853790579   0.00841685991666144   0
0.30380229048498   0.247721453122862   0.0240509293811238   0.00886556886103382   0
0.295707686136766   0.258069832065669   -0.00809460434821391   0.0103483789428065   0
0.350482047931431   0.276579765197277   0.0547743617946653   0.0185099331316077   0
0.325340945148701   0.273019354148149   -0.0251411027827303   -0.0035604110491273   0
0.291584669916716   0.285739989291296   -0.0337562752319853   0.0127206351431469   0
0.306588881252289   0.279224896619625   0.0150042113355731   -0.0065150926716715   0
0.344768986397747   0.282640978931117   0.0381801051454585   0.00341608231149221   0
0.261818625177507   0.270515582781053   -0.08295036122024   -0.0121253961500642   0
0.260008699280428   0.284914812445532   -0.00180992589707929   0.0143992296644792   0
0.272613701368805   0.300548804338042   0.0126050020883771   0.0156339918925107   0
0.310848648084836   0.298044219029341   0.0382349467160306   -0.00250458530870101   0
0.305333558753931   0.283122449991607   -0.005515089330905   -0.0149217690377344   0
0.309161224776992   0.293595114449141   0.00382766602306178   0.0104726644575339   0
0.294324675289059   0.304081037416245   -0.0148365494879334   0.0104859229671045   0
0.280273486701133   0.306306252238364   -0.0140511885879263   0.00222521482211901   0
0.279201109813643   0.300234666572067   -0.00107237688748957   -0.00607158566629773   0
0.319422250890275   0.292001505996271   0.0402211410766323   -0.00823316057579615   0
0.268178982382102   0.287496595801539   -0.051243268508173   -0.00450491019473165   0
0.269362269700045   0.29481084802743   0.00118328731794298   0.00731425222589127   0
0.248794615042448   0.326504122111578   -0.0205676546575972   0.0316932740841482   0
0.246341532795284   0.309303229779326   -0.0024530822471642   -0.0172008923322524   0
0.289813229366932   0.309382166272099   0.0434716965716481   7.89364927732961e-05   0
0.314016689911912   0.309409019625351   0.0242034605449795   2.685335325181e-05   0
0.291010950438656   0.306557043770252   -0.0230057394732554   -0.00285197585509939   0
0.295904480223957   0.316970697370139   0.00489352978530061   0.0104136535998877   0
0.278553034966485   0.319915322612063   -0.0173514452574715   0.00294462524192401   0
0.321214559895002   0.320528691027012   0.0426615249285169   0.000613368414949023   0
0.336822093097602   0.320138996344561   0.0156075332026002   -0.000389694682451924   0
0.316409410479903   0.331216017649343   -0.0204126826176991   0.0110770213047827   0
0.308953142201144   0.339955001559122   -0.00745626827875984   0.00873898390977862   0
0.29952882314769   0.341441396450288   -0.00942431905345376   0.00148639489116587   0
0.302524976529807   0.33877046902232   0.00299615338211678   -0.00267092742796793   0
0.360692446197145   0.339736295927755   0.058167469667338   0.000965826905434897   0
0.333127778108161   0.327578051937183   -0.0275646680889838   -0.0121582439905713   0
0.341510712561114   0.340210471605229   0.00838293445295357   0.0126324196680459   0
0.328381317035257   0.341865747257388   -0.0131293955258572   0.00165527565215906   0
0.337682882433697   0.34562255068514   0.0093015653984399   0.00375680342775214   0
0.436572485891873   0.346724865104671   0.0988896034581764   0.00110231441953085   0
0.440858593026585   0.377375371146638   0.0042861071347115   0.0306505060419663   0
0.406541874233897   0.376917333002679   -0.0343167187926876   -0.00045803814395845   0
0.437155895040888   0.393485725851463   0.0306140208069907   0.0165683928487835   0
0.417372999668414   0.382328507193718   -0.019782895372474   -0.0111572186577447   0
0.388948964433844   0.402834312334615   -0.0284240352345697   0.0205058051408975   0
0.397551320555472   0.387486209161181   0.00860235612162796   -0.0153481031734344   0
0.455066986107782   0.390663187954602   0.0575156655523095   0.00317697879342071   0
0.413825663305165   0.3919264651693   -0.0412413228026167   0.00126327721469821   0
0.387098486264788   0.400726298098655   -0.0267271770403775   0.00879983292935549   0
0.389711151072496   0.407580935716886   0.00261266480770855   0.00685463761823069   0
0.371700945377652   0.406851871378088   -0.0180102056948446   -0.000729064338797825   0
0.397332717032949   0.419619972468068   0.0256317716552974   0.0127681010899801   0
0.44019864512505   0.414022639102852   0.0428659280921013   -0.00559733336521689   0
0.397441012163206   0.418170250737032   -0.0427576329618439   0.00414761163418076   0
0.415615897916603   0.418058145217687   0.0181748857533964   -0.00011210551934554   0
0.405497631612186   0.43368906553296   -0.0101182663044168   0.0156309203152737   0
0.395421436794305   0.441205926498682   -0.0100761948178809   0.00751686096572107   0
0.457480607879176   0.440291982845307   0.0620591710848704   -0.000913943653374216   0
0.428583035056102   0.411878961060895   -0.0288975728230736   -0.0284130217844121   0
0.435888203511341   0.445180259243211   0.00730516845523926   0.0333012981823157   0
0.436899346674615   0.44289312971286   0.001011143163274   -0.00228712953035065   0
0.421852526986482   0.439197497057534   -0.0150468196881337   -0.00369563265532641   0
0.41562727084247   0.448185746841756   -0.00622525614401137   0.00898824978422197   0
0.447641313542093   0.446807493424856   0.0320140426996224   -0.00137825341690018   0
0.503530389936709   0.469765662386535   0.0558890763946166   0.0229581689616793   0
0.459992429790926   0.468375253325902   -0.0435379601457831   -0.00139040906063337   0
0.493205033301728   0.476490085548327   0.0332126035108017   0.00811483222242582   0
0.48400147001972   0.471554853320483   -0.00920356328200772   -0.0049352322278442   0
0.4857309367655   0.475590778259895   0.0017294667457799   0.00403592493941163   0
0.542845722895848   0.493568025012614   0.0571147861303483   0.0179772467527191   0
0.574580644782088   0.530736925964364   0.0317349218862399   0.0371689009517497   0
0.559814842772054   0.581242387790088   -0.0147658020100339   0.0505054618257238   0
0.580844590665834   0.586561751271128   0.0210297478937795   0.00531936348104034   0
0.592549061477579   0.595322106629052   0.0117044708117454   0.00876035535792419   0
0.50088074964107   0.579951688302405   -0.0916683118365095   -0.015370418326647   0
0.477821400032742   0.540230281109649   -0.0230593496083273   -0.0397214071927563   0
0.329229182518595   0.44821477678949   -0.148592217514147   -0.0920155043201586   0
0.331725585662705   0.456917852001158   0.00249640314410937   0.0087030752116683   0
0.334166951187824   0.456965841696403   0.00244136552511892   4.79896952450543e-05   0
0.330451146871183   0.466708835637649   -0.0037158043166402   0.0097429939412455   0
0.340275818124591   0.496446336290301   0.00982467125340797   0.0297375006526518   0
0.460459830778842   0.521330355225705   0.120184012654251   0.0248840189354044   0
0.433444852224525   0.489736832735358   -0.0270149785543176   -0.0315935224903473   0
0.489882109068508   0.529320094466562   0.0564372568439839   0.039583261731204   0
0.498880720144365   0.533635725926722   0.00899861107585626   0.00431563146016034   0
0.478461982700778   0.543901100659936   -0.0204187374435863   0.010265374733214   0
0.442676674760078   0.549390611536628   -0.0357853079407003   0.00548951087669169   0
0.438226171672614   0.564445681603864   -0.0044505030874637   0.0150550700672356   0
0.520918963810572   0.571623453795713   0.0826927921379576   0.00717777219184978   0
0.508186524763349   0.548193907221161   -0.0127324390472229   -0.0234295465745528   0
0.479828411668421   0.551531275544135   -0.0283581130949278   0.00333736832297393   0
0.467352203992621   0.576234302611535   -0.0124762076758009   0.0247030270674008   0
0.463353949859068   0.572705104910101   -0.00399825413355209   -0.00352919770143412   0
0.45652355642408   0.56227929451527   -0.00683039343498854   -0.0104258103948309   0
0.51929053981671   0.569430739338341   0.06276698339263   0.00715144482307106   0
0.57839515192485   0.581380539698862   0.0591046121081399   0.0119498003605206   0
0.519580730813307   0.569087694783082   -0.058814421111543   -0.0122928449157796   0
0.551602764723347   0.615301888311746   0.0320220339100401   0.0462141935286633   0
0.563028042393982   0.59786651309406   0.0114252776706355   -0.0174353752176853   0
0.539463172417228   0.585915665061961   -0.0235648699767543   -0.0119508480320993   0
0.550070288703853   0.58277555612281   0.0106071162866248   -0.00314010893915129   0
0.609186233024861   0.576425213843045   0.0591159443210079   -0.00635034227976483   0
0.594136326068353   0.582870272209863   -0.0150499069565081   0.0064450583668183   0
0.564069252755626   0.57688237327574   -0.0300670733127268   -0.00598789893412344   0
0.590313908167036   0.599143116776993   0.0262446554114103   0.0222607435012537   0
0.597667353459473   0.594115905654149   0.00735344529243642   -0.00502721112284421   0
0.587355417130173   0.587037514221408   -0.0103119363292992   -0.00707839143274092   0
0.576048555390863   0.592936385340999   -0.0113068617393104   0.00589887111959098   0
0.600845458904634   0.592880986473677   0.0247969035137707   -5.53988673225314e-05   0
0.638698542429345   0.592950646962502   0.0378530835247115   6.9660488825618e-05   0
0.590860189191165   0.59056728618613   -0.0478383532381798   -0.00238336077637269   0
0.621306797649189   0.584300196294679   0.0304466084580234   -0.00626708989145086   0
0.601698283654225   0.595846414658383   -0.019608513994964   0.0115462183637045   0
0.595732959830166   0.607541849666548   -0.00596532382405901   0.0116954350081645   0
0.62426788035301   0.590165498501903   0.0285349205228442   -0.0173763511646445   0
0.652131733614039   0.603201730183402   0.0278638532610287   0.0130362316814989   0
0.610138001831758   0.589253314840061   -0.0419937317822809   -0.0139484153433413   0
0.609536501671557   0.592273246991834   -0.000601500160200885   0.0030199321517731   0
0.612792181511775   0.592365359698725   0.00325567984021791   9.21127068912453e-05   0
0.63439156177826   0.60202434014768   0.0215993802664853   0.00965898044895519   0
0.681511100288964   0.605546933566879   0.0471195385107035   0.00352259341919836   0
0.630557623990591   0.600625185426194   -0.0509534762983723   -0.00492174814068458   0
0.633266879571449   0.597761728960629   0.00270925558085744   -0.00286345646556552   0
0.610280470251638   0.608307104591916   -0.022986409319811   0.0105453756312872   0
0.621760934123631   0.605689795182526   0.0114804638719931   -0.00261730940938987   0
0.671999019553637   0.600469466433765   0.0502380854300066   -0.00522032874876144   0
0.629272607275551   0.594636015379997   -0.0427264122780864   -0.00583345105376765   0
0.633119958862939   0.604606403017079   0.00384735158738825   0.00997038763708169   0
0.635642028935501   0.594941425879262   0.00252207007256144   -0.00966497713781611   0
0.641851907292032   0.602187344246996   0.00620987835653164   0.00724591836773336   0
0.714434058129041   0.603455910762543   0.0725821508370086   0.00126856651554696   0
0.667019486003175   0.596499574962129   -0.0474145721258658   -0.00695633580041422   0
0.67574705094718   0.601130976288238   0.00872756494400428   0.00463140132610929   0
0.65057965816942   0.597387105185574   -0.0251673927777591   -0.00374387110266383   0
0.670151731533986   0.596420060495118   0.0195720733645659   -0.000967044690456054   0
0.730159527217939   0.610566819819911   0.0600077956839523   0.0141467593247934   0
0.684890516911112   0.617895754906319   -0.0452690103068268   0.00732893508640775   0
0.689873456074525   0.611511160688217   0.00498293916341352   -0.00638459421810245   0
0.667626356474009   0.61403812224568   -0.0222470996005167   0.0025269615574629   0
0.699704562186192   0.605787430596327   0.032078205712183   -0.00825069164935233   0
0.753288141748036   0.606439678849018   0.0535835795618449   0.000652248252690724   0
0.701235086799513   0.598846704048707   -0.052053054948524   -0.00759297480031063   0
0.694027927352531   0.613441930915225   -0.00720715944698158   0.0145952268665178   0
0.699062810231556   0.619022264989919   0.00503488287902465   0.00558033407469416   0
0.690281880767741   0.616857272783583   -0.00878092946381448   -0.00216499220633604   0
0.744401468870427   0.61779796806885   0.0541195881026862   0.000940695285266857   0
0.74264712400182   0.626984176401805   -0.00175434486860704   0.00918620833295514   0
