0.0680588336259014   0   0   0
0.0830894363825059   -0.0358201724475767   0.0150306027566045   0
0.10310819996631   0.0257874116308406   0.0200187635838042   0
0.0477120085508093   0.00842683376449073   -0.0553961914155008   0
0.0783833949984944   -0.0321372082318794   0.0306713864476851   0
0.0679369259403345   0.0144491889647897   -0.0104464690581599   0
0.0653764212966341   -0.0200251752104127   -0.0025605046437004   0
0.0546485009372627   -0.0185477223334776   -0.0107279203593715   0
0.0505866184688698   0.030780250486283   -0.00406188246839286   0
0.0724678281626406   -0.0334418646350777   0.0218812096937708   0
0.0571474480700801   0.0695697634542838   -0.0153203800925605   0
0.111634707551471   -0.0682667432731987   0.0544872594813911   0
0.0649980488267917   0.0449405439566447   -0.0466366587246795   0
0.0819767295962092   -0.0582751294242014   0.0169786807694175   0
0.0494930658836922   0.0340155156254843   -0.032483663712517   0
0.0482968821153343   0.00262296449840657   -0.00119618376835792   0
0.0683800318400043   -0.0359556105262869   0.02008314972467   0
0.0309732027524601   0.0380173715904029   -0.0374068290875442   0
0.0227087236663028   -0.0146934825948069   -0.00826447908615728   0
0.0743350553602404   0.0298884238536628   0.0516263316939376   0
0.101212050902919   -0.034918186471206   0.0268769955426783   0
0.0815726956499491   0.0422264729200196   -0.0196393552529696   0
0.0501347268139413   -0.0319402413227428   -0.0314379688360078   0
0.0115360297150449   0.0137742388659958   -0.0385986970988963   0
0.0494492323561499   -0.0046979433255193   0.0379132026411049   0
0.0259461983861316   0.00402139665650422   -0.0235030339700182   0
0.0480100994173361   0.0139811289428559   0.0220639010312045   0
0.068486950950181   -0.0337799229808323   0.0204768515328449   0
0.0574921846590691   0.085210664304071   -0.0109947662911119   0
0.0750081904922096   -0.0993710807404588   0.0175160058331405   0
0.0253779566678446   0.0274279843995833   -0.0496302338243649   0
0.067522562128761   0.0875308240435482   0.0421446054609163   0
0.0613773687217644   -0.0909659371170193   -0.00614519340699653   0
0.103604779643179   0.0524508883950599   0.0422274109214148   0
0.0597731541208267   -0.0686836051623244   -0.0438316255223525   0
0.0586028465296055   0.0240563183628286   -0.00117030759122114   0
0.0420256845297733   0.0703100460249549   -0.0165771619998323   0
0.0469174903494465   -0.0831548353929708   0.00489180581967317   0
0.0411035370350646   0.0787770611357018   -0.00581395331438189   0
0.0583399429409808   -0.0854718126535458   0.0172364059059163   0
0.0591058672687924   0.0463043166168901   0.000765924327811515   0
0.0195039247584146   -0.0104473886279453   -0.0396019425103777   0
0.103238706307151   0.00188927586908942   0.0837347815487365   0
0.023605443440605   0.0245241237222313   -0.0796332628665462   0
0.0725899388307224   -0.0621863049819027   0.0489844953901175   0
0.0970303018473323   0.052022734591515   0.0244403630166099   0
0.104321108393316   0.0130679736051679   0.00729080654598388   0
0.0176777661075997   -0.0206795215485319   -0.0866433422857165   0
0.100781586813874   0.00624022950371145   0.0831038207062747   0
0.0268328323893644   -0.0212269641428585   -0.07394875442451   0
0.0549468091440486   -0.00436038790741841   0.0281139767546841   0
0.0212143919664222   -0.016220196272524   -0.0337324171776264   0
0.13885230318314   0.0843393288588301   0.117637911216717   0
0.0466105888305372   -0.0769891188807771   -0.0922417143526023   0
0.0261648894582631   0.0533499267096787   -0.0204456993722741   0
0.0225194998099558   -0.0580638220164772   -0.00364538964830724   0
0.0287951263085874   0.0655460822966317   0.00627562649863155   0
0.0464228719992484   -0.0536895786998461   0.017627745690661   0
0.0338099133526603   0.00783484752381913   -0.012612958646588   0
0.109885448517716   0.0679096145814251   0.0760755351650556   0
0.0903028909851927   -0.100856925598371   -0.0195825575325232   0
0.0456787374220547   0.0679413008819785   -0.044624153563138   0
0.0622967509366221   -0.0757842308371202   0.0166180135145673   0
0.0889070053278284   0.0273659567116802   0.0266102543912063   0
0.0618607827870372   0.075902089940141   -0.0270462225407912   0
0.0445366631472599   -0.0707741859325719   -0.0173241196397773   0
0.0241002906373035   0.0335245326147325   -0.0204363725099564   0
0.116126103465799   -0.0234056235342843   0.0920258128284952   0
0.0858139493662116   0.0460995831448138   -0.0303121540995872   0
0.0476925276114047   -0.0234096711534441   -0.0381214217548069   0
0.0295276602013729   -0.0174062121990103   -0.0181648674100318   0
0.0748549407223781   0.0523694128218977   0.0453272805210052   0
0.0792967083692003   -0.0652758513935517   0.00444176764682216   0
0.0334884914219049   0.0280724598642592   -0.0458082169472954   0
0.102211227962787   -0.0335864202198511   0.0687227365408825   0
0.120290998197115   0.0299653783971616   0.0180797702343279   0
0.0208156050175704   0.0262699582972029   -0.099475393179545   0
0.0509373938124599   -0.0598482815703585   0.0301217887948895   0
0.0290618679383742   0.0806170948640262   -0.0218755258740857   0
0.0462773356721733   -0.0776466241178729   0.0172154677337991   0
0.04077360374973   0.0444897910488599   -0.00550373192244323   0
0.0542030659866441   -0.0511150315357132   0.0134294622369141   0
0.0399952323391801   0.0353166535933064   -0.014207833647464   0
0.0330674734067618   -0.0263255048711209   -0.00692775893241831   0
0.0636955127784721   0.0402483713403014   0.0306280393717103   0
0.102741615569459   -0.0273546595387141   0.0390461027909869   0
0.03410616056151   -0.00807653508517704   -0.068635455007949   0
0.0419033590178043   0.0620798683325451   0.00779719845629429   0
0.0671492520712256   -0.0852008537756656   0.0252458930534213   0
0.0337058087564162   0.0797942385297306   -0.0334434433148095   0
0.0570100197662218   -0.0558386545652803   0.0233042110098056   0
0.0526593031608376   0.0216891951901376   -0.00435071660538421   0
0.0912994858135713   -0.0529394035062712   0.0386401826527337   0
0.166913457598728   0.0897547721564726   0.0756139717851571   0
0.10619131545482   -0.0187802072147731   -0.0607221421439088   0
0.096012366860004   -0.0463561607232483   -0.0101789485948155   0
0.0277552050091222   0.0471834712970981   -0.0682571618508819   0
0.0412745897436498   -0.0423001351153394   0.0135193847345276   0
0.0299847455129788   0.0121337645108193   -0.011289844230671   0
0.0385669555178394   0.03058044553168   0.0085822100048606   0
0.0600006373082195   -0.0487107889661436   0.0214336817903801   0
0.0285378136986705   0.0436549569578462   -0.031462823609549   0
0.0686058191709166   -0.0482643288644924   0.0400680054722461   0
0.0326605782787449   0.0412452818157907   -0.0359452408921716   0
0.0775523452723062   -0.0444646526607905   0.0448917669935613   0
0.0345523523001691   0.062254814528654   -0.0429999929721372   0
0.0788462620167811   -0.0655441770137884   0.044293909716612   0
0.0588423761787583   0.0843169863418572   -0.0200038858380228   0
0.0363378124617392   -0.00474109177127319   -0.0225045637170191   0
0.0956520026928344   -0.0424407315409875   0.0593141902310952   0
0.0511565443903212   0.0210544517684807   -0.0444954583025132   0
0.0242579635851178   -0.0392734328887851   -0.0268985808052034   0
0.0313848361359116   0.0504241478376874   0.00712687255079387   0
0.119476724256913   -0.0485567141950441   0.0880918881210017   0
0.121444185453881   0.0395336941993887   0.00196746119696747   0
0.102745939761628   -0.0502177498989992   -0.0186982456922532   0
0.0487962721824373   0.0265014238742278   -0.0539496675791903   0
0.0827222823389956   -0.00266376493550079   0.0339260101565583   0
0.0805353522016302   -0.0266953825688954   -0.00218693013736536   0
0.0260813661033871   0.083651753462608   -0.0544539860982431   0
0.073114786805875   -0.0931619082350968   0.0470334207024879   0
0.0312572959813369   0.0579542972008924   -0.0418574908245381   0
0.0823467031359635   -0.0650280715513033   0.0510894071546266   0
0.0503924679358434   0.0184456817239427   -0.0319542352001201   0
0.0294051318289002   0.0293639627419101   -0.0209873361069431   0
0.0651414104530674   -0.0400927612708684   0.0357362786241672   0
0.061993222905512   0.0584201387704689   -0.00314818754755539   0
0.0308903195163954   -0.0472935347582101   -0.0311029033891166   0
0.0440214350074484   0.0302569193221734   0.0131311154910529   0
0.0396046022100021   -0.00325234527370909   -0.0044168327974463   0
0.0230846997693732   -0.00464179531561908   -0.0165199024406288   0
0.0897997403887812   0.0315102073048331   0.066715040619408   0
0.0593045976590348   -0.0583744073470643   -0.0304951427297464   0
0.0265854371352983   0.0500212754884591   -0.0327191605237365   0
0.0482961739041769   -0.0374770542329572   0.0217107367688786   0
0.0432455899725336   0.0572259137985232   -0.00505058393164329   0
0.0854743159500268   -0.0579670628633857   0.0422287259774931   0
0.0243730399188837   0.0471818002675394   -0.061101276031143   0
0.0484751746131203   -0.0317026655490481   0.0241021346942365   0
0.0344858318768828   0.0124107095897488   -0.0139893427362375   0
0.0636765208167924   0.0169822859465934   0.0291906889399096   0
0.056206669448126   -0.0428065515537597   -0.00746985136866646   0
0.0306785415250012   0.052549525627125   -0.0255281279231247   0
0.0656467274950406   -0.0559865111793496   0.0349681859700394   0
0.0501927907840382   0.0274167552826812   -0.0154539367110025   0
0.0578669077392468   -0.0476780066274678   0.00767411695520864   0
0.0311726835779742   0.0321205013821569   -0.0266942241612726   0
0.0277405225640943   0.0156832671669571   -0.00343216101387986   0
0.0785770216984107   -0.0192135045981657   0.0508364991343164   0
0.0272029839732744   0.0551743817666363   -0.0513740377251362   0
0.0562841752760045   -0.0776142084314839   0.0290811913027301   0
0.0471402925952619   0.088825948654507   -0.00914388268074266   0
0.0857584356608194   -0.0648781783708989   0.0386181430655575   0
0.0444762556562288   0.0320522061594995   -0.0412821800045906   0
0.0663444328117477   -0.0524384488299876   0.0218681771555189   0
0.0423363467105098   0.0466278363406117   -0.0240080861012378   0
0.028413252785892   -0.00627727956081377   -0.0139230939246178   0
0.108648397111014   0.00083600176872764   0.0802351443251216   0
0.029155460262402   0.0231041954005245   -0.0794929368486116   0
0.0661006364063078   -0.0248315513384426   0.0369451761439058   0
0.0243378751606031   -0.0152740253479519   -0.0417627612457047   0
0.0554811795626625   0.0390279325591805   0.0311433044020594   0
0.0396391795948466   -0.0507071079545401   -0.0158419999678159   0
0.0225319614971156   0.0133126191894183   -0.017107218097731   0
0.0284179415950997   0.0276996224550466   0.00588598009798414   0
0.0704273737558238   -0.00767013151293922   0.0420094321607241   0
0.0516609302547556   0.026294105387926   -0.0187664435010682   0
0.0710937915633988   -0.0492463554544482   0.0194328613086432   0
0.0591725471664428   0.041797240584613   -0.011921244396956   0
0.0395938307315448   -0.0468121121117503   -0.019578716434898   0
0.024379982669395   0.0466400960947504   -0.0152138480621499   0
0.0523032520465327   -0.0495071577393882   0.0279232693771377   0
0.026374830705523   0.0356155235125591   -0.0259284213410097   0
0.0725852390745613   -0.0331763409298815   0.0462104083690383   0
0.0381189553220573   0.0247733355160597   -0.034466283752504   0
0.0931065396257159   0.016371058302095   0.0549875843036586   0
0.0861282102819012   -0.024744218267174   -0.00697832934381462   0
0.043636089457409   0.018081927714484   -0.0424921208244923   0
0.0454843018506729   0.0126460457213964   0.00184821239326389   0
0.0703127256286736   -0.017677298626426   0.0248284237780007   0
0.0641614138877139   0.049122481954624   -0.00615131174095965   0
0.128314430641004   -0.0391826433588764   0.06415301675329   0
0.0990201594295323   0.0907576873504371   -0.0292942712114716   0
0.151489792182485   -0.0385965684214195   0.0524696327529527   0
0.137584614983253   -0.0579642610813966   -0.0139051771992319   0
