0.563923581086083   0   0   0
0.441266097067472   -0.00644502590025187   -0.122657484018611   0
0.423277469212029   -0.0433257014409409   -0.0179886278554436   0
0.408365631114413   -0.0297031806306468   -0.0149118380976162   0
0.331432167962179   0.0270629466171317   -0.0769334631522336   0
0.280478362724739   -0.0380795573630109   -0.0509538052374404   0
0.223469074210958   -0.0301826455770152   -0.0570092885137809   0
0.165395078914973   0.0211318846884878   -0.0580739952959851   0
0.150664663423578   -0.0386514097560525   -0.0147304154913947   0
0.103862155664371   0.0365482225211151   -0.046802507759207   0
0.0574937888681247   -0.0319669161406708   -0.0463683667962461   0
0.0898196244993403   -0.0565152639632115   0.0323258356312156   0
0.15433468752322   -0.0394806556434371   0.0645150630238798   0
0.156425456613917   0.0124289686625509   0.00209076909069705   0
0.0961954200909404   0.080737084598977   -0.0602300365229768   0
0.0604604009242827   -0.0254436378656096   -0.0357350191666578   0
0.0669207427547132   0.0219557811209158   0.00646034183043055   0
0.144326718466298   -0.018230646954175   0.0774059757115846   0
0.0813702255196119   -0.0356260703249725   -0.0629564929466859   0
0.0478428555199729   -0.014924592509318   -0.0335273699996391   0
0.0454873221369383   -0.0395362441441382   -0.00235553338303455   0
0.0553348834093377   0.0327147375774494   0.00984756127239942   0
0.0626581302809739   -0.028311381023149   0.00732324687163617   0
0.0600344358581648   0.0193611838607523   -0.00262369442280914   0
0.0652614157667071   0.0124139132274301   0.00522697990854229   0
0.0790968579809434   -0.0115885333944752   0.0138354422142363   0
0.0973085620585491   0.0376285555595824   0.0182117040776057   0
0.111779490629822   0.0374247529614609   0.0144709285712731   0
0.117619079089369   0.0221782093518886   0.00583958845954678   0
0.317238544736847   -0.00482148484624786   0.199619465647478   0
0.131057472982286   -0.0780838686794769   -0.186181071754562   0
0.103386632451879   0.0437069109859531   -0.0276708405304062   0
0.0758100292926958   0.0418785055936752   -0.0275766031591835   0
0.0821639191011481   0.0460827366445317   0.00635388980845221   0
0.0675087616300655   0.00211533381592544   -0.0146551574710826   0
0.0458199294774839   0.0235688805098382   -0.0216888321525816   0
0.082701345809243   -0.0105496731683777   0.0368814163317591   0
0.0576465839189756   0.0241009205177796   -0.0250547618902674   0
0.0866047639026884   0.0238083595123246   0.0289581799837128   0
0.0697546758564523   0.0322056774896738   -0.0168500880462361   0
0.0583323071446047   0.0181637292002101   -0.0114223687118476   0
0.0871679912564383   0.00965060801304329   0.0288356841118336   0
0.102504839227595   -0.00206313181004752   0.0153368479711562   0
0.10652401840003   -0.0294738247168709   0.00401917917243581   0
0.0816174436226717   0.0467226890860469   -0.0249065747773586   0
0.108136508387235   -0.0473053683005612   0.026519064764563   0
0.129365743952511   -0.0614549161587979   0.0212292355652758   0
0.116719823675452   0.0152893406436038   -0.0126459202770589   0
0.110168257888614   0.0596300911330832   -0.00655156578683792   0
0.141552453430486   0.223672588154239   0.0313841955418726   0
0.152808407515311   -0.164194437890192   0.0112559540848247   0
0.18155959038523   0.059795004712075   0.028751182869919   0
0.191402771638272   0.032771968725508   0.00984318125304201   0
0.181865888876426   0.000393634967836398   -0.00953688276184608   0
0.163220187465307   0.0945658203842376   -0.0186457014111188   0
0.173936747758496   0.0218078602027753   0.0107165602931884   0
0.149092682302821   0.00165179969364282   -0.0248440654556743   0
0.146079973657468   -0.105744784355496   -0.00301270864535375   0
0.146946967678615   -0.00465118996757852   0.000866994021147732   0
0.170970526388476   0.0966870825332559   0.0240235587098606   0
0.157865892924263   0.00414518098733119   -0.0131046334642124   0
0.190130845621351   -0.0388006671561919   0.0322649526970876   0
0.206970435683602   0.0301624226644984   0.0168395900622509   0
0.18991520724605   0.0143222624937155   -0.0170552284375522   0
0.175408030339378   -0.0278300015416439   -0.0145071769066715   0
0.16909340220322   -0.0521581380565015   -0.00631462813615799   0
0.299154929903904   -0.0376792537155785   0.130061527700684   0
0.320924285808974   0.051935617433999   0.0217693559050695   0
0.242867051716572   -0.167055818688284   -0.0780572340924021   0
0.259304365247676   0.00162103066926916   0.0164373135311038   0
0.256177352513566   -0.0286688736435675   -0.00312701273410948   0
0.237595562468031   0.0750452912214079   -0.0185817900455353   0
0.224841726132317   -0.0892812159148189   -0.0127538363357136   0
0.240452104360328   0.016262135149184   0.0156103782280105   0
0.248483251526079   0.0639224120584734   0.00803114716575087   0
0.26520939125614   0.11924231487967   0.0167261397300616   0
0.262333867194859   -0.0658815113021705   -0.00287552406128111   0
0.265068598690325   -0.0321083746901886   0.00273473149546566   0
0.334331276769877   0.136008575287313   0.0692626780795522   0
0.373254908384774   0.0448930392211259   0.0389236316148971   0
0.341594681202405   -0.0880531982084805   -0.0316602271823694   0
0.349816840346577   0.0452863376349012   0.00822215914417224   0
0.380657461275554   0.0181724424220489   0.0308406209289773   0
0.365203555350109   -0.0322730545323625   -0.0154539059254454   0
0.369453257032943   0.00682595633856997   0.00424970168283439   0
0.361029465728703   0.0133169758213183   -0.00842379130424048   0
0.351489994660588   -0.0287036541945271   -0.00953947106811492   0
0.345713529237897   -0.00164788298323038   -0.00577646542269045   0
0.36740959966951   -0.00311178793695455   0.0216960704316131   0
0.408894218761405   0.0313961530526219   0.0414846190918948   0
0.374741691129517   -0.0383689538987791   -0.0341525276318887   0
0.359503202323011   -0.00908626836521254   -0.0152384888065052   0
0.3487196853736   -0.0184871862119241   -0.0107835169494114   0
0.335310910185443   0.0365099324106641   -0.0134087751881573   0
0.354416960374909   0.034982593577384   0.0191060501894667   0
0.364407268208048   0.0156223737564801   0.00999030783313909   0
0.361736215232894   0.0145614885824086   -0.00267105297515396   0
0.360937599786407   -0.0327566574382627   -0.00079861544648735   0
0.373670609882835   0.0531456788737626   0.0127330100964281   0
0.396890124858571   0.00267684985164918   0.0232195149757363   0
0.415068771606059   0.0626055028341865   0.0181786467474873   0
0.44565345653153   0.053087787997577   0.030584684925471   0
0.467457031539253   0.0243126741251743   0.0218035750077231   0
0.405798253080888   -0.158909931315927   -0.0616587784583653   0
0.46416202954868   0.0427492497297467   0.0583637764677927   0
0.483436147357901   -0.0668027889844242   0.0192741178092205   0
0.490223006053696   0.0515299339708485   0.00678685869579565   0
0.475932012003028   -0.0238418744102676   -0.0142909940506689   0
0.460407390667722   -0.0155619476235721   -0.0155246213353059   0
0.500036178269883   -0.0175384651131874   0.0396287876021612   0
0.483957791710509   -0.0267749455998066   -0.0160783865593738   0
0.482267556849142   0.061146350778217   -0.00169023486136743   0
0.497364873298972   0.0863786702936854   0.0150973164498306   0
0.505146534592006   0.027452796026459   0.00778166129303376   0
0.528617248639621   0.00749401279563422   0.0234707140476147   0
0.538668659703117   -0.00440874224696297   0.0100514110634965   0
0.608528856832123   0.0346305003437668   0.0698601971290056   0
0.605972227997754   -0.0381671067866299   -0.00255662883436825   0
0.622702969487076   0.0230067390766661   0.0167307414893217   0
0.645381107269885   -0.026838494667122   0.0226781377828085   0
0.621520059139285   0.13674931109699   -0.0238610481305999   0
0.646669246611628   -0.121851976098675   0.0251491874723427   0
0.578032260697662   0.00583803679874773   -0.0686369859139655   0
0.553650996511566   -0.0529103967150752   -0.024381264186096   0
0.524359991873188   0.0913906502909818   -0.0292910046383777   0
0.519116305522664   0.0383793745876927   -0.00524368635052419   0
0.522132039824459   0.076291799018018   0.00301573430179447   0
0.59183671481842   0.00522014494716394   0.0697046749939617   0
0.593082853949598   -0.0718623036290176   0.00124613913117744   0
0.614691525412137   0.0303007207955123   0.0216086714625393   0
0.624434308944704   0.022224638300128   0.00974278353256697   0
0.633844623311975   -0.0330331638390058   0.00941031436727136   0
0.65156351452138   0.00771309284736588   0.0177188912094046   0
0.684106267372986   -0.0197114730062322   0.0325427528516063   0
0.677634703310714   -0.0403324458703025   -0.0064715640622719   0
0.674472243429631   0.00731308758103566   -0.00316245988108299   0
0.662295426023953   -0.0126110183684768   -0.012176817405678   0
0.654062585996172   0.0405965566585893   -0.00823284002778135   0
0.664564596896953   -0.016148176384653   0.0105020109007813   0
0.663087415388235   -0.0326039674144096   -0.00147718150871812   0
0.661332766008535   -0.0671146106111029   -0.00175464937970005   0
0.630297219521473   -0.0337036693944061   -0.0310355464870621   0
0.631801801867089   0.00978069456852004   0.00150458234561557   0
0.638844610904131   0.020855875724243   0.00704280903704191   0
0.633930591148786   0.0494993181913514   -0.00491401975534411   0
0.690805011733774   -0.0577923080618624   0.0568744205849878   0
1.82177397696078   -0.254759416996523   1.13096896522701   1
2.8984695728009   0.160002689858491   1.07669559584012   1
2.32348097076454   -0.323856551832492   -0.574988602036357   1
1.90685598446035   0.00359894490651413   -0.416624986304189   1
1.68966296083546   0.241185256922465   -0.217193023624891   1
1.3467706372189   0.0514365153260141   -0.34289232361656   0
1.09581397942466   -0.0304165422821945   -0.250956657794244   0
0.992288473820743   -0.00280241887102373   -0.103525505603912   0
0.960065984849135   0.0408701010844759   -0.0322224889716082   0
0.895360518736341   -0.0191129112860077   -0.0647054661127939   0
0.789658734355266   -0.0108337012054465   -0.105701784381076   0
0.781185837099758   0.0741489146464203   -0.00847289725550726   0
0.787577969085601   -0.0146724643927282   0.00639213198584276   0
0.807727166081004   0.00441144612682298   0.0201491969954031   0
0.852417539135605   0.0678039776560753   0.0446903730546004   0
0.809642591537927   0.0231735885300671   -0.0427749475976779   0
0.723221135328953   0.00134328342290302   -0.0864214562089736   0
0.766051273807765   0.0805333416668355   0.0428301384788122   0
0.74120270807806   0.0170536577457323   -0.0248485657297054   0
0.726789762752097   -0.0556125092456209   -0.0144129453259626   0
0.806362835962199   0.0288724905606039   0.0795730732101015   0
0.764330018208267   -0.0124573440733479   -0.0420328177539316   0
0.755176906592919   0.0393927992231631   -0.0091531116153486   0
0.765710405893442   -0.0629075132127519   0.0105334993005235   0
0.766231045198183   -0.0469474307847537   0.000520639304740778   0
0.862440668138394   0.0798361162023076   0.0962096229402114   0
0.974531057371826   0.0106323450984593   0.112090389233432   0
1.06877825618566   0.0166928698352555   0.0942471988138288   0
1.03220835998331   0.0730277555352583   -0.0365698962023424   0
1.01908464943559   -0.0800998939924803   -0.0131237105477273   0
1.21093137319214   -0.019376793976626   0.191846723756554   1
1.1312053917217   -0.0458724249440968   -0.0797259814704367   0
1.18678534132727   0.00943797225220455   0.0555799496055698   0
1.14344097741645   0.00962211728954776   -0.0433443639108204   0
1.05321425179733   -0.018738034692489   -0.090226725619126   0
1.05396418736312   -0.0272109901912666   0.000749935565793391   0
1.16812597430564   0.0213118164737455   0.114161786942521   0
1.00432793345849   0.0350014097924752   -0.16379804084715   0
0.945407240255166   0.0728698442913139   -0.058920693203323   0
0.927495727288596   -0.0619421424697939   -0.01791151296657   0
0.962274871831668   0.00831754064346923   0.0347791445430713   0
0.992224916359819   0.0475309885464615   0.0299500445281515   0
1.00284276369429   -0.00634433170434312   0.01061784733447   0
0.9973144485111   0.0106937784414149   -0.00552831518318908   0
0.970039518724495   -0.010472756143347   -0.0272749297866051   0
0.971957890946928   0.0258365873806781   0.00191837222243285   0
0.990576845144914   0.0080448832825345   0.0186189541979856   0
0.994887250195217   -0.00922828869338754   0.00431040505030333   0
1.01599212840012   0.0151096256293789   0.0211048782049001   0
1.06360960823556   -0.00795073429483795   0.0476174798354423   0
1.03527548436443   -0.0249289406737565   -0.0283341238711317   0
1.07546382298627   0.0321188189244282   0.0401883386218456   0
1.05123254274447   -0.00266373920056318   -0.0242312802418052   0
1.05898831154798   0.0441504156646583   0.00775576880351614   0
1.07972189297997   0.0405789862219733   0.020733581431986   0
1.02115057248686   -0.0168761138067622   -0.0585713204931062   0
1.03172864015702   -0.0430285745592903   0.0105780676701543   0
1.04001312445913   0.00512651981921219   0.0082844843021157   0
1.05015969655917   0.02554765982025   0.0101465721000367   0
1.01782288058495   -0.0349124643582662   -0.0323368159742183   0
1.0257067060354   0.00342017255346505   0.0078838254504523   0
1.04322138071169   0.00415500639315936   0.0175146746762831   0
1.72758976528899   0.311017480396143   0.684368384577297   1
2.49987158118777   0.675461034892175   0.772281815898787   1
2.6017644252624   -0.466730296364314   0.101892844074631   1
2.32243996909479   -0.0772831201707072   -0.279324456167615   1
2.27194404026733   0.128302225585057   -0.0504959288274551   0
2.25776799655107   -0.189460087069802   -0.0141760437162595   0
2.20156769438013   -0.144999420167976   -0.0562003021709416   0
2.14987656304688   0.0813682855597295   -0.0516911313332553   0
2.16986520093052   -0.15887921149636   0.0199886378836438   0
2.33011265865247   0.15088739381437   0.160247457721953   0
2.45353074375302   -0.129049682051849   0.123418085100547   0
2.4136881260358   -0.408651147806005   -0.0398426177172184   1
2.17330314614548   0.39155374533302   -0.24038497989032   1
2.12227870016331   0.107077743789031   -0.0510244459821707   0
2.03533511082604   -0.0508525742845549   -0.0869435893372699   0
1.92480180375727   -0.041249297607074   -0.110533307068769   0
1.98721938772076   0.0192179530501262   0.0624175839634824   0
1.99565798691873   0.0598216912360006   0.0084385991979703   0
2.02334382451364   -0.0197247472716036   0.0276858375949185   0
2.04257479534227   -0.201982856231987   0.0192309708286222   1
1.57107244140476   -0.187360142928504   -0.47150235393751   1
1.2233921013324   0.220090368946253   -0.347680340072358   1
1.17930404926969   -0.194293175721492   -0.0440880520627065   0
1.29318636764515   -0.195563354436018   0.113882318375456   0
1.39517046727219   -0.230115950805673   0.101984099627042   0
1.3151994070353   -0.0679936080058803   -0.0799710602368915   0
1.23633806966886   -0.0218020238256718   -0.0788613373664382   0
1.33250392626319   0.140135564146568   0.0961658565943275   0
1.27110028941854   -0.0851965648752323   -0.0614036368446498   0
1.05383620937281   0.0929040658179537   -0.217264080045729   0
1.09283206510287   0.0185014582083811   0.03899585573006   0
1.18237038753937   0.0303321014637896   0.0895383224365016   0
1.19862715506418   -0.0435799184472666   0.01625676752481   0
1.16414722603651   -0.0360606003435168   -0.0344799290276707   0
1.15310586017304   -0.0310313740102497   -0.0110413658634678   0
1.16000108084694   0.0159759529754783   0.0068952206738957   0
1.17517153970912   -0.00106543076204108   0.0151704588621866   0
1.05387811642334   0.0180635089874451   -0.121293423285787   0
1.06238120081733   0.0141883039643207   0.00850308439398906   0
1.19840235353376   0.011049224065881   0.136021152716432   0
1.26736636921807   0.08519631501985   0.0689640156843148   0
1.26902951987493   -0.025063073284045   0.00166315065685918   0
1.2506768229068   0.00155936062077533   -0.0183526969681307   0
1.22018643722425   -0.0333481372516483   -0.0304903856825545   0
1.18360712635148   -0.0140317282787348   -0.0365793108727701   0
1.14209209696778   0.00389001874938438   -0.0415150293837012   0
1.11451488588365   -0.0175260295626315   -0.027577211084123   0
1.07813001153908   0.0195304714189531   -0.0363848743445752   0
1.072774006302   -0.0167435140831489   -0.00535600523707402   0
1.0714651173482   0.0209942458092223   -0.00130888895379933   0
1.08205565041048   -0.00426449858988198   0.0105905330622778   0
1.09814058771874   -0.00860838745623627   0.0160849373082539   0
