1.02626314001137e-09   0.00270445   0   0   0
0.257489546823264   0.0344075408998249   0.257489545797001   0.0317030908998249   0
0.183929805381455   0.059511343437806   -0.073559741441809   0.0251038025379811   0
0.152599628949745   0.0454654785657206   -0.0313301764317098   -0.0140458648720854   0
0.127044227486972   0.0403755562709667   -0.025555401462773   -0.00508992229475388   0
0.187171211490015   0.0429599376770381   0.0601269840030427   0.0025843814060714   0
0.409413424568138   0.100634671190164   0.222242213078122   0.0576747335131262   0
0.260139874198805   0.107422565155092   -0.149273550369333   0.0067878939649277   0
0.173075497364965   0.0901150933024124   -0.0870643768338398   -0.0173074718526796   0
0.100604977276972   0.0744248229746803   -0.0724705200879932   -0.0156902703277321   0
0.261715964159315   0.0946139963448326   0.161110986882344   0.0201891733701523   0
0.338854929904657   0.113920445612278   0.0771389657453417   0.0193064492674454   0
0.16725768042652   0.129764492371575   -0.171597249478137   0.0158440467592968   0
0.13111819262364   0.126288298789278   -0.0361394878028802   -0.00347619358229662   0
0.307234883658806   0.129563518724302   0.176116691035166   0.00327521993502358   0
0.332332311623306   0.145166197820989   0.0250974279644999   0.0156026790966872   0
0.158408964702286   0.14507071263533   -0.17392334692102   -9.54851856589667e-05   0
0.115096147597389   0.14502370232331   -0.0433128171048965   -4.70103120201182e-05   0
0.237850972212203   0.139648406569857   0.122754824614813   -0.00537529575345316   0
0.379365461257624   0.14730583927781   0.141514489045422   0.00765743270795333   0
0.149937230147319   0.159127252547615   -0.229428231110306   0.0118214132698051   0
0.12919204234597   0.147287221011439   -0.0207451878013487   -0.0118400315361761   0
0.118796058656397   0.135954682005623   -0.010395983689573   -0.0113325390058163   0
0.38578901957885   0.180034953252313   0.266992960922453   0.0440802712466902   0
0.22905989464461   0.188666392529307   -0.156729124934239   0.00863143927699395   0
0.143350864157082   0.159932290218462   -0.0857090304875286   -0.0287341023108444   0
0.0661249366264536   0.164647954017056   -0.0772259275306282   0.00471566379859328   0
0.232961709673012   0.161167018306042   0.166836773046559   -0.00348093571101396   0
0.416842044365318   0.187271768771223   0.183880334692305   0.0261047504651814   0
0.196243166283695   0.187259681064885   -0.220598878081623   -1.20877063380653e-05   0
0.143328553332405   0.180428138545267   -0.0529146129512903   -0.00683154251961829   0
0.111163078622805   0.180730795712159   -0.0321654747095994   0.000302657166891734   0
0.244761276118852   0.171823310104516   0.133598197496047   -0.00890748560764307   0
0.496665156762616   0.214460619550472   0.251903880643764   0.042637309445957   0
0.41530908504751   0.235352291216264   -0.0813560717151056   0.0208916716657917   0
0.304376134904042   0.231693791876741   -0.110932950143468   -0.00365849933952331   0
0.283236504855607   0.220685977545446   -0.0211396300484354   -0.0110078143312953   0
0.226839260086344   0.208476211849537   -0.0563972447692626   -0.0122097656959089   0
0.304641229144662   0.219073548519214   0.0778019690583179   0.0105973366696774   0
0.530909111547881   0.284288033395375   0.226267882403219   0.0652144848761612   0
0.389901532801873   0.273083640745487   -0.141007578746008   -0.0112043926498886   0
0.343414871887692   0.257725341321727   -0.0464866609141807   -0.0153582994237598   0
0.353025585938079   0.229599002189687   0.00961071405038694   -0.0281263391320396   0
0.562626842130186   0.273708241005302   0.209601256192107   0.0441092388156143   0
0.411095554552965   0.276173712060639   -0.151531287577221   0.00246547105533695   0
0.280369317053477   0.251666866821082   -0.130726237499488   -0.0245068452395569   0
0.249523466232838   0.244858569258914   -0.0308458508206393   -0.00680829756216736   0
0.356910743751165   0.264222168979654   0.107387277518328   0.0193635997207399   0
0.54876556252903   0.301015975303741   0.191854818777865   0.0367938063240871   0
0.493714653854471   0.29400617243999   -0.0550509086745589   -0.00700980286375158   0
0.366951004493483   0.302145482998361   -0.126763649360988   0.00813931055837147   0
0.286896225947977   0.294148844289864   -0.0800547785455066   -0.00799663870849665   0
0.214129454924832   0.251712207488835   -0.0727667710231449   -0.042436636801029   0
0.320682514912242   0.262680534274049   0.10655305998741   0.0109683267852139   0
0.543900032252031   0.306118734619531   0.223217517339789   0.0434382003454818   0
0.319470116028804   0.282940930861302   -0.224429916223226   -0.0231778037582293   0
0.241738964383672   0.25717855190099   -0.0777311516451327   -0.0257623789603122   0
0.258633706819684   0.250638228781764   0.016894742436012   -0.00654032311922531   0
0.42318564977792   0.285533547725149   0.164551942958236   0.0348953189433849   0
0.398254548980787   0.298358380211936   -0.0249311007971327   0.0128248324867866   0
0.250678976382963   0.275582852717313   -0.147575572597824   -0.0227755274946222   0
0.225362866481969   0.270928004561655   -0.0253161099009933   -0.00465484815565875   0
0.328674153302462   0.287662351872834   0.103311286820492   0.016734347311179   0
0.476978933917463   0.310893699950598   0.148304780615002   0.0232313480777644   0
0.308811923671043   0.311953379825416   -0.168167010246421   0.00105967987481753   0
0.247325521695154   0.277883785634841   -0.061486401975889   -0.0340695941905751   0
0.3288778745615   0.304932335105266   0.0815523528663466   0.0270485494704251   0
0.567352733598112   0.350056733778858   0.238474859036611   0.0451243986735926   0
0.374065457543529   0.336355868431324   -0.193287276054582   -0.0137008653475345   0
0.248448389378579   0.316739886323936   -0.12561706816495   -0.0196159821073876   0
0.263825600389822   0.302042082906505   0.015377211011243   -0.0146978034174312   0
0.420908705034488   0.319864397964591   0.157083104644667   0.0178223150580856   0
0.294372474512971   0.31919409145926   -0.126536230521517   -0.000670306505330454   0
0.196715068812331   0.292408882602944   -0.0976574057006407   -0.0267852088563158   0
0.176394554427483   0.282375499610448   -0.0203205143848482   -0.0100333829924965   0
0.243703225727851   0.304160656794847   0.0673086713003687   0.0217851571843988   0
0.190729505231178   0.337529172824665   -0.0529737204966731   0.0333685160298183   0
0.207427838235975   0.33166909135568   0.0166983330047973   -0.00586008146898476   0
0.133365671357962   0.27906231601327   -0.0740621668780131   -0.0526067753424105   0
0.341833245803038   0.304239966702684   0.208467574445075   0.0251776506894139   0
0.397032791200437   0.363665583655451   0.0551995453973996   0.0594256169527677   0
0.18382824009398   0.356629275760141   -0.213204551106457   -0.00703630789531051   0
0.177482017715176   0.328304939013903   -0.00634622237880422   -0.0283243367462379   0
0.16432731632568   0.3186933963554   -0.0131547013894962   -0.00961154265850306   0
0.481151376679273   0.369323900756575   0.316824060353594   0.0506305044011752   0
0.487350416924219   0.413454068593042   0.00619904024494555   0.0441301678364671   0
0.355122502337024   0.423842853800958   -0.132227914587195   0.0103887852079155   0
0.258715224766993   0.387604428019418   -0.0964072775700311   -0.03623842578154   0
0.401678545261805   0.396363934603039   0.142963320494812   0.00875950658362168   0
0.544446743113824   0.448900958578563   0.142768197852019   0.0525370239755233   0
0.333954091078939   0.419153537523734   -0.210492652034885   -0.0297474210548291   0
0.234914655350512   0.398197747668445   -0.0990394357284262   -0.0209557898552888   0
0.264810345204714   0.372860703343367   0.029895689854202   -0.0253370443250783   0
0.509069603378055   0.41373012213013   0.24425925817334   0.0408694187867636   0
0.33188260376026   0.405442481817705   -0.177186999617794   -0.00828764031242524   0
0.238142970717109   0.404149978339366   -0.093739633043151   -0.00129250347833898   0
0.202985110670709   0.377124470738379   -0.0351578600464003   -0.0270255076009869   0
0.355014621313207   0.415999405946117   0.152029510642498   0.0388749352077383   0
0.52637372607862   0.483443044309772   0.171359104765412   0.0674436383636545   0
0.310870766999504   0.444069686571263   -0.215502959079116   -0.0393733577385085   0
0.21662500703116   0.424075550511345   -0.0942457599683444   -0.0199941360599186   0
0.304423004509991   0.41895788324544   0.0877979974788312   -0.00511766726590435   0
0.523755564841081   0.478800634823096   0.21933256033109   0.059842751577656   0
0.250959991646956   0.429702604287259   -0.272795573194126   -0.0490980305358376   0
0.176556310470314   0.392560502939993   -0.0744036811766413   -0.037142101347266   0
0.315991127562152   0.427840103873515   0.139434817091837   0.0352796009335222   0
0.452511143060588   0.470186844859331   0.136520015498436   0.0423467409858159   0
0.261797354693587   0.446296301048138   -0.190713788367001   -0.0238905438111931   0
0.198856063375397   0.448107635177922   -0.0629412913181902   0.00181133412978474   0
0.219720490708627   0.421906381744517   0.0208644273332301   -0.0262012534334056   0
0.514108912482559   0.509845581949957   0.294388421773932   0.0879392002054399   0
0.35709431836141   0.547159645733939   -0.157014594121149   0.0373140637839826   0
0.201052516647392   0.49544720637522   -0.156041801714017   -0.0517124393587192   0
0.162994862918928   0.4878704907993   -0.0380576537284648   -0.00757671557592005   0
0.350789503439028   0.499969820975227   0.187794640520101   0.0120993301759264   0
0.414767081844738   0.514760783605356   0.0639775784057102   0.0147909626301293   0
0.225154984295618   0.510187556403525   -0.18961209754912   -0.00457322720183084   0
0.192483104945239   0.512453290658524   -0.0326718793503787   0.00226573425499921   0
0.164565208506203   0.516393857959697   -0.0279178964390365   0.00394056730117309   0
0.257639322008501   0.509317711625563   0.0930741135022981   -0.00707614633413445   0
0.12735036551518   0.47762197394854   -0.130288956493321   -0.0316957376770226   0
0.139588352285031   0.489095306340952   0.0122379867698511   0.0114733323924121   0
0.205678612683089   0.481304562144647   0.0660902603980574   -0.00779074419630565   0
0.291903845253878   0.529712041564103   0.0862252325707895   0.0484074794194563   0
0.108188502843602   0.491283455826674   -0.183715342410276   -0.0384285857374285   0
0.0929799045991988   0.463529259298162   -0.0152085982444029   -0.0277541965285127   0
0.306498745600435   0.50177871217251   0.213518841001236   0.038249452874348   0
0.25574243560741   0.533776186330003   -0.0507563099930252   0.0319974741574935   0
0.173609135380486   0.506653721522402   -0.0821333002269233   -0.0271224648076011   0
0.150842904319759   0.502887475664537   -0.0227662310607271   -0.00376624585786545   0
0.242207236153258   0.495496193064589   0.0913643318334987   -0.00739128259994831   0
0.325781911144557   0.525967564470709   0.0835746749912991   0.0304713714061209   0
0.142491298371865   0.506962841905598   -0.183290612772691   -0.0190047225651118   0
0.124219803627763   0.48927687914973   -0.0182714947441025   -0.0176859627558673   0
0.237478545932048   0.505862820844248   0.113258742304285   0.0165859416945178   0
0.459423974887032   0.572332488400536   0.221945428954983   0.066469667556288   0
0.209267240253342   0.52699805807849   -0.25015673463369   -0.0453344303220459   0
0.159091170662768   0.521771908549608   -0.0501760695905741   -0.0052261495288829   0
0.256065779427865   0.520858345577999   0.0969746087650969   -0.000913562971608828   0
0.459673552875299   0.590463985929286   0.203607773447434   0.0696056403512872   0
0.207899743808696   0.537112938724715   -0.251773809066602   -0.0533510472045705   0
0.158408765843308   0.524668228858485   -0.0494909779653884   -0.01244470986623   0
0.317126636943351   0.545426408251608   0.158717871100043   0.0207581793931229   0
0.569073605515139   0.63957899320177   0.251946968571788   0.0941525849501618   0
0.397281376988653   0.641540131705899   -0.171792228526486   0.00196113850412905   0
0.281306909345576   0.623732566455568   -0.115974467643077   -0.0178075652503308   0
0.23995625383882   0.587302588157927   -0.0413506555067562   -0.0364299782976411   0
0.445752035075556   0.62118916615915   0.205795781236737   0.0338865780012226   0
0.300226449887764   0.600737058839181   -0.145525585187793   -0.0204521073199686   0
0.220418855197105   0.595371783112451   -0.0798075946906585   -0.00536527572672985   0
0.359971899139363   0.581756329136607   0.139553043942258   -0.0136154539758447   0
0.525041204914433   0.632550241573908   0.16506930577507   0.0507939124373018   0
0.283663061864336   0.607131552420066   -0.241378143050098   -0.025418689153842   0
0.213121582469162   0.565719585510569   -0.0705414793951734   -0.0414119669094976   0
0.220595933920573   0.539686675704756   0.00747435145141098   -0.0260329098058133   0
0.463031262562259   0.603153819511449   0.242435328641686   0.0634671438066936   0
0.34988764760277   0.620380702923818   -0.11314361495949   0.0172268834123684   0
0.222616994793502   0.577462064696245   -0.127270652809268   -0.0429186382275729   0
0.213147176592255   0.568242523666392   -0.00946981820124665   -0.00921954102985278   0
0.486947248100859   0.630015442914299   0.273800071508604   0.0617729192479067   0
0.435695272597718   0.659650402721017   -0.0512519755031413   0.0296349598067184   0
0.258356943628558   0.601805997418811   -0.17733832896916   -0.0578444053022061   0
0.218151559089088   0.573238659315211   -0.0402053845394698   -0.0285673381036003   0
0.448782520671204   0.613272201358214   0.230630961582116   0.0400335420430036   0
0.552948850627253   0.660156415614012   0.104166329956049   0.0468842142557978   0
0.373389632878618   0.64811981451622   -0.179559217748635   -0.0120366010977916   0
0.402317617572099   0.671568891564745   0.0289279846934816   0.0234490770485244   0
0.618588373230535   0.677123420789002   0.216270755658436   0.00555452922425737   0
0.590487990636558   0.710344219521355   -0.028100382593977   0.0332207987323526   0
0.389422579728872   0.676417289879857   -0.201065410907686   -0.033926929641498   0
0.456157974410182   0.683031094630144   0.0667353946813093   0.00661380475028717   0
0.668510810974662   0.768499791784658   0.21235283656448   0.0854686971545139   0
0.510174191986708   0.777788021905107   -0.158336618987954   0.00928823012044966   0
0.480706388519271   0.742203554452719   -0.0294678034674369   -0.0355844674523886   0
0.725632542663985   0.768729886083729   0.244926154144714   0.02652633163101   0
0.769038023628221   0.801204239487716   0.0434054809642359   0.0324743534039876   0
0.618805935887246   0.803693164171205   -0.150232087740975   0.00248892468348805   0
0.558261380887806   0.786743160091812   -0.0605445549994398   -0.0169500040793926   0
0.767269048940461   0.783504810414391   0.209007668052655   -0.00323834967742131   0
0.86647562619499   0.835083544948312   0.0992065772545285   0.0515787345339218   0
0.599538775035443   0.786160174951574   -0.266936851159547   -0.048923369996738   0
0.512197156707073   0.775790617995764   -0.0873416183283703   -0.0103695569558101   0
0.606827350789333   0.755223699243052   0.0946301940822597   -0.0205669187527122   0
0.722177813102147   0.82886393786887   0.115350462312815   0.0736402386258178   0
0.526647145738966   0.800681860963167   -0.195530667363181   -0.028182076905703   0
0.441250692613122   0.765611171619852   -0.0853964531258441   -0.0350706893433148   0
0.427324343454711   0.755308795417642   -0.0139263491584108   -0.0103023762022098   0
0.694204919612358   0.800959463113348   0.266880576157646   0.0456506676957055   0
0.690492551381983   0.829827810290334   -0.00371236823037491   0.0288683471769858   0
0.54620037171376   0.818079714716879   -0.144292179668222   -0.0117480955734548   0
0.427798722694225   0.759085324226631   -0.118401649019536   -0.0589943904902476   0
0.561760774491242   0.749636063306082   0.133962051797017   -0.00944926092054954   0
0.713377357039036   0.795046255529356   0.151616582547794   0.0454101922232741   0
0.517916518902458   0.782510571050801   -0.195460838136578   -0.0125356844785554   0
0.401609866819081   0.755577354498697   -0.116306652083377   -0.0269332165521033   0
0.400877043445194   0.741678159855237   -0.00073282337388697   -0.0138991946434605   0
0.652775277851421   0.80695964905378   0.251898234406227   0.0652814891985434   0
0.67288002478748   0.836336396043017   0.0201047469360592   0.0293767469892371   0
0.51694957900214   0.816781371821904   -0.15593044578534   -0.0195550242211134   0
0.467060540752363   0.815746775690779   -0.049889038249777   -0.00103459613112467   0
0.529531087058163   0.813504972157515   0.0624705463058   -0.00224180353326375   0
0.688511198722287   0.843086422896401   0.158980111664123   0.0295814507388861   0
0.529759171602305   0.820429328967627   -0.158752027119982   -0.0226570939287742   0
0.445904168853398   0.780191220658769   -0.0838550027489062   -0.0402381083088581   0
0.526906907449504   0.781052393180521   0.0810027385961054   0.000861172521752107   0
0.801178673496743   0.839486936243443   0.274271766047239   0.0584345430629218   0
0.730295054646408   0.863029398898336   -0.0708836188503347   0.0235424626548926   0
0.535722515448212   0.81820756437216   -0.194572539198196   -0.0448218345261755   0
0.449642912196121   0.771311068881241   -0.0860796032520909   -0.0468964954909191   0
0.591575421043682   0.78637349302535   0.141932508847561   0.0150624241441089   0
0.818869847485081   0.870826807007629   0.227294426441399   0.0844533139822793   0
0.635086278805297   0.840890720097445   -0.183783568679784   -0.0299360869101839   0
0.486241141743027   0.770104225697472   -0.14884513706227   -0.0707864943999732   0
0.469956011204676   0.754624081151629   -0.0162851305383506   -0.0154801445458432   0
0.738137420059985   0.821379810043594   0.268181408855308   0.0667557288919649   0
0.818933290451695   0.885679744501928   0.0807958703917103   0.0642999344583339   0
0.614598521259074   0.852954717875457   -0.204334769192621   -0.0327250266264709   0
0.540711754278275   0.824116085199221   -0.0738867669807983   -0.0288386326762355   0
0.536539517527088   0.825173865101168   -0.00417223675118783   0.00105777990194644   0
0.51228193356155   0.813472583532113   -0.0242575839655378   -0.011701281569055   0
0.542767951599254   0.808614130387597   0.0304860180377041   -0.00485845314451527   0
0.764910291426707   0.85100501962576   0.222142339827453   0.0423908892381626   0
0.554761450437762   0.820602086875752   -0.210148840988945   -0.0304029327500076   0
0.455310909755136   0.807855621699051   -0.099450540682626   -0.0127464651767012   0
0.604065968222917   0.821015568938874   0.14875505846778   0.0131599472398226   0
0.726020609661572   0.838643056416675   0.121954641438655   0.0176274874778013   0
0.524212012684267   0.803295358370886   -0.201808596977305   -0.0353476980457891   0
0.488997381928533   0.797058737173869   -0.0352146307557336   -0.00623662119701685   0
0.658026866850899   0.812282913884079   0.169029484922365   0.0152241767102097   0
0.823451287157899   0.875122310487517   0.165424420307   0.0628393966034382   0
0.578452239361566   0.814259084743922   -0.244999047796333   -0.0608632257435947   0
0.502298193303141   0.805567885820953   -0.0761540460584244   -0.0086911989229691   0
0.590683791203686   0.809893289630189   0.0883855979005449   0.00432540380923629   0
0.771259327862717   0.845478489495889   0.180575536659031   0.0355851998656995   0
0.549893644852493   0.813967744700618   -0.221365683010224   -0.0315107447952713   0
0.442047505353486   0.798519414424603   -0.107846139499008   -0.0154483302760152   0
0.505282730003708   0.792623865844481   0.0632352246502221   -0.00589554858012131   0
0.734042185278946   0.824928364214556   0.228759455275238   0.0323044983700744   0
0.560683172916978   0.821092912777239   -0.173359012361968   -0.00383545143731712   0
0.452455794751531   0.78964107908752   -0.108227378165447   -0.0314518336897189   0
0.571884927529035   0.817198044398665   0.119429132777504   0.0275569653111455   0
0.70976220659356   0.841287210997534   0.137877279064525   0.0240891665988693   0
0.503826624671067   0.797529829071766   -0.205935581922494   -0.0437573819257685   0
0.411890254597314   0.794648701168638   -0.0919363700737529   -0.00288112790312833   0
0.520668439949081   0.787956956720354   0.108778185351767   -0.00669174444828324   0
0.742728226280441   0.866126549067744   0.22205978633136   0.0781695923473902   0
0.458431152655271   0.816987874799254   -0.28429707362517   -0.0491386742684899   0
0.361909374017364   0.79331049644169   -0.0965217786379069   -0.0236773783575648   0
0.529834733374474   0.78080717136712   0.16792535935711   -0.0125033250745701   0
0.797951898396319   0.849468449384745   0.268117165021845   0.0686612780176251   0
0.6584728785876   0.854829447389946   -0.13947901980872   0.00536099800520107   0
0.480380911901129   0.816758950083011   -0.178091966686471   -0.0380704973069348   0
0.390953249779491   0.800389689168495   -0.0894276621216379   -0.016369260914516   0
0.59108151006862   0.808142895641955   0.200128260289129   0.00775320647345945   0
0.662555013451781   0.845069280998457   0.0714735033831614   0.0369263853565029   0
0.457375580064524   0.814957593099066   -0.205179433387257   -0.0301116878993916   0
0.439550948371176   0.795083538742747   -0.0178246316933485   -0.0198740543563185   0
0.746074787952253   0.847241653041262   0.306523839581078   0.0521581142985146   0
0.620675974205736   0.855743161109506   -0.125398813746517   0.00850150806824401   0
0.414360480663311   0.819936360400136   -0.206315493542426   -0.0358068007093696   0
0.558740048877329   0.806156013838568   0.144379568214018   -0.0137803465615681   0
0.782204445518108   0.872095483745388   0.223464396640779   0.0659394699068199   0
0.502644654687872   0.830170874487951   -0.279559790830236   -0.0419246092574368   0
0.439043453908027   0.828820208079074   -0.0636012007798447   -0.00135066640887715   0
0.629526479362068   0.846102433336585   0.190483025454041   0.0172822252575106   0
0.875384620992304   0.929880289727172   0.245858141630236   0.0837778563905877   0
0.631438820078398   0.888913667015673   -0.243945800913906   -0.0409666227114996   0
0.460968604273263   0.862811734854389   -0.170470215805136   -0.0261019321612841   0
0.535222168962572   0.848448308126407   0.074253564689309   -0.0143634267279817   0
0.792828625643279   0.904717201133039   0.257606456680707   0.0562688930066322   0
0.570562132079592   0.88154151456426   -0.222266493563687   -0.0231756865687789   0
0.431068133194742   0.841086294601988   -0.13949399888485   -0.0404552199622721   0
0.464017312242765   0.840462500084178   0.0329491790480233   -0.000623794517809695   0
0.763343044312975   0.899543920962486   0.299325732070209   0.0590814208783073   0
0.603191863527651   0.894960220093748   -0.160151180785324   -0.00458370086873761   0
0.46082124848531   0.87200882157124   -0.14237061504234   -0.0229513985225082   0
0.537510410092679   0.880819212771616   0.0766891616073688   0.00881039120037641   0
0.853219606856898   0.948439964985133   0.315709196764219   0.0676207522135165   0
0.738358598472483   0.948802793752785   -0.114861008384415   0.000362828767652035   0
0.481796168120292   0.8926841658445   -0.256562430352191   -0.0561186279082851   0
0.468685478740957   0.871872449652333   -0.0131106893793352   -0.0208117161921667   0
0.789541004485366   0.91965787131721   0.320855525744409   0.0477854216648771   0
0.711635398912962   0.945810318013607   -0.0779056055724039   0.0261524466963967   0
0.512252852571862   0.906710565181084   -0.1993825463411   -0.0390997528325232   0
0.505599496586972   0.889270425773403   -0.0066533559848897   -0.0174401394076804   0
0.81564017862658   0.921032269704249   0.310040682039608   0.0317618439308455   0
0.788612123948142   0.9597286154174   -0.0270280546784382   0.0386963457131516   0
0.555306784745378   0.895738803965916   -0.233305339202764   -0.0639898114514842   0
0.436520689899814   0.845662665450664   -0.118786094845564   -0.0500761385152516   0
0.716461886536918   0.903618091856449   0.279941196637104   0.0579554264057845   0
0.778361421163074   0.954704046538842   0.0618995346261556   0.0510859546823934   0
0.530091808831414   0.893813958350675   -0.24826961233166   -0.0608900881881672   0
0.45138604031556   0.864998172338417   -0.078705768515854   -0.0288157860122579   0
0.635144343303158   0.895196547583429   0.183758302987598   0.0301983752450115   0
0.757229892353703   0.941446208503327   0.122085549050544   0.0462496609198981   0
0.557706335196221   0.889570361550164   -0.199523557157481   -0.0518758469531627   0
0.505543207401702   0.868109876874214   -0.0521631277945196   -0.0214604846759505   0
0.759153667530494   0.903793699582466   0.253610460128792   0.0356838227082519   0
0.839473174305767   0.949709764263758   0.0803195067752726   0.0459160646812922   0
0.583026080345648   0.899330721425044   -0.256447093960119   -0.0503790428387136   0
0.50176733252683   0.866213681266326   -0.0812587478188184   -0.0331170401587183   0
0.796909664401179   0.944352920410268   0.29514233187435   0.0781392391439425   0
0.881323065193462   0.980222940130368   0.0844134007922832   0.0358700197200994   0
0.627858239217652   0.939483967344096   -0.253464825975811   -0.0407389727862715   0
0.526220115551097   0.914991940334899   -0.101638123666555   -0.0244920270091976   0
0.6500216594099   0.938877989045627   0.123801543858803   0.0238860487107282   0
0.888411447565822   0.95675301278008   0.238389788155922   0.017875023734453   0
0.698094389074286   0.957360495473133   -0.190317058491537   0.000607482693053107   0
0.546200817477427   0.900758787751771   -0.151893571596858   -0.0566017077213619   0
0.555632846350897   0.880505518464934   0.00943202887347006   -0.020253269286837   0
0.839174589368029   0.945063022082233   0.283541743017131   0.0645575036172985   0
0.689267515628729   0.935490304888791   -0.1499070737393   -0.00957271719344188   0
0.488557960499837   0.883845679097558   -0.200709555128892   -0.0516446257912331   0
0.566924172997589   0.907504786687409   0.0783662124977521   0.0236591075898515   0
0.869184181945921   0.961767043488662   0.302260008948332   0.0542622568012534   0
0.63198675157712   0.919821432638761   -0.237197430368801   -0.0419456108499013   0
0.476338711550814   0.882749572574081   -0.155648040026305   -0.0370718600646802   0
0.613076864749437   0.920773114984198   0.136738153198623   0.0380235424101169   0
0.763390736580554   0.947669244042995   0.150313871831116   0.0268961290587977   0
0.460451370483019   0.898211403458396   -0.302939366097535   -0.049457840584599   0
0.474112291789614   0.880275650602361   0.0136609213065954   -0.0179357528560355   0
0.73206101366826   0.92773250484021   0.257948721878646   0.0474568542378488   0
0.796369776740052   0.96788439694661   0.0643087630717922   0.0401518921064001   0
0.540068079147444   0.913903709527979   -0.256301697592608   -0.0539806874186312   0
0.541970827333907   0.9060177652189   0.00190274818646319   -0.00788594430907852   0
0.878150552505662   0.967408365677961   0.336179725171755   0.0613906004590603   0
0.875575952888726   1.01059012151907   -0.00257459961693685   0.0431817558411064   0
0.613732401439593   0.942298654962853   -0.261843551449132   -0.0682914665562134   0
0.596143359412222   0.917878370073666   -0.0175890420273709   -0.0244202848891872   0
0.762708796242707   0.943713090030699   0.166565436830485   0.0258347199570325   0
0.698603168687346   0.947036558580091   -0.0641056275553616   0.00332346854939247   0
0.578515297237679   0.928646444316808   -0.120087871449667   -0.0183901142632834   0
0.604496430444382   0.929459325966446   0.0259811332067034   0.000812881649638331   0
0.816319028565426   0.953951814019057   0.211822598121043   0.0244924880526112   0
0.751849182091063   0.985359125442216   -0.0644698464743629   0.0314073114231592   0
0.5736496548903   0.923075483969892   -0.178199527200763   -0.0622836414723247   0
0.593163682911387   0.932258978715679   0.0195140280210869   0.00918349474578684   0
0.874691952832539   0.983578305350037   0.281528269921152   0.0513193266343582   0
0.861369457381674   0.998748341250187   -0.0133224954508643   0.0151700359001502   0
0.671092692807007   0.975887510655813   -0.190276764574667   -0.0228608305943738   0
0.605874011176622   0.976852601854676   -0.0652186816303848   0.000965091198862678   0
0.791390244844476   0.998128033656129   0.185516233667854   0.0212754318014527   0
0.812963282399642   1.02894964420471   0.0215730375551657   0.0308216105485817   0
0.628675039990805   1.00605125903902   -0.184288242408837   -0.022898385165689   0
0.65305089625618   0.988725057961135   0.0243758562653752   -0.0173262010778862   0
0.806245003442502   0.994176948550408   0.153194107186322   0.00545189058927253   0
1.03750772520305   1.03568437563152   0.231262721760544   0.0415074270811115   0
0.800741918782825   1.02356704702342   -0.236765806420222   -0.0121173286080962   0
0.683163629363537   1.00117055565673   -0.117578289419288   -0.0223964913666959   0
0.769847339724572   1.00802746619636   0.0866837103610348   0.006856910539631   0
0.986511407424668   1.03154709134339   0.216664067700097   0.0235196251470278   0
0.797544218275075   1.0356147204313   -0.188967189149594   0.00406762908791425   0
0.664688238474881   1.01283280476407   -0.132855979800194   -0.0227819156672315   0
0.651748763329091   0.988361543082287   -0.0129394751457893   -0.0244712616817815   0
0.847379633202262   1.00468137897594   0.19563086987317   0.0163198358936545   0
0.810787838875868   1.0072763543786   -0.0365917943263941   0.00259497540266174   0
0.634250966057601   0.980905294259466   -0.176536872818267   -0.0263710601191371   0
0.608555426025436   0.949463533460343   -0.0256955400321649   -0.0314417607991231   0
0.878139949107772   1.00339846170913   0.269584523082336   0.0539349282487875   0
0.793366923466059   1.01892057731074   -0.0847730256417126   0.0155221156016085   0
0.597505329537243   0.965905239881869   -0.195861593928816   -0.0530153374288707   0
0.575478109229369   0.962492564170758   -0.0220272203078741   -0.00341267571111092   0
0.816877843715326   0.985396086127934   0.241399734485956   0.022903521957176   0
0.899950171763971   1.02952998645316   0.0830723280486448   0.0441339003252293   0
0.693349705789221   1.01138120501977   -0.206600465974749   -0.0181487814333892   0
0.618913366077685   0.999906618150415   -0.0744363397115368   -0.011474586869359   0
0.730304626643567   0.995519851170734   0.111391260565883   -0.00438676697968099   0
0.812926265017314   1.01021809447874   0.0826216383737467   0.014698243308003   0
0.622994793096218   0.995903912046237   -0.189931471921095   -0.0143141824324995   0
0.584137212302041   0.963904462925268   -0.0388575807941771   -0.0319994491209691   0
0.774054247574419   0.992190879367977   0.189917035272378   0.0282864164427089   0
0.874188957958175   1.00665629501782   0.100134710383756   0.0144654156498407   0
0.657274009280787   0.983395052316718   -0.216914948677388   -0.0232612427011001   0
0.606807151713491   0.987028343866578   -0.0504668575672956   0.00363329154986036   0
0.720721324586001   1.00166643959566   0.11391417287251   0.0146380957290838   0
