0.043616023277494   0.00590590683319251   0   0   0
0.0392537348242177   0   -0.00436228845327633   -0.00590590683319251   0
0.0214742674798211   0.0143075473651365   -0.0177794673443966   0.0143075473651365   0
0.177655604316329   0.0159104   0.156181336836508   0.00160285263486348   0
0.143207265290775   0.0141245772153541   -0.0344483390255536   -0.0017858227846459   0
0.0119640701149434   0.0207086756040192   -0.131243195175832   0.00658409838866511   0
0.0842942794300395   0.0091772   0.0723302093150961   -0.0115314756040192   0
0.127472558332215   0.0028002   0.0431782789021757   -0.006377   0
0.0692631175489671   0.0107530633622471   -0.058209440783248   0.00795286336224706   0
0.061615851906632   0.0198651174913465   -0.00764726564233519   0.00911205412909943   0
0.114009409083801   0.0224748912616947   0.0523935571771695   0.0026097737703482   0
0.0669541869784109   0.0271453676131398   -0.0470552221053906   0.00467047635144514   0
0.109696578088517   0.0036701   0.0427423911101057   -0.0234752676131398   0
0.170048163323678   0.0235082254010187   0.060351585235161   0.0198381254010187   0
0.0539983616997923   0.0320770373484289   -0.116049801623885   0.00856881194741018   0
0.0568355629447906   0.0252141508277594   0.00283720124499821   -0.00686288652066946   0
0.226177164660007   0.0346117540393795   0.169341601715217   0.00939760321162006   0
0.0650108593935075   0.0319797290084672   -0.1611663052665   -0.00263202503091224   0
0.0774597510895175   0.0221731787255464   0.01244889169601   -0.00980655028292078   0
0.121482872134347   0.0201129449293857   0.0440231210448291   -0.00206023379616078   0
0.190438267026457   0.0294452146157062   0.0689553948921101   0.00933226968632058   0
0.0693063108695016   0.0228546560029352   -0.121131956156955   -0.00659055861277108   0
0.0631211932360883   0.0216863927189955   -0.00618511763341333   -0.00116826328393968   0
0.214452055391502   0.0361494309251889   0.151330862155414   0.0144630382061934   0
0.0852171299967138   0.0279639548988068   -0.129234925394789   -0.00818547602638207   0
0.107072661761222   0.0205172849979596   0.0218555317645081   -0.00744666990084714   0
0.213266392347716   0.03759984026369   0.106193730586494   0.0170825552657303   0
0.0909047227834726   0.0295660513269988   -0.122361669564244   -0.0080337889366912   0
0.097724418773017   0.0356855761662188   0.00681969598954442   0.00611952483921999   0
0.205691883523609   0.0475360734982129   0.107967464750592   0.0118504973319942   0
0.104827721759132   0.0325101154183648   -0.100864161764477   -0.0150259580798481   0
0.123409663317951   0.0328752508421229   0.0185819415588189   0.00036513542375808   0
0.200657971642694   0.0346275825861769   0.0772483083247426   0.00175233174405402   0
0.108063493211121   0.0373927458130919   -0.0925944784315725   0.00276516322691499   0
0.146021017714369   0.0444649477738645   0.0379575245032478   0.00707220196077265   0
0.180495475483044   0.0386919789370484   0.0344744577686748   -0.00577296883681609   0
0.117576193186121   0.026779022926257   -0.0629192822969228   -0.0119129560107914   0
0.16283030674251   0.0271425893960488   0.0452541135563895   0.00036356646979175   0
0.29963960428982   0.0465697591255581   0.13680929754731   0.0194271697295093   0
0.187615560480414   0.0563384777652228   -0.112024043809406   0.00976871863966468   0
0.21198067494819   0.0430492229561115   0.0243651144677752   -0.0132892548091112   0
0.19362281669341   0.0223450748889459   -0.0183578582547791   -0.0207041480671656   0
0.213158517150125   0.0422429390076318   0.0195357004567143   0.0198978641186859   0
0.171475070288657   0.0388190251052883   -0.0416834468614673   -0.00342391390234353   0
0.128031591549898   0.0250984376287654   -0.0434434787387591   -0.0137205874765229   0
0.231679271864986   0.0363440019143122   0.103647680315087   0.0112455642855468   0
0.208239751133255   0.0425392740887364   -0.0234395207317308   0.00619527217442429   0
0.135781681246698   0.0205425122974702   -0.0724580698865566   -0.0219967617912662   0
0.238655138679749   0.0405091872061277   0.10287345743305   0.0199666749086575   0
0.17919685619614   0.0487482419606746   -0.0594582824836088   0.00823905475454695   0
0.170286631595818   0.0318862288226046   -0.00891022460032123   -0.01686201313807   0
0.162229394497668   0.0286871636279521   -0.00805723709815048   -0.00319906519465246   0
0.207009658145242   0.0490387602887247   0.0447802636475741   0.0203515966607725   0
0.13025324819232   0.0365062215491415   -0.0767564099529225   -0.0125325387395832   0
0.124420657414515   0.040114154773511   -0.00583259077780499   0.0036079332243695   0
0.274409429293966   0.0442406375979427   0.149988771879451   0.00412648282443173   0
0.141892352376303   0.0432721091597405   -0.132517076917663   -0.000968528438202158   0
0.120244195476538   0.0250595628218551   -0.0216481568997644   -0.0182125463378855   0
0.26436206113238   0.0499653202749127   0.144117865655841   0.0249057574530576   0
0.197014574440979   0.0595152791879077   -0.0673474866914008   0.00954995891299502   0
0.159989717879744   0.027099039475867   -0.0370248565612351   -0.0324162397120407   0
0.140765990731782   0.0263216636399962   -0.0192237271479622   -0.000777375835870793   0
0.217418058368756   0.0221633543337584   0.076652067636975   -0.00415830930623789   0
0.119615037943605   0.0278865717867619   -0.0978030204251518   0.00572321745300355   0
0.0805980241276422   0.0232586688878711   -0.0390170138159625   -0.00462790289889076   0
0.0912954794833786   0.0209330139545318   0.0106974553557364   -0.00232565493333929   0
0.139433148407149   0.021473919490876   0.0481376689237703   0.000540905536344172   0
0.22292602448402   0.0329712887246616   0.0834928760768714   0.0114973692337856   0
0.089221940582628   0.0272289737310021   -0.133704083901392   -0.00574231499365958   0
0.0949724360363579   0.0332325798331096   0.00575049545372992   0.0060036061021075   0
0.236435409375182   0.0452764746996716   0.141462973338824   0.012043894866562   0
0.169137968465067   0.0319865796342095   -0.0672974409101152   -0.0132898950654621   0
0.133004172383012   0.0268941130797194   -0.0361337960820549   -0.00509246655449005   0
0.121859755758864   0.0188804462490933   -0.011144416624148   -0.00801366683062617   0
0.244816431231014   0.0295108591739532   0.12295667547215   0.01063041292486   0
0.128141908059197   0.0235564820450211   -0.116674523171818   -0.00595437712893216   0
0.119648141803624   0.0139113545509558   -0.00849376625557309   -0.00964512749406522   0
0.207147638832887   0.0231954294593784   0.087499497029263   0.00928407490842256   0
0.213003499978193   0.0439574840506426   0.00585586114530628   0.0207620545912642   0
0.122660513778233   0.0393600892216977   -0.0903429861999602   -0.00459739482894495   0
0.138569013896325   0.0256256165035795   0.0159085001180927   -0.0137344727181182   0
0.26834934729684   0.0465505093300277   0.129780333400515   0.0209248928264483   0
0.122765983949342   0.0430555340163724   -0.145583363347498   -0.00349497531365536   0
0.109308758126053   0.0396222170824968   -0.0134572258232884   -0.00343331693387561   0
0.261412200639545   0.0519460727915258   0.152103442513492   0.0123238557090291   0
0.206953157398238   0.0484304242244844   -0.0544590432413071   -0.00351564856704144   0
0.160215309476404   0.033384036741645   -0.0467378479218341   -0.0150463874828394   0
0.148192351459986   0.0305680546359026   -0.0120229580164183   -0.00281598210574237   0
0.23876392653171   0.0460295951461122   0.0905715750717245   0.0154615405102097   0
0.141359126573455   0.056416912879672   -0.0974047999582557   0.0103873177335598   0
0.127349331475591   0.0416473155600094   -0.0140097950978635   -0.0147695973196626   0
0.245547092351264   0.0587247778885114   0.118197760875672   0.017077462328502   0
0.14312584046258   0.0494720868630483   -0.102421251888683   -0.00925269102546308   0
0.124503128299854   0.0474841923351603   -0.018622712162726   -0.00198789452788799   0
0.246863550072282   0.0512528054321663   0.122360421772428   0.003768613097006   0
0.17630632080765   0.0554585518764464   -0.0705572292646319   0.00420574644428008   0
0.167328531626259   0.0399418729179667   -0.00897778918139086   -0.0155166789584797   0
0.245509807663177   0.0608624477526373   0.0781812760369175   0.0209205748346706   0
0.184440870728941   0.0621837717830183   -0.0610689369342355   0.00132132403038103   0
0.170003590191031   0.0444520426844763   -0.0144372805379103   -0.017731729098542   0
0.221206541670178   0.0585314288278955   0.0512029514791466   0.0140793861434193   0
0.189912207893569   0.0538192460290461   -0.031294333776609   -0.00471218279884938   0
0.133688968915913   0.0455954157183318   -0.0562232389776553   -0.00822383031071432   0
0.180858507932306   0.0454440288085795   0.0471695390163928   -0.000151386909752353   0
0.266171376034483   0.0623861283421643   0.0853128681021767   0.0169420995335849   0
0.14396618662759   0.0440847398349474   -0.122205189406893   -0.0183013885072169   0
0.133806053100972   0.0484053124041411   -0.0101601335266182   0.00432057256919372   0
0.248338081443845   0.0645336288522697   0.114532028342874   0.0161283164481286   0
0.141982896416329   0.0622230821612446   -0.106355185027516   -0.00231054669102509   0
0.165821733392852   0.035477641712387   0.0238388369765228   -0.0267454404488577   0
0.245153942081318   0.0549991198880718   0.0793322086884659   0.0195214781756849   0
0.136836847626982   0.050928608725892   -0.108317094454335   -0.00407051116217986   0
0.147648021402554   0.0430653882374814   0.0108111737755711   -0.00786322048841061   0
0.242681386837887   0.0559972958991325   0.0950333654353332   0.0129319076616511   0
0.140505699325579   0.0423103524375019   -0.102175687512308   -0.0136869434616305   0
0.14417152961571   0.0511051796165027   0.00366583029013121   0.00879482717900074   0
0.269381309508678   0.0585198022151957   0.125209779892968   0.00741462259869306   0
0.13740430416954   0.0636079390627852   -0.131977005339137   0.00508813684758951   0
0.133227746326694   0.0416537321677482   -0.00417655784284621   -0.021954206895037   0
0.224290806622652   0.0466473530719054   0.091063060295958   0.00499362090415719   0
0.251836435962789   0.0734980668262948   0.0275456293401369   0.0268507137543894   0
0.147296432954536   0.0650404821376848   -0.104540003008254   -0.00845758468860999   0
0.163882440337243   0.0467620423318956   0.0165860073827074   -0.0182784398057892   0
0.160610148386863   0.0426844213152436   -0.00327229195038045   -0.00407762101665201   0
0.294351577458131   0.0642119365426904   0.133741429071268   0.0215275152274468   0
0.18765591947061   0.068935791188123   -0.106695657987521   0.00472385464543261   0
0.172587970415814   0.0420124074317933   -0.0150679490547955   -0.0269233837563297   0
0.139153623462596   0.0365342478281338   -0.0334343469532181   -0.00547815960365949   0
0.185568373999047   0.0411875333933097   0.0464147505364503   0.00465328556517588   0
0.221604176549631   0.0689935778273058   0.0360358025505844   0.0278060444339961   0
0.150485111742425   0.0344624243084044   -0.0711190648072064   -0.0345311535189014   0
0.20061181780942   0.0412416036331639   0.0501267060669956   0.00677917932475954   0
0.250989571991368   0.0629663195790615   0.0503777541819477   0.0217247159458976   0
0.137059181827158   0.0522684416607431   -0.11393039016421   -0.0106978779183184   0
0.176111633011252   0.058650282820226   0.0390524511840941   0.00638184115948298   0
0.226691313811447   0.0509685695426603   0.0505796808001949   -0.00768171327756573   0
0.150732890311305   0.0331400523936671   -0.0759584235001418   -0.0178285171489932   0
0.150008541519142   0.0302490684361106   -0.000724348792163848   -0.00289098395755654   0
0.255901585841198   0.0670380483387047   0.105893044322056   0.0367889799025941   0
0.158445657251899   0.0594816474455777   -0.0974559285892985   -0.00755640089312695   0
0.155032193164941   0.0367929110753689   -0.00341346408695839   -0.0226887363702088   0
0.172341892877066   0.0489730172890644   0.0173096997121246   0.0121801062136955   0
0.23462652105199   0.0866853390892312   0.0622846281749245   0.0377123218001668   0
0.147528789512048   0.0507339784380744   -0.0870977315399427   -0.0359513606511568   0
0.152377169884271   0.0601233325192059   0.00484838037222352   0.00938935408113146   0
0.266353068731694   0.0636131943724335   0.113975898847423   0.00348986185322758   0
0.214381695106626   0.074217703208298   -0.0519713736250677   0.0106045088358645   0
0.16461767377875   0.0468990219658683   -0.0497640213278763   -0.0273186812424296   0
0.167934129008214   0.0394631364742781   0.00331645522946458   -0.00743588549159021   0
0.175256109810585   0.0513749020208555   0.00732198080237106   0.0119117655465774   0
0.201702747092944   0.0562541318723789   0.0264466372823582   0.00487922985152345   0
0.137032353486832   0.0338379721061266   -0.064670393606112   -0.0224161597662524   0
0.137688998172522   0.0403772521244636   0.000656644685690766   0.00653928001833701   0
0.176392640836317   0.0279139799035358   0.0387036426637947   -0.0124632722209278   0
0.144112344262523   0.0256204725242334   -0.0322802965737939   -0.00229350737930237   0
0.163291527827358   0.0315602765442278   0.019179183564835   0.00593980401999433   0
0.190577708403906   0.0343131716019884   0.0272861805765475   0.0027528950577606   0
0.198520749596207   0.0435458453554986   0.00794304119230149   0.00923267375351026   0
0.160051170089764   0.0412964688498303   -0.0384695795064434   -0.00224937650566836   0
0.152254914587491   0.0251748435626718   -0.00779625550227309   -0.0161216252871584   0
0.228306899558664   0.0519826657055263   0.0760519849711735   0.0268078221428544   0
0.242987407703054   0.0571231307331365   0.0146805081443894   0.00514046502761018   0
0.151142029270122   0.0430404359991276   -0.0918453784329317   -0.0140826947340089   0
0.157583899656979   0.0288690192168439   0.00644187038685728   -0.0141714167822838   0
0.159802485985213   0.0331005574422471   0.00221858632823346   0.00423153822540324   0
0.250343494625065   0.0532635661894226   0.0905410086398523   0.0201630087471755   0
0.129568145420701   0.0390846047479695   -0.120775349204364   -0.0141789614414531   0
0.140937067022143   0.0292333491483186   0.0113689216014419   -0.00985125559965088   0
0.263957175568614   0.0493377830979717   0.12302010854647   0.0201044339496531   0
0.119250745172064   0.0500176544492792   -0.14470643039655   0.000679871351307523   0
0.138388794991842   0.0509472584813697   0.0191380498197782   0.000929604032090539   0
0.207367530113613   0.0709336448859954   0.0689787351217704   0.0199863864046256   0
0.154970135113189   0.0564891045481781   -0.0523973950004234   -0.0144445403378172   0
0.174439356119971   0.0617081353192186   0.0194692210067818   0.0052190307710405   0
0.202497001050836   0.0647448508938356   0.0280576449308647   0.00303671557461694   0
0.144996592508322   0.0592153939680806   -0.0575004085425135   -0.00552945692575495   0
0.184776362454528   0.0654392590773115   0.0397797699462057   0.00622386510923091   0
0.222061539558385   0.0784834057634001   0.0372851771038576   0.0130441466860885   0
0.138173813104112   0.0698068779279843   -0.0838877264542734   -0.0086765278354158   0
0.189699251894677   0.0732042136892577   0.0515254387905646   0.00339733576127339   0
0.242149864718298   0.0762790567942145   0.0524506128236213   0.00307484310495681   0
0.13906034817981   0.081189254219601   -0.103089516538488   0.00491019742538654   0
0.177947896510221   0.0622909635722951   0.0388875483304107   -0.0188982906473059   0
0.226015928419938   0.07338598116817   0.0480680319097169   0.0110950175958748   0
0.156765962830431   0.063306468722734   -0.0692499655895066   -0.010079512445436   0
0.190751922440483   0.0719813561361725   0.0339859596100518   0.0086748874134385   0
0.237237005318487   0.0796689528394531   0.0464850828780036   0.00768759670328058   0
0.138641135164153   0.0671565655892817   -0.0985958701543337   -0.0125123872501714   0
0.177176961675481   0.0669181305184552   0.0385358265113282   -0.000238435070826576   0
0.297112049462768   0.0786807243569542   0.119935087787287   0.011762593838499   0
0.204538605434261   0.0644414149028014   -0.0925734440285067   -0.0142393094541527   0
0.170387583252678   0.0555717711341379   -0.0341510221815831   -0.00886964376866357   0
0.243507418135382   0.0755065320105817   0.0731198348827042   0.0199347608764438   0
0.179373879131634   0.0642296107882104   -0.0641335390037486   -0.0112769212223713   0
0.149634246887168   0.0377388655658195   -0.0297396322444657   -0.0264907452223909   0
0.0802628306095318   0.0973693588457248   -0.0693714162776363   0.0596304932799053   0
0.103586132935325   0.075523515366341   0.0233233023257927   -0.0218458434793838   0
0.169340501892784   0.0377932718076247   0.0657543689574595   -0.0377302435587163   0
0.188115567381889   0.0392649916502602   0.0187750654891048   0.00147171984263547   0
0.146690481922448   0.048947876734977   -0.0414250854594411   0.00968288508471681   0
0.134563019739489   0.0645565957085138   -0.0121274621829592   0.0156087189735368   0
0.155773631845316   0.0543408488503265   0.0212106121058272   -0.0102157468581873   0
0.287274706061568   0.040095953601713   0.131501074216252   -0.0142448952486134   0
0.180898259281979   0.0366396409753494   -0.106376446779589   -0.00345631262636369   0
0.178527424043367   0.0499187857978086   -0.0023708352386122   0.0132791448224593   0
0.13732728851634   0.0469611099654877   -0.0412001355270268   -0.00295767583232096   0
0.28698957882188   0.0391477892475285   0.14966229030554   -0.00781332071795918   0
0.198027375457435   0.0441879410103311   -0.0889622033644447   0.00504015176280261   0
0.110086174876957   0.0454502349773147   -0.087941200580478   0.00126229396698364   0
0.142008519345989   0.0288561034577176   0.0319223444690313   -0.0165941315195972   0
0.226535289306015   0.0360540490109294   0.0845267699600266   0.00719794555321184   0
0.114323752748543   0.0417436977299556   -0.112211536557472   0.00568964871902618   0
0.136778285582361   0.0272889408762048   0.0224545328338184   -0.0144547568537508   0
0.232371756322407   0.0420925594631937   0.0955934707400454   0.0148036185869889   0
0.103736556050507   0.034119367543706   -0.1286352002719   -0.00797319191948771   0
0.105512272150186   0.0275681695318169   0.0017757160996788   -0.00655119801188907   0
0.237446972322264   0.0425666115053818   0.131934700172078   0.0149984419735648   0
0.116376676074074   0.0369391596118875   -0.12107029624819   -0.00562745189349428   0
0.111543013475206   0.0324142865337184   -0.00483366259886818   -0.00452487307816906   0
0.207728040791319   0.04488908812373   0.0961850273161133   0.0124748015900116   0
0.123960521157383   0.0423539843190531   -0.0837675196339363   -0.00253510380467689   0
0.157582134333306   0.0471286464564812   0.0336216131759227   0.00477466213742808   0
0.187457249683761   0.0320638460921331   0.0298751153504556   -0.0150648003643481   0
0.120265349748546   0.0301190946841866   -0.0671918999352157   -0.00194475140794647   0
0.193669401897899   0.0328713500087143   0.0734040521493536   0.00275225532452763   0
0.146609040922346   0.0382310608735371   -0.0470603609755536   0.00535971086482284   0
0.109567592128193   0.0421971228987534   -0.0370414487941528   0.0039660620252163   0
0.228950774190108   0.0290873756675099   0.119383182061916   -0.0131097472312435   0
0.235099488683493   0.0494330742951086   0.00614871449338492   0.0203456986275986   0
0.144312883137646   0.0496319256746965   -0.0907866055458469   0.000198851379587951   0
0.17207786958017   0.0572424020775683   0.0277649864425236   0.0076104764028718   0
0.144132119170052   0.0567322685318065   -0.0279457504101182   -0.000510133545761848   0
0.216570729443778   0.0411827243984325   0.072438610273726   -0.015549544133374   0
0.137664748458747   0.0476864682570286   -0.0789059809850311   0.00650374385859611   0
0.111599666957094   0.059897635096638   -0.0260650815016522   0.0122111668396094   0
0.215204748624862   0.0560323955741676   0.103605081667767   -0.00386523952247037   0
0.226197123387301   0.0352889576303158   0.0109923747624393   -0.0207434379438518   0
0.107413269637275   0.0532761133219685   -0.118783853750026   0.0179871556916526   0
0.126523798444759   0.0565188168820794   0.0191105288074837   0.00324270356011095   0
0.223098381671607   0.0462513388335865   0.0965745832268479   -0.0102674780484929   0
0.127985013740516   0.0615262010014077   -0.0951133679310912   0.0152748621678212   0
0.104862519708998   0.0642951901108668   -0.0231224940315177   0.00276898910945905   0
0.174419229183138   0.0497994536753256   0.0695567094741399   -0.0144957364355412   0
0.182985256678482   0.0482661317580794   0.00856602749534421   -0.00153332191724624   0
0.123538810890424   0.0598626873670747   -0.0594464457880579   0.0115965556089953   0
0.111441800363239   0.0608949505252784   -0.0120970105271853   0.00103226315820366   0
0.25580561225323   0.0487175474008547   0.144363811889991   -0.0121774031244236   0
0.165496192486142   0.0469840952881143   -0.0903094197670888   -0.00173345211274046   0
0.116484516212285   0.0554504490644224   -0.0490116762738569   0.00846635377630812   0
0.121523263860655   0.0574033035628177   0.00503874764837046   0.00195285449839532   0
0.258818123081132   0.0506837877923997   0.137294859220477   -0.00671951577041804   0
0.127017944813676   0.0484401167803429   -0.131800178267456   -0.00224367101205677   0
0.112171406370563   0.0601714134918285   -0.0148465384431128   0.0117312967114856   0
0.173897642121709   0.0414681181097599   0.061726235751146   -0.0187032953820686   0
0.148862188719265   0.0526784709792865   -0.0250354534024443   0.0112103528695265   0
0.108330714124158   0.0628520358425445   -0.040531474595107   0.0101735648632581   0
0.148761369829671   0.0641587923419322   0.0404306557055127   0.00130675649938773   0
0.236861528208551   0.0559555547241737   0.0881001583788801   -0.00820323761775852   0
0.107138836612687   0.0585570496105211   -0.129722691595864   0.00260149488634735   0
0.100564066517072   0.061659737538547   -0.00657477009561525   0.00310268792802591   0
0.232534564615435   0.0493854435601952   0.131970498098364   -0.0122742939783518   0
0.237226003017144   0.0471720727214832   0.00469143840170877   -0.00221337083871199   0
0.169533820411061   0.066392524773219   -0.0676921826060826   0.0192204520517358   0
0.150193407702502   0.0740584202875676   -0.0193404127085593   0.00766589551434858   0
0.209244751612579   0.0452477553535977   0.0590513439100772   -0.0288106649339699   0
0.150594324157486   0.053940781116517   -0.0586504274550932   0.00869302576291937   0
0.131301122689831   0.0667052818888821   -0.0192932014676553   0.0127645007723651   0
0.151217129331733   0.0670192443028386   0.019916006641902   0.000313962413956467   0
0.248638172066177   0.0451176691538071   0.0974210427344446   -0.0219015751490315   0
0.106352070330107   0.0586824569448996   -0.14228610173607   0.0135647877910925   0
0.104798192270001   0.0672602433682967   -0.00155387806010636   0.00857778642339706   0
0.186238226697475   0.0608407352009532   0.0814400344274743   -0.00641950816734354   0
0.232104234167087   0.0518665970469434   0.0458660074696123   -0.00897413815400974   0
0.150738690628286   0.0671634911238241   -0.0813655435388015   0.0152968940768807   0
0.140418846503345   0.0633970822897434   -0.0103198441249405   -0.00376640883408068   0
0.20144160795429   0.0614547974544909   0.0610227614509452   -0.00194228483525254   0
0.115952445541481   0.0675746810011708   -0.0854891624128098   0.00611988354667995   0
0.145606009700643   0.0689041181553033   0.0296535641591628   0.00132943715413249   0
0.239662145908381   0.0551970601054984   0.0940561362077375   -0.013707058049805   0
0.114421589924673   0.0613638605812493   -0.125240555983708   0.00616680047575092   0
0.106111544154724   0.0663509792058301   -0.00831004576994859   0.00498711862458082   0
0.249312516042597   0.0544358812783673   0.143200971887872   -0.0119150979274628   0
0.162403481282083   0.0623760892463009   -0.0869090347605133   0.00794020796793364   0
0.156488237472853   0.0735881814389376   -0.00591524380923045   0.0112120921926367   0
0.128005793426626   0.0801114148888284   -0.0284824440462271   0.00652323344989082   0
0.213175365416011   0.0521949419099581   0.0851695719893856   -0.0279164729788703   0
0.194328072501144   0.0545788711269526   -0.0188472929148671   0.00238392921699449   0
0.152035172461013   0.0713511110954595   -0.0422929000401312   0.0167722399685069   0
0.147692192429052   0.0713440905377944   -0.00434298003196154   -7.02055766509113e-06   0
0.22522113385151   0.0579964036379197   0.0775289414224589   -0.0133476868998747   0
0.115856970727315   0.0802801540418926   -0.109364163124195   0.0222837504039729   0
0.119691764006061   0.0714072978046537   0.00383479327874527   -0.00887285623723889   0
0.234541756465688   0.0537534453480193   0.114849992459627   -0.0176538524566344   0
0.101606355350145   0.0691229929361425   -0.132935401115542   0.0153695475881232   0
0.135516904656261   0.0745838526348029   0.0339105493061156   0.00546085969866046   0
0.228496876225562   0.0624295628564905   0.0929799715693015   -0.0121542897783124   0
0.105935397645216   0.0784707617687647   -0.122561478580347   0.0160411989122742   0
0.126435981767256   0.0568319151019258   0.0205005841220406   -0.0216388466668389   0
0.213007512993885   0.0652813328165104   0.0865715312266284   0.00844941771458464   0
0.125751855099637   0.0682553456768252   -0.0872556578942482   0.00297401286031478   0
0.1500102479237   0.0730630801410671   0.0242583928240636   0.00480773446424193   0
0.189530402848831   0.0633438582940169   0.0395201549251304   -0.00971922184705019   0
0.111552967053952   0.077531898441468   -0.077977435794879   0.014188040147451   0
0.152092234137316   0.0655294956866944   0.040539267083364   -0.0120024027547736   0
0.274815111406578   0.0495641675744938   0.122722877269263   -0.0159653281122006   0
0.16859657818998   0.0768889458784551   -0.106218533216598   0.0273247783039613   0
0.182475479781833   0.0950572822854199   0.0138789015918527   0.0181683364069648   0
0.180349933621869   0.0983640189154704   -0.00212554615996377   0.00330673663005054   0
0.200189077285675   0.0836003970934349   0.0198391436638063   -0.0147636218220355   0
0.128563784167237   0.0913322701196057   -0.0716252931184377   0.00773187302617082   0
0.162780736300399   0.0856574313212374   0.0342169521331615   -0.00567483879836833   0
0.283375802920362   0.0869155523149087   0.120595066619963   0.00125812099367127   0
0.151461163466415   0.0813411203156983   -0.131914639453948   -0.0055744319992104   0
0.139148166665788   0.0979987130343685   -0.0123129968006264   0.0166575927186702   0
0.157773139843416   0.0902968649145279   0.0186249731776274   -0.00770184811984055   0
0.187653159201464   0.0858047246542404   0.0298800193580483   -0.00449214026028755   0
0.11433021752975   0.100195364434594   -0.0733229416717138   0.0143906397803533   0
0.123982125132335   0.106679087050884   0.00965190760258494   0.00648372261629002   0
0.222293564209785   0.0940561347709973   0.0983114390774503   -0.0126229522798864   0
0.112106263925483   0.106353364567798   -0.110187300284303   0.0122972297968005   0
0.109569757897424   0.103353860408755   -0.00253650602805926   -0.00299950415904233   0
0.230441775619548   0.0872998652430237   0.120872017722124   -0.0160539951657317   0
0.116089409946859   0.0964209972921004   -0.114352365672688   0.00912113204907665   0
0.114357123064591   0.108315689504395   -0.00173228688226855   0.0118946922122946   0
0.194886239363301   0.097292004242949   0.0805291162987104   -0.011023685261446   0
0.15289197290391   0.102432095779887   -0.0419942664593912   0.00514009153693828   0
0.10690588900229   0.108389558951082   -0.0459860839016199   0.00595746317119436   0
0.197438561936213   0.099967887201891   0.0905326729339232   -0.00842167174919065   0
0.172074608244273   0.0927410992621933   -0.0253639536919405   -0.00722678793969764   0
0.135146350552392   0.120077634711892   -0.036928257691881   0.0273365354496984   0
0.129503516056631   0.105779225022036   -0.00564283449576083   -0.0142984096898558   0
0.198063745962985   0.0989146138614512   0.0685602299063543   -0.00686461116058465   0
0.107938133527359   0.105014646482574   -0.0901256124356263   0.0061000326211228   0
0.116087018516105   0.103631960642506   0.00814888498874546   -0.00138268584006759   0
0.248284527563519   0.0948594705478056   0.132197509047415   -0.00877249009470084   0
0.12231539843413   0.10849953129166   -0.125969129129389   0.0136400607438548   0
0.127027012504703   0.100297776990632   0.00471161407057299   -0.00820175430102867   0
0.229115975517313   0.0829463765172489   0.10208896301261   -0.0173514004733828   0
0.0900842902896504   0.0892458074937417   -0.139031685227663   0.00629943097649276   0
0.0985334918222733   0.099837272533885   0.00844920153262292   0.0105914650401433   0
0.215508945953735   0.080970172866854   0.116975454131462   -0.018867099667031   0
0.0887172911839062   0.100312341062429   -0.126791654769829   0.0193421681955752   0
0.110916678438601   0.099883586348321   0.0221993872546952   -0.000428754714108207   0
0.236119726272415   0.0849478386169419   0.125203047833813   -0.0149357477313791   0
0.103598039291002   0.0789751612480937   -0.132521686981413   -0.0059726773688482   0
0.131268219322195   0.117380686582632   0.0276701800311934   0.0384055253345379   0
0.122128207912054   0.101579711112062   -0.00914001141014097   -0.0158009754705695   0
0.209639976867486   0.085978319734874   0.0875117689554314   -0.0156013913771881   0
0.105005576780807   0.0963130398472087   -0.104634400086679   0.0103347201123346   0
0.110420937875658   0.098956163654734   0.00541536109485112   0.00264312380752535   0
0.133844119273541   0.0950324338718629   0.0234231813978831   -0.00392372978287107   0
0.101117945639189   0.0956451786613544   -0.0327261736343523   0.000612744789491471   0
0.257579596516669   0.093437852673758   0.15646165087748   -0.00220732598759643   0
0.140492764053527   0.106679731507958   -0.117086832463142   0.0132418788342   0
0.138288432388577   0.0979241589213944   -0.00220433166495007   -0.00875557258656359   0
0.115004333087845   0.106008936329019   -0.0232840993007319   0.0080847774076246   0
0.175276366365492   0.0960873780920782   0.0602720332776465   -0.00992155823694073   0
0.106977252739216   0.114990959751669   -0.068299113626276   0.0189035816595909   0
0.101931170793139   0.112019430877069   -0.00504608194607692   -0.00297152887459991   0
0.229850820849111   0.0920828172671753   0.127919650055972   -0.0199366136098939   0
0.105125301323183   0.108051631969906   -0.124725519525928   0.0159688147027306   0
0.0764955509211483   0.111746608454098   -0.0286297504020346   0.00369497648419168   0
0.206964642352263   0.106029108407126   0.130469091431114   -0.005717500046972   0
0.227420082259329   0.0920657664151556   0.0204554399070664   -0.01396334199197   0
0.111677199268338   0.11123534792439   -0.115742882990991   0.019169581509234   0
0.128977139402648   0.123905426206442   0.01729994013431   0.0126700782820522   0
0.131607076865114   0.109946294296852   0.00262993746246626   -0.0139591319095898   0
0.225315512713262   0.109424853353066   0.0937084358481478   -0.000521440943786033   0
0.0924484375890285   0.105542373774044   -0.132867075124233   -0.00388247957902203   0
0.106948848366965   0.123659446773629   0.0145004107779362   0.0181170729995851   0
0.181424346973167   0.124169598703749   0.0744754986062021   0.000510151930119704   0
0.191673172519291   0.113434654196194   0.0102488255461246   -0.0107349445075553   0
0.0945899302209807   0.130086636216494   -0.0970832422983106   0.0166519820203007   0
0.108776116574596   0.121772779125139   0.0141861863536148   -0.00831385709135475   0
0.238315340499201   0.111919593758209   0.129539223924605   -0.00985318536693061   0
