0.106803958440406   0.0777846006827348   0   0   0
0.12595528051503   0.0888385345842248   0.0191513220746243   0.01105393390149   0
0.0993694395293644   0.0862329586558411   -0.026585840985666   -0.00260557592838367   0
0.113073169084138   0.073974149844591   0.0137037295547734   -0.0122588088112501   0
0.120769300044548   0.0598353154935695   0.00769613096041002   -0.0141388343510215   0
0.116551945040055   0.05814326164875   -0.00421735500449275   -0.00169205384481953   0
0.107119062045464   0.0599976121380885   -0.00943288299459084   0.00185435048933849   0
0.146412822220323   0.0412956936049632   0.0392937601748592   -0.0187019185331253   0
0.0939350966139919   0.0643053120955415   -0.0524777256063314   0.0230096184905783   0
0.0991232979657658   0.0549035081403957   0.00518820135177389   -0.0094018039551458   0
0.183019732315835   0.0523684238021587   0.0838964343500694   -0.00253508433823705   0
0.127308467623917   0.0470897320923652   -0.0557112646919179   -0.00527869170979353   0
0.18016612323811   0.0471332246247008   0.0528576556141932   4.3492532335633e-05   0
0.146312280290138   0.0445461892477148   -0.0338538429479722   -0.00258703537698595   0
0.122534709417414   0.0368029573055037   -0.0237775708727247   -0.00774323194221117   0
0.134188086101338   0.0297009856185784   0.011653376683924   -0.00710197168692528   0
0.127517373175148   0.03264728401467   -0.00667071292618943   0.00294629839609158   0
0.104516487008366   0.0260378459877296   -0.0230008861667819   -0.00660943802694039   0
0.127843911121688   0.0248617465498851   0.0233274241133215   -0.00117609943784444   0
0.0873225126956388   0.0293184722869512   -0.040521398426049   0.00445672573706607   0
0.0753392472766353   0.0245681275635024   -0.0119832654190035   -0.00475034472344882   0
0.146287762014599   0.0162628605024062   0.0709485147379639   -0.00830526706109613   0
0.092995234741464   0.024444258797123   -0.0532925272731351   0.00818139829471675   0
0.0720253472425506   0.0282298752199527   -0.0209698874989134   0.00378561642282971   0
0.118145219832628   0.0341848795862019   0.0461198725900774   0.00595500436624921   0
0.0996030051963293   0.0284705788875551   -0.0185422146362987   -0.00571430069864679   0
0.0901487533360834   0.0379836281217645   -0.00945425186024594   0.00951304923420939   0
0.0925543546367214   0.0447228422574527   0.00240560130063809   0.00673921413568822   0
0.0936699763463192   0.0442699468555419   0.00111562170959775   -0.000452895401910881   0
0.0904164798068361   0.0365505164344158   -0.00325349653948311   -0.00771943042112605   0
0.110605340187398   0.0470869675942824   0.0201888603805617   0.0105364511598666   0
0.0941219959508934   0.0399605740893133   -0.0164833442365044   -0.00712639350496906   0
0.0722000260557432   0.053854547803064   -0.0219219698951502   0.0138939737137506   0
0.0787641328552534   0.0560085141610184   0.00656410679951014   0.00215396635795446   0
0.114855286456349   0.0696279481004036   0.0360911536010957   0.0136194339393852   0
0.0836235561710335   0.0703978870497723   -0.0312317302853155   0.000769938949368693   0
0.110288430558831   0.0627025886112567   0.0266648743877971   -0.00769529843851562   0
0.138133093938925   0.0798025739147867   0.0278446633800948   0.01709998530353   0
0.0782045957164923   0.0846566325893016   -0.0599284982224332   0.00485405867451484   0
0.113581103702715   0.0646251725169651   0.0353765079862227   -0.0200314600723365   0
0.0847098320428626   0.0861567519926471   -0.0288712716598524   0.021531579475682   0
0.0930275411952826   0.082087156369328   0.00831770915241996   -0.00406959562331913   0
0.134283432999086   0.0753223352533131   0.0412558918038033   -0.00676482111601483   0
0.0948252741268382   0.084381155655395   -0.0394581588722478   0.00905882040208186   0
0.13163482844673   0.0724158611121383   0.0368095543198917   -0.0119652945432567   0
0.138425181578136   0.0825681470554021   0.00679035313140647   0.0101522859432638   0
0.101822218847018   0.0820563287903042   -0.0366029627311184   -0.000511818265097899   0
0.142494212495455   0.0647510479356319   0.0406719936484375   -0.0173052808546723   0
0.120192333901044   0.0773143966227022   -0.0223018785944116   0.0125633486870703   0
0.134465231079599   0.0745052786723531   0.0142728971785554   -0.00280911795034904   0
0.135184307849765   0.0774261124633834   0.000719076770165722   0.00292083379103029   0
0.139964729647186   0.0772379860052358   0.00478042179742158   -0.000188126458147655   0
0.128735033050565   0.0759327695632788   -0.0112296965966217   -0.00130521644195696   0
0.153343607206202   0.0806642958628072   0.0246085741556374   0.0047315262995284   0
0.133686039527731   0.080924917626047   -0.0196575676784713   0.000260621763239821   0
0.133347794572276   0.0640269292283333   -0.000338244955454509   -0.0168979883977137   0
0.146180413182649   0.0658058460458681   0.0128326186103728   0.00177891681753484   0
0.145006319783311   0.0822910659099911   -0.00117409339933758   0.016485219864123   0
0.140666808133618   0.0744864324613718   -0.00433951164969382   -0.00780463344861933   0
0.157934306729127   0.0831895639037885   0.0172674985955094   0.00870313144241668   0
0.146276084303792   0.0773249960065469   -0.0116582224253353   -0.00586456789724152   0
0.155653391245613   0.0714160450022612   0.00937730694182165   -0.00590895100428572   0
0.145431833795081   0.0794087294955032   -0.0102215574505326   0.00799268449324197   0
0.13879746699634   0.0818379126796529   -0.00663436679874113   0.00242918318414975   0
0.153833915435121   0.0823384383517959   0.0150364484387815   0.000500525672142996   0
0.134222559971564   0.0796682537179177   -0.0196113554635575   -0.00267018463387829   0
0.120365029194364   0.0799777057669198   -0.0138575307772001   0.000309452049002179   0
0.144336892632514   0.07333303005621   0.0239718634381508   -0.00664467571070983   0
0.149592938322436   0.0843157061966067   0.00525604568992111   0.0109826761403967   0
0.141872343523782   0.0830244024123781   -0.00772059479865356   -0.00129130378422855   0
0.156155294375183   0.082962854479535   0.0142829508514008   -6.15479328431312e-05   0
0.124352746736813   0.0860124125072219   -0.0318025476383696   0.00304955802768686   0
0.112101668422776   0.0896183147995012   -0.0122510783140372   0.00360590229227935   0
0.122873164357438   0.0839676553868363   0.0107714959346621   -0.00565065941266492   0
0.139054140098344   0.0927036930681567   0.0161809757409063   0.00873603768132038   0
0.117490950647188   0.090848841463389   -0.0215631894511563   -0.00185485160476763   0
0.116639143742785   0.101471224024708   -0.00085180690440341   0.0106223825613191   0
0.151080633277135   0.0861156944032997   0.0344414895343498   -0.0153555296214084   0
0.130618906245957   0.107362853978331   -0.0204617270311779   0.0212471595750317   0
0.129990557184012   0.096914995908025   -0.0006283490619442   -0.0104478580703064   0
0.158184693913191   0.111655230515872   0.0281941367291788   0.014740234607847   0
0.137603425201919   0.103174556172355   -0.0205812687112727   -0.00848067434351664   0
0.136948958479136   0.111193827471728   -0.000654466722782993   0.00801927129937309   0
0.160740774355015   0.107079400295949   0.0237918158758799   -0.0041144271757798   0
0.150311271570565   0.106797136427961   -0.0104295027844509   -0.000282263867987687   0
0.141771910437188   0.107768203664729   -0.00853936113337672   0.000971067236768042   0
0.183238352657543   0.107313933555771   0.0414664422203549   -0.000454270108957641   0
0.183618582914938   0.112864103194284   0.000380230257395392   0.00555016963851275   0
0.189725444046944   0.112266637694553   0.00610686113200568   -0.000597465499731192   0
0.193278706508322   0.110906893859129   0.00355326246137802   -0.00135974383542437   0
0.188753136370763   0.119158467212888   -0.00452557013755847   0.00825157335375989   0
0.194204170603723   0.127204074713204   0.00545103423295978   0.00804560750031603   0
0.201054583282103   0.11065468076549   0.00685041267837963   -0.0165493939477145   0
0.208243447854885   0.131158423187381   0.00718886457278176   0.0205037424218905   0
0.215751695550348   0.129428505269367   0.00750824769546335   -0.00172991791801375   0
0.391825198738009   0.130814332171106   0.176073503187661   0.00138582690173941   0
0.462705374168379   0.141390367955667   0.0708801754303707   0.0105760357845608   0
0.525983489049191   0.155763946846503   0.0632781148808113   0.0143735788908361   0
0.432096742762417   0.161653497823719   -0.0938867462867741   0.00588955097721564   0
0.45716588481059   0.158337772863655   0.0250691420481738   -0.00331572496006341   0
0.444261726999322   0.153636249121309   -0.0129041578112685   -0.00470152374234603   0
0.409753987195842   0.166489649287546   -0.0345077398034802   0.0128534001662365   0
0.434717779089883   0.164651025266509   0.0249637918940409   -0.00183862402103704   0
0.393215935881609   0.162541535569174   -0.0415018432082732   -0.0021094896973349   0
0.407220182005976   0.18094386247588   0.0140042461243663   0.0184023269067057   0
0.419175597885158   0.187758715035508   0.0119554158791826   0.00681485255962822   0
0.372799421933565   0.190196933918373   -0.0463761759515937   0.00243821888286538   0
0.38458196838548   0.187091397193117   0.0117825464519148   -0.00310553672525657   0
0.417175821723455   0.208823921614503   0.0325938533379757   0.0217325244213862   0
0.371925613908548   0.21238180195909   -0.0452502078149076   0.00355788034458693   0
0.403360300318524   0.212956822862764   0.0314346864099765   0.000575020903673923   0
0.348767792076619   0.226868026679367   -0.0545925082419048   0.0139112038166034   0
0.367024781199649   0.246219089973   0.0182569891230293   0.0193510632936334   0
0.37189754717278   0.238116820089195   0.00487276597313113   -0.00810226988380552   0
0.359651073679421   0.236839889775553   -0.0122464734933593   -0.00127693031364184   0
0.347702766994814   0.171725427069668   -0.0119483066846064   -0.0651144627058846   0
0.391875198661832   0.22680669149124   0.0441724316670175   0.0550812644215715   0
0.383665339735309   0.253977944690853   -0.00820985892652265   0.0271712531996131   0
0.386340815396199   0.25394961703271   0.00267547566089016   -2.83276581432013e-05   0
0.420832755978381   0.267661308821807   0.0344919405821824   0.0137116917890968   0
0.410968545344787   0.272282997069965   -0.00986421063359477   0.00462168824815828   0
0.415956942239218   0.285853004481569   0.00498839689443109   0.0135700074116043   0
0.46150401826242   0.305496155771317   0.0455470760232021   0.0196431512897474   0
0.466028101101736   0.317004274360717   0.00452408283931638   0.0115081185894009   0
0.496750370964894   0.334453852260689   0.0307222698631579   0.0174495778999719   0
0.529344846965567   0.347202153024967   0.0325944760006732   0.0127483007642775   0
0.530512592762095   0.346419688063774   0.00116774579652712   -0.00078246496119283   0
0.465079494787042   0.285275519098156   -0.0654330979750527   -0.0611441689656178   0
0.414322583910762   0.320834841909058   -0.0507569108762803   0.0355593228109014   0
0.433077910542156   0.366340649501803   0.0187553266313949   0.0455058075927449   0
0.456480746427941   0.374027843625391   0.0234028358857843   0.00768719412358854   0
0.454533580578036   0.387580101910882   -0.00194716584990473   0.0135522582854913   0
0.503854410894864   0.406864467892285   0.0493208303168275   0.0192843659814028   0
0.498660468683412   0.415610091727811   -0.00519394221145175   0.00874562383552629   0
0.474030006011476   0.405273457127666   -0.0246304626719357   -0.0103366346001456   0
0.496302898388081   0.413849779998733   0.0222728923766051   0.00857632287106735   0
0.462852892051287   0.40884167429856   -0.0334500063367946   -0.00500810570017307   0
0.51102025526655   0.426664962913818   0.0481673632152634   0.0178232886152582   0
0.537193821284274   0.435425251510294   0.0261735660177235   0.00876028859647526   0
0.580729791794773   0.428511816148123   0.0435359705104992   -0.00691343536217098   0
0.591355673859649   0.442065617121486   0.0106258820648767   0.0135538009733631   0
0.56337057226047   0.430076201427145   -0.0279851015991789   -0.0119894156943405   0
0.586195316150684   0.435697890896318   0.0228247438902133   0.00562168946917291   0
0.578840541149253   0.436691587842327   -0.00735477500143089   0.000993696946008482   0
0.56958991049815   0.440991317641216   -0.00925063065110321   0.00429972979888937   0
0.61125890613897   0.458947817350082   0.0416689956408202   0.0179564997088661   0
0.566409496688474   0.454108772585876   -0.0448494094504962   -0.00483904476420638   0
0.574667665484844   0.45762570722053   0.00825816879636998   0.00351693463465402   0
0.584688272878643   0.474749192774185   0.010020607393799   0.0171234855536549   0
0.596308225965608   0.473260527392408   0.0116199530869651   -0.00148866538177683   0
0.611684179202503   0.476783484400752   0.0153759532368954   0.0035229570083446   0
0.639942054326991   0.487372920693243   0.0282578751244883   0.0105894362924909   0
0.629425396105051   0.462809457631853   -0.0105166582219406   -0.0245634630613903   0
0.731264303913435   0.467638909284025   0.101838907808384   0.00482945165217186   0
0.717726174851524   0.454751586246821   -0.0135381290619111   -0.0128873230372037   0
0.766546568465504   0.462582748903912   0.0488203936139807   0.007831162657091   0
0.735825591509972   0.462936616656981   -0.0307209769555323   0.000353867753068615   0
0.748685148772707   0.450007146323603   0.0128595572627346   -0.012929470333378   0
0.734340274947139   0.464876647094689   -0.0143448738255674   0.0148695007710861   0
0.746869898285672   0.467971644973817   0.0125296233385328   0.00309499787912776   0
0.765703394325113   0.473874229289336   0.0188334960394414   0.00590258431551965   0
0.795551874325773   0.424817500544351   0.0298484800006592   -0.049056728744985   0
0.889557683355124   0.405030759495189   0.094005809029351   -0.0197867410491619   0
0.877495226331207   0.55161293015166   -0.0120624570239165   0.14658217065647   0
0.928726873488395   0.535391590702777   0.0512316471571883   -0.0162213394488829   0
0.914355063146702   0.601460623483367   -0.0143718103416931   0.0660690327805897   0
1.00861787220582   0.610287051552177   0.0942628090591199   0.00882642806881062   0
0.960428354046198   0.608955971334135   -0.0481895181596237   -0.00133108021804218   0
1.01144162589296   0.597686624197572   0.0510132718467642   -0.0112693471365628   0
0.961515338308365   0.591561841266129   -0.0499262875845973   -0.0061247829314437   0
1.03468005961505   0.585784371601678   0.0731647213066829   -0.00577746966445081   0
0.983316377144711   0.59166275510649   -0.0513636824703371   0.00587838350481229   0
1.02169556844444   0.577624075740075   0.0383791912997252   -0.0140386793664153   0
1.06628527371103   0.58938796124987   0.0445897052665909   0.0117638855097953   0
1.04460888373017   0.585405369211799   -0.0216763899808534   -0.00398259203807128   0
1.12451175890784   0.611307455459329   0.0799028751776645   0.0259020862475304   0
1.00675069218998   0.579024791912445   -0.11776106671786   -0.0322826635468846   0
0.964218761334652   0.544859165340457   -0.0425319308553265   -0.0341656265719873   0
0.93401601616817   0.556466715114884   -0.0302027451664818   0.011607549774427   0
0.980847218949944   0.533632620356458   0.0468312027817743   -0.0228340947584261   0
0.932791409741283   0.54581140615807   -0.0480558092086614   0.0121787858016119   0
0.979283601419308   0.527145078213768   0.0464921916780251   -0.0186663279443018   0
0.926240381939921   0.558022273168822   -0.0530432194793872   0.030877194955054   0
1.0302885117323   0.559531341480305   0.10404812979238   0.00150906831148279   0
1.04185337470301   0.553550583101039   0.0115648629707039   -0.00598075837926659   0
