0.0217144008247085   0.0121355   0   0   0
0.0299052759720218   0.0125378518148684   0.00819087514731331   0.000402351814868447   0
0.061696305258743   0.028642645270645   0.0317910292867212   0.0161047934557765   0
0.0720369199451226   0.0286863540201282   0.0103406146863796   4.37087494832358e-05   0
0.0810079544374897   0.0215850235999547   0.00897103449236708   -0.00710133042017353   0
0.0828724988358908   0.0289461092122849   0.00186454439840116   0.00736108561233023   0
0.10555871737687   0.029004602520376   0.0226862185409796   5.84933080910628e-05   0
0.105044464183507   0.0368509733536646   -0.000514253193363803   0.00784637083328865   0
0.106075576544745   0.0309816269615154   0.00103111236123812   -0.00586934639214919   0
0.102003405582804   0.0403637262418251   -0.00407217096194079   0.00938209928030966   0
0.112317406573914   0.0496689805616403   0.0103140009911105   0.00930525431981518   0
0.121039016960193   0.0391337889952532   0.00872161038627903   -0.0105351915663871   0
0.117897998075328   0.0393647788451491   -0.00314101888486565   0.000230989849895918   0
0.109212644658254   0.0526109120418474   -0.00868535341707406   0.0132461331966982   0
0.104597411512152   0.0526109120418474   -0.0046152331461016   0   0
0.132901547080574   0.0535748144024317   0.0283041355684218   0.000963902360584308   0
0.123897649657489   0.0487782972896987   -0.00900389742308447   -0.004796517112733   0
0.111880125345121   0.0788110170820045   -0.0120175243123684   0.0300327197923058   0
0.129470219267985   0.0865244220921758   0.0175900939228635   0.00771340501017129   0
0.139403313585797   0.0800371748850495   0.00993309431781222   -0.00648724720712628   0
0.150253539737372   0.0784618393048493   0.0108502261515751   -0.00157533558020016   0
0.132087160823779   0.0836065112472109   -0.0181663789135927   0.00514467194236155   0
0.124933117278566   0.131869096447159   -0.00715404354521289   0.0482625851999477   0
0.133240570682427   0.122873848665166   0.00830745340386101   -0.00899524778199302   0
0.149663074568779   0.0906947400930175   0.016422503886352   -0.032179108572148   0
0.142394780588826   0.088606115233621   -0.00726829397995296   -0.00208862485939652   0
0.134406056629826   0.105161886205459   -0.00798872395900033   0.0165557709718384   0
0.145498419596022   0.124199712032114   0.0110923629661957   0.0190378258266544   0
0.147646549086264   0.0958130072019713   0.00214812949024207   -0.0283867048301426   0
0.127524145933639   0.100080496842804   -0.0201224031526246   0.00426748964083272   0
0.151510056314094   0.160583493991296   0.023985910380455   0.0605029971484917   0
0.210629301702873   0.282513521171996   0.059119245388779   0.121930027180701   0
0.18142862198672   0.23271410215595   -0.0292006797161536   -0.0497994190160461   0
0.153143964249003   0.222937721121528   -0.0282846577377163   -0.00977638103442263   0
0.161662702544557   0.269051197045135   0.00851873829555394   0.0461134759236078   0
0.157348679436848   0.271476754471087   -0.00431402310770909   0.0024255574259518   0
0.137091475064535   0.235878524799996   -0.0202572043723132   -0.0355982296710907   0
0.117724547033064   0.233090207432986   -0.0193669280314713   -0.00278831736701024   0
0.145323705090395   0.232302687025683   0.0275991580573311   -0.000787520407302955   0
0.145624830520966   0.235383469957761   0.000301125430571092   0.00308078293207753   0
0.137369034925488   0.226368971607992   -0.00825579559547754   -0.00901449834976842   0
0.131804897641552   0.218436503811153   -0.00556413728393623   -0.00793246779683895   0
0.146575701047923   0.227823237091943   0.0147708034063707   0.00938673328078932   0
0.159353547433058   0.25736652071979   0.0127778463851358   0.0295432836278472   0
0.15226703620679   0.270868373423624   -0.00708651122626811   0.0135018527038345   0
0.141206041717201   0.245796335811602   -0.011060994489589   -0.025072037612022   0
0.149992342600981   0.239008346030343   0.00878630088377946   -0.00678798978125969   0
0.1669817230707   0.249082660322653   0.0169893804697194   0.0100743142923101   0
0.178552153936742   0.261739401774284   0.0115704308660418   0.0126567414516311   0
0.481466231180599   1.1422713574716   0.302914077243857   0.880531955697311   1
0.740641962383067   2.1104201340556   0.259175731202468   0.968148776584004   1
0.805034025092536   1.86954018796501   0.0643920627094692   -0.240879946090588   0
0.839108322699781   1.81430756470788   0.0340742976072452   -0.0552326232571274   0
0.844816650674583   1.78422467543258   0.0057083279748017   -0.0300828892753022   0
0.832929113319555   1.75836731028147   -0.011887537355028   -0.0258573651511087   0
0.82167048469471   1.78314851787681   -0.0112586286248448   0.0247812075953338   0
0.821312988985082   1.80503877030827   -0.000357495709627731   0.0218902524314659   0
0.813971940620412   1.81785548000384   -0.00734104836466998   0.0128167096955696   0
0.786435864962579   1.81161304500333   -0.0275360756578332   -0.00624243500050814   0
0.792427338117468   1.84755220270998   0.00599147315488935   0.0359391577066468   0
0.830758287930467   1.84288298949716   0.0383309498129982   -0.00466921321281766   0
0.844837898322637   1.82032060197167   0.0140796103921701   -0.0225623875254934   0
0.841217976027474   1.80070448296451   -0.00361992229516273   -0.0196161190071549   0
0.842651443969569   1.83252645058168   0.00143346794209509   0.031821967617168   0
0.845486668891355   1.85561493842526   0.00283522492178623   0.0230884878435822   0
0.862858795909644   1.85046011703508   0.0173721270182883   -0.0051548213901802   0
0.856784323955778   1.81142960090684   -0.00607447195386557   -0.0390305161282483   0
0.860194631009262   1.84323168674193   0.00341030705348355   0.0318020858350936   0
0.864677291687627   1.85238484345998   0.00448266067836545   0.00915315671804873   0
0.866548332463299   1.82696994620143   0.00187104077567224   -0.0254148972585502   0
0.863013319466832   1.81981682684453   -0.00353501299646763   -0.00715311935689655   0
0.857584009653637   1.85926771127425   -0.00542930981319423   0.0394508844297214   0
0.858789281238308   1.87960420165909   0.00120527158467076   0.0203364903848349   0
0.874556406325681   1.84623675012402   0.015767125087373   -0.033367451535069   0
0.852063788542477   1.84030668767742   -0.0224926177832038   -0.00593006244659589   0
0.870726107522159   1.8517631441244   0.0186623189796813   0.0114564564469815   0
0.880126050091832   1.84881741675895   0.00939994256967336   -0.00294572736545096   0
0.87926954161704   1.8249640250157   -0.000856508474792017   -0.0238533917432548   0
0.88128522598716   1.81571341717939   0.00201568437012001   -0.00925060783631104   0
0.909232133012582   1.93923086718582   0.0279469070254221   0.123517450006428   0
0.897224651028938   1.92737125581451   -0.012007481983644   -0.0118596113713061   0
0.93270030339118   1.88315262061987   0.0354756523622421   -0.0442186351946352   0
0.900562691928219   1.92133900484415   -0.0321376114629616   0.0381863842242733   0
0.916365270517298   1.87506629918518   0.0158025785890787   -0.0462727056589698   0
0.88818626141654   1.90178811034155   -0.0281790091007579   0.0267218111563763   0
0.904993925835284   1.913187393656   0.0168076644187445   0.0113992833144483   0
0.906427495944513   1.88452457096538   0.00143357010922884   -0.0286628226906229   0
0.870006261694759   1.95490883611596   -0.0364212342497539   0.0703842651505782   0
0.879190210539994   1.97091137894275   0.00918394884523532   0.0160025428267889   0
0.872853374315778   1.99374926417698   -0.00633683622421621   0.022837885234233   0
0.883621717742502   1.98004337196973   0.0107683434267237   -0.0137058922072519   0
0.9042464193622   1.93215709605333   0.0206247016196981   -0.0478862759163945   0
0.909411302416794   1.91052088180383   0.00516488305459406   -0.0216362142494992   0
0.916890399995419   1.92329265255557   0.0074790975786253   0.0127717707517385   0
0.930606793425902   1.91832427849184   0.0137163934304829   -0.00496837406372941   0
0.924457028118349   1.91356758929369   -0.00614976530755329   -0.00475668919815675   0
0.943093498531317   1.92593576237903   0.0186364704129683   0.0123681730853449   0
0.936394074623291   1.94344517266406   -0.00669942390802603   0.0175094102850319   0
0.94746992505755   1.92205670514816   0.0110758504342591   -0.0213884675159044   0
0.950607501969982   1.92082425386297   0.00313757691243199   -0.00123245128518512   0
0.949020176468704   1.90861542346127   -0.0015873255012786   -0.0122088304017016   0
0.939241348145406   1.94375703940449   -0.00977882832329779   0.0351416159432156   0
0.949122267378071   1.93464878626871   0.00988091923266454   -0.00910825313577557   0
0.947070127171879   1.91814756424219   -0.00205214020619127   -0.0165012220265215   0
0.919715483605794   1.92612916907103   -0.0273546435660851   0.00798160482883747   0
0.899840687440638   1.97044742135435   -0.0198747961651563   0.0443182522833199   0
0.924509699654789   1.92916372227994   0.0246690122141507   -0.0412836990744063   0
0.928275314093693   1.89955650211865   0.00376561443890455   -0.0296072201612889   0
0.931699252228156   1.87248264693061   0.00342393813446318   -0.0270738551880469   0
0.91366152803541   1.90289437770919   -0.0180377241927465   0.0304117307785849   0
0.926825500384733   1.89705301886195   0.0131639723493229   -0.00584135884723769   0
0.93480253101431   1.90704904227317   0.00797703062957722   0.0099960234112122   0
0.93144049765211   1.8758021867024   -0.00336203336220009   -0.0312468555707666   0
0.935525536923931   1.91102142221019   0.00408503927182147   0.0352192355077894   0
0.939612797669705   1.92568475372191   0.00408726074577381   0.0146633315117182   0
0.925082571652439   1.94512964519495   -0.0145302260172662   0.0194448914730481   0
0.932912066938042   1.88882813360083   0.00782949528560306   -0.0563015115941232   0
0.91721028185378   1.84137408378017   -0.0157017850842625   -0.0474540498206637   0
0.916369158068384   1.88095889370748   -0.000841123785395248   0.0395848099273077   0
0.927765576931075   1.89532166228453   0.0113964188626903   0.0143627685770562   0
0.928166377791523   1.88423812035157   0.000400800860447914   -0.011083541932966   0
0.910156714720652   1.85913607224196   -0.0180096630708709   -0.0251020481096087   0
0.891491810043569   1.88296237508806   -0.0186649046770822   0.0238263028460983   0
0.902081900374245   1.92703900579938   0.0105900903306758   0.0440766307113218   0
0.924089361701069   1.88924766035114   0.022007461326824   -0.0377913454482386   0
0.924204347138467   1.85905581244008   0.00011498543739763   -0.0301918479110572   0
0.892618756014072   1.91359601865918   -0.0315855911243951   0.0545402062190949   0
0.918492012441921   1.91286341925659   0.0258732564278492   -0.000732599402589518   0
0.918839556831382   1.95305401332919   0.000347544389460941   0.0401905940726013   0
0.936515586279487   1.9015720615147   0.0176760294481046   -0.051481951814492   0
0.93086463081497   1.89151014315949   -0.00565095546451677   -0.0100619183552015   0
0.890276921856879   1.9466378188293   -0.0405877089580905   0.0551276756698067   0
0.831042043843968   1.98847516270332   -0.0592348780129111   0.0418373438740205   0
0.720898602024584   2.04576959914215   -0.110143441819384   0.0572944364388321   0
0.745715008794271   2.00155621009116   0.024816406769687   -0.044213389050991   0
0.807557078483026   1.94748914841123   0.0618420696887545   -0.0540670616799319   0
0.84138960118137   1.89669213175992   0.0338325226983441   -0.0507970166513081   0
0.827715071723507   1.94013782401696   -0.0136745294578632   0.0434456922570339   0
0.844964969542785   1.94323318534607   0.0172498978192785   0.00309536132911759   0
0.857135814487558   1.94214860294404   0.0121708449447729   -0.00108458240203047   0
0.860291876797079   1.92685742211509   0.00315606230952048   -0.0152911808289564   0
0.846648072487326   1.95146245487263   -0.0136438043097529   0.0246050327575402   0
0.847506509227445   1.99296908165418   0.000858436740119539   0.0415066267815514   0
0.869275985379235   2.00097321248818   0.0217694761517896   0.00800413083399687   0
0.902225287469098   1.95446929731526   0.0329493020898627   -0.046503915172917   0
0.881911957251652   1.93593108920056   -0.0203133302174455   -0.0185382081147027   0
0.871370359000287   1.98504260615944   -0.0105415982513647   0.0491115169588816   0
0.885669285323252   2.0013987448138   0.0142989263229646   0.016356138654362   0
0.881635125280317   1.99665708759103   -0.00403416004293522   -0.00474165722276809   0
0.897370478732329   1.94073778205287   0.0157353534520126   -0.0559193055381595   0
0.896783413794552   1.93110245122792   -0.000587064937777937   -0.00963533082494727   0
0.892728793121405   1.95074510920731   -0.00405462067314677   0.019642657979388   0
0.889506764120009   1.96929554794513   -0.00322202900139557   0.0185504387378148   0
0.887440791510036   1.94139191322856   -0.00206597260997277   -0.0279036347165671   0
0.858192269642974   1.96588853871284   -0.0292485218670619   0.0244966254842784   0
0.815677927014677   2.04209840055995   -0.0425143426282979   0.0762098618471092   0
0.818994766405677   2.02979304294132   0.00331683939100069   -0.0123053576186245   0
0.887924814492246   1.95067635504009   0.068930048086569   -0.0791166879012313   0
0.880405117642995   1.95702753287352   -0.0075196968492508   0.00635117783342376   0
0.82810766231888   2.02003848218623   -0.0522974553241157   0.063010949312714   0
0.757298162090639   2.03607722307898   -0.0708095002282406   0.0160387408927476   0
0.765624846670672   1.98890781128023   0.00832668458003283   -0.0471694117987518   0
0.765594035902122   2.02625626195689   -3.08107685497161e-05   0.0373484506766619   0
0.748081191877593   2.06723905852649   -0.0175128440245294   0.040982796569605   0
0.649284302801508   2.13857646250608   -0.0987968890760852   0.0713374039795824   0
0.622720106983081   2.14071957547719   -0.0265641958184266   0.00214311297111713   0
0.653206470865537   2.0868732865591   0.0304863638824562   -0.0538462889180877   0
0.684340296873712   2.07044453726398   0.0311338260081745   -0.0164287492951263   0
0.698622949080089   2.04977100775703   0.0142826522063768   -0.0206735295069529   0
0.702756437838174   2.10067969019202   0.00413348875808583   0.0509086824349962   0
0.707040825305017   2.12425986088361   0.00428438746684301   0.0235801706915875   0
0.714028199314873   2.11445006384095   0.00698737400985561   -0.00980979704265916   0
0.73861730025518   2.08579906840676   0.0245891009403065   -0.0286509954341918   0
0.740097725646418   2.08859737820559   0.00148042539123805   0.00279830979882778   0
0.745353274966978   2.09587389259815   0.00525554932056072   0.00727651439255927   0
0.747739203280723   2.06492640965877   0.00238592831374418   -0.0309474829393772   0
0.735959325266009   2.04961889527328   -0.011779878014713   -0.0153075143854906   0
0.729999962193451   2.09898239264203   -0.0059593630725584   0.0493634973687507   0
0.750205193296474   2.11047992972505   0.0202052311030231   0.0114975370830215   0
0.754225332328449   2.0918641073677   0.00402013903197529   -0.0186158223573529   0
0.751143557899693   2.07302150938238   -0.00308177442875612   -0.0188425979853175   0
0.744548574055447   2.10225730340704   -0.00659498384424595   0.0292357940246637   0
0.763731691673195   2.11520105688159   0.0191831176177476   0.0129437534745485   0
0.758626496120456   2.12089519658168   -0.00510519555273925   0.00569413970009025   0
0.755743382191971   2.07518870849695   -0.00288311392848439   -0.0457064880847287   0
0.745036996308405   2.06356486920311   -0.0107063858835665   -0.0116238392938426   0
0.745303468832663   2.10373197198366   0.000266472524257932   0.0401671027805479   0
0.714104152062176   2.11128375627046   -0.0311993167704864   0.00755178428680114   0
0.702468383167335   2.06340255586798   -0.0116357688948413   -0.0478812004024833   0
0.697974599459099   2.05628539263456   -0.00449378370823594   -0.00711716323342015   0
0.690094062447881   2.0474700740255   -0.00788053701121794   -0.00881531860905271   0
0.712316185212304   2.07043081920364   0.0222221227644233   0.0229607451781351   0
0.717511655175893   2.09090132396103   0.00519546996358888   0.020470504757395   0
0.725164788107572   2.0530416019709   0.00765313293167891   -0.0378597219901304   0
0.711076479825658   2.05121737301718   -0.0140883082819139   -0.00182422895372314   0
0.730662223003899   2.07968175582738   0.0195857431782409   0.0284643828101996   0
0.749287176819409   2.09643094999722   0.0186249538155093   0.0167491941698419   0
0.748518191927197   2.07844283292427   -0.000768984892211666   -0.0179881170729543   0
0.740045266360842   2.0788057753533   -0.00847292556635459   0.000362942429036561   0
0.738612298570122   2.13412937120135   -0.00143296779071989   0.055323595848042   0
0.745230497598837   2.14760360858405   0.00661819902871441   0.013474237382709   0
0.752927984995803   2.1277020278285   0.00769748739696585   -0.0199015807555569   0
0.757417016867221   2.06924286745303   0.00448903187141825   -0.0584591603754645   0
0.742371319723634   2.08421409754786   -0.0150456971435872   0.0149712300948295   0
0.749375793127854   2.10831070343557   0.00700447340422006   0.0240966058877103   0
0.755776918217115   2.11489540990944   0.00640112508926127   0.00658470647386356   0
0.747281748811979   2.08826663032789   -0.00849516940513595   -0.0266287795815461   0
0.738954364291192   2.10340689700715   -0.00832738452078696   0.0151402666792606   0
0.721443385073978   2.1505536172179   -0.0175109792172143   0.0471467202107503   0
0.629911550954267   2.23896684634861   -0.0915318341197109   0.0884132291307109   0
0.642872117835266   2.18322762755043   0.0129605668809989   -0.0557392187981773   0
0.678148617299335   2.14372672437049   0.0352764994640692   -0.0395009031799409   0
0.695216679261394   2.10512544611705   0.0170680619620589   -0.0386012782534459   0
0.691155138602622   2.10029109854932   -0.00406154065877173   -0.00483434756772994   0
0.702036798082551   2.1307393761711   0.0108816594799284   0.0304482776217805   0
0.703909510033421   2.15085959167405   0.00187271195086991   0.0201202155029492   0
0.762589020897397   2.04343866155612   0.058679510863976   -0.107420930117932   0
0.786466927016013   1.95898107483865   0.023877906118616   -0.0844575867174633   0
0.788489761941897   1.96981386693826   0.00202283492588484   0.0108327920996045   0
0.80550640090295   2.00844425581748   0.0170166389610531   0.0386303888792279   0
0.824963382304221   2.0467205647917   0.0194569814012708   0.0382763089742135   0
0.858613199427082   2.0309170716379   0.0336498171228606   -0.0158034931538014   0
0.860866079526915   2.01391339037538   0.00225288009983271   -0.0170036812625192   0
0.824470499890815   2.05297218595534   -0.0363955796361   0.0390587955799626   0
0.831574282589048   2.04614321427619   0.00710378269823342   -0.0068289716791492   0
0.825647199362894   2.02067801641677   -0.00592708322615421   -0.0254651978594245   0
0.81672212094879   2.04604124604442   -0.00892507841410384   0.0253632296276516   0
0.843040700715387   2.06974297854021   0.0263185797665965   0.0237017324957915   0
0.852633689165078   2.08719716297796   0.00959298844969114   0.0174541844377512   0
0.851653915997572   2.06346014012326   -0.000979773167505305   -0.0237370228547018   0
0.866202394036267   2.02733670151075   0.0145484780386943   -0.0361234386125067   0
0.866654293312558   2.04599580917123   0.000451899276291856   0.0186591076604805   0
0.859137973420451   2.05086786027404   -0.00751631989210733   0.0048720511028022   0
0.865768088439676   2.04072772772582   0.0066301150192245   -0.0101401325482127   0
0.886048371527014   2.01396584329613   0.020280283087338   -0.0267618844296909   0
0.802916941252929   2.14405415513001   -0.0831314302740843   0.130088311833875   0
1.01225552058559   2.36277141240266   0.209338579332659   0.218717257272651   0
0.987937604157773   2.30547979656996   -0.0243179164278156   -0.057291615832701   0
0.992868195124106   2.2036642589891   0.00493059096633341   -0.101815537580852   0
0.983407984215097   2.21082844968583   -0.00946021090900939   0.00716419069672547   0
0.980349007782943   2.2197414234863   -0.00305897643215414   0.00891297380047362   0
0.934489460766685   2.23602614378746   -0.0458595470162575   0.0162847203011527   0
0.974508720454651   2.20292389342551   0.0400192596879654   -0.0331022503619476   0
0.975015261837352   2.2069556895246   0.000506541382701342   0.00403179609909099   0
0.955887083965889   2.22132546049813   -0.0191281778714633   0.0143697709735355   0
0.961875289073714   2.21894529450841   0.00598820510782494   -0.00238016598972823   0
0.956563106743225   2.26006566444987   -0.0053121823304888   0.0411203699414671   0
0.987242286318455   2.25403206970398   0.0306791795752301   -0.0060335947458956   0
0.997553083514356   2.24289563548574   0.0103107971959011   -0.0111364342182343   0
0.960178851952073   2.21905982962047   -0.0373742315622834   -0.0238358058652692   0
0.958682006846879   2.22107001155772   -0.00149684510519332   0.00201018193724245   0
0.965636383275428   2.25576415406559   0.00695437642854901   0.0346941425078739   0
1.08803156959943   2.2890967061062   0.122395186324002   0.033332552040608   0
1.06916464633733   2.25279458197374   -0.0188669232620999   -0.0363021241324564   0
1.07470036096579   2.22092374736865   0.00553571462845981   -0.0318708346050944   0
1.08676765870631   2.23320339193618   0.0120672977405223   0.0122796445675291   0
1.06564973587009   2.27716068674726   -0.021117922836219   0.043957294811082   0
1.05483888936652   2.24982913897506   -0.0108108465035706   -0.0273315477722016   0
1.03716389130498   2.2431216470214   -0.0176749980615423   -0.00670749195365739   0
1.02360269292112   2.28648989206103   -0.013561198383865   0.0433682450396273   0
1.04105069055381   2.29383252844345   0.0174479976326922   0.00734263638241828   0
1.05363335736331   2.27366078758596   0.0125826668094988   -0.0201717408574882   0
1.07477694523713   2.27424604441362   0.02114358787382   0.00058525682766275   0
1.07671199299035   2.24819214202818   0.00193504775322251   -0.026053902385442   0
1.06136324436312   2.26668771798984   -0.015348748627233   0.0184955759616638   0
1.07384410452588   2.28767570764788   0.0124808601627686   0.020987989658042   0
1.05884774967178   2.25721093841493   -0.0149963548541012   -0.0304647692329563   0
1.10013664679075   2.25478052072236   0.0412888971189684   -0.00243041769256758   0
1.06923779976095   2.17459689193934   -0.0308988470298008   -0.0801836287830175   0
1.05405443247837   2.21460296960561   -0.0151833672825854   0.0400060776662703   0
1.05976956119196   2.21842848732075   0.00571512871359459   0.00382551771514095   0
1.05402310901016   2.21032979862033   -0.00574645218180203   -0.00809868870042152   0
1.07584924624587   2.20079081462943   0.0218261372357131   -0.00953898399090747   0
1.08138460690499   2.20385169957713   0.00553536065911531   0.00306088494770362   0
1.0564163175858   2.27107678698239   -0.0249682893191889   0.06722508740526   0
1.07914839945359   2.22601059105415   0.0227320818677896   -0.0450661959282379   0
1.08921796099716   2.22496003228238   0.0100695615435722   -0.00105055877177307   0
1.07059814837373   2.19756319716914   -0.018619812623434   -0.0273968351132381   0
1.063073913812   2.23507570314497   -0.00752423456172746   0.0375125059758337   0
1.05460857428337   2.27305813624487   -0.00846533952862938   0.0379824330998959   0
1.07435451155799   2.24368871909413   0.0197459372746178   -0.0293694171507415   0
1.05695977130364   2.18643267689632   -0.0173947402543433   -0.0572560421978099   0
1.03599141774226   2.18071202471515   -0.0209683535613872   -0.00572065218116791   0
1.03948017194605   2.23439467732924   0.00348875420379868   0.0536826526140928   0
1.05163585438168   2.2551318227867   0.0121556824356273   0.0207371454574532   0
1.05789651386449   2.21778171819704   0.00626065948280718   -0.0373501045896596   0
1.04017842690197   2.21034688171472   -0.0177180869625226   -0.00743483648231358   0
1.04222593093655   2.27780666969324   0.00204750403458398   0.0674597879785148   0
1.03006049483902   2.2467234659088   -0.0121654360975338   -0.031083203784438   0
1.01623124650011   2.30124520329886   -0.0138292483389026   0.0545217373900573   0
1.01240257794261   2.26431838223344   -0.0038286685575053   -0.0369268210654199   0
1.00420583365402   2.25819139632921   -0.00819674428859152   -0.00612698590423078   0
1.02359168831815   2.2842313091966   0.0193858546641323   0.0260399128673909   0
1.03407465796228   2.2866350902849   0.010482969644132   0.00240378108830619   0
1.03610483714198   2.27317277401768   0.00203017917970172   -0.0134623162672201   0
1.01831970999833   2.26875697317105   -0.01778512714365   -0.00441580084663684   0
1.02096194107432   2.29596849388929   0.00264223107598505   0.0272115207182431   0
1.0252995695704   2.31092866176268   0.00433762849608299   0.0149601678733902   0
1.01476505430629   2.31229203311692   -0.0105345152641103   0.00136337135424425   0
1.00043486218507   2.30546881476415   -0.014330192121226   -0.00682321835277744   0
1.01999566679913   2.31674143063593   0.0195608046140638   0.0112726158717797   0
1.03758923005139   2.32583277688493   0.0175935632522628   0.00909134624900076   0
1.04324728257381   2.30487848358221   0.00565805252241858   -0.0209542933027125   0
1.06435811643885   2.28834853588723   0.0211108338650368   -0.0165299476949805   0
1.12557356360035   2.25000596033744   0.0612154471615067   -0.0383425755497959   0
1.19527154545202   2.30362856304158   0.0696979818516617   0.053622602704138   0
1.07277317400884   2.34576652374144   -0.122498371443176   0.0421379606998635   0
1.06076792348798   2.31870786401182   -0.0120052505208599   -0.0270586597296205   0
1.04119792262807   2.36427683554317   -0.0195700008599136   0.0455689715313459   0
0.922902674286406   2.42346049219649   -0.11829524834166   0.0591836566533237   0
0.890049396012384   2.40444518590698   -0.0328532782740217   -0.0190153062895093   0
0.939647799587532   2.37834764239067   0.0495984035751474   -0.0260975435163111   0
0.971041127878346   2.37517226304725   0.031393328290814   -0.00317537934341683   0
0.990318819619743   2.35619588408249   0.0192776917413968   -0.0189763789647652   0
0.990362311152843   2.38038164184995   4.34915331000152e-05   0.0241857577674605   0
1.0032482427565   2.39023855199774   0.0128859316036549   0.00985691014779277   0
1.01526510801219   2.3959345416877   0.0120168652556907   0.00569598968996088   0
1.03697293034341   2.36553122490509   0.0217078223312226   -0.0304033167826057   0
1.03484785749259   2.30532148165505   -0.00212507285082264   -0.0602097432500415   0
1.01645573486011   2.32511899263462   -0.0183921226324812   0.0197975109795707   0
1.01775728446165   2.31584567704457   0.00130154960154716   -0.00927331559005884   0
1.04009227327119   2.28468085801694   0.0223349888095399   -0.0311648190276297   0
1.0347105970848   2.29107768446969   -0.00538167618639052   0.00639682645275519   0
1.02870629673732   2.33456877451431   -0.00600430034748412   0.0434910900446197   0
1.03957412909528   2.34182953699645   0.0108678323579612   0.00726076248213792   0
1.05067373149994   2.32478092237425   0.0110996024046557   -0.017048614622202   0
1.07565371382104   2.31049711463188   0.0249799823211059   -0.0142838077423644   0
1.08282616697695   2.31779464960251   0.00717245315591097   0.00729753497062324   0
1.11173990709576   2.31332353890696   0.0289137401188073   -0.00447111069554973   0
1.13084521136228   2.46113354105507   0.0191053042665199   0.147810002148111   0
1.16493466420793   2.48951461239757   0.034089452845653   0.028381071342499   0
1.15852112437678   2.43580301648019   -0.00641353983115245   -0.053711595917374   0
1.17453656710636   2.43732701767166   0.0160154427295822   0.00152400119147256   0
1.17219847908663   2.44730025803966   -0.00233808801973678   0.00997324036799796   0
1.17040937790544   2.44515341642713   -0.00178910118118547   -0.00214684161253587   0
1.15033517002274   2.37941381228702   -0.020074207882699   -0.0657396041401062   0
1.12209539485055   2.38422320004252   -0.0282397751721926   0.00480938775550133   0
1.14190792969847   2.42728255652412   0.0198125348479226   0.0430593564815949   0
1.15191229706295   2.43189788591344   0.0100043673644774   0.00461532938932185   0
1.16896731527532   2.43645167375858   0.0170550182123756   0.00455378784514471   0
1.16356616034285   2.40388017791674   -0.00540115493247262   -0.0325714958418462   0
1.16070960269327   2.42204592390999   -0.00285655764958581   0.018165745993254   0
1.16790231691707   2.45285274606737   0.0071927142237993   0.0308068221573814   0
1.1708449968836   2.43710740939484   0.00294267996653552   -0.0157453366725275   0
1.22274317727978   2.42188830935615   0.0518981803961742   -0.015219100038693   0
1.23836121339907   2.36455650229959   0.0156180361192917   -0.057331807056566   0
1.23935316057732   2.38711830592479   0.000991947178256014   0.0225618036252064   0
1.24287263443035   2.39124477110855   0.00351947385302731   0.00412646518376159   0
1.24685984602645   2.35818658437241   0.00398721159609461   -0.0330581867361466   0
1.22263000069433   2.31825223135426   -0.0242298453321179   -0.0399343530181477   0
1.19789450357635   2.3286091798454   -0.0247354971179727   0.010356948491137   0
1.22999012612021   2.37728642869323   0.0320956225438558   0.0486772488478309   0
1.27168838065142   2.37604707699448   0.0416982545312135   -0.00123935169874967   0
1.26881628558165   2.32493815932602   -0.00287209506977559   -0.05110891766846   0
1.22834870788551   2.34582649393023   -0.040467577696135   0.0208883346042135   0
1.25018382645922   2.36127143881157   0.021835118573704   0.0154449448813363   0
1.25555509365981   2.38126137008965   0.00537126720059122   0.0199899312780851   0
1.25811295754397   2.39246638138601   0.00255786388416346   0.0112050112963535   0
1.20834662718288   2.32453709808082   -0.0497663303610927   -0.0679292833051854   0
1.22423866480764   2.32867606826223   0.0158920376247638   0.00413897018141229   0
1.19930225972513   2.3662978085146   -0.0249364050825098   0.0376217402523675   0
1.20252957431876   2.31697622617438   0.00322731459362369   -0.0493215823402249   0
1.20753856326867   2.31050407959519   0.00500898894991164   -0.00647214657918882   0
1.19931946725727   2.33534475864598   -0.00821909601140325   0.0248406790507922   0
1.2286118252616   2.34433809059188   0.0292923580043349   0.00899333194590524   0
1.23114643233677   2.33036746547733   0.00253460707517106   -0.0139706251145513   0
1.21943748833253   2.33179150633456   -0.0117089440042366   0.00142404085722792   0
1.21987263978919   2.35927891321167   0.000435151456656735   0.0274874068771118   0
1.22657526249996   2.38085590960247   0.00670262271076627   0.0215769963907966   0
1.24906623145467   2.39450276933234   0.0224909689547104   0.0136468597298718   0
1.25828826175445   2.35568611488776   0.00922203029978408   -0.0388166544445787   0
1.26311348256008   2.37854644157078   0.00482522080562919   0.0228603266830132   0
1.27684546975103   2.36247640458609   0.0137319871909487   -0.0160700369846891   0
1.2886269250031   2.3659273052799   0.0117814552520732   0.00345090069381149   0
1.30645603025966   2.32965917340477   0.0178291052565611   -0.0362681318751266   0
