0.0343405168028235   0   0   0
0.00844745   0.0293820343200031   -0.0258930668028235   0
0.002726395   -0.0368392211857081   -0.005721055   0
0.00755535   0.0375112896131107   0.004828955   0
0.0210391534238548   0.00396465377648832   0.0134838034238548   0
0.0280723532852609   0.0137360030468286   0.00703319986140616   0
0.0339884796112227   -0.00316484252902557   0.00591612632596175   0
0.0262190160004147   0.00673677821846089   -0.00776946361080802   0
0.0340796953524016   0.017816705754367   0.0078606793519869   0
0.0299154611324145   -0.0168821304889033   -0.0041642342199871   0
0.0331223277708935   -0.0227556281974609   0.003206866638479   0
0.0248120483833001   0.0252160552012884   -0.00831027938759336   0
0.0294009934347889   -0.00283047269372047   0.0045889450514888   0
0.0348515177615337   0.015033079487193   0.00545052432674482   0
0.0331876131997471   -0.0268747065205386   -0.00166390456178666   0
0.031418664176131   -0.00055932839988404   -0.00176894902361602   0
0.0350057735392678   0.0189699191834631   0.00358710936313673   0
0.0258628762838499   0.0138430551224927   -0.00914289725541789   0
0.045020793715932   0.0220288773764824   0.0191579174320821   0
0.0398218305761111   -0.0493630105239108   -0.00519896313982084   0
0.0288353323034866   0.0162936253399329   -0.0109864982726245   0
0.0366752932681185   0.00264750831472242   0.00783996096463188   0
0.0285838987442668   0.00287447452940075   -0.00809139452385167   0
0.0460106189532916   -0.0072287337164071   0.0174267202090248   0
0.0345285184792586   -0.0121130459300145   -0.0114821004740331   0
0.0229538874566488   0.00744761445998463   -0.0115746310226097   0
0.0164548290030617   0.0132124820850299   -0.00649905845358713   0
0.0251951743734733   -0.000783167722663916   0.0087403453704116   0
0.0352553366800333   -0.048038204986361   0.01006016230656   0
0.0219021384138376   0.0269499836208908   -0.0133531982661957   0
0.0243118005495788   -0.00207078339079418   0.00240966213574121   0
0.0181636105929548   0.0205622885836155   -0.00614818995662399   0
0.0304706443921441   -0.0270305674058569   0.0123070337991893   0
0.0205838467261345   0.0219167534069611   -0.00988679766600951   0
0.0273470300553369   0.0104406126804442   0.00676318332920236   0
0.0213868912137061   -0.00868587740702359   -0.00596013884163079   0
0.0177063910340899   0.032852368691622   -0.00368050017961619   0
0.028891555504846   -0.0425867095140163   0.0111851644707561   0
0.0324158427669728   0.0034280734084508   0.00352428726212671   0
0.0306701964873817   0.0148810831948555   -0.00174564627959107   0
0.032591292898871   0.0307136788408437   0.00192109641148933   0
0.0401011508960154   -0.0243763076596365   0.00750985799714443   0
0.0329653341188134   0.0137481086432441   -0.00713581677720208   0
0.0371319197702597   0.0172096029537583   0.0041665856514463   0
0.0466784458159127   0.00695447765584983   0.00954652604565306   0
0.0400770930286242   -0.0403331373020564   -0.0066013527872885   0
0.0508523132507018   0.0213532906124199   0.0107752202220776   0
0.0443167859703578   0.0122802686400255   -0.00653552728034401   0
0.0630965751809082   0.0236361157476896   0.0187797892105504   0
0.0608139019473549   -0.0407505646933905   -0.00228267323355327   0
0.0522760074791725   0.00298749516839164   -0.00853789446818241   0
0.0659871119915707   0.0295071865626735   0.0137111045123982   0
0.0670326907035851   -0.0111561620909673   0.00104557871201433   0
0.0517013669676634   -0.0371561622793726   -0.0153313237359216   0
0.0490751159203929   0.0267573173777683   -0.00262625104727054   0
0.0604410950625483   0.0102028450908582   0.0113659791421554   0
0.0613760062884716   0.017199995034425   0.00093491122592327   0
0.0539681799783215   -0.0382925763523074   -0.00740782631015008   0
0.0491694809037783   0.0197230532708602   -0.00479869907454314   0
0.0482786050457395   0.00983636238148389   -0.000890875858038882   0
0.0653649869258   -0.00376723935177917   0.0170863818800605   0
0.047334048700407   -0.0402307273355891   -0.018030938225393   0
0.0487954782303135   0.0213805845926289   0.00146142952990651   0
0.062503559722627   0.00718078154575616   0.0137080814923135   0
0.0706560463973183   0.0203830060571349   0.00815248667469133   0
0.067533962024229   -0.0291704730890374   -0.00312208437308936   0
0.0580035359714604   0.0114650854794325   -0.00953042605276858   0
0.0761898079223855   0.0195429275263398   0.0181862719509251   0
0.0780756134154737   0.00983655320502858   0.0018858054930882   0
0.0637223458658187   -0.0377261771711701   -0.014353267549655   0
0.0631837965759616   0.00826555342087765   -0.000538549289857096   0
0.0664174157528355   0.0155220407669167   0.00323361917687387   0
0.0839640985927914   0.0044575073572477   0.0175466828399559   0
0.0641444761271187   -0.0303626611562106   -0.0198196224656727   0
0.0624611916889648   0.0118667486018033   -0.00168328443815393   0
0.0652102774900169   0.0344960483747182   0.0027490858010521   0
0.0774799138164208   -0.0125393117645526   0.012269636326404   0
0.0674422742170295   -0.0253954545828092   -0.0100376395993914   0
0.0689188891309197   0.0114110181280264   0.0014766149138902   0
0.067600794317837   0.0198408648589927   -0.0013180948130827   0
0.0741575143454121   -0.0214094791555202   0.0065567200275751   0
0.0702436894180716   -0.0139580803550642   -0.00391382492734051   0
0.0673934713886479   0.0126588661307551   -0.0028502180294237   0
0.0659240321378517   0.0244505618139276   -0.00146943925079619   0
0.0663393941609358   -0.0425320109038341   0.000415362023084107   0
0.0579720426916501   0.00244999472115263   -0.0083673514692857   0
0.0584872818740322   0.0167217034276604   0.000515239182382152   0
0.0709906722098115   0.0383848176362801   0.0125033903357792   0
0.0736531467849005   -0.0633619017038956   0.00266247457508904   0
0.0727957490589938   0.0155440143688594   -0.000857397725906706   0
0.0639263986916986   0.00443382625848535   -0.00886935036729525   0
0.0654596920303441   0.00708755737159733   0.00153329333864556   0
0.0513118446907242   -0.0188507229343853   -0.0141478473396199   0
0.049007489201269   -0.00902299068701892   -0.00230435548945516   0
0.0657392900332822   0.0393500843120021   0.0167318008320132   0
0.0555910088114301   -0.0443548675819407   -0.0101482812218521   0
0.0567007126449483   0.0164527818941604   0.00110970383351819   0
0.0561890600250618   0.0145251258354019   -0.000511652619886484   0
0.0687421345425969   0.0206026554853906   0.0125530745175351   0
0.0616845274613091   -0.0360127349311046   -0.00705760708128781   0
0.0635401784910343   0.00790440683168686   0.0018556510297252   0
0.0779782654365946   0.0337160077897015   0.0144380869455603   0
0.0829567284857744   -0.00757712354438669   0.00497846304917986   0
0.0659990079140967   -0.0384079954385551   -0.0169577205716777   0
0.066551050248976   0.017005382116462   0.000552042334879266   0
0.0758288331457764   0.015618700786438   0.00927778289680045   0
0.0822534349252358   0.00646949660512958   0.00642460177945937   0
0.0751145865744464   -0.0390720321690505   -0.00713884835078941   0
0.0783283003556824   0.0160795770669402   0.00321371378123607   0
0.0853079260590715   0.0158276006030011   0.00697962570338902   0
0.0852236235221784   0.0221174737550071   -8.43025368930383e-05   0
0.071386905908927   -0.0352479651496912   -0.0138367176132514   0
0.0773391977652503   -0.00241459528849111   0.00595229185632329   0
0.0818188685359312   0.0177282194197972   0.00447967077068093   0
0.0837550566007958   0.0108886390712105   0.00193618806486451   0
0.067223499679223   -0.0190980226104022   -0.0165315569215727   0
0.0706961999567452   -0.0111860492347918   0.00347270027752217   0
0.0782093570301693   0.0183622605514661   0.00751315707342415   0
0.0887835714603214   0.0231883913625333   0.0105742144301521   0
0.0869874994754994   -0.0233785445342616   -0.00179607198482207   0
0.0766904169623559   -0.00635672555210212   -0.0102970825131435   0
0.0751803461547298   0.0105732474724611   -0.00151007080762602   0
0.0891930980303409   0.0282954296897252   0.0140127518756111   0
0.0798915561636522   -0.053505856362776   -0.00930154186668865   0
0.0706645160017388   0.00211200963521052   -0.00922704016191343   0
0.065351739743407   0.0192950962568774   -0.00531277625833183   0
0.0776372931296552   0.0302108886400802   0.0122855533862482   0
0.0748037572097986   -0.0828752087805381   -0.00283353591985654   0
0.061437388865108   0.015817065833655   -0.0133663683446906   0
0.0685260089570559   0.0311471525790023   0.00708862009194783   0
0.0845011958391714   0.0363598023682805   0.0159751868821156   0
0.0863480067728447   -0.0643144388924252   0.00184681093367324   0
0.0662547089295553   0.0025834873575681   -0.0200932978432893   0
0.0873607586534138   0.0314110298506424   0.0211060497238584   0
0.0943253669870942   0.0145621960529   0.00696460833368044   0
0.0895039254697804   -0.0449089265031507   -0.00482144151731383   0
0.0827826480406468   0.000164519334179991   -0.00672127742913359   0
0.0856195190900416   0.0254137434381514   0.00283687104939483   0
0.0888126685966028   -0.000870421503698066   0.0031931495065612   0
0.0813013148390756   -0.0186346255009148   -0.00751135375752718   0
0.0835114258039132   0.00543959868699012   0.00221011096483756   0
0.077188766126053   0.0369799267781255   -0.00632265967786025   0
0.0813503978555114   -0.0322847410162671   0.00416163172945848   0
0.0724241047465036   -0.0190493605120043   -0.00892629310900783   0
0.0778376381977896   0.00978082081612258   0.00541353345128602   0
0.0875841369626373   0.0418918162698332   0.00974649876484768   0
0.081145026874726   -0.0346244748107641   -0.0064391100879113   0
0.0699094414337041   -0.00800742318681957   -0.0112355854410219   0
0.07688285424542   0.0164887861674445   0.00697341281171594   0
0.083303103983285   0.0223448416883961   0.00642024973786502   0
0.0868708244823888   -0.0430598935394056   0.00356772049910374   0
0.089656657400608   0.00442754194576828   0.00278583291821925   0
0.0912730343803689   0.0243794330951037   0.00161637697976084   0
0.103147017224203   0.0207093169635442   0.011873982843834   0
0.0940983427125579   -0.0644463507041907   -0.00904867451164494   0
0.0837421810230663   0.0195410958211802   -0.0103561616894916   0
0.0938412377169547   0.0220685968211868   0.0100990566938884   0
0.097903771333131   0.015771058061568   0.00406253361617627   0
0.092869189364665   -0.0616482439085614   -0.005034581968466   0
0.096670672937815   0.0235153571611719   0.00380148357315004   0
0.0964385315589676   0.0276029450922321   -0.000232141378847375   0
0.111035911703304   0.00666970622769703   0.0145973801443368   0
0.0977789015992777   -0.0507559759827783   -0.0132570101040268   0
0.107153546466041   0.0332281844654749   0.00937464486676329   0
0.0978031138988555   0.0107506314956516   -0.00935043256718547   0
0.100530162034449   0.0100818819017196   0.00272704813559314   0
0.106851873148064   -0.0452191177261446   0.00632171111361556   0
0.0826099758049838   -0.037807280799322   -0.0242418973430804   0
0.05735988823176   0.0155886044554151   -0.0252500875732238   0
0.0685606586085636   0.00889228148148168   0.0112007703768035   0
0.0731965248492031   0.0324948653671892   0.0046358662406395   0
0.0623487772961485   -0.0936348141766107   -0.0108477475530545   0
0.0643840180883752   -0.00116272321923282   0.00203524079222667   0
0.0677668191905523   0.0118364296494951   0.00338280110217708   0
0.0658609276219596   0.076204062331909   -0.00190589156859269   0
0.0673066821485059   -0.00426043336691043   0.0014457545265463   0
0.0684547726591377   -0.0529127720503346   0.00114809051063182   0
0.0741499044018602   0.00417964435175718   0.00569513174272246   0
0.0747621176641118   0.0161289837317995   0.000612213262251665   0
0.0747122636225807   0.0368120756649283   -4.98540415311e-05   0
0.0765538414967041   -0.0128017516733444   0.00184157787412341   0
0.0731091953068834   -0.0486388536702571   -0.0034446461898207   0
0.0720214357213184   0.0299319106273792   -0.00108775958556499   0
0.0757110074315591   0.0166625232261045   0.00368957171024067   0
0.0709612534877733   0.033612112996062   -0.00474975394378578   0
0.0775147829953261   -0.0357747536994277   0.00655352950755279   0
0.0698603921165727   -0.0266678821069636   -0.00765439087875339   0
0.0709532339566175   0.0121059444001753   0.00109284184004477   0
0.0666598270970605   0.018431154140767   -0.00429340685955699   0
0.0644236634404626   -0.000863826713205645   -0.0022361636565979   0
0.0718042638396391   -0.0357326428785829   0.00738060039917647   0
0.0709892893456647   -0.00583639515744316   -0.000814974493974413   0
0.0807759059835295   0.0316407632265172   0.00978661663786486   0
0.07739064211552   0.0166460423710883   -0.00338526386800952   0
0.0742847447326838   0.00872728589886873   -0.00310589738283616   0
0.0771002341729582   -0.0501403840282143   0.0028154894402744   0
0.0832562562152239   0.0144879574635257   0.00615602204226562   0
0.075856454767574   0.0250693026468134   -0.00739980144764989   0
0.0750489134519781   0.027368559238499   -0.000807541315595864   0
0.0761340160145582   -0.0560076175182363   0.00108510256258007   0
0.0810426941683518   0.0199842148904151   0.00490867815379357   0
0.0854840329184492   0.0169307809601429   0.00444133875009739   0
0.0863851983690205   -0.000554451753979085   0.000901165450571367   0
0.0899317014753557   -0.03275846589626   0.00354650310633522   0
0.0960381439064708   0.0160720303859624   0.00610644243111508   0
0.0889404254510428   0.00530858630107581   -0.00709771845542803   0
0.0866025484050123   -0.0466919848219007   -0.00233787704603046   0
0.0923667945793292   0.00447847692077909   0.00576424617431689   0
0.0970120711024793   0.0123791054313909   0.00464527652315008   0
0.0969497921558499   0.0263540790656609   -6.22789466293711e-05   0
0.0910951448485593   -0.0504126250791326   -0.00585464730729063   0
0.0988385189879684   0.0018361730678798   0.00774337413940913   0
0.10121617090448   0.0279037520736189   0.00237765191651203   0
0.0964943266046896   0.00891607120518489   -0.00472184429979092   0
0.109849222849754   -0.0385987368807282   0.0133548962450648   0
0.106493184980507   0.0158650127471591   -0.00335603786924729   0
0.0998566902666642   0.01621748279828   -0.00663649471384292   0
0.102930186813454   -0.00899936370274153   0.00307349654678964   0
0.10989991034555   -0.0398397427986813   0.00696972353209653   0
0.130322304539553   -0.0120969832176374   0.0204223941940027   0
0.125323200447563   0.0329977959436066   -0.0049991040919902   0
0.112491541382764   -0.0200613666632141   -0.0128316590647992   0
0.113114740147228   -0.0205961804405422   0.00062319876446483   0
0.128805368135532   0.0096071170771678   0.0156906279883039   0
0.107326387682527   0.0629484016481066   -0.0214789804530057   0
0.113464019259158   -0.0810571687122432   0.00613763157663105   0
0.11163951166012   0.0599097613809545   -0.00182450759903797   0
0.111489981921516   -0.0822196584631122   -0.000149529738603549   0
0.104289522754985   0.0566180334871193   -0.0072004591665313   0
0.117956810839826   0.035593656225519   0.0136672880848412   0
0.128825465458076   0.00203575489967464   0.0108686546182502   0
0.128170182104341   -0.0200314270895584   -0.00065528335373502   0
0.117769066452624   0.0211100800325953   -0.0104011156517176   0
0.135891918919044   -0.0384859965917782   0.0181228524664202   0
0.139745175039928   0.00892868961573771   0.00385325612088366   0
0.134193023637119   0.00334582058214673   -0.0055521514028081   0
0.130083072684814   -0.0111422906875791   -0.00410995095230587   0
0.148356874754332   0.016268417637271   0.0182738020695182   0
0.130728902920787   -0.0585858963393513   -0.017627971833545   0
0.124530280086973   0.0359481917942304   -0.00619862283381359   0
0.133196564675004   -0.00544952777671084   0.0086662845880307   0
0.143151191622215   -0.0156854059857163   0.00995462694721067   0
0.13695599410453   0.0562994089446902   -0.0061951975176848   0
0.142764901211301   -0.0653388422363886   0.00580890710677109   0
0.153129127675273   0.0250354979035237   0.0103642264639719   0
0.159568499912263   -0.0300537558221265   0.00643937223699056   0
0.153948499930171   0.0290828558062902   -0.00561999998209192   0
0.166745471099667   0.0121679664789467   0.0127969711694959   0
0.171706420912564   -0.0330257131067461   0.00496094981289638   0
0.151836377629012   0.0221699115868043   -0.0198700432835515   0
0.157320732916358   -0.00425698687654161   0.00548435528734564   0
0.155796432899321   0.0212780476742975   -0.00152430001703724   0
0.154023776686426   -0.0410018547533303   -0.00177265621289469   0
0.148384668610002   0.00274376634400387   -0.00563910807642429   0
0.139214155091257   0.00819515978119598   -0.00917051351874484   0
0.139434833726046   -0.00893776336855406   0.000220678634788862   0
0.143322085480571   -0.00762016634774033   0.00388725175452501   0
0.132955289163886   0.0301601434856652   -0.0103667963166848   0
0.12845127187098   -0.00731330401319016   -0.0045040172929055   0
0.140635626340056   0.00195324634261178   0.0121843544690762   0
0.142088211897574   -0.0195605657692602   0.0014525855575179   0
0.127492851739078   0.00954826253638066   -0.0145953601584965   0
0.141931762686414   0.038294567196048   0.0144389109473359   0
0.131985817963522   -0.0271309361301632   -0.00994594472289173   0
0.122004604211778   0.0292445482067201   -0.0099812137517445   0
0.114776514304495   -0.0215431679807872   -0.00722808990728237   0
0.132848806332086   0.0323681514284661   0.0180722920275904   0
0.132421424210558   -0.0387063878734369   -0.000427382121527847   0
0.126443826110649   0.0282970619779071   -0.005977598099909   0
0.127024608699456   -0.00251447100193851   0.000580782588807532   0
0.13788120447095   0.0276091508396655   0.0108565957714939   0
0.140589236292292   -0.0524728142447194   0.00270803182134199   0
0.142408333062009   0.00752829721804717   0.00181909676971642   0
0.146125343186081   0.0361404893880653   0.00371701012407247   0
0.145671756631991   -0.0320339923738739   -0.000453586554090224   0
0.148035373038845   0.022849289953942   0.00236361640685406   0
0.14534230261868   -0.00786930054837361   -0.00269307042016484   0
0.154300675107078   -0.0109158873596819   0.00895837248839768   0
0.140763686764378   0.00753938354529998   -0.0135369883426996   0
0.138438209582832   -0.00134253511736404   -0.00232547718154669   0
0.143347018339239   0.0222526685580994   0.00490880875640701   0
0.142245176250374   -0.0513813836685485   -0.00110184208886444   0
0.139211112887944   0.0369367627741952   -0.00303406336242973   0
0.139957622082543   0.0159652073499445   0.000746509194598871   0
0.15718820942663   -0.000549749857803664   0.0172305873440864   0
0.159337756889257   -0.0144965688521875   0.00214954746262741   0
0.14413653242152   -0.000222414207266305   -0.0152012244677367   0
0.14537653875196   0.0424249877388392   0.00124000633043914   0
0.142703205606952   -0.039492167362909   -0.00267333314500759   0
0.144408306952024   0.010127254175918   0.00170510134507207   0
0.148447875304768   0.0211970286469317   0.00403956835274416   0
0.155697362468026   -0.00839028511093533   0.00724948716325824   0
0.146965923255189   -0.0211190221952763   -0.00873143921283778   0
0.141297535861387   0.0265055224994816   -0.00566838739380146   0
0.150710478336777   0.0239415789516454   0.00941294247538937   0
0.152932570898092   -0.0352316494545944   0.00222209256131564   0
0.152755545765939   0.0271435575409039   -0.000177025132152814   0
0.158825326693352   0.011429471508965   0.00606978092741262   0
0.167785851914725   0.0127973679277892   0.00896052522137292   0
0.163290667318282   -0.0404323244936843   -0.00449518459644246   0
0.159102707583026   0.0247453004328361   -0.00418795973525607   0
0.166658871178524   0.012745811376731   0.00755616359549802   0
0.168294315365968   -0.0348530804135342   0.00163544418744391   0
0.153163930301001   0.00712865524936605   -0.015130385064967   0
0.165146632182585   0.00665598946574493   0.0119827018815836   0
0.178442010987463   -0.00652891229018994   0.0132953788048784   0
0.166505970663217   -0.0305895768330543   -0.0119360403242466   0
0.167148468131628   0.0291196201131247   0.000642497468411662   0
0.173200400960131   0.0422652884530812   0.00605193282850214   0
0.186922674528132   -0.00665020349172618   0.0137222735680015   0
0.188158526074425   -0.038063982243675   0.00123585154629274   0
0.182120669190787   0.01480123676999   -0.006037856883638   0
0.196656801208349   0.00983819064249805   0.0145361320175619   0
0.191355613155847   0.013221221430899   -0.00530118805250218   0
0.18864774931337   -0.0268662444337003   -0.00270786384247679   0
0.188252854491638   0.0157440261345548   -0.000394894821731329   0
0.193376232828003   0.00104736920543116   0.00512337833636448   0
0.197279228079137   -0.0133756190487941   0.00390299525113369   0
0.185693389937553   -0.00837819465724331   -0.0115858381415839   0
0.181271545191875   0.0174024464416673   -0.00442184474567767   0
0.20008010567895   0.00268228564273817   0.0188085604870754   0
0.180173883419601   -0.0301777971361556   -0.0199062222593494   0
0.173074676921553   0.0159033130448063   -0.00709920649804791   0
0.183264638579023   0.0486140215414405   0.0101899616574701   0
0.192138178481659   0.00752268715315974   0.00887353990263615   0
0.19089234991285   -0.0573724820511196   -0.00124582856880928   0
0.18345078029338   0.023570773089369   -0.00744156961947001   0
0.204233059905834   0.0409922729473712   0.020782279612454   0
0.208892474516197   -0.0406724465958403   0.00465941461036293   0
0.201041966722125   0.0050071153562109   -0.00785050779407198   0
0.208286577964712   0.0187878966172252   0.00724461124258691   0
0.206089431796611   -0.00946648539202838   -0.00219714616810085   0
0.200035280903145   -0.0108481676728548   -0.00605415089346636   0
0.203240203462553   0.0174357135285961   0.00320492255940846   0
0.217061179353886   0.077449837171233   0.0138209758913332   0
0.228817693832339   -0.0270557070182033   0.0117565144784526   0
0.221298587671725   -0.017677224110305   -0.00751910616061427   0
0.224662075273621   0.0350250280365413   0.003363487601896   0
0.239728869909842   -0.0181455551802858   0.0150667946362214   0
0.236890744625028   -0.0326972032765071   -0.00283812528481459   0
0.216833427659344   0.00235363861061968   -0.0200573169656834   0
0.220385359105931   0.0166766942028787   0.00355193144658653   0
0.234252939643241   -0.0124696537230393   0.0138675805373106   0
0.228034283721768   -0.0112343046786065   -0.00621865592147275   0
0.215584018362911   0.0101175455165799   -0.0124502653588573   0
0.218688344145841   0.0288271771469909   0.00310432578293035   0
0.232281596148942   0.00233061692838044   0.0135932520031002   0
0.23519979384451   -0.0427793055795445   0.00291819769556831   0
0.230634578753924   0.0218419913095702   -0.00456521509058588   0
0.233290174108341   0.0242895731855146   0.00265559535441678   0
0.23863404955339   -0.0142136422049492   0.00534387544504958   0
0.23360222176437   -0.0382449442779773   -0.00503182778902023   0
0.236810414788919   0.0218384900771377   0.00320819302454911   0
0.230217040886421   0.0126862637691759   -0.00659337390249842   0
0.222469375311525   -0.0303105049774665   -0.00774766557489626   0
0.230437305595795   0.00618621119957646   0.00796793028427079   0
0.239429809169097   0.0305600766020425   0.00899250357330114   0
0.222188344939603   -0.00691038266916963   -0.0172414642294936   0
0.212801910180571   -0.0177256819762947   -0.00938643475903156   0
0.22541029230328   0.0527909074751353   0.0126083821227083   0
0.250180579219291   0.0192659798068597   0.0247702869160114   0
0.233157247072657   -0.0565843159766693   -0.0170233321466342   0
0.230853116793991   0.0251221678890561   -0.00230413027866605   0
0.240460745936837   0.0371430432003624   0.00960762914284596   0
0.252937234207916   -0.0414170236269097   0.0124764882710788   0
0.242598943506047   -0.0233659655131915   -0.0103382907018691   0
0.250562000144675   0.0622506921498   0.00796305663862812   0
0.254917289866733   -0.0225756183702761   0.00435528972205834   0
0.242322267607106   -0.016259775053102   -0.0125950222596269   0
0.256514621689486   0.0280985518373345   0.0141923540823795   0
0.279884204618178   0.0124967167976103   0.0233695829286921   0
0.262012831321769   -0.0551294874859293   -0.0178713732964084   0
0.253081345932983   0.0267195992407496   -0.00893148538878691   0
0.263980007423384   0.030486411783219   0.0108986614904018   0
0.272252707142647   -0.0326148622751481   0.00827269971926287   0
