0   0   0   0
0.0162471929741725   0.0972443558095178   0.0162471929741725   0
0.0490771524025692   -0.0341751752404792   0.0328299594283967   0
0.0477279014321696   0.0122432367260529   -0.00134925097039953   0
0.0741186349248453   0.0678072151038216   0.0263907334926757   0
0.0477752991141081   -0.0821539273723196   -0.0263433358107372   0
0.0598613048209904   0.0201122078285116   0.0120860057068823   0
0.0876926783699899   0.0486933456211847   0.0278313735489995   0
0.075297892229664   -0.0315143752720582   -0.0123947861403259   0
0.0769560159517273   0.018801515315738   0.00165812372206323   0
0.0989473538463889   0.065440552183562   0.0219913378946617   0
0.0965827712739312   -0.0777800319056848   -0.00236458257245779   0
0.0910008885360864   -0.000764211478553031   -0.00558188273784473   0
0.134013585345555   0.102067371083993   0.0430126968094681   0
0.126995485345623   -0.0796180092565223   -0.007018099999932   0
0.117420123014339   0.000460386085503084   -0.00957536233128353   0
0.15095562035152   0.0751332651443744   0.033535497337181   0
0.141250779735213   -0.0741101635954991   -0.00970484061630708   0
0.145675641946209   0.0142665286801271   0.00442486221099581   0
0.169046485014359   0.063136598017645   0.0233708430681506   0
0.166033920238377   -0.0521694608347627   -0.00301256477598269   0
0.178817926668273   0.0232875142789947   0.0127840064298967   0
0.199431253110495   0.0499465296870207   0.0206133264422221   0
0.188045249625562   -0.0434961766455663   -0.0113860034849333   0
0.183826399886931   0.00742742000654731   -0.00421884973863079   0
0.188410377671249   0.0503923695709501   0.00458397778431713   0
0.180835827163873   -0.0568281231618857   -0.00757455050737585   0
0.189186001399527   0.0351117285897015   0.00835017423565482   0
0.212207462116916   0.0508348422490372   0.0230214607173889   0
0.19714868417416   -0.0585766600161894   -0.0150587779427568   0
0.206311567167941   0.0175817288360468   0.00916288299378196   0
0.225599339002384   0.0335876109455463   0.0192877718344424   0
0.213490201767605   -0.0199468201113066   -0.0121091372347793   0
0.246747877065518   0.0259670267986557   0.0332576752979135   0
0.260092920246501   0.027081389055006   0.0133450431809826   0
0.259346935016514   -0.00689285376102267   -0.000745985229986479   0
0.290339107727331   0.0322818560823582   0.0309921727108165   0
0.317665482477543   0.0210849259898059   0.0273263747502121   0
0.29872258616573   -0.00986886363813216   -0.0189428963118127   0
0.323069565641167   0.0286176524884849   0.0243469794754372   0
0.339351184400968   0.0534975439822066   0.016281618759801   0
0.296953245475197   -0.0650905270156489   -0.0423979389257715   0
0.281612842688699   -0.0462467931803227   -0.0153404027864977   0
0.298155409491497   0.0242982052074928   0.0165425668027975   0
0.310927315873063   0.0182941883034515   0.0127719063815659   0
0.363098385409577   0.0790623330057303   0.0521710695365149   0
0.370795863016664   -0.0326509877672983   0.00769747760708633   0
0.358925388696693   0.0186542229259559   -0.0118704743199703   0
0.424685962892998   0.0685530173599005   0.065760574196304   0
0.384179674268707   -0.0512351861597988   -0.0405062886242903   0
0.381547798115718   0.0168163076955544   -0.00263187615298949   0
0.414539445982795   0.0248269885804071   0.0329916478670771   0
0.373808983713527   -0.0280172435710637   -0.0407304622692677   0
0.411953068374059   0.036960859325437   0.0381440846605324   0
0.419950364048193   -0.012745220849853   0.00799729567413371   0
0.404208300442532   0.0102776559564946   -0.0157420636056614   0
0.472082274417577   0.0551001623148318   0.0678739739750453   0
0.430129679187885   -0.06713800195757   -0.0419525952296924   0
0.390053908260461   -0.0164833780428972   -0.0400757709274238   0
0.458388915984039   0.0651424985432358   0.0683350077235784   0
0.47846662616217   -0.0396243492292783   0.0200777101781311   0
0.430695452343358   -0.0361055378799651   -0.0477711738188121   0
0.482328034252678   0.0760125038389702   0.0516325819093198   0
0.485203725003944   -0.026872385414702   0.00287569075126559   0
0.477776578033313   -0.00852125991879099   -0.00742714697063068   0
0.496855989199559   0.0227437306285916   0.0190794111662464   0
0.491269162274104   -0.0396997361905822   -0.00558682692545531   0
0.486974539402431   -0.00659833674457172   -0.00429462287167282   0
0.522366449053287   0.0352012475756097   0.0353919096508556   0
0.526008459032982   -0.00962460514377744   0.00364200997969544   0
0.486215959966207   -0.00739408257939339   -0.0397924990667753   0
0.548892424670864   0.0855238003435709   0.0626764647046571   0
0.538238435198621   -0.040667615653609   -0.0106539894722431   0
0.526851621106885   -0.0259080897453984   -0.0113868140917361   0
0.564171836925597   0.0653176920840297   0.0373202158187124   0
0.56311281061972   -0.0289333952780249   -0.00105902630587762   0
0.529523373132105   -0.0465148376998733   -0.0335894374876146   0
0.540271978632348   0.0518257860435319   0.0107486055002431   0
0.50325425645578   -0.0789096985738051   -0.0370177221765681   0
0.497001873071232   -0.00930958325962222   -0.00625238338454848   0
0.540472813516961   0.0803397664305664   0.0434709404457297   0
0.491575029701471   -0.0980529000089677   -0.0488977838154899   0
0.472990988492001   -0.00171523851328159   -0.0185840412094707   0
0.507489980545567   0.0641759612456064   0.0344989920535664   0
0.454137339211171   -0.121752958363218   -0.0533526413343959   0
0.500216765228638   0.0560192530253336   0.046079426017467   0
0.509973086290152   0.0351850455793841   0.0097563210615137   0
0.472344347215887   -0.0911833365815806   -0.0376287390742648   0
0.555255387623617   0.135810834957382   0.0829110404077295   0
0.557541006798112   -0.0029030025258433   0.00228561917449555   0
0.502328485813506   -0.0682504317231143   -0.0552125209846058   0
0.541719609824171   0.0639572515749034   0.039391124010665   0
0.542917466458073   0.0482581457266808   0.00119785663390148   0
0.505487077883127   -0.0781515117266641   -0.0374303885749457   0
0.526025534935636   0.0528971442613201   0.0205384570525093   0
0.58620589042815   0.0674609294271099   0.0601803554925134   0
0.534836601469514   -0.0908172006173651   -0.0513692889586356   0
0.552398740867774   0.0754268479969262   0.0175621393982601   0
0.578348272736076   0.0299055757278615   0.0259495318683015   0
0.545321785994804   -0.0859732259468832   -0.0330264867412722   0
0.577185928425746   0.0808919190943509   0.0318641424309418   0
0.587877248456523   -0.00754154020658759   0.0106913200307774   0
0.558112984938982   -0.0629105792326357   -0.0297642635175412   0
0.608334070766066   0.0599179675231205   0.0502210858270838   0
0.649162905340794   0.0590171095538503   0.040828834574728   0
0.606429490968837   -0.08524214200294   -0.0427334143719569   0
0.636482253435365   0.0664577484522567   0.0300527624665281   0
0.61340867533888   -0.0268877716466087   -0.0230735780964844   0
0.59040050993905   -0.0419825911147232   -0.0230081653998307   0
0.648753699477699   0.105554726921127   0.0583531895386489   0
0.690358614227417   -0.0392552889017311   0.0416049147497187   0
0.640393217832021   -0.0374526577414086   -0.0499653963953964   0
0.681451645478239   0.0810710676820208   0.0410584276462184   0
0.634521207786077   -0.0545460392724684   -0.0469304376921618   0
0.605278992403801   -0.0266496293764154   -0.0292422153822769   0
0.657661000628934   0.0867352719093506   0.0523820082251329   0
0.668878504585603   0.0154711535698655   0.0112175039566695   0
0.627269432794571   -0.0788347383801069   -0.0416090717910323   0
0.677202659138808   0.103724781204749   0.0499332263442372   0
0.655155713437403   -0.0621759047413404   -0.022046945701405   0
0.630277468761291   -0.0256241449617125   -0.0248782446761121   0
0.672864106497099   0.0951158162998079   0.0425866377358086   0
0.616942690327927   -0.0959131893171622   -0.0559214161691728   0
0.587663463876273   -0.00166919944335631   -0.0292792264516534   0
0.63637137617059   0.0968505929950316   0.0487079122943164   0
0.607311083549856   -0.0821627142483132   -0.0290602926207338   0
0.604114597081342   0.0406661432710748   -0.00319648646851367   0
0.64946533194769   0.0611859601162557   0.0453507348663473   0
0.612632259770511   -0.0727278185229182   -0.0368330721771789   0
0.611916586019377   0.0221304911198041   -0.000715673751133239   0
0.661747693253864   0.0908710202747796   0.0498311072344866   0
0.604465879479553   -0.0656918318480468   -0.0572818137743106   0
0.581122561643833   -0.00379880986349268   -0.0233433178357207   0
0.630469363121429   0.0528555167181626   0.0493468014775962   0
0.617259728460994   -0.028900088295994   -0.0132096346604348   0
0.598998503587955   -0.032573227961873   -0.0182612248730385   0
0.647539946030415   0.0909222204242869   0.0485414424424593   0
0.623820327119516   -0.0298663625076502   -0.0237196189108987   0
0.605649125862169   -0.0330737532638987   -0.0181712012573466   0
0.649701878790188   0.102274768862193   0.0440527529280185   0
0.616539870254958   -0.0837434327748603   -0.0331620085352303   0
0.592588947852978   -0.0451176469784041   -0.0239509224019792   0
0.5996987030372   0.0884843956614397   0.00710975518422174   0
0.562308945009992   -0.108401879971489   -0.0373897580272085   0
0.57770175173592   0.0426359605969783   0.0153928067259278   0
0.586400425576457   0.0338091537670839   0.00869867384053757   0
0.558677689440432   -0.115148459849579   -0.0277227361360249   0
0.582900535775616   0.0616750892656345   0.0242228463351836   0
0.5901679552208   0.0453505414898575   0.00726741944518405   0
0.569165843991953   -0.0823336380489534   -0.0210021112288465   0
0.624187020529987   0.129394903684397   0.0550211765380337   0
0.620107579057515   -0.0373412613994476   -0.00407944147247175   0
0.59419807698638   -0.0654569176089403   -0.0259095020711347   0
0.642348397412551   0.140065559438191   0.0481503204261704   0
0.636383417982595   -0.0714071485381542   -0.005964979429956   0
0.624954261080809   -0.0479946583502662   -0.0114291569017859   0
0.673764634421584   0.137909534394655   0.0488103733407745   0
0.628651713248282   -0.132192331840625   -0.0451129211733017   0
0.656201604150737   0.0675121751681694   0.0275498909024549   0
0.682138490509259   0.045827349795957   0.025936886358522   0
0.624178260208772   -0.128691614167408   -0.0579602303004862   0
0.663576078525477   0.0981226597139969   0.0393978183167046   0
0.693560287431814   0.0378541325853945   0.0299842089063366   0
0.652596124936061   -0.115873367424635   -0.040964162495753   0
0.712619951742731   0.108288809529993   0.0600238268066704   0
0.763499648803456   0.00536684805456711   0.0508796970607246   0
0.673491159075047   -0.149798078923314   -0.0900084897284089   0
0.706416338527076   0.0990100630671558   0.0329251794520289   0
0.725239814535509   -0.0128137983202934   0.0188234760084337   0
0.719015196644863   -0.0389567349255641   -0.00622461789064677   0
0.739205065923016   0.073749466139414   0.0201898692781532   0
0.732882523823737   -0.0620417623194245   -0.00632254209927907   0
0.722149950214808   0.00514959262659009   -0.0107325736089285   0
0.768335504136214   0.107016095635349   0.0461855539214059   0
0.754659184173558   -0.0528880640432479   -0.0136763199626562   0
0.74926063655463   0.00479685987775014   -0.00539854761892744   0
0.75764193981623   0.066749756828579   0.00838130326159958   0
0.74244496694048   -0.010775004097603   -0.0151969728757503   0
0.715229237086614   -0.0738921026051569   -0.0272157298538656   0
0.736813867922727   0.0508802543432383   0.0215846308361128   0
0.762293520653626   0.0643880924395407   0.0254796527308989   0
0.748652240816455   -0.0654540822605498   -0.0136412798371707   0
0.74478519500558   0.00388951673478488   -0.00386704581087527   0
0.776384314008211   0.0695764650209538   0.0315991190026309   0
0.747004504871456   -0.056481726483694   -0.0293798091367545   0
0.753120308517338   0.0203259200715833   0.00611580364588127   0
0.767545222862797   0.052843882683089   0.014424914345459   0
0.731865057759967   -0.0887426157248868   -0.0356801651028296   0
0.744199806161121   0.0203002924939487   0.0123347484011538   0
0.749478793676312   0.0827884627500848   0.00527898751519107   0
0.725764394159358   -0.0943659275403169   -0.023714399516954   0
0.732378184320949   -0.00810554143344633   0.00661379016159103   0
0.758681287106944   0.0993294046441813   0.0263031027859955   0
0.731288967675311   -0.0833184835474047   -0.0273923194316332   0
0.737341508999265   0.00531465000341313   0.00605254132395328   0
0.765805920785417   0.0836085464830798   0.0284644117861521   0
0.727167989168425   -0.0960907288966983   -0.038637931616992   0
0.723612398501209   0.0158158147547025   -0.00355559066721567   0
0.738623860799035   0.0762478517932513   0.0150114622978262   0
0.723563734141418   -0.0799698620013499   -0.0150601266576174   0
0.728128204017713   0.0180027867600553   0.004564469876295   0
0.74963534257214   0.0505753674938111   0.0215071385544273   0
0.707548617341821   -0.0924055498218505   -0.0420867252303192   0
0.706085458219791   0.0431072848005742   -0.00146315912202977   0
0.743454246611836   0.0690773453491442   0.0373687883920447   0
0.710656031088662   -0.10201824811888   -0.0327982155231734   0
0.739852436374344   0.046272369335017   0.0291964052856813   0
0.771253360404148   0.0608563589655473   0.0314009240298038   0
0.722972331007031   -0.0916554133978852   -0.0482810293971166   0
0.767449549084296   0.0572341284603431   0.0444772180772655   0
0.788979630817653   0.0380161997142757   0.0215300817333567   0
0.737866763734816   -0.110495872639014   -0.0511128670828376   0
0.771850773066051   0.0704839544489234   0.0339840093312352   0
0.767065353910736   0.0174305228386519   -0.00478541915531483   0
0.720710592560565   -0.102421595632508   -0.0463547613501714   0
0.774549064444727   0.107159436182885   0.0538384718841628   0
0.745734167939355   -0.0496474024332104   -0.0288148965053721   0
0.732748969461338   -0.0659842475872192   -0.0129851984780175   0
0.788813676217958   0.146928879854977   0.0560647067566206   0
0.799554274661466   -0.0197832958429168   0.0107405984435072   0
0.803851282467651   -0.0217848196325076   0.00429700780618592   0
0.846819618903601   0.112578215055918   0.0429683364359494   0
0.816824111822688   -0.0671219817796638   -0.0299955070809133   0
0.824554597867904   -0.0239118185826412   0.00773048604521609   0
0.862128229200877   0.103217888320257   0.0375736313329733   0
0.83773497692744   -0.0839127280514196   -0.0243932522734368   0
0.827684221802508   0.00273805773838942   -0.0100507551249327   0
0.878910477927111   0.0968342681663156   0.0512262561246034   0
0.846535974119169   -0.0777158500405817   -0.0323745038079419   0
0.823293054291619   -0.0335477536373074   -0.0232429198275501   0
0.879435624156248   0.103466391002948   0.0561425698646294   0
0.86332357504316   -0.0526142232879605   -0.0161120491130885   0
0.839287709733563   -0.0503112751524351   -0.0240358653095964   0
0.876708106389213   0.10907863892923   0.03742039665565   0
0.862062206229087   -0.0608766171904429   -0.0146459001601267   0
0.84914082761283   -0.0136098576044528   -0.0129213786162562   0
0.898999185808803   0.108499254316447   0.0498583581959722   0
0.893471216329821   -0.0681167457446672   -0.00552796947898138   0
0.866778861121407   -0.0201100484522947   -0.0266923552084146   0
0.907426553224563   0.114621558127697   0.0406476921031559   0
0.896443230462833   -0.064894075136678   -0.0109833227617295   0
0.887815435883292   -0.00953425454542689   -0.00862779457954088   0
0.921439375147558   0.0996627215761341   0.0336239392642662   0
0.907690781893063   -0.0564568425201837   -0.0137485932544953   0
0.907861296087481   -0.00975860006864893   0.000170514194417493   0
0.951498305602308   0.0832170920331821   0.0436370095148273   0
0.912771482659729   -0.0870919422609797   -0.0387268229425789   0
0.912898809063546   0.00493971807669857   0.000127326403816741   0
0.93764308907475   0.0929952983335736   0.0247442800112047   0
0.893810059640548   -0.0936195848156722   -0.0438330294342023   0
0.927905234727406   0.034591075741238   0.034095175086858   0
0.95772940347973   0.0239047326401147   0.0298241687523244   0
0.913981883934693   -0.103146985757611   -0.0437475195450379   0
0.94822926210629   0.0611589058584558   0.0342473781715978   0
0.990318142835181   0.0759772756036565   0.0420888807288909   0
0.935130127588824   -0.098415987513877   -0.0551880152463576   0
0.969872772550317   0.0630644986312741   0.0347426449614937   0
0.986641477746635   0.0149087557509993   0.0167687051963171   0
0.935925855924561   -0.0992259630561847   -0.0507156218220733   0
0.98066305288106   0.117708942655645   0.0447371969564984   0
0.973190162935282   -0.0157639296702374   -0.00747288994577777   0
0.946494328588397   -0.0615628561369539   -0.0266958343468849   0
0.976261666570015   0.11127438113329   0.0297673379816179   0
0.957732749231225   -0.0403355622436641   -0.01852891733879   0
0.947035386353335   -0.0544181543702182   -0.0106973628778899   0
0.992244746343683   0.109644667183952   0.0452093599903485   0
0.980919651745366   -0.0741222679533577   -0.0113250945983173   0
0.988800454010762   -0.0161398578355134   0.00788080226539645   0
1.00874872055871   0.105876755684371   0.0199482665479502   0
0.994377956123376   -0.0766503422518039   -0.0143707644353366   0
1.00755024776761   0.0494620640358154   0.013172291644229   0
1.02201557695202   0.0426394255487883   0.0144653291844112   0
0.999087999583822   -0.0687239352826721   -0.0229275773681945   0
1.00929637995604   0.077167220143753   0.0102083803722148   0
1.01554223440556   -0.0310686114916467   0.00624585444952475   0
0.999906114916147   -0.0373744414845065   -0.0156361194894145   0
1.01964975434982   0.108688029765523   0.0197436394336691   0
1.00558503220777   -0.0618123495486107   -0.0140647221420456   0
1.00699753250636   -0.0299299572220637   0.00141250029858586   0
1.00981889687251   0.102096167826121   0.00282136436615232   0
1.00135360987224   -0.066665738571938   -0.00846528700027172   0
0.993018381377053   -0.0355113167114833   -0.00833522849518398   0
1.03162973491929   0.0939158513975624   0.0386113535422349   0
0.995317247855689   -0.0843466652817311   -0.0363124870635989   0
0.999811365209478   -0.00732471653613054   0.00449411735378913   0
1.01345627357781   0.102122974507951   0.0136449083683328   0
1.00038745875526   -0.11089130018221   -0.0130688148225531   0
1.00496663637421   0.00539595074110055   0.00457917761895654   0
1.02198182392027   0.0915906809757536   0.0170151875460562   0
0.995775158931424   -0.0910049042831425   -0.0262066649888466   0
1.01143831092005   0.0175327340026112   0.0156631519886292   0
1.01502298927047   0.0732344093895954   0.00358467835041676   0
0.987342386304589   -0.0728541387549373   -0.0276806029658808   0
1.02507825476845   0.0564825176482777   0.0377358684638641   0
1.04378623356059   0.0605682042156068   0.0187079787921405   0
1.00097213282189   -0.110559404938077   -0.0428141007387042   0
1.01311780870535   0.0663478323911895   0.0121456758834568   0
1.04136025737302   0.059751126484757   0.0282424486676773   0
1.01855862195927   -0.109076426803438   -0.0228016354137559   0
0.979102315792834   0.0779115917745372   -0.0394563061664341   0
1.01229779331479   0.0214900598884167   0.0331954775219596   0
1.01022288546088   -0.0642520405332847   -0.00207490785391506   0
1.00757451903698   0.00342391063398129   -0.0026483664238941   0
1.03298039925478   0.126637637326529   0.0254058802177937   0
1.01691906586101   -0.11232995620561   -0.0160613333937711   0
1.01733712833275   -0.0056549320966246   0.000418062471741365   0
1.0500794523901   0.116772659714921   0.032742324057357   0
1.0243033115898   -0.140549362363163   -0.0257761408003006   0
1.01403571234955   0.0483869477779926   -0.0102675992402588   0
1.04456546894657   0.0562224714886712   0.0305297565970222   0
0.992687418051676   -0.0957985591900323   -0.0518780508948921   0
0.998643119382099   0.00543747823484697   0.00595570133042367   0
1.03876883497868   0.110730811040274   0.0401257155965787   0
1.01396759390775   -0.105438541306173   -0.0248012410709326   0
1.01268299000921   0.0333723914731934   -0.00128460389853258   0
1.04716757155684   0.131586740956351   0.0344845815476273   0
1.0213041710026   -0.100580817436435   -0.0258634005542429   0
1.02547383990632   0.0270092788529739   0.00416966890372095   0
1.03864754841684   0.065734891711912   0.013173708510517   0
1.01388925528497   -0.104547742231148   -0.0247582931318695   0
1.03256902108639   0.114520091964239   0.0186797658014226   0
1.02296967471235   -0.0275454188432933   -0.00959934637403914   0
1.02458551756664   -0.0801055539731215   0.00161584285429206   0
1.06098326900377   0.127053761224377   0.0363977514371268   0
1.06422131505429   -0.0547469127449183   0.00323804605052547   0
1.03472350957297   -0.0808369349366933   -0.0294978054813244   0
1.06633663188583   0.134480985290184   0.0316131223128637   0
1.08196943980332   -0.0561429706932162   0.0156328079174834   0
1.04954016744259   -0.0730826198098833   -0.0324292723607227   0
1.08362442285415   0.140074795451659   0.0340842554115612   0
1.07775246982802   -0.0753168637484927   -0.00587195302613241   0
1.06166246404891   -0.0291854877716242   -0.0160900057791094   0
1.09281611470163   0.159825458103736   0.0311536506527152   0
1.07404697545696   -0.103793032245493   -0.0187691392446701   0
1.07433518540928   0.0119727693066844   0.000288209952326479   0
1.09434371816756   0.112226572233036   0.0200085327582775   0
1.083356792231   -0.100057623942875   -0.0109869259365634   0
1.08015851714065   0.00036653997297531   -0.00319827509034809   0
1.10278448739416   0.119601901390529   0.0226259702535101   0
1.08998609660582   -0.106985621783504   -0.0127983907883376   0
1.07810489519208   -0.050135267009733   -0.0118812014137419   0
1.10755818466031   0.124766606188527   0.0294532894682278   0
1.10833039186021   -0.0985774779898254   0.000772207199897679   0
1.06995032984046   -0.0420144666889242   -0.038380062019751   0
1.12208754782147   0.145757189726798   0.052137217981014   0
1.09741020465577   -0.103320511271233   -0.0246773431656984   0
1.10706826080066   -0.000594132233027178   0.00965805614489024   0
1.13432011949659   0.115458567880004   0.0272518586959289   0
1.11135228780514   -0.115278781403419   -0.0229678316914501   0
1.09964778444678   0.0186499085189   -0.0117045033583558   0
1.11714212817381   0.138442000145683   0.0174943437270219   0
1.11711084847882   -0.10294287561006   -3.12796949897276e-05   0
1.11069206805894   -0.0115565880207906   -0.0064187804198792   0
1.13234712802335   0.166949948525992   0.0216550599644094   0
1.13909605134247   -0.125983588426283   0.00674892331911958   0
1.14964801652472   -0.0405516763473517   0.010551965182253   0
1.1798088733706   0.178154684440921   0.0301608568458784   0
1.16249898057846   -0.113017403513493   -0.0173098927921376   0
1.16021682526247   0.0250596489080901   -0.00228215531599174   0
1.17134802701691   0.107948860616602   0.0111312017544387   0
1.15052324391237   -0.139880347967528   -0.0208247831045389   0
1.15338415112785   0.0382651083835912   0.00286090721547749   0
1.16645162573744   0.0995490546335067   0.0130674746095962   0
1.14001573263063   -0.151209372599039   -0.0264358931068089   0
1.1571426286312   0.111957742301816   0.0171268960005662   0
1.16482182533139   0.0201185781006603   0.00767919670019435   0
1.14393305397365   -0.128719693143921   -0.0208887713577461   0
1.16625826810069   0.10778595118911   0.0223252141270376   0
1.17327396743088   -0.0347595163483982   0.00701569933019663   0
1.15888535572204   -0.0939817159987877   -0.0143886117088374   0
1.18355837976836   0.149971780393422   0.024673024046314   0
1.17850923528368   -0.0740683042011903   -0.00504914448467941   0
1.15845128128027   -0.0442364208538395   -0.0200579540034127   0
1.17921540059513   0.171107426111292   0.0207641193148591   0
1.17040876691505   -0.0623086778652859   -0.00880663368007473   0
