0.0739848540666602   0   0   0
0.0169263974671945   0.0789985538616049   -0.0570584565994656   0
0.0176277926638512   -0.0837795429818424   0.000701395196656619   0
0.0579476923973682   -0.00459326954157921   0.040319899733517   0
0.0321651590503704   0.0268411793117378   -0.0257825333469978   0
0.0454834727638172   -0.0058293505665911   0.0133183137134468   0
0.0171888569099126   0.0159349248734585   -0.0282946158539046   0
0.0360914840032244   -0.00359450397666591   0.0189026270933118   0
0.0295497447447474   -0.00701765860827887   -0.00654173925847699   0
0.0324634060064559   -0.0255635153587197   0.00291366126170857   0
0.0290467133360213   0.0414737176540928   -0.0034166926704346   0
0.0310396599888872   -0.0506309475695432   0.00199294665286585   0
0.0320865960116136   0.050038793026804   0.00104693602272644   0
0.0167139354157691   -0.0498024475963361   -0.0153726605958446   0
0.0300428594944789   0.0126794265161245   0.0133289240787098   0
0.0312081091546332   -0.0154404598112327   0.0011652496601543   0
0.0256016952809236   0.0300935920520307   -0.00560641387370963   0
0.0180771736419469   -0.00982276713758404   -0.00752452163897666   0
0.0446592663253104   0.0147228153505036   0.0265820926833635   0
0.0270631032843538   -0.0421551335091227   -0.0175961630409566   0
0.0260292080518871   -0.00963095097073967   -0.00103389523246666   0
0.0336546072446627   0.0104013958900074   0.00762539919277554   0
0.0281729862091614   0.00670817248325553   -0.00548162103550122   0
0.0362128312013715   0.00444804028074794   0.00803984499221006   0
0.0297477906002681   0.0519034938432118   -0.00646504060110337   0
0.020851742006185   -0.0433270136333281   -0.00889604859408312   0
0.0122993352199458   0.0413823252842399   -0.00855240678623917   0
0.0240813176026816   -0.0312919209812468   0.0117819823827358   0
0.0195297413450575   0.0572618694523245   -0.00455157625762413   0
0.0193788069986261   -0.0417879079964206   -0.000150934346431413   0
0.0330999369246095   -0.00301370535652595   0.0137211299259834   0
0.0381879271129633   -0.0201301941764283   0.00508799018835386   0
0.0154079432936392   0.0144403443384194   -0.0227799838193242   0
0.0167761527714946   -0.00318085409738651   0.00136820947785541   0
0.0157057800743397   0.0154773870051154   -0.0010703726971549   0
0.062655909234804   -0.00273007950306689   0.0469501291604644   0
0.0695187907952404   -0.0218481200282404   0.00686288156043638   0
0.035648573845916   0.0453673507309583   -0.0338702169493244   0
0.0221193252956979   0.0214601954905367   -0.0135292485502181   0
0.0513255095099162   -0.0174785842236848   0.0292061842142183   0
0.0425640963730645   0.00208782909861061   -0.00876141313685169   0
0.0538164553399794   -0.0353395202562191   0.0112523589669149   0
0.0439723152692433   0.061203052390863   -0.00984414007073615   0
0.0650683813647804   -0.0422563453031025   0.0210960660955371   0
0.022589632652779   0.00748668635552038   -0.0424787487120014   0
0.0280380892888032   -0.0170046343884223   0.00544845663602416   0
0.0847217769330921   -0.0185043660019725   0.056683687644289   0
0.0185440354981352   0.0372795835916521   -0.0661777414349569   0
0.0918982836835107   -0.0822266214128325   0.0733542481853754   0
0.0766567670551328   0.0168476107797348   -0.0152415166283778   0
0.0169162517418162   0.0658718985693344   -0.0597405153133166   0
0.0237108182782359   -0.0113902421232506   0.00679456653641968   0
0.0368721493480513   0.00290223930697578   0.0131613310698154   0
0.0249886052649002   0.0118549148113138   -0.0118835440831511   0
0.0695782289886398   -0.0119541046449383   0.0445896237237396   0
0.0341757524324996   -0.0201388974252386   -0.0354024765561403   0
0.0354078566177762   -0.0176916297615888   0.00123210418527666   0
0.0263130413881121   0.0488215339709988   -0.00909481522966413   0
0.0520204225438914   -0.0431768867583512   0.0257073811557793   0
0.0301211830452009   0.0759364605828383   -0.0218992394986904   0
0.0583247095823245   -0.0726248875766196   0.0282035265371236   0
0.0571031907854106   0.0452821734580007   -0.00122151879691396   0
0.0228168019245687   -0.0174013589569631   -0.0342863888608419   0
0.0677689503779201   0.00664523553666491   0.0449521484533515   0
0.0649537390890625   -0.0400360307282259   -0.00281521128885766   0
0.0777365913331843   0.0651481261165818   0.0127828522441218   0
0.0750143488332399   -0.00736506431599557   -0.00272224249994435   0
0.034184127216663   -0.0458697521256216   -0.0408302216165769   0
0.077896325039279   0.0352290007448809   0.043712197822616   0
0.0729571932712087   -0.0141061129478506   -0.00493913176807027   0
0.0531753352827502   0.0217876137002803   -0.0197818579884585   0
0.0654593220179525   -0.0356875310096737   0.0122839867352023   0
0.0817001909257408   -0.0168243442564732   0.0162408689077883   0
0.0781326407297552   0.0569172650322002   -0.00356755019598562   0
0.0630548765557431   0.00362154285881772   -0.0150777641740121   0
0.0733491323783042   0.0331405081885542   0.0102942558225611   0
0.074642605499825   -0.0511101342539918   0.00129347312152073   0
0.0770742748482268   0.027197644940428   0.00243166934840182   0
0.0875662931305334   0.00368044371617804   0.0104920182823066   0
0.0626445429830796   -0.0432964045076782   -0.0249217501474538   0
0.091174578615766   0.03977705663343   0.0285300356326865   0
0.0708119049451609   0.0031295559642866   -0.0203626736706051   0
0.0881053795358292   -0.0149484074937377   0.0172934745906683   0
0.0747621762747046   -0.0268031805359611   -0.0133432032611245   0
0.110177614862276   0.0370313750665786   0.0354154385875713   0
0.0910078475793297   -0.00702368248952343   -0.0191697672829463   0
0.091714193646567   0.0107729886722369   0.000706346067237365   0
0.079999448200222   -0.027099633662726   -0.0117147454463451   0
0.0915114477159006   0.0103580512230791   0.0115119995156786   0
0.0631704270001399   -0.0102897326014748   -0.0283410207157607   0
0.0720458146124742   0.0208536206884377   0.00887538761233432   0
0.0747741610619205   -0.00849807593534033   0.00272834644944628   0
0.0687796749279538   0.00967513469877737   -0.00599448613396664   0
0.0648906962874109   0.0140935689847106   -0.00388897864054297   0
0.0698718469766257   -0.0258430801028006   0.00498115068921486   0
0.0785823167288449   0.023971047406117   0.00871046975221919   0
0.0722937775157897   -0.0406871939624157   -0.00628853921305519   0
0.0670466835232176   0.0306331063897276   -0.0052470939925721   0
0.0620870587605219   0.0166491008653125   -0.00495962476269571   0
0.065565950475647   0.01840177350819   0.00347889171512512   0
0.0530513520473324   -0.00464335124474707   -0.0125145984283146   0
0.0785646997401664   -0.0461291445379251   0.025513347692834   0
0.088339769338928   0.0418444271564671   0.00977506959876159   0
0.0507723402558913   0.092080568201178   -0.0375674290830367   1
0.0585852547561458   -0.110221850418967   0.00781291450025446   0
0.0178285126538924   0.0219020805433941   -0.0407567421022534   0
0.0139525535229049   -0.0744565049204544   -0.00387595913098749   0
0.0194918661567563   -0.00539811733492873   0.00553931263385139   0
0.0470135025836472   0.0133250672964906   0.0275216364268909   0
0.0506113336682876   0.0202552378549696   0.0035978310846404   0
0.0562328937861329   -0.0338541204516354   0.00562156011784529   0
0.0513512971335829   -0.00286962012894029   -0.00488159665254991   0
0.0618460144158255   0.0346820584257729   0.0104947172822426   0
0.058763381673475   -0.0130750868464627   -0.00308263274235051   0
0.0830100763734891   -0.0014232183497776   0.0242466947000141   0
0.0747579219478794   0.0130236847925226   -0.00825215442560977   0
0.0750159884081387   -0.0428973609462761   0.000258066460259318   0
0.0814959548197486   0.0209174772000825   0.0064799664116099   0
0.074168312878631   0.00619582192071777   -0.00732764194111761   0
0.0817706698687402   -0.0442152387412255   0.00760235699010924   0
0.092389748146277   0.0502480289869734   0.0106190782775368   0
0.110301795912408   -0.0595089921743628   0.017912047766131   0
0.105161864277468   0.0642116651063503   -0.00513993163494045   0
0.109149660790082   -0.0495266917400614   0.00398779651261463   0
0.113408174505588   0.0439343286329615   0.00425851371550627   0
0.1008033467324   -0.0108359592600575   -0.0126048277731882   0
0.12635490163109   -0.0193847340699713   0.0255515548986901   0
0.121294508331622   0.0280137476387244   -0.00506039329946793   0
0.116023420066554   -0.0196189327036817   -0.0052710882650685   0
0.130022407048132   0.036109876115708   0.0139989869815777   0
0.101182025035823   -0.0115842785424292   -0.0288403820123081   0
0.115000408601622   -0.037617309001627   0.0138183835657985   0
0.122469694859269   0.0255967143720982   0.00746928625764724   0
0.117864876993329   -0.0301057295338581   -0.0046048178659405   0
0.118238853479134   0.0350783308654434   0.000373976485804825   0
0.113655243299462   -0.0289969545982015   -0.00458361017967107   0
0.124789444280917   0.0232497268745498   0.0111342009814542   0
0.13035787286873   0.0189541731925064   0.00556842858781345   0
0.156870077760579   -0.0523986271552159   0.0265122048918486   0
0.130919402267397   0.0413220424379883   -0.0259506754931818   0
0.127578468331416   -0.0261187587044153   -0.00334093393598137   0
0.149981653732248   -0.0070237888193108   0.0224031854008326   0
0.145287404655058   0.0229661614713038   -0.00469424907719043   0
0.136086389001077   -0.0203900199308649   -0.0092010156539806   0
0.154613773141181   0.0409312211251956   0.0185273841401035   0
0.140391562565428   -0.0427531467183925   -0.0142222105757527   0
0.149461426239348   0.0238821764368343   0.00906986367391971   0
0.157391567036293   -0.072336639648267   0.00793014079694551   0
0.154757393985077   0.00523076221992886   -0.0026341730512158   0
0.150664833159475   0.0301057690797956   -0.00409256082560228   0
0.154215968930661   0.00421087474256303   0.00355113577118549   0
0.1491511826095   -0.00194959539923698   -0.00506478632116042   0
0.165912872813685   -0.0382523028123097   0.0167616902041847   0
0.15792213648964   0.0826388483408541   -0.0079907363240449   0
0.161206872938935   -0.0866278362301094   0.00328473644929517   0
0.159224053753382   0.0566071535397932   -0.00198281918555282   0
0.170973651613406   -0.0442159286626577   0.0117495978600241   0
0.167774173924386   0.0360003965517601   -0.00319947768902085   0
0.163416703134472   -0.044238941797421   -0.00435747078991411   0
0.154398840783707   0.0754296839138087   -0.00901786235076452   0
0.145522493634146   -0.0217952322350576   -0.00887634714956123   0
0.178994144735387   0.0021470753440317   0.0334716511012408   0
0.167910336324041   0.00354420097315784   -0.0110838084113457   0
0.165728725544374   -0.0406191437592513   -0.00218161077966661   0
0.194574298417269   -0.0448044487029672   0.028845572872895   0
0.164393019056019   0.0747448695428422   -0.0301812793612505   0
0.159468321461474   -0.048126700294958   -0.00492469759454467   0
0.168909016779189   0.0252254296101518   0.00944069531771546   0
0.166160539901363   -0.0444533244533138   -0.00274847687782626   0
0.165650925684321   0.082829004257707   -0.000509614217041987   0
0.16380913246328   -0.0770323645964623   -0.00184179322104092   0
0.16253835976631   0.0468993265953788   -0.00127077269697004   0
0.164427673545726   -0.0137710119499226   0.00188931377941626   0
0.177540717358723   -0.0224346358000356   0.0131130438129966   0
0.171755448522776   0.0280292447600992   -0.00578526883594693   0
0.182098263177117   -0.0440603501020864   0.0103428146543407   0
0.177459198461956   0.0171551579240108   -0.00463906471516048   0
0.187993530129337   0.0545537302839795   0.0105343316673808   0
0.209432700487585   -0.0291418244808878   0.0214391703582479   0
0.210944198572519   0.0432768254211231   0.00151149808493437   0
0.198424081454904   0.000266446114044111   -0.0125201171176151   0
0.200262270009661   -0.0453009110354089   0.00183818855475706   0
0.19511395935117   0.0394264733141431   -0.00514831065849142   0
0.194211743307202   -0.037210682420167   -0.000902216043967979   0
0.203925517551513   0.0183373241485903   0.00971377424431119   0
0.188142077742467   -0.028148625212104   -0.0157834398090461   0
0.210046458669201   0.0324697633761709   0.0219043809267343   0
0.202918444374212   -0.0478138512458771   -0.00712801429498977   0
0.232667204707846   0.052151374868799   0.029748760333634   0
0.236077665180868   0.0570555158566992   0.00341046047302243   0
0.239578716064783   -0.0614816460355798   0.00350105088391522   0
0.223534636567803   0.0290538442193095   -0.0160440794969797   0
0.21408655996232   -0.0255176871624526   -0.00944807660548358   0
0.229715890879364   0.0273670979314321   0.0156293309170444   0
0.227092525030548   0.00930297347623071   -0.00262336584881645   0
0.228165035698943   -0.0234676669117381   0.00107251066839531   0
0.23553551373466   -0.000973281452464836   0.00737047803571642   0
0.220466846388522   0.0600789960958466   -0.0150686673461379   0
0.202390154191107   -0.0758989657988672   -0.0180766921974148   0
0.206769847463913   0.0344037477678018   0.00437969327280652   0
0.223213661733551   -0.0203959374494834   0.0164438142696374   0
0.245300862567786   0.00260631304090533   0.0220872008342356   0
0.228608221325262   0.0298549104016325   -0.0166926412425243   0
0.224569827030481   -0.0378082538629921   -0.00403839429478137   0
0.226579113867541   -0.0250311907702187   0.00200928683706006   0
0.233089276670442   0.00883499130088546   0.00651016280290154   0
0.253661458212023   -0.00379256864617961   0.0205721815415809   0
0.219754075040123   0.0307363807025186   -0.0339073831719003   0
0.239721867380622   0.00212776864618403   0.019967792340499   0
0.249706819366437   0.0311114846126385   0.00998495198581525   0
0.252125332549607   -0.0476088789859425   0.00241851318316999   0
0.277511414648569   0.0149244823219147   0.0253860820989619   0
0.265298178171751   -0.0160453833940778   -0.0122132364768183   0
0.263363428532703   -0.00205733052654543   -0.00193474963904811   0
0.257197130610452   -0.00218711885702288   -0.00616629792225049   0
0.264516966209164   0.038377387553415   0.0073198355987118   0
0.260125303611433   -0.0463738125691759   -0.00439166259773138   0
0.25759923397062   -0.00792997244146407   -0.00252606964081298   0
0.234543343076632   0.0101122491017973   -0.0230558908939881   0
0.224132195982773   -0.0130451550123524   -0.0104111470938589   0
0.233642432572382   0.00883946037573598   0.00951023658960923   0
0.224911126551917   -0.0118941137923565   -0.00873130602046471   0
0.247355889684181   -4.26976364012316e-05   0.0224447631322634   0
0.246164847018258   0.00222731705564359   -0.00119104266592227   0
0.244522583581762   0.00179220478259051   -0.00164226343649582   0
0.227489312518061   0.0256878464452322   -0.0170332710637015   0
0.246169136256538   -0.0107332840740268   0.0186798237384771   0
0.224938451464956   0.0156345791480978   -0.0212306847915817   0
0.232415262728747   -0.0523317922024647   0.00747681126379074   0
0.229120224526825   0.0176902119104976   -0.00329503820192248   0
0.226610510453846   0.0222777006422993   -0.00250971407297887   0
0.261499100096922   0.018162980548245   0.0348885896430762   0
0.257239791220298   -0.0114169396408225   -0.00425930887662396   0
0.224047392146623   -0.0182139436728375   -0.0331923990736753   0
0.207822003475817   0.341482296927551   -0.0162253886708057   1
0.160262034260153   -0.234333556191633   -0.0475599692156638   0
0.183811947398564   -0.0355033110410878   0.023549913138411   0
0.190366673104045   -0.0462793903506234   0.00655472570548132   0
0.204392778493279   -0.018067950120792   0.0140261053892333   0
0.21968934199786   0.0155968946939345   0.0152965635045808   0
0.224919922516376   0.0137429822652042   0.00523058051851624   0
0.238119796099043   -0.00391090665682342   0.0131998735826676   0
0.257475497077028   0.0470849070560582   0.0193557009779843   0
0.242487659830872   -0.0409065579744991   -0.0149878372461561   0
0.239751889447007   -0.0342697569944909   -0.00273577038386433   0
0.221973772197916   0.0441339584756135   -0.0177781172490908   0
0.21122641539427   -0.0370171917583741   -0.0107473568036469   0
0.220443810389541   0.0252288407446104   0.00921739499527169   0
0.249140770529579   0.0330487521315392   0.0286969601400381   0
0.235053903242006   -0.0232295546851601   -0.0140868672875729   0
0.222313246697897   -0.0551738272020685   -0.0127406565441094   0
0.219664061679852   0.0219568639301038   -0.00264918501804459   0
0.234291814747123   0.0847329033361822   0.0146277530672702   0
0.215705343242141   -0.0608694691575367   -0.0185864715049813   0
0.22138376189154   -0.0409504045016057   0.00567841864939853   0
0.221327828564891   0.0007351679860675   -5.59333266483275e-05   0
0.227041188743056   0.00639795999343257   0.00571336017816454   0
0.24099534109864   0.00529099821146443   0.0139541523555843   0
0.242546912807585   0.0216507513063507   0.00155157170894418   0
0.234674586519823   0.0143892633633237   -0.00787232628776127   0
