0.0125   0   0   0
0.00266887   -0.00741094214992687   -0.00983113   0
0   0.0345534280247464   -0.00266887   0
0.0243104958168792   0.0766185470934878   0.0243104958168792   0
0.0749201100281159   0.0887806268337609   0.0506096142112368   0
0.0589284961479588   -0.0961042637519823   -0.0159916138801571   0
0.0221644366511423   0.0328030458236726   -0.0367640594968165   0
0.0140566439149784   -0.0181551201106206   -0.00810779273616387   0
0.0252152682527868   -0.0544639228374477   0.0111586243378084   0
0.0448038443150808   0.0162700699349621   0.019588576062294   0
0.086236183763407   0.129455439638436   0.0414323394483262   0
0.103584521296391   -0.00527755464244636   0.0173483375329841   0
0.063647079654981   -0.13158599436619   -0.0399374416414101   0
0.0458797406030156   0.00125081097127755   -0.0177673390519654   0
0.0322428709949967   -0.0214353839558119   -0.0136368696080189   0
0.0547339905275963   -0.00157948043682343   0.0224911195325996   0
0.0666871986670605   0.0517973203098914   0.0119532081394642   0
0.107050297079235   0.0639777272307889   0.0403630984121746   0
0.0950682451308006   -0.0960782219580526   -0.0119820519484345   0
0.0483962053840226   0.00678240739028242   -0.046672039746778   0
0.0535670046064739   -0.023276789117458   0.00517079922245132   0
0.0451963955271048   0.0077967629172673   -0.00837060907936912   0
0.0675146144397085   0.0619900016395423   0.0223182189126037   0
0.108908521374018   0.0716989451039189   0.0413939069343097   0
0.0877797368503261   -0.109877038457269   -0.0211287845236922   0
0.0504923458889563   0.00468591078115028   -0.0372873909613698   0
0.0474511427179841   -0.0076728737241788   -0.00304120317097215   0
0.0527971634979096   -0.0146561746569542   0.00534602077992549   0
0.0749237203944118   0.069428243349017   0.0221265568965022   0
0.0967858432319133   0.0360658673104827   0.0218621228375015   0
0.0716536106630364   -0.0925420312249284   -0.0251322325688769   0
0.0434442155237323   -0.00778333192172302   -0.0282093951393041   0
0.0533574731542827   -0.00942319679289674   0.00991325763055045   0
0.0621511791237503   0.0173012188700928   0.00879370596946762   0
0.102373750327464   0.105485720437618   0.040222571203714   0
0.137449511173421   0.0353561122289803   0.0350757608459571   0
0.102614029549923   -0.12831008927339   -0.0348354816234983   0
0.0766042942864334   0.041321684722362   -0.0260097352634897   0
0.0638745950754093   -0.0135696767858654   -0.0127296992110242   0
0.0563529927614763   -0.0600021188668528   -0.00752160231393299   0
0.0683412109912094   -0.00850123744818788   0.0119882182297331   0
0.0893199719564583   0.102008477224813   0.0209787609652489   0
0.107935092368238   0.0822961141069413   0.0186151204117794   0
0.0966274766869652   -0.107974617921265   -0.0113076156812725   0
0.0681013814904845   -0.075062719093385   -0.0285260951964807   0
0.0636249000453635   0.0134492586970618   -0.00447648144512094   0
0.0696073396005227   -0.0124472618862282   0.0059824395551592   0
0.0881181681691693   0.0709470846061101   0.0185108285686466   0
0.0877840173051023   0.00242469073130558   -0.00033415086406699   0
0.0756619622211459   -0.0498394296344606   -0.0121220550839565   0
0.0662799389410174   -0.00346432527572366   -0.00938202328012841   0
0.0801326211338741   -0.015335774756249   0.0138526821928566   0
0.0753254549752107   0.0279931593826622   -0.00480716615866333   0
0.100717913409048   0.085657584900817   0.0253924584338373   0
0.12163047353217   0.0456949948699263   0.0209125601231223   0
0.11015704004612   -0.103048986854815   -0.0114734334860503   0
0.0894607646997414   -0.00641544284491695   -0.0206962753463786   0
0.0773534790800323   -0.0226639707767861   -0.0121072856197091   0
0.0795711611378457   -0.0339004982612655   0.00221768205781332   0
0.0844654001912765   0.0219098025968517   0.00489423905343088   0
0.122747288930601   0.103859996566612   0.0382818887393247   0
0.124308234681134   -0.0283240324682892   0.00156094575053319   0
0.0816519597621055   -0.0658089227997168   -0.0426562749190289   0
0.0835790666686043   0.00395879270130704   0.00192710690649878   0
0.0904697470452001   0.0333689185522535   0.00689068037659585   0
0.122705169794471   0.0590696109471061   0.032235422749271   0
0.0998083415973961   -0.0813717556157908   -0.0228968281970751   0
0.0848886829427957   -0.00363938967622342   -0.0149196586546003   0
0.100111205910839   0.0291706092247732   0.0152225229680437   0
0.125906226694711   0.0644846549982306   0.0257950207838717   0
0.137911260736533   0.0392075315340172   0.0120050340418219   0
0.120482295360875   -0.078337800818574   -0.0174289653756585   0
0.0976211255622982   -0.00517260594267641   -0.0228611697985763   0
0.0878447399511348   -0.0153241943052654   -0.00977638561116342   0
0.0792176432777762   -0.0491113540303164   -0.00862709667335861   0
0.0874855348757439   -0.00732814467055229   0.00826789159796769   0
0.0955534559259632   0.0451301148372908   0.00806792105021935   0
0.109323885531948   0.0979257877235231   0.0137704296059849   0
0.111924453808138   -0.074571321389113   0.00260056827618976   0
0.0847841799673884   -0.0699713664222235   -0.0271402738407495   0
0.0952015760498874   -0.00189837410439052   0.0104173960824991   0
0.0960198904554286   -0.00833417735596278   0.000818314405541129   0
0.0945108204961342   0.0235634066030769   -0.00150906995929435   0
0.121077498442114   0.0859742475348812   0.0265666779459793   0
0.131016538646129   -0.0520689300095817   0.00993904020401504   0
0.104517319531609   -0.0183174433266267   -0.0264992191145194   0
0.0974213499728499   -0.0180036447403948   -0.0070959695587593   0
0.105155333825073   0.00111627028061921   0.0077339838522229   0
0.121412991849349   0.0987869235819715   0.0162576580242758   0
0.146567975854422   0.032533939536529   0.0251549840050736   0
0.127486500700751   -0.108932620856218   -0.0190814751536716   0
0.107597439959938   -0.0230414160234336   -0.0198890607408125   0
0.111635419829114   -0.0102015674747377   0.00403797986917563   0
0.116595221676887   -0.0016526992450077   0.00495980184777352   0
0.132110669130619   0.0643913232665598   0.0155154474537321   0
0.15063647278854   0.0262740277275731   0.0185258036579204   0
0.12229356243006   -0.0973565763364618   -0.0283429103584798   0
0.113505462047648   -0.0018042077482443   -0.00878810038241233   0
0.111119817246272   -0.000849802362546934   -0.00238564480137525   0
0.112498388124719   0.0294969257858275   0.00137857087844688   0
0.132158634157742   0.0830263932735793   0.0196602460330231   0
0.123484815969302   -0.0584201207385018   -0.00867381818843996   0
0.10726700438963   -0.0465286910244276   -0.016217811579672   0
0.108910680372909   -0.0149046124783248   0.00164367598327879   0
0.118802715654873   0.0321085536138722   0.00989203528196329   0
0.137070185253404   0.0808780746316385   0.0182674695985315   0
0.108819590277957   -0.102653291671345   -0.0282505949754467   0
0.117194915230877   -0.00925002073387556   0.00837532495291994   0
0.144751368676509   0.10466922857027   0.0275564534456313   0
0.168217306672983   0.0316620506935363   0.0234659379964747   0
0.134370723058643   -0.118724855508025   -0.0338465836143404   0
0.118365664162058   0.00576714085835379   -0.0160050588965853   0
0.123832739265561   0.00428417583563659   0.00546707510350378   0
0.870526412960987   0.0528123654629758   0.746693673695425   1
0.501029705259578   -0.00502721997822167   -0.369496707701408   0
0.465269590111908   -0.019085379532887   -0.0357601151476709   0
0.440777762890499   0.119490284063694   -0.0244918272214091   0
0.432316314817128   -0.0156984783580032   -0.00846144807337007   0
0.407659988446331   -0.11270454177404   -0.0246563263707977   0
0.425515639240498   0.0426956777760023   0.0178556507941677   0
0.411182934544346   -0.0356102060173042   -0.0143327046961524   0
0.393131425642634   -0.0180824932302385   -0.0180515089017119   0
0.38325830999373   0.0210506211686431   -0.00987311564890425   0
0.346519557932161   0.069409172168034   -0.0367387520615693   0
0.335293423821956   0.088891423102387   -0.0112261341102043   0
0.313143554116734   -0.0875259965394066   -0.0221498697052221   0
0.319632535756296   -0.0846543352526658   0.00648898163956213   0
0.321586233756204   0.0112454753401722   0.00195369799990797   0
0.311550484200494   -0.0243126174412658   -0.0100357495557098   0
0.296073498747355   -0.0224791866058107   -0.0154769854531394   0
0.274272005201497   0.0752732197597294   -0.021801493545858   0
0.296106666120583   0.0373628660203005   0.0218346609190858   0
0.28108157470432   -0.102905444415118   -0.0150250914162631   0
0.295090519016199   -0.00478330677593093   0.0140089443118799   0
0.280584318555938   0.0206220904250106   -0.0145062004602617   0
0.261561713149115   0.0405056814210157   -0.0190226054068226   0
0.274953772920104   0.0861767828558584   0.0133920597709886   0
0.271235537335173   -0.133460382327302   -0.00371823558493084   0
0.290396976497449   0.0374741751459711   0.0191614391622761   0
0.289253100358924   -0.0323658955918539   -0.00114387613852468   0
0.297668795509791   -0.00542006484482369   0.00841569515086693   0
0.289421921557114   0.0708953321783579   -0.00824687395267693   0
0.287736280116735   0.0443705952932628   -0.00168564144037958   0
0.270816915918028   -0.126693463254347   -0.0169193641987064   0
0.277378505438868   0.00371902829469486   0.00656158952083929   0
0.28036884496322   -0.00192055746032024   0.00299033952435207   0
0.259206403073067   0.0181069838995046   -0.0211624418901533   0
0.251611530996307   0.0709097357417917   -0.00759487207675935   0
0.262705207007798   0.0157955718592192   0.0110936760114908   0
0.264037055129275   -0.0898105540808749   0.00133184812147741   0
0.280064991954943   0.0296991384838494   0.0160279368256679   0
0.274887059742379   -0.0100898460571505   -0.0051779322125648   0
0.263486703439661   -0.00806722320150115   -0.0114003563027173   0
0.251366848851435   0.0600003552463816   -0.0121198545882266   0
0.251708060332896   0.0645172148005215   0.000341211481461545   0
0.24674625763674   -0.069583978367508   -0.00496180269615631   0
0.262937827504882   -0.0481207578336763   0.0161915698681421   0
0.2680896372062   -0.0035453285292991   0.00515180970131823   0
0.263577184767787   -0.020320860102547   -0.00451245243841297   0
0.269142996206349   0.00353048331266842   0.00556581143856155   0
0.268282601968718   0.0383786187374871   -0.000860394237630624   0
0.273707653255115   0.0876752308942782   0.00542505128639731   0
0.276091625846362   -0.108802543040567   0.00238397259124667   0
0.273410583461527   -0.0296137266692234   -0.0026810423848353   0
0.25768639947473   0.00745822153546152   -0.015724183986797   0
0.26222670348193   0.0379835947755734   0.00454030400720018   0
0.262551591296834   -0.0076823776487102   0.000324887814904529   0
0.253472205213037   -0.0265096818822202   -0.00907938608379733   0
0.233790874879073   -0.0139145508153249   -0.0196813303339639   0
0.244078280462565   0.046767157906871   0.0102874055834916   0
0.241700788594954   0.0272183643458659   -0.00237749186761121   0
0.240328750248405   -0.0777753927728568   -0.00137203834654917   0
0.236688805828925   0.00597619340225633   -0.00363994441947965   0
0.243137079636781   0.0344186561776541   0.00644827380785631   0
0.236565909400684   0.0962523465781088   -0.00657117023609746   0
0.24198126055854   -0.107983190586844   0.00541535115785627   0
0.246088222133567   0.00476200216594017   0.00410696157502738   0
0.249863457069501   -0.0420767723611577   0.0037752349359339   0
0.24251535198055   0.0452503306148374   -0.00734810508895137   0
0.245563586370549   0.0616266096323604   0.00304823438999899   0
0.255104344209874   -0.097921361052724   0.00954075783932537   0
0.251525853624434   -0.00902426514819451   -0.00357849058544069   0
0.241127117260793   0.0094641879058067   -0.0103987363636411   0
0.240097679854971   0.104598966217202   -0.00102943740582184   0
0.238664271272954   -0.0146796207159465   -0.00143340858201704   0
0.259909905898659   -0.0794801695263465   0.0212456346257058   0
0.26006953850605   -0.0211039920900026   0.000159632607390936   0
0.257069995734139   0.00262657429960651   -0.00299954277191183   0
0.248809458287863   0.0673393389017645   -0.00826053744627522   0
0.247941109527101   0.0790317302944041   -0.000868348760762722   0
0.256464496582628   -0.107414984102192   0.00852338705552708   0
0.266940103571475   -0.00241521310029535   0.0104756069888477   0
0.26914118765947   -0.0144334155530344   0.00220108408799452   0
0.259023719831795   -0.0123830760127378   -0.0101174678276753   0
0.252490844886008   0.0338674186611707   -0.00653287494578692   0
0.237893253418944   0.0429806995118881   -0.0145975914670634   0
0.244739961231304   0.0934936534552157   0.00684670781235944   0
0.242220912786675   -0.0501852287519482   -0.00251904844462869   0
0.248280234306922   -0.105356082470634   0.00605932152024688   0
0.260910282144553   0.00817433489095774   0.0126300478376307   0
0.262000266474578   -0.0211443111171551   0.00108998433002572   0
0.257167517726287   0.0431354048149348   -0.00483274874829148   0
0.252349536385823   0.0523140627120983   -0.00481798134046341   0
0.260523827500365   -0.0755295834643469   0.00817429111454199   0
0.270933909364443   0.00567264328675442   0.0104100818640772   0
0.268501002030719   -0.0233855914948502   -0.00243290733372392   0
0.268200236532875   0.0146481736510899   -0.000300765497843858   0
0.268132930963547   0.0224892250148042   -6.7305569327325e-05   0
0.25687756161076   0.0651302371859546   -0.011255369352787   0
0.256627366674913   -0.068753872587448   -0.000250194935847881   0
0.265062993824581   -0.0631714000150769   0.00843562714966872   0
0.264741330176344   0.0296214599450215   -0.000321663648237214   0
0.250644508136165   0.0532397880836747   -0.0140968220401791   0
0.262306677389723   -0.0458633743698002   0.0116621692535585   0
0.263849697629332   -0.00670989546386297   0.00154302023960878   0
0.254967919845522   -0.00892061739698087   -0.00888177778381016   0
0.258509799764639   0.0265210309889913   0.00354187991911675   0
0.256769753606709   -0.0519837183004871   -0.00174004615792983   0
0.251565998388599   0.0243316584309066   -0.00520375521811006   0
0.24573370240224   0.107190676513133   -0.00583229598635912   0
0.251219644358279   -0.103180333132293   0.00548594195603888   0
0.26482277736913   -0.0293650228312222   0.0136031330108519   0
0.257664936968052   0.0837432089276609   -0.00715784040107886   0
0.264467620192908   -0.0357396459454916   0.00680268322485594   0
0.275282299123554   -0.0217716967221085   0.0108146789306467   0
0.277936614990905   -0.00783069989980305   0.0026543158673506   0
0.258771093539619   0.0756569147722392   -0.0191655214512864   0
0.280435429166252   -0.0757923146474426   0.0216643356266336   0
0.264179814854864   0.0083077563694432   -0.0162556143113886   0
0.267095253798738   0.076060843363223   0.00291543894387486   0
0.261206862943554   -0.0564522139790614   -0.00588839085518461   0
0.281197367077685   -0.0235663630401999   0.0199905041341315   0
0.272536584829858   0.00490459973976926   -0.00866078224782713   0
0.254067519040215   0.0914526118455067   -0.0184690657896432   0
0.276516190852362   -0.10638290691469   0.0224486718121472   0
0.286432928127441   0.00645579179569834   0.00991673727507913   0
0.269234722681813   0.0304298017822886   -0.0171982054456288   0
0.262408037921007   0.0677754367085832   -0.00682668476080583   0
0.275039838698669   -0.0963027269049022   0.0126318007776626   0
0.276933861760895   8.39358785032565e-05   0.00189402306222569   0
0.270655446859697   0.0799612892425859   -0.00627841490119752   0
0.267470877620915   -0.0427390809212261   -0.00318456923878241   0
0.279189330174883   -0.0426895194675751   0.0117184525539683   0
0.279814121944466   0.0155981569685698   0.000624791769582744   0
0.272006675614313   0.0123866364383502   -0.00780744633015323   0
0.258194702911388   0.108398003165104   -0.0138119727029246   0
0.268480869966191   -0.00428198594217075   0.0102861670548023   0
0.269403738977858   -0.124322554526713   0.000922869011667771   0
0.279010076236504   0.00510677863379216   0.00960633725864607   0
0.266127403580503   0.00566330074510163   -0.0128826726560012   0
0.269703123297636   0.0298397617937267   0.00357571971713322   0
0.261912716864078   0.111459265243824   -0.00779040643355872   0
0.255864443640383   -0.0391027475838241   -0.00604827322369506   0
0.264586726846794   -0.109881842294307   0.00872228320641144   0
0.267439921862836   -0.0158849495989911   0.00285319501604231   0
0.263795419968297   -0.00173202198250974   -0.00364450189453963   0
0.253610743239517   0.0382310863988039   -0.0101846767287801   0
0.252426685796589   0.0819213669653821   -0.00118405744292738   0
0.255655170824883   0.044603189754325   0.00322848502829354   0
0.264960599892229   -0.0850753463536659   0.00930542906734649   0
0.2779479468754   -0.0676521916255175   0.0129873469831704   0
0.276216167912923   -0.00780796554164699   -0.00173177896247684   0
0.264490541744407   -0.000822948165298716   -0.0117256261685156   0
0.258785905135886   0.0452872382048932   -0.00570463660852083   0
0.250935229830827   0.112712359668058   -0.00785067530505934   0
0.266915724625302   -0.0387026668434703   0.0159804947944749   0
0.275006426478092   -0.114438973032968   0.00809070185278965   0
0.270028214831339   0.00435981399897066   -0.00497821164675216   0
0.277262997505978   0.0127808503123988   0.00723478267463867   0
0.266507628619239   0.00534646842483201   -0.0107553688867395   0
0.254740625765699   0.10463662693492   -0.0117670028535394   0
0.246554868525243   0.0206276549146006   -0.00818575724045592   0
0.224766267908465   -0.121372795982406   -0.021788600616778   0
0.225874461505722   -0.0232010269631032   0.00110819359725695   0
0.225590775760557   0.0158514006874392   -0.000283685745165047   0
0.24890328134639   -0.00920559780964456   0.0233125055858324   0
0.238812905212951   0.0229123852409956   -0.0100903761334384   0
0.239054598914139   0.0294244205855035   0.000241693701188067   0
0.236429449672096   0.104480898341554   -0.00262514924204366   0
0.240081516991625   -0.122824091391051   0.00365206731952955   0
0.259208711469156   -0.0362457821921257   0.0191271944775305   0
0.245924396091563   0.0372546445953081   -0.0132843153775926   0
0.232389353128537   0.00569789461677352   -0.0135350429630258   0
0.238383275518124   0.0824816741445888   0.00599392238958713   0
0.23906269475077   -0.114642686843477   0.000679419232645945   0
0.253035013584089   -0.00262938281382936   0.0139723188333184   0
0.243117182604398   0.0189954986619879   -0.00991783097969118   0
0.241405104861621   0.0293453195460395   -0.00171207774277707   0
0.241965537762612   0.0962731909175779   0.000560432900991475   0
0.253839357757027   -0.141236010561745   0.0118738199944152   0
0.268687667263032   -0.0140420528762148   0.0148483095060052   0
0.261930821419511   0.0532890416822747   -0.00675684584352088   0
0.262679977840908   0.068809378571582   0.000749156421396724   0
0.256401982338281   -0.0021767826056254   -0.00627799550262748   0
0.265507327552838   -0.135398930420268   0.00910534521455725   0
0.266590727988147   0.0101216591317348   0.00108340043530869   0
0.253091761570285   0.0184938049877442   -0.0134989664178616   0
0.257384870165284   0.103522662415991   0.00429310859499882   0
0.259503393985994   -0.104878420105058   0.00211852382071009   0
0.259527599169626   -0.00581972492557133   2.42051836319424e-05   0
0.253592546943912   0.0403229325677166   -0.00593505222571428   0
0.256628756070418   0.0954986752529422   0.00303620912650621   0
0.259244957135621   -0.129708053198977   0.00261620106520322   0
0.260438649455587   -0.00139116451374414   0.00119369231996574   0
0.259394016846958   0.0424842108499788   -0.00104463260862864   0
0.266163555375731   0.0308344191274932   0.00676953852877321   0
0.277001083895443   -0.0926647726611395   0.0108375285197113   0
0.268017766458215   0.0284381868892538   -0.00898331743722808   0
0.268819152337124   0.0147181999893589   0.000801385878909711   0
0.253568223097848   0.0791823055617052   -0.0152509292392763   0
0.261884723170807   -0.082079138621082   0.00831650007295859   0
0.261920754185784   -0.019823088015821   3.60310149776777e-05   0
0.256857066144772   0.0340011560271007   -0.00506368804101176   0
0.250723873990891   0.0651599749962549   -0.00613319215388181   0
0.2593878924179   -0.108690373047788   0.00866401842700926   0
0.250035002508149   0.0351662949666995   -0.00935288990975097   0
0.249380387150333   0.0182585130078403   -0.000654615357815885   0
0.242138804222392   0.0929869496034906   -0.0072415829279408   0
0.251901559583799   -0.136890256914455   0.00976275536140628   0
0.264752676520465   -0.0122936979690651   0.0128511169366665   0
0.244148732747582   0.021970030281184   -0.0206039437728835   0
0.233449560886287   0.0357824918702439   -0.010699171861295   0
0.228246291995073   0.100729448631861   -0.00520326889121378   0
0.253968190048478   -0.142840075869607   0.0257218980534056   0
0.25256958888443   -0.00932278007327858   -0.00139860116404827   0
0.24625026889833   0.0421936515608824   -0.00631931998609972   0
0.245992822842964   0.0702620383552686   -0.00025744605536604   0
0.257208911142771   -0.116951722941219   0.011216088299807   0
0.255975069526311   -0.000912369827917738   -0.00123384161645979   0
0.228280519915739   0.0972392550361682   -0.0276945496105727   0
0.241726660149951   -0.0723967614061134   0.0134461402342125   0
0.248466645701189   -0.039323332424251   0.00673998555123742   0
0.244777829566936   0.0446023241082398   -0.00368881613425254   0
0.228040912788692   0.0784040531851662   -0.0167369167782437   0
0.252268636124271   0.0928675846765765   0.0242277233355789   0
0.249214208935305   -0.103233654570171   -0.00305442718896601   0
0.234663007513434   -0.10402730791538   -0.0145512014218712   0
0.223683016599942   -0.00742425287420052   -0.0109799909134919   0
0.26118068444326   0.0643886582804629   0.0374976678433183   0
0.272800774964992   -0.00459067821850126   0.0116200905217312   0
0.253828577638532   0.0403910176706141   -0.0189721973264602   0
0.248603517789874   0.0928387092109185   -0.00522505984865784   0
0.245989241925841   -0.00294391130056743   -0.00261427586403254   0
0.262959628768847   -0.165354531692161   0.0169703868430062   0
0.262280369812535   -0.0217837335515243   -0.000679258956312545   0
0.249393356074295   0.0169051601433368   -0.0128870137382399   0
0.252668416934626   0.0186322767468042   0.00327506086033116   0
0.245199373403053   0.0529707644963811   -0.00746904353157263   0
0.251771863061086   -0.0777982261288591   0.0065724896580322   0
0.254889114748943   0.0134494950227275   0.00311725168785776   0
0.256534424304517   0.0325363731215256   0.00164530955557374   0
0.249828527532886   0.0623071793897987   -0.00670589677163103   0
0.248530602253022   -0.0705197194359273   -0.00129792527986367   0
0.257653100659588   -0.0135800116025682   0.00912249840656604   0
0.246424894782366   0.0699911041380532   -0.0112282058772227   0
0.254827979720144   -0.043500730975761   0.00840308493777808   0
0.259876025705528   -0.0445992665498617   0.00504804598538378   0
0.256371963583189   0.0272390638774253   -0.00350406212233856   0
0.251652548067767   0.0893669960136709   -0.00471941551542154   0
0.252390697941208   -0.0973351625421253   0.000738149873440341   0
0.259236907134189   -0.0414653763325469   0.00684620919298096   0
0.252033507733595   0.0277686365620473   -0.00720339940059395   0
0.25349680969097   0.0287502838817165   0.00146330195737548   0
0.258594140574086   0.0669625005256001   0.00509733088311543   0
0.256384412198265   -0.0569449968125731   -0.00220972837582045   0
0.25313816253481   -0.00723478827014282   -0.00324624966345499   0
0.251950582034454   0.0309255653792449   -0.0011875805003565   0
0.245847884569402   0.0329027321966115   -0.00610269746505174   0
0.240216605182177   0.00410743103975966   -0.0056312793872248   0
0.262620051036188   -0.107374704922854   0.0224034458540108   0
0.262353702673509   0.0122864790259643   -0.000266348362678914   0
0.253928311628007   0.0366593041818885   -0.00842539104550255   0
0.272251525857065   0.061807392803119   0.0183232142290582   0
0.275584581035478   -0.0924814907581145   0.00333305517841331   0
0.27769072977415   0.0132724807925066   0.00210614873867188   0
